# seed = 1, gamma = 0.75, beta = 0.75, dee = 100.0, dcc = 50.0, dec = 15.0, dsc = 200.0, dLocalhost = 0.015, hostBroker = EDGE, numOfCloud = 1, numOfEdge = 1, numOfSmartphone = 225 
#
# The columns have the following meaning: 
# instant[SECONDS] delayCountPartial delaySumPartial[SECONDS] delayMaxPartial[SECONDS] delayCountTot delaySumTot[SECONDS] delayMaxTot[SECONDS] runOnCloudPartial runOnEdgePartial runOnSmartphonePartial runOnCloudTot runOnEdgeTot runOnSmartphoneTot
0.0 0 0.0 0.0 0 0.0 0.0 0 0 0 0 0 0
900.0 16561 1.948666211E7 2454.07 16561 1.948666211E7 2454.07 78 7 225 78 7 225
1800.0 16524 4.631904239E7 4117.56 33085 6.58057045E7 4117.56 78 7 225 156 14 450
2700.0 16460 7.309109103E7 5780.83 49545 1.3889679553E8 5780.83 78 7 225 234 21 675
3600.0 16452 9.993961561E7 7444.66 65997 2.3883641114E8 7444.66 78 7 225 312 28 900
4500.0 16560 1.2727297582E8 9107.93 82557 3.6610938696E8 9107.93 78 7 225 390 35 1125
5400.0 16525 1.5396423476E8 10771.21 99082 5.2007362173E8 10771.21 78 7 225 468 42 1350
6300.0 16452 1.8049873221E8 12435.04 115534 7.0057235394E8 12435.04 78 7 225 546 49 1575
7200.0 16452 2.0734740114E8 14098.31 131986 9.0791975508E8 14098.31 78 7 225 624 56 1800
8100.0 16560 2.3501792241E8 15761.57 148546 1.14293767748E9 15761.57 78 7 225 702 63 2025
9000.0 16524 2.6161052892E8 17425.41 165070 1.4045482064E9 17425.41 78 7 225 780 70 2250
9900.0 16452 2.8790652088E8 19088.69 181522 1.69245472728E9 19088.69 78 7 225 858 77 2475
10800.0 16452 3.1475048066E8 20751.95 197974 2.00720520794E9 20751.95 78 7 225 936 84 2700
11700.0 16560 3.4280233042E8 22415.78 214534 2.35000753836E9 22415.78 78 7 225 1014 91 2925
12600.0 16524 3.6925874773E8 24079.06 231058 2.71926628609E9 24079.06 78 7 225 1092 98 3150
13500.0 16461 3.953096004E8 25742.33 247519 3.11457588649E9 25742.33 78 7 225 1170 105 3375
14400.0 16452 4.2215812498E8 27406.16 263971 3.53673401147E9 27406.16 78 7 225 1248 112 3600
15300.0 16560 4.5055196781E8 29069.43 280531 3.98728597929E9 29069.43 78 7 225 1326 119 3825
16200.0 16525 4.7690050028E8 30732.7 297056 4.46418647957E9 30732.7 78 7 225 1404 126 4050
17100.0 16452 5.0271724185E8 32396.53 313508 4.96690372143E9 32396.53 78 7 225 1482 133 4275
18000.0 16452 5.2956591078E8 34059.81 329960 5.4964696322E9 34059.81 78 7 225 1560 140 4500
18900.0 16560 5.5831880111E8 35723.63 346520 6.05478843331E9 35723.63 78 7 225 1638 147 4725
19800.0 16524 5.8455236229E8 37386.92 363044 6.6393407956E9 37386.92 78 7 225 1716 154 4950
20700.0 16452 6.1012503052E8 39050.18 379496 7.24946582613E9 39050.18 78 7 225 1794 161 5175
21600.0 16453 6.369735551E8 40714.01 395949 7.88643938123E9 40714.01 78 7 225 1872 168 5400
22500.0 16560 6.6608601322E8 42377.29 412509 8.55252539445E9 42377.29 78 7 225 1950 175 5625
23400.0 16532 6.9219498447E8 44040.56 429041 9.24472037892E9 44040.56 78 7 225 2028 182 5850
24300.0 16452 7.1753267198E8 45704.39 445493 9.9622530509E9 45704.39 78 7 225 2106 189 6075
25200.0 16452 7.443813409E8 47367.66 461945 1.07066343918E10 47367.66 78 7 225 2184 196 6300
26100.0 16561 7.7386587268E8 49030.93 478506 1.148050026448E10 49030.93 78 7 225 2262 203 6525
27000.0 16524 7.9984216581E8 50694.77 495030 1.228034243029E10 50694.77 78 7 225 2340 210 6750
27900.0 16452 8.2494046097E8 52358.04 511482 1.310528289126E10 52358.04 78 7 225 2418 217 6975
28800.0 16452 8.5178442075E8 54021.31 527934 1.395706731201E10 54021.31 78 7 225 2496 224 7200
29700.0 16560 8.8161536562E8 55685.14 544494 1.483868267763E10 55685.14 78 7 225 2574 231 7425
30600.0 16524 9.0748948926E8 57348.42 561018 1.574617216689E10 57348.42 78 7 225 2652 238 7650
31500.0 16452 9.3234354098E8 59011.68 577470 1.667851570786E10 59011.68 78 7 225 2730 245 7875
32400.0 16452 9.5919206556E8 60675.51 593922 1.763770777342E10 60675.51 78 7 225 2808 252 8100
33300.0 16560 9.8938245364E8 62338.79 610482 1.862709022706E10 62338.79 78 7 225 2886 259 8325
34200.0 16533 1.01513361402E9 64002.26 627015 1.964222384109E10 64002.26 78 7 225 2964 266 8550
35100.0 16452 1.03975289239E9 65665.89 643467 2.068197673348E10 65665.89 78 7 225 3042 273 8775
36000.0 16453 1.06659981583E9 67329.16 659920 2.174857654931E10 67329.16 78 7 225 3120 280 9000
36900.0 16560 1.09714937587E9 68992.99 676480 2.284572592519E10 68992.99 78 7 225 3198 287 9225
37800.0 16524 1.12278397623E9 70656.27 693004 2.396850990142E10 70656.27 78 7 225 3276 294 9450
38700.0 16452 1.14715893623E9 72319.54 709456 2.511566883765E10 72319.54 78 7 225 3354 301 9675
39600.0 16452 1.17400746081E9 73983.37 725908 2.628967629846E10 73983.37 78 7 225 3432 308 9900
40500.0 16560 1.20491647306E9 75646.64 742468 2.749459277152E10 75646.64 78 7 225 3510 315 10125
41400.0 16524 1.23042658749E9 77309.91 758992 2.872501935901E10 77309.91 78 7 225 3588 322 10350
42300.0 16453 1.25456657833E9 78973.75 775445 2.997958593734E10 78973.75 78 7 225 3666 329 10575
43200.0 16452 1.28141524725E9 80637.02 791897 3.126100118459E10 80637.02 78 7 225 3744 336 10800
44100.0 16568 1.31267884087E9 82300.28 808465 3.257368002546E10 82300.28 78 7 225 3822 343 11025
45000.0 16524 1.33807376916E9 83964.12 824989 3.391175379463E10 83964.12 78 7 225 3900 350 11250
45900.0 16452 1.3619743677E9 85627.4 841441 3.527372816233E10 85627.4 78 7 225 3978 357 11475
46800.0 16453 1.38881832748E9 87290.66 857894 3.666254648981E10 87290.66 78 7 225 4056 364 11700
47700.0 16560 1.42046328554E9 88954.49 874454 3.808300977535E10 88954.49 78 7 225 4134 371 11925
48600.0 16524 1.44572109293E9 90617.77 890978 3.952873086828E10 90617.77 78 7 225 4212 378 12150
49500.0 16452 1.46937744803E9 92281.04 907430 4.09981083163E10 92281.04 78 7 225 4290 385 12375
50400.0 16452 1.4962259726E9 93944.87 923882 4.249433428891E10 93944.87 78 7 225 4368 392 12600
51300.0 16560 1.52821290578E9 95608.14 940442 4.402254719469E10 95608.14 78 7 225 4446 399 12825
52200.0 16525 1.55336759425E9 97271.9 956967 4.557591478894E10 97271.9 78 7 225 4524 406 13050
53100.0 16452 1.57678921076E9 98935.25 973419 4.71527039997E10 98935.25 78 7 225 4602 413 13275
54000.0 16460 1.603633731E9 100598.52 989879 4.87563377307E10 100598.52 78 7 225 4680 420 13500
54900.0 16560 1.63597983616E9 102262.34 1006439 5.039231756687E10 102262.34 78 7 225 4758 427 13725
55800.0 16524 1.6610155882E9 103925.63 1022963 5.205333315506E10 103925.63 78 7 225 4836 434 13950
56700.0 16453 1.68419285149E9 105588.89 1039416 5.373752600656E10 105588.89 78 7 225 4914 441 14175
57600.0 16452 1.71104137607E9 107252.72 1055868 5.544856738262E10 107252.72 78 7 225 4992 448 14400
58500.0 16560 1.74374693345E9 108916.0 1072428 5.719231431607E10 108916.0 78 7 225 5070 455 14625
59400.0 16524 1.76865819955E9 110579.27 1088952 5.896097251562E10 110579.27 78 7 225 5148 462 14850
60300.0 16452 1.79160049369E9 112243.1 1105404 6.075257300932E10 112243.1 78 7 225 5226 469 15075
61200.0 16452 1.81844916261E9 113906.37 1121856 6.257102217193E10 113906.37 78 7 225 5304 476 15300
62100.0 16560 1.85150931035E9 115569.64 1138416 6.442253148228E10 115569.64 78 7 225 5382 483 15525
63000.0 16525 1.87630538132E9 117233.48 1154941 6.62988368636E10 117233.48 78 7 225 5460 490 15750
63900.0 16452 1.8990082831E9 118896.75 1171393 6.81978451467E10 118896.75 78 7 225 5538 497 15975
64800.0 16460 1.92585224288E9 120560.01 1187853 7.012369738958E10 120560.01 78 7 225 5616 504 16200
65700.0 16560 1.95929374607E9 122223.84 1204413 7.208299113565E10 122223.84 78 7 225 5694 511 16425
66600.0 16524 1.98395271403E9 123887.13 1220937 7.406694384967E10 123887.13 78 7 225 5772 518 16650
67500.0 16453 2.00641185029E9 125550.45 1237390 7.607335569997E10 125550.45 78 7 225 5850 525 16875
68400.0 16452 2.03326041647E9 127214.22 1253842 7.810661611644E10 127214.22 78 7 225 5928 532 17100
69300.0 16560 2.06704333539E9 128877.49 1270402 8.017365945182E10 128877.49 78 7 225 6006 539 17325
70200.0 16524 2.09159980728E9 130541.33 1286926 8.226525925911E10 130541.33 78 7 225 6084 546 17550
71100.0 16452 2.11382369189E9 132204.61 1303378 8.4379082951E10 132204.61 78 7 225 6162 553 17775
72000.0 16452 2.14066765269E9 133867.87 1319830 8.651975060369E10 133867.87 78 7 225 6240 560 18000
72900.0 16560 2.17481030301E9 135531.7 1336390 8.86945609067E10 135531.7 78 7 225 6318 567 18225
73800.0 16524 2.19924720665E9 137194.98 1352914 9.089380811335E10 137194.98 78 7 225 6396 574 18450
74700.0 16461 2.22122677319E9 138858.25 1369375 9.311503488654E10 138858.25 78 7 225 6474 581 18675
75600.0 16452 2.24807529776E9 140522.08 1385827 9.53631101843E10 140522.08 78 7 225 6552 588 18900
76500.0 16560 2.28259486555E9 142185.35 1402387 9.764570504985E10 142185.35 78 7 225 6630 595 19125
77400.0 16525 2.30688981801E9 143848.62 1418912 9.995259486787E10 143848.62 78 7 225 6708 602 19350
78300.0 16452 2.32863441538E9 145512.45 1435364 1.0228122928325E11 145512.45 78 7 225 6786 609 19575
79200.0 16452 2.35548308431E9 147175.73 1451816 1.0463671236756E11 147175.73 78 7 225 6864 616 19800
80100.0 16560 2.39033976819E9 148838.99 1468376 1.0702705213575E11 148838.99 78 7 225 6942 623 20025
81000.0 16524 2.41453788685E9 150502.83 1484900 1.094415900226E11 150502.83 78 7 225 7020 630 20250
81900.0 16452 2.43604220474E9 152166.1 1501352 1.1187763222734E11 152166.1 78 7 225 7098 637 20475
82800.0 16453 2.46288616452E9 153829.37 1517805 1.1434051839186E11 153829.37 78 7 225 7176 644 20700
83700.0 16560 2.49812421285E9 155493.2 1534365 1.1683864260471E11 155493.2 78 7 225 7254 651 20925
84600.0 16530 2.52218433243E9 157156.48 1550895 1.1936082693715E11 157156.48 78 7 225 7332 658 21150
85500.0 16454 2.54344816635E9 158820.11 1567349 1.2190427510349E11 158820.11 78 7 225 7410 665 21375
86400.0 16452 2.57029691548E9 160483.58 1583801 1.2447457201898E11 160483.58 78 7 225 7488 672 21600
87300.0 16561 2.60587376247E9 162146.85 1600362 1.2708044578145E11 162146.85 78 7 225 7566 679 21825
88200.0 16524 2.62983233976E9 163810.68 1616886 1.2971027812121E11 163810.68 78 7 225 7644 686 22050
89100.0 16452 2.65085758391E9 165473.96 1633338 1.3236113570512E11 165473.96 78 7 225 7722 693 22275
90000.0 16452 2.67770154368E9 167137.22 1649790 1.3503883724881E11 167137.22 78 7 225 7800 700 22500
90900.0 16560 2.71365820714E9 168801.05 1666350 1.3775249545594E11 168801.05 78 7 225 7878 707 22725
91800.0 16524 2.7374787854E9 170464.33 1682874 1.4048997424134E11 170464.33 78 7 225 7956 714 22950
92700.0 16452 2.75826066418E9 172127.6 1699326 1.4324823490552E11 172127.6 78 7 225 8034 721 23175
93600.0 16453 2.78510918875E9 173791.43 1715779 1.4603334409427E11 173791.43 78 7 225 8112 728 23400
94500.0 16560 2.82140782732E9 175454.7 1732339 1.4885475192159E11 175454.7 78 7 225 8190 735 23625
95400.0 16532 2.84512228361E9 177117.98 1748871 1.516998742052E11 177117.98 78 7 225 8268 742 23850
96300.0 16452 2.86566830637E9 178781.81 1765323 1.5456554251157E11 178781.81 78 7 225 8346 749 24075
97200.0 16452 2.8925169753E9 180445.08 1781775 1.5745805948687E11 180445.08 78 7 225 8424 756 24300
98100.0 16561 2.92917020423E9 182108.34 1798336 1.603872296911E11 182108.34 78 7 225 8502 763 24525
99000.0 16524 2.95276857852E9 183772.18 1814860 1.6333999826962E11 183772.18 78 7 225 8580 770 24750
99900.0 16452 2.97307609579E9 185435.46 1831312 1.6631307436541E11 185435.46 78 7 225 8658 777 24975
100800.0 16452 2.99992005556E9 187098.72 1847764 1.6931299442097E11 187098.72 78 7 225 8736 784 25200
101700.0 16560 3.03693716285E9 188762.55 1864324 1.7234993158382E11 188762.55 78 7 225 8814 791 25425
102600.0 16524 3.06041592023E9 190425.83 1880848 1.7541034750405E11 190425.83 78 7 225 8892 798 25650
103500.0 16453 3.08048362725E9 192089.66 1897301 1.784908311313E11 192089.66 78 7 225 8970 805 25875
104400.0 16452 3.1073324048E9 193752.94 1913753 1.815981635361E11 193752.94 78 7 225 9048 812 26100
105300.0 16568 3.14470426914E9 195416.2 1930321 1.8474286780523E11 195416.2 78 7 225 9126 819 26325
106200.0 16524 3.168063093E9 197080.04 1946845 1.8791093089823E11 197080.04 78 7 225 9204 826 26550
107100.0 16452 3.18789152741E9 198743.31 1963297 1.9109882242564E11 198743.31 78 7 225 9282 833 26775
108000.0 16453 3.21473548718E9 200406.58 1979750 1.9431355791282E11 200406.58 78 7 225 9360 840 27000
108900.0 16560 3.25247121876E9 202070.41 1996310 1.9756602913157E11 202070.41 78 7 225 9438 847 27225
109800.0 16524 3.27571043476E9 203733.69 2012834 2.0084173956633E11 203733.69 78 7 225 9516 854 27450
110700.0 16452 3.29529460778E9 205396.96 2029286 2.0413703417411E11 205396.96 78 7 225 9594 861 27675
111600.0 16452 3.32214313236E9 207060.79 2045738 2.0745917730647E11 207060.79 78 7 225 9672 868 27900
112500.0 16560 3.36023832515E9 208724.06 2062298 2.1081941563162E11 208724.06 78 7 225 9750 875 28125
113400.0 16524 3.38335303723E9 210387.33 2078822 2.1420276866885E11 210387.33 78 7 225 9828 882 28350
114300.0 16453 3.40270225009E9 212051.16 2095275 2.1760547091894E11 212051.16 78 7 225 9906 889 28575
115200.0 16452 3.42955091901E9 213714.44 2111727 2.2103502183795E11 213714.44 78 7 225 9984 896 28800
116100.0 16568 3.46800068416E9 215377.7 2128295 2.2450302252211E11 215377.7 78 7 225 10062 903 29025
117000.0 16524 3.4910002281E9 217041.54 2144819 2.2799402275022E11 217041.54 78 7 225 10140 910 29250
117900.0 16452 3.51011003961E9 218704.81 2161271 2.3150413278983E11 218704.81 78 7 225 10218 917 29475
118800.0 16453 3.5369556798E9 220368.3 2177724 2.3504108846963E11 220368.3 78 7 225 10296 924 29700
119700.0 16560 3.57576962241E9 222031.91 2194284 2.3861685809204E11 222031.91 78 7 225 10374 931 29925
120600.0 16524 3.59864750892E9 223695.19 2210808 2.4221550560095E11 223695.19 78 7 225 10452 938 30150
121500.0 16452 3.61751763901E9 225359.02 2227260 2.4583302323996E11 225359.02 78 7 225 10530 945 30375
122400.0 16452 3.64436630794E9 227022.29 2243712 2.494773895479E11 227022.29 78 7 225 10608 952 30600
123300.0 16560 3.68353470624E9 228685.55 2260272 2.5316092425414E11 228685.55 78 7 225 10686 959 30825
124200.0 16525 3.70629469979E9 230349.39 2276797 2.5686721895393E11 230349.39 78 7 225 10764 966 31050
125100.0 16452 3.72492542854E9 232012.67 2293249 2.6059214438246E11 232012.67 78 7 225 10842 973 31275
126000.0 16460 3.75176938831E9 233675.93 2309709 2.6434391377078E11 233675.93 78 7 225 10920 980 31500
126900.0 16560 3.79130167397E9 235339.76 2326269 2.6813521544474E11 235339.76 78 7 225 10998 987 31725
127800.0 16524 3.81394203261E9 237003.04 2342793 2.7194915747735E11 237003.04 78 7 225 11076 994 31950
128700.0 16453 3.83232850891E9 238666.31 2359246 2.7578148598626E11 238666.31 78 7 225 11154 1001 32175
129600.0 16452 3.85917703349E9 240330.14 2375698 2.7964066301975E11 240330.14 78 7 225 11232 1008 32400
130500.0 16560 3.89906878036E9 241993.41 2392258 2.8353973180011E11 241993.41 78 7 225 11310 1015 32625
131400.0 16524 3.92158463507E9 243656.69 2408782 2.8746131643518E11 243656.69 78 7 225 11388 1022 32850
132300.0 16452 3.93973615122E9 245320.52 2425234 2.914010525864E11 245320.52 78 7 225 11466 1029 33075
133200.0 16452 3.96658482014E9 246983.79 2441686 2.9536763740654E11 246983.79 78 7 225 11544 1036 33300
134100.0 16560 4.00683114837E9 248647.05 2458246 2.9937446855492E11 248647.05 78 7 225 11622 1043 33525
135000.0 16524 4.02923182595E9 250310.89 2474770 3.0340370038087E11 250310.89 78 7 225 11700 1050 33750
135900.0 16459 4.04714394074E9 251974.17 2491229 3.0745084432161E11 251974.17 78 7 225 11778 1057 33975
136800.0 16454 4.07399203085E9 253637.94 2507683 3.1152483635246E11 253637.94 78 7 225 11856 1064 34200
137700.0 16560 4.11460246961E9 255301.27 2524243 3.1563943882207E11 255301.27 78 7 225 11934 1071 34425
138600.0 16525 4.13687913163E9 256964.54 2540768 3.197763179537E11 256964.54 78 7 225 12012 1078 34650
139500.0 16452 4.15455156495E9 258628.37 2557220 3.2393086951865E11 258628.37 78 7 225 12090 1085 34875
140400.0 16452 4.18140023388E9 260291.65 2573672 3.2811226975253E11 260291.65 78 7 225 12168 1092 35100
141300.0 16560 4.22236518634E9 261954.91 2590232 3.3233463493887E11 261954.91 78 7 225 12246 1099 35325
142200.0 16524 4.24452632251E9 263618.75 2606756 3.3657916126138E11 263618.75 78 7 225 12324 1106 35550
143100.0 16452 4.26195935448E9 265282.02 2623208 3.4084112061586E11 265282.02 78 7 225 12402 1113 35775
144000.0 16452 4.28880331425E9 266945.29 2639660 3.4512992393011E11 266945.29 78 7 225 12480 1120 36000
144900.0 16561 4.33013214507E9 268609.12 2656221 3.4946005607518E11 268609.12 78 7 225 12558 1127 36225
145800.0 16524 4.35217364632E9 270272.4 2672745 3.538122297215E11 270272.4 78 7 225 12636 1134 36450
146700.0 16460 4.36936243485E9 271935.66 2689205 3.5818159215636E11 271935.66 78 7 225 12714 1141 36675
147600.0 16452 4.39621095943E9 273599.49 2705657 3.6257780311579E11 273599.49 78 7 225 12792 1148 36900
148500.0 16560 4.43789924246E9 275262.77 2722217 3.6701570235825E11 275262.77 78 7 225 12870 1155 37125
149400.0 16525 4.45981626679E9 276926.04 2738742 3.7147551862504E11 276926.04 78 7 225 12948 1162 37350
150300.0 16452 4.47677007716E9 278589.87 2755194 3.759522887022E11 278589.87 78 7 225 13026 1169 37575
151200.0 16452 4.50361874608E9 280253.14 2771646 3.8045590744828E11 280253.14 78 7 225 13104 1176 37800
152100.0 16560 4.54566235492E9 281916.5 2788206 3.8500156980321E11 281916.5 78 7 225 13182 1183 38025
153000.0 16524 4.56746417027E9 283580.25 2804730 3.8956903397348E11 283580.25 78 7 225 13260 1190 38250
153900.0 16452 4.58417784102E9 285243.52 2821182 3.941532118145E11 285243.52 78 7 225 13338 1197 38475
154800.0 16453 4.6110263656E9 286907.35 2837635 3.987642381801E11 286907.35 78 7 225 13416 1204 38700
155700.0 16560 4.65343327284E9 288570.62 2854195 4.0341767145293E11 288570.62 78 7 225 13494 1211 38925
156600.0 16532 4.67511075582E9 290233.9 2870727 4.0809278220875E11 290233.9 78 7 225 13572 1218 39150
157500.0 16452 4.69158548333E9 291897.73 2887179 4.1278436769208E11 291897.73 78 7 225 13650 1225 39375
158400.0 16452 4.71843415225E9 293561.0 2903631 4.1750280184433E11 293561.0 78 7 225 13728 1232 39600
159300.0 16561 4.76121311511E9 295224.26 2920192 4.2226401495944E11 295224.26 78 7 225 13806 1239 39825
160200.0 16524 4.78275792869E9 296888.1 2936716 4.2704677288813E11 296888.1 78 7 225 13884 1246 40050
161100.0 16452 4.79899327285E9 298551.38 2953168 4.3184576616098E11 298551.38 78 7 225 13962 1253 40275
162000.0 16452 4.82583723262E9 300214.64 2969620 4.366716033936E11 300214.64 78 7 225 14040 1260 40500
162900.0 16560 4.86896259958E9 301878.47 2986180 4.4154056599318E11 301878.47 78 7 225 14118 1267 40725
163800.0 16524 4.89040616626E9 303541.75 3002704 4.4643097215944E11 303541.75 78 7 225 14196 1274 40950
164700.0 16453 4.90639635312E9 305205.02 3019157 4.5133736851255E11 305205.02 78 7 225 14274 1281 41175
165600.0 16452 4.93324487769E9 306868.85 3035609 4.5627061339025E11 306868.85 78 7 225 14352 1288 41400
166500.0 16560 4.97674717113E9 308532.12 3052169 4.6124736056138E11 308532.12 78 7 225 14430 1295 41625
167400.0 16532 4.99804788176E9 310195.39 3068701 4.6624540844314E11 310195.39 78 7 225 14508 1302 41850
168300.0 16452 5.01380399532E9 311859.23 3085153 4.7125921243845E11 311859.23 78 7 225 14586 1309 42075
169200.0 16453 5.04065266424E9 313522.5 3101606 4.7629986510269E11 313522.5 78 7 225 14664 1316 42300
170100.0 16560 5.08449518321E9 315186.15 3118166 4.813843602859E11 315186.15 78 7 225 14742 1323 42525
171000.0 16524 5.10569926818E9 316849.6 3134690 4.8649005955408E11 316849.6 78 7 225 14820 1330 42750
171900.0 16452 5.12121173818E9 318512.87 3151142 4.9161127129226E11 318512.87 78 7 225 14898 1337 42975
172800.0 16452 5.14806026276E9 320176.7 3167594 4.9675933155502E11 320176.7 78 7 225 14976 1344 43200
173700.0 16560 5.19226370606E9 321839.98 3184154 5.0195159526108E11 321839.98 78 7 225 15054 1351 43425
174600.0 16524 5.21334234958E9 323503.25 3200678 5.0716493761066E11 323503.25 78 7 225 15132 1358 43650
175500.0 16453 5.22861938038E9 325167.08 3217131 5.1239355699104E11 325167.08 78 7 225 15210 1365 43875
176400.0 16452 5.2554680493E9 326830.35 3233583 5.1764902504034E11 326830.35 78 7 225 15288 1372 44100
177300.0 16568 5.30002609197E9 328493.62 3250151 5.2294905113231E11 328493.62 78 7 225 15366 1379 44325
178200.0 16524 5.32098953135E9 330157.46 3266675 5.2827004066365E11 330157.46 78 7 225 15444 1386 44550
179100.0 16452 5.3360271698E9 331820.73 3283127 5.3360606783345E11 331820.73 78 7 225 15522 1393 44775
180000.0 16453 5.36287112957E9 333483.99 3299580 5.3896893896302E11 333483.99 78 7 225 15600 1400 45000
180900.0 16560 5.40779305959E9 335147.82 3316140 5.443767320226E11 335147.82 78 7 225 15678 1407 45225
181800.0 16524 5.428636864E9 336811.11 3332664 5.498053688866E11 336811.11 78 7 225 15756 1414 45450
182700.0 16452 5.44343025001E9 338474.37 3349116 5.5524879913661E11 338474.37 78 7 225 15834 1421 45675
183600.0 16452 5.47027877458E9 340138.2 3365568 5.607190779112E11 340138.2 78 7 225 15912 1428 45900
184500.0 16560 5.51556012982E9 341801.47 3382128 5.6623463804101E11 341801.47 78 7 225 15990 1435 46125
185400.0 16524 5.53627947531E9 343464.75 3398652 5.7177091751632E11 343464.75 78 7 225 16068 1442 46350
186300.0 16452 5.55083789215E9 345128.58 3415104 5.7732175540847E11 345128.58 78 7 225 16146 1449 46575
187200.0 16459 5.57768656108E9 346791.85 3431563 5.8289944196955E11 346791.85 78 7 225 16224 1456 46800
188100.0 16562 5.6233270262E9 348455.68 3448125 5.8852276899575E11 348455.68 78 7 225 16302 1463 47025
189000.0 16524 5.6439313766E9 350118.96 3464649 5.9416670037235E11 350118.96 78 7 225 16380 1470 47250
189900.0 16453 5.65824568153E9 351782.23 3481102 5.9982494605388E11 351782.23 78 7 225 16458 1477 47475
190800.0 16452 5.68509420612E9 353446.06 3497554 6.0551004026E11 353446.06 78 7 225 16536 1484 47700
191700.0 16560 5.73109420365E9 355109.33 3514114 6.1124113446365E11 355109.33 78 7 225 16614 1491 47925
192600.0 16524 5.75157398972E9 356772.6 3530638 6.1699270845337E11 356772.6 78 7 225 16692 1498 48150
193500.0 16452 5.76565332372E9 358436.44 3547090 6.2275836177709E11 358436.44 78 7 225 16770 1505 48375
194400.0 16452 5.79250199265E9 360099.71 3563542 6.2855086376974E11 360099.71 78 7 225 16848 1512 48600
195300.0 16560 5.83885657155E9 361762.97 3580102 6.3438972034129E11 361762.97 78 7 225 16926 1519 48825
196200.0 16525 5.85922117148E9 363426.81 3596627 6.4024894151277E11 363426.81 78 7 225 17004 1526 49050
197100.0 16452 5.87306111312E9 365090.09 3613079 6.4612200262589E11 365090.09 78 7 225 17082 1533 49275
198000.0 16460 5.89990507291E9 366753.35 3629539 6.520219076988E11 366753.35 78 7 225 17160 1540 49500
198900.0 16560 5.94662353916E9 368417.18 3646099 6.5796853123796E11 368417.18 78 7 225 17238 1547 49725
199800.0 16524 5.96686850417E9 370080.46 3662623 6.6393539974213E11 370080.46 78 7 225 17316 1554 49950
200700.0 16453 5.98046419338E9 371743.73 3679076 6.6991586393551E11 371743.73 78 7 225 17394 1561 50175
201600.0 16452 6.00731271797E9 373407.56 3695528 6.7592317665348E11 373407.56 78 7 225 17472 1568 50400
202500.0 16560 6.05439064543E9 375070.83 3712088 6.8197756729891E11 375070.83 78 7 225 17550 1575 50625
203400.0 16524 6.07451307963E9 376734.36 3728612 6.8805208037853E11 376734.36 78 7 225 17628 1582 50850
204300.0 16452 6.08787407195E9 378397.93 3745064 6.9413995445048E11 378397.93 78 7 225 17706 1589 51075
205200.0 16452 6.1147204535E9 380061.2 3761516 7.0025467490398E11 380061.2 78 7 225 17784 1596 51300
206100.0 16561 6.16215752587E9 381725.03 3778077 7.0641683242985E11 381725.03 78 7 225 17862 1603 51525
207000.0 16524 6.18216296741E9 383388.32 3794601 7.1259899539726E11 383388.32 78 7 225 17940 1610 51750
207900.0 16460 6.19527957387E9 385051.58 3811061 7.1879427497113E11 385051.58 78 7 225 18018 1617 51975
208800.0 16452 6.22212809845E9 386715.41 3827513 7.2501640306958E11 386715.41 78 7 225 18096 1624 52200
209700.0 16560 6.26992465003E9 388378.68 3844073 7.3128632771962E11 388378.68 78 7 225 18174 1631 52425
210600.0 16525 6.28980557854E9 390041.96 3860598 7.3757613329816E11 390041.96 78 7 225 18252 1638 52650
211500.0 16452 6.30268721584E9 391705.79 3877050 7.43878820514E11 391705.79 78 7 225 18330 1645 52875
212400.0 16452 6.32953588477E9 393369.06 3893502 7.5020835639876E11 393369.06 78 7 225 18408 1652 53100
213300.0 16560 6.37768699971E9 395032.33 3910062 7.5658604339848E11 395032.33 78 7 225 18486 1659 53325
214200.0 16524 6.39745276008E9 396696.16 3926586 7.6298349615856E11 396696.16 78 7 225 18564 1666 53550
215100.0 16452 6.41009500502E9 398359.44 3943038 7.6939359116358E11 398359.44 78 7 225 18642 1673 53775
216000.0 16452 6.43693896481E9 400022.7 3959490 7.758305301284E11 400022.7 78 7 225 18720 1680 54000
216900.0 16560 6.48545398511E9 401686.53 3976050 7.823159841135E11 401686.53 78 7 225 18798 1687 54225
217800.0 16524 6.50510009256E9 403349.81 3992574 7.8882108420606E11 403349.81 78 7 225 18876 1694 54450
218700.0 16461 6.51749819599E9 405013.08 4009035 7.9533858240205E11 405013.08 78 7 225 18954 1701 54675
219600.0 16452 6.54434660965E9 406676.91 4025487 8.018829290117E11 406676.91 78 7 225 19032 1708 54900
220500.0 16561 6.59322106416E9 408340.18 4042048 8.0847615007586E11 408340.18 78 7 225 19110 1715 55125
221400.0 16524 6.61274707258E9 410004.01 4058572 8.1508889714844E11 410004.01 78 7 225 19188 1722 55350
222300.0 16452 6.62491043222E9 411667.3 4075024 8.2171380758067E11 411667.3 78 7 225 19266 1729 55575
223200.0 16452 6.65175439592E9 413330.56 4091476 8.2836556197658E11 413330.56 78 7 225 19344 1736 55800
224100.0 16560 6.7009880315E9 414994.39 4108036 8.3506655000808E11 414994.39 78 7 225 19422 1743 56025
225000.0 16524 6.72039460652E9 416657.67 4124560 8.4178694461461E11 416657.67 78 7 225 19500 1750 56250
225900.0 16452 6.73231351612E9 418320.94 4141012 8.4851925813072E11 418320.94 78 7 225 19578 1757 56475
226800.0 16453 6.7591620407E9 419984.77 4157465 8.5527842017142E11 419984.77 78 7 225 19656 1764 56700
227700.0 16560 6.8087551195E9 421648.04 4174025 8.6208717529093E11 421648.04 78 7 225 19734 1771 56925
228600.0 16532 6.82803721761E9 423311.31 4190557 8.6891521250853E11 423311.31 78 7 225 19812 1778 57150
229500.0 16452 6.83972115803E9 424975.14 4207009 8.7575493366656E11 424975.14 78 7 225 19890 1785 57375
230400.0 16452 6.86656982697E9 426638.42 4223461 8.8262150349353E11 426638.42 78 7 225 19968 1792 57600
231300.0 16561 6.91651750513E9 428301.68 4240022 8.8953802099866E11 428301.68 78 7 225 20046 1799 57825
232200.0 16524 6.93568439909E9 429965.52 4256546 8.9647370539774E11 429965.52 78 7 225 20124 1806 58050
233100.0 16452 6.94712894717E9 431628.79 4272998 9.0342083434491E11 431628.79 78 7 225 20202 1813 58275
234000.0 16452 6.97397290695E9 433292.06 4289450 9.1039480725186E11 433292.06 78 7 225 20280 1820 58500
234900.0 16560 7.02428445446E9 434955.89 4306010 9.1741909170633E11 434955.89 78 7 225 20358 1827 58725
235800.0 16524 7.04333173151E9 436619.17 4322534 9.2446242343784E11 436619.17 78 7 225 20436 1834 58950
236700.0 16452 7.05453293108E9 438282.55 4338986 9.3151695636892E11 438282.55 78 7 225 20514 1841 59175
237600.0 16452 7.08138156655E9 439946.27 4355438 9.3859833793547E11 439946.27 78 7 225 20592 1848 59400
238500.0 16567 7.13205152531E9 441609.54 4372005 9.4573038946078E11 441609.54 78 7 225 20670 1855 59625
239400.0 16526 7.15097887788E9 443273.38 4388531 9.5288136833866E11 443273.38 78 7 225 20748 1862 59850
240300.0 16452 7.16194434317E9 444936.65 4404983 9.6004331268183E11 444936.65 78 7 225 20826 1869 60075
241200.0 16453 7.18878830296E9 446599.91 4421436 9.6723210098479E11 446599.91 78 7 225 20904 1876 60300
242100.0 16560 7.23981847464E9 448263.74 4437996 9.7447191945943E11 448263.74 78 7 225 20982 1883 60525
243000.0 16524 7.2586262103E9 449927.03 4454520 9.8173054566973E11 449927.03 78 7 225 21060 1890 60750
243900.0 16452 7.26934742316E9 451590.29 4470972 9.8899989309289E11 451590.29 78 7 225 21138 1897 60975
244800.0 16452 7.29619594775E9 453254.12 4487424 9.9629608904064E11 453254.12 78 7 225 21216 1904 61200
245700.0 16560 7.34758558064E9 454917.39 4503984 1.00364367462128E12 454917.39 78 7 225 21294 1911 61425
246600.0 16524 7.36626882138E9 456580.67 4520508 1.01100994344266E12 456580.67 78 7 225 21372 1918 61650
247500.0 16453 7.37675506869E9 458244.5 4536961 1.01838669851135E12 458244.5 78 7 225 21450 1925 61875
248400.0 16452 7.40360373401E9 459907.77 4553413 1.02579030224536E12 459907.77 78 7 225 21528 1932 62100
249300.0 16568 7.45534795723E9 461571.03 4569981 1.03324565020259E12 461571.03 78 7 225 21606 1939 62325
250200.0 16524 7.47391600281E9 463234.87 4586505 1.0407195662054E12 463234.87 78 7 225 21684 1946 62550
251100.0 16452 7.48416285416E9 464898.15 4602957 1.04820372905956E12 464898.15 78 7 225 21762 1953 62775
252000.0 16453 7.51100681394E9 466561.41 4619410 1.0557147358735E12 466561.41 78 7 225 21840 1960 63000
252900.0 16560 7.56311490656E9 468225.24 4635970 1.06327785078006E12 468225.24 78 7 225 21918 1967 63225
253800.0 16524 7.58156333524E9 469888.52 4652494 1.07085941411529E12 469888.52 78 7 225 21996 1974 63450
254700.0 16452 7.59156915535E9 471552.2 4668946 1.07845098327064E12 471552.2 78 7 225 22074 1981 63675
255600.0 16452 7.61841790957E9 473215.62 4685398 1.08606940118021E12 473215.62 78 7 225 22152 1988 63900
256500.0 16560 7.67088197183E9 474878.89 4701958 1.09374028315205E12 474878.89 78 7 225 22230 1995 64125
257400.0 16524 7.68921047609E9 476542.73 4718482 1.10142949362813E12 476542.73 78 7 225 22308 2002 64350
258300.0 16452 7.69897824466E9 478206.0 4734934 1.1091284718728E12 478206.0 78 7 225 22386 2009 64575
259200.0 16461 7.72582220445E9 479869.27 4751395 1.11685429407725E12 479869.27 78 7 225 22464 2016 64800
260100.0 16560 7.77864892122E9 481533.1 4767955 1.12463294299847E12 481533.1 78 7 225 22542 2023 65025
261000.0 16524 7.79685780841E9 483196.38 4784479 1.13242980080688E12 483196.38 78 7 225 22620 2030 65250
261900.0 16453 7.80638132454E9 484859.64 4800932 1.14023618213142E12 484859.64 78 7 225 22698 2037 65475
262800.0 16452 7.83322984913E9 486523.47 4817384 1.14806941198055E12 486523.47 78 7 225 22776 2044 65700
263700.0 16560 7.88643350137E9 488186.75 4833944 1.15595584548192E12 488186.75 78 7 225 22854 2051 65925
264600.0 16524 7.90450041943E9 489850.02 4850468 1.16386034590135E12 489850.02 78 7 225 22932 2058 66150
265500.0 16452 7.91378896641E9 491513.85 4866920 1.17177413486776E12 491513.85 78 7 225 23010 2065 66375
266400.0 16452 7.94063763534E9 493177.12 4883372 1.1797147725031E12 493177.12 78 7 225 23088 2072 66600
267300.0 16561 7.99417839464E9 494840.39 4899933 1.18770895089773E12 494840.39 78 7 225 23166 2079 66825
268200.0 16524 8.01214849709E9 496504.23 4916457 1.19572109939483E12 496504.23 78 7 225 23244 2086 67050
269100.0 16452 8.02119675565E9 498167.5 4932909 1.20374229615047E12 498167.5 78 7 225 23322 2093 67275
270000.0 16460 8.0480409419E9 499830.77 4949369 1.21179033709238E12 499830.77 78 7 225 23400 2100 67500
270900.0 16560 8.10196284822E9 501494.6 4965929 1.2198922999406E12 501494.6 78 7 225 23478 2107 67725
271800.0 16525 8.11979492455E9 503157.88 4982454 1.22801209486515E12 503157.88 78 7 225 23556 2114 67950
272700.0 16452 8.1286043088E9 504821.7 4998906 1.23614069917395E12 504821.7 78 7 225 23634 2121 68175
273600.0 16452 8.15545306488E9 506484.98 5015358 1.24429615223883E12 506484.98 78 7 225 23712 2128 68400
274500.0 16560 8.20971244119E9 508148.25 5031918 1.25250586468002E12 508148.25 78 7 225 23790 2135 68625
275400.0 16524 8.22744301122E9 509812.08 5048442 1.26073330769124E12 509812.08 78 7 225 23868 2142 68850
276300.0 16452 8.23601218691E9 511475.36 5064894 1.26896931987815E12 511475.36 78 7 225 23946 2149 69075
277200.0 16452 8.2628561467E9 513138.62 5081346 1.27723217602485E12 513138.62 78 7 225 24024 2156 69300
278100.0 16561 8.31747942668E9 514802.45 5097907 1.28554965545154E12 514802.45 78 7 225 24102 2163 69525
279000.0 16524 8.33508943868E9 516465.73 5114431 1.29388474489022E12 516465.73 78 7 225 24180 2170 69750
279900.0 16460 8.34341526701E9 518129.0 5130891 1.30222816015723E12 518129.0 78 7 225 24258 2177 69975
280800.0 16452 8.3702637916E9 519792.83 5147343 1.31059842394882E12 519792.83 78 7 225 24336 2184 70200
281700.0 16560 8.42526398005E9 521456.1 5163903 1.31902368792888E12 521456.1 78 7 225 24414 2191 70425
282600.0 16525 8.44273205887E9 523119.38 5180428 1.32746641998774E12 523119.38 78 7 225 24492 2198 70650
283500.0 16452 8.45082290903E9 524783.21 5196880 1.33591724289678E12 524783.21 78 7 225 24570 2205 70875
284400.0 16452 8.47767157797E9 526446.48 5213332 1.34439491447474E12 526446.48 78 7 225 24648 2212 71100
285300.0 16560 8.53300889148E9 528109.74 5229892 1.35292792336623E12 528109.74 78 7 225 24726 2219 71325
286200.0 16524 8.55038012759E9 529773.58 5246416 1.36147830349381E12 529773.58 78 7 225 24804 2226 71550
287100.0 16452 8.55823069833E9 531436.86 5262868 1.37003653419214E12 531436.86 78 7 225 24882 2233 71775
288000.0 16453 8.58507689418E9 533100.41 5279321 1.37862161108632E12 533100.41 78 7 225 24960 2240 72000
288900.0 16560 8.64079585879E9 534763.95 5295881 1.38726240694511E12 534763.95 78 7 225 25038 2247 72225
289800.0 16532 8.65802651729E9 536427.23 5312413 1.3959204334624E12 536427.23 78 7 225 25116 2254 72450
290700.0 16452 8.66563828472E9 538091.06 5328865 1.40458607174712E12 538091.06 78 7 225 25194 2261 72675
291600.0 16452 8.69248695365E9 539754.33 5345317 1.41327855870077E12 539754.33 78 7 225 25272 2268 72900
292500.0 16561 8.74854289127E9 541417.6 5361878 1.42202710159204E12 541417.6 78 7 225 25350 2275 73125
293400.0 16524 8.76567459506E9 543081.44 5378402 1.43079277618711E12 543081.44 78 7 225 25428 2282 73350
294300.0 16452 8.77304607407E9 544744.71 5394854 1.43956582226118E12 544744.71 78 7 225 25506 2289 73575
295200.0 16452 8.79989003386E9 546407.98 5411306 1.44836571229503E12 546407.98 78 7 225 25584 2296 73800
296100.0 16560 8.85630984087E9 548071.8 5427866 1.45722202213591E12 548071.8 78 7 225 25662 2303 74025
297000.0 16524 8.87332102263E9 549735.09 5444390 1.46609534315854E12 549735.09 78 7 225 25740 2310 74250
297900.0 16452 8.88044915427E9 551398.35 5460842 1.47497579231281E12 551398.35 78 7 225 25818 2317 74475
298800.0 16453 8.90729771312E9 553062.18 5477295 1.48388309002593E12 553062.18 78 7 225 25896 2324 74700
299700.0 16560 8.96407694705E9 554725.46 5493855 1.49284716697298E12 554725.46 78 7 225 25974 2331 74925
300600.0 16532 8.98096364293E9 556388.73 5510387 1.50182813061591E12 556388.73 78 7 225 26052 2338 75150
301500.0 16452 8.98785679641E9 558052.56 5526839 1.51081598741231E12 558052.56 78 7 225 26130 2345 75375
302400.0 16452 9.01470546534E9 559715.83 5543291 1.51983069287765E12 559715.83 78 7 225 26208 2352 75600
303300.0 16561 9.07183932588E9 561379.1 5559852 1.52890253220354E12 561379.1 78 7 225 26286 2359 75825
304200.0 16524 9.08861081568E9 563042.94 5576376 1.53799114301922E12 563042.94 78 7 225 26364 2366 76050
305100.0 16452 9.09526458581E9 564706.21 5592828 1.54708640760503E12 564706.21 78 7 225 26442 2373 76275
306000.0 16452 9.1221128916E9 566370.03 5609280 1.55620852049663E12 566370.03 78 7 225 26520 2380 76500
306900.0 16560 9.17961099901E9 568033.31 5625840 1.56538813149564E12 568033.31 78 7 225 26598 2387 76725
307800.0 16524 9.19625815743E9 569696.59 5642364 1.57458438965307E12 569696.59 78 7 225 26676 2394 76950
308700.0 16453 9.20267222805E9 571360.42 5658817 1.58378706188112E12 571360.42 78 7 225 26754 2401 77175
309600.0 16452 9.22952089698E9 573023.69 5675269 1.59301658277811E12 573023.69 78 7 225 26832 2408 77400
310500.0 16568 9.28737337965E9 574686.95 5691837 1.60230395615776E12 574686.95 78 7 225 26910 2415 77625
311400.0 16524 9.3039053303E9 576350.79 5708361 1.61160786148805E12 576350.79 78 7 225 26988 2422 77850
312300.0 16452 9.31008001756E9 578014.07 5724813 1.62091794150562E12 578014.07 78 7 225 27066 2429 78075
313200.0 16453 9.33692397735E9 579677.33 5741266 1.63025486548297E12 579677.33 78 7 225 27144 2436 78300
314100.0 16560 9.39514032063E9 581341.16 5757826 1.63965000580359E12 581341.16 78 7 225 27222 2443 78525
315000.0 16524 9.4115526721E9 583004.44 5774350 1.64906155847569E12 583004.44 78 7 225 27300 2450 78750
315900.0 16452 9.41748309793E9 584667.71 5790802 1.65847904157362E12 584667.71 78 7 225 27378 2457 78975
316800.0 16452 9.44433162252E9 586331.54 5807254 1.66792337319614E12 586331.54 78 7 225 27456 2464 79200
317700.0 16560 9.50290743575E9 587994.81 5823814 1.67742628063189E12 587994.81 78 7 225 27534 2471 79425
318600.0 16525 9.51919617046E9 589658.08 5840339 1.68694547680236E12 589658.08 78 7 225 27612 2478 79650
319500.0 16452 9.52489074028E9 591321.92 5856791 1.69647036754263E12 591321.92 78 7 225 27690 2485 79875
320400.0 16452 9.55173940921E9 592985.19 5873243 1.70602210695185E12 592985.19 78 7 225 27768 2492 80100
321300.0 16568 9.6106709292E9 594648.6 5889811 1.71563277788104E12 594648.6 78 7 225 27846 2499 80325
322200.0 16524 9.62684378178E9 596312.29 5906335 1.72525962166282E12 596312.29 78 7 225 27924 2506 80550
323100.0 16453 9.63229849895E9 597975.56 5922788 1.73489192016178E12 597975.56 78 7 225 28002 2513 80775
324000.0 16452 9.65914702354E9 599639.39 5939240 1.74455106718532E12 599639.39 78 7 225 28080 2520 81000
324900.0 16560 9.71844146096E9 601302.67 5955800 1.75426950864627E12 601302.67 78 7 225 28158 2527 81225
325800.0 16524 9.73448975848E9 602965.94 5972324 1.76400399840476E12 602965.94 78 7 225 28236 2534 81450
326700.0 16452 9.73970614136E9 604629.77 5988776 1.77374370454611E12 604629.77 78 7 225 28314 2541 81675
327600.0 16452 9.76655481029E9 606293.04 6005228 1.7835102593564E12 606293.04 78 7 225 28392 2548 81900
328500.0 16560 9.82620381107E9 607956.31 6021788 1.79333646316747E12 607956.31 78 7 225 28470 2555 82125
329400.0 16525 9.84213694045E9 609620.15 6038313 1.80317860010792E12 609620.15 78 7 225 28548 2562 82350
330300.0 16452 9.84711393097E9 611283.42 6054765 1.8130257140389E12 611283.42 78 7 225 28626 2569 82575
331200.0 16460 9.87395789076E9 612946.69 6071225 1.82289967192966E12 612946.69 78 7 225 28704 2576 82800
332100.0 16560 9.93398827421E9 614610.52 6087785 1.83283366020387E12 614610.52 78 7 225 28782 2583 83025
333000.0 16524 9.94978516922E9 616273.8 6104309 1.84278344537309E12 616273.8 78 7 225 28860 2590 83250
333900.0 16453 9.95451701145E9 617937.06 6120762 1.85273796238454E12 617937.06 78 7 225 28938 2597 83475
334800.0 16452 9.98136553604E9 619600.89 6137214 1.86271932792058E12 619600.89 78 7 225 29016 2604 83700
335700.0 16560 1.004173788539E10 621264.17 6153774 1.87276106580597E12 621264.17 78 7 225 29094 2611 83925
336600.0 16524 1.005742689393E10 622927.44 6170298 1.8828184926999E12 622927.44 78 7 225 29172 2618 84150
337500.0 16452 1.006192465385E10 624591.27 6186750 1.89288041735375E12 624591.27 78 7 225 29250 2625 84375
338400.0 16452 1.008877332279E10 626254.54 6203202 1.90296919067654E12 626254.54 78 7 225 29328 2632 84600
339300.0 16561 1.014950371665E10 627918.25 6219763 1.91311869439318E12 627918.25 78 7 225 29406 2639 84825
340200.0 16524 1.016507869895E10 629581.65 6236287 1.92328377309213E12 629581.65 78 7 225 29484 2646 85050
341100.0 16460 1.016933240761E10 631244.92 6252747 1.93345310549974E12 631244.92 78 7 225 29562 2653 85275
342000.0 16452 1.01961809322E10 632908.75 6269199 1.94364928643194E12 632908.75 78 7 225 29640 2660 85500
342900.0 16560 1.02572893982E10 634572.02 6285759 1.95390657583014E12 634572.02 78 7 225 29718 2667 85725
343800.0 16525 1.027272137293E10 636235.29 6302284 1.96417929720307E12 636235.29 78 7 225 29796 2674 85950
344700.0 16452 1.027674005007E10 637899.12 6318736 1.97445603725313E12 637899.12 78 7 225 29874 2681 86175
345600.0 16452 1.0303588719E10 639562.4 6335188 1.98475962597213E12 639562.4 78 7 225 29952 2688 86400

