# seed = 1, gamma = 0.5, beta = 0.25, dee = 100.0, dcc = 200.0, dec = 150.0, dsc = 2000.0, dLocalhost = 0.015, hostBroker = EDGE, numOfCloud = 1, numOfEdge = 1, numOfSmartphone = 75 
#
# The columns have the following meaning: 
# instant[SECONDS] delayCountPartial delaySumPartial[SECONDS] delayMaxPartial[SECONDS] delayCountTot delaySumTot[SECONDS] delayMaxTot[SECONDS] runOnCloudPartial runOnEdgePartial runOnSmartphonePartial runOnCloudTot runOnEdgeTot runOnSmartphoneTot
0.0 0 0.0 0.0 0 0.0 0.0 0 0 0 0 0 0
900.0 16560 8.216775276E7 10165.33 16560 8.216775276E7 10165.33 230 5 75 230 5 75
1800.0 16524 2.3578401942E8 19686.0 33084 3.1795177218E8 19686.0 230 5 75 460 10 150
2700.0 16453 3.8905611559E8 29206.18 49537 7.0700788777E8 29206.18 230 5 75 690 15 225
3600.0 16452 5.426960133E8 38726.34 65989 1.24970390107E9 38726.34 230 5 75 920 20 300
4500.0 16560 6.9900224257E8 48246.51 82549 1.94870614364E9 48246.51 230 5 75 1150 25 375
5400.0 16524 8.5186226761E8 57766.69 99073 2.80056841126E9 57766.69 230 5 75 1380 30 450
6300.0 16452 1.00375445829E9 67286.86 115525 3.80432286955E9 67286.86 230 5 75 1610 35 525
7200.0 16452 1.15739435601E9 76807.02 131977 4.96171722556E9 76807.02 230 5 75 1840 40 600
8100.0 16560 1.31568582171E9 86327.19 148537 6.27740304726E9 86327.19 230 5 75 2070 45 675
9000.0 16524 1.46792753109E9 95847.37 165061 7.74533057835E9 95847.37 230 5 75 2300 50 750
9900.0 16452 1.61845280126E9 105367.54 181513 9.36378337962E9 105367.54 230 5 75 2530 55 825
10800.0 16458 1.77209269898E9 114887.7 197971 1.11358760786E10 114887.7 230 5 75 2760 60 900
11700.0 16562 1.93251568918E9 124408.41 214533 1.306839176777E10 124408.41 230 5 75 2990 65 975
12600.0 16524 2.08400962574E9 133928.62 231057 1.515240139351E10 133928.62 230 5 75 3220 70 1050
13500.0 16452 2.23316040592E9 143448.79 247509 1.738556179944E10 143448.79 230 5 75 3450 75 1125
14400.0 16452 2.38680030364E9 152968.96 263961 1.977236210307E10 152968.96 230 5 75 3680 80 1200
15300.0 16560 2.5492045048E9 162489.13 280521 2.232156660788E10 162489.13 230 5 75 3910 85 1275
16200.0 16524 2.70007530836E9 172009.3 297045 2.502164191623E10 172009.3 230 5 75 4140 90 1350
17100.0 16452 2.84785874888E9 181529.47 313497 2.786950066511E10 181529.47 230 5 75 4370 95 1425
18000.0 16452 3.00149864659E9 191049.64 329949 3.087099931171E10 191049.64 230 5 75 4600 100 1500
18900.0 16560 3.1659592045E9 200569.81 346509 3.403695851621E10 200569.81 230 5 75 4830 105 1575
19800.0 16524 3.31614454681E9 210089.98 363033 3.735310306301E10 210089.98 230 5 75 5060 110 1650
20700.0 16452 3.46255709184E9 219610.15 379485 4.081566015485E10 219610.15 230 5 75 5290 115 1725
21600.0 16453 3.61619715562E9 229130.32 395938 4.443185731047E10 229130.32 230 5 75 5520 120 1800
22500.0 16560 3.7827176664E9 238651.05 412498 4.821457497687E10 238651.05 230 5 75 5750 125 1875
23400.0 16524 3.93222309502E9 248171.24 429022 5.214679807189E10 248171.24 230 5 75 5980 130 1950
24300.0 16452 4.07726470588E9 257691.41 445474 5.622406277777E10 257691.41 230 5 75 6210 135 2025
25200.0 16452 4.23090460359E9 267211.57 461926 6.045496738136E10 267211.57 230 5 75 6440 140 2100
26100.0 16560 4.39954907131E9 276731.74 478486 6.485451645267E10 276731.74 230 5 75 6670 145 2175
27000.0 16524 4.5482923428E9 286251.92 495010 6.940280879546E10 286251.92 230 5 75 6900 150 2250
27900.0 16452 4.69196304916E9 295772.09 511462 7.409477184462E10 295772.09 230 5 75 7130 155 2325
28800.0 16452 4.84560294688E9 305292.25 527914 7.89403747915E10 305292.25 230 5 75 7360 160 2400
29700.0 16560 5.01623261506E9 314812.42 544474 8.395660740656E10 314812.42 230 5 75 7590 165 2475
30600.0 16524 5.16436158173E9 324332.6 560998 8.91209689883E10 324332.6 230 5 75 7820 170 2550
31500.0 16452 5.30666139261E9 333852.77 577450 9.44276303809E10 333852.77 230 5 75 8050 175 2625
32400.0 16452 5.46030334473E9 343373.32 593902 9.988793372563E10 343373.32 230 5 75 8280 180 2700
33300.0 16560 5.63299490335E9 352893.67 610462 1.0552092862898E11 352893.67 230 5 75 8510 185 2775
34200.0 16524 5.78044007683E9 362413.85 626986 1.1130136870581E11 362413.85 230 5 75 8740 190 2850
35100.0 16452 5.92136895365E9 371934.02 643438 1.1722273765946E11 371934.02 230 5 75 8970 195 2925
36000.0 16452 6.07500885136E9 381454.19 659890 1.2329774651082E11 381454.19 230 5 75 9200 200 3000
36900.0 16560 6.24975125487E9 390974.35 676450 1.2954749776569E11 390974.35 230 5 75 9430 205 3075
37800.0 16524 6.39650932488E9 400494.53 692974 1.3594400709057E11 400494.53 230 5 75 9660 210 3150
38700.0 16452 6.53606729726E9 410014.7 709426 1.4248007438783E11 410014.7 230 5 75 9890 215 3225
39600.0 16452 6.68970719497E9 419534.87 725878 1.491697815828E11 419534.87 230 5 75 10120 220 3300
40500.0 16560 6.86650595522E9 429055.03 742438 1.5603628753802E11 429055.03 230 5 75 10350 225 3375
41400.0 16524 7.01257857298E9 438575.21 758962 1.63048866111E11 438575.21 230 5 75 10580 230 3450
42300.0 16452 7.15076564086E9 448095.38 775414 1.7019963175186E11 448095.38 230 5 75 10810 235 3525
43200.0 16452 7.3044093209E9 457616.11 791866 1.7750404107277E11 457616.11 230 5 75 11040 240 3600
44100.0 16560 7.48326994867E9 467136.29 808426 1.8498731102144E11 467136.29 230 5 75 11270 245 3675
45000.0 16524 7.62865711284E9 476656.47 824950 1.9261596813428E11 476656.47 230 5 75 11500 250 3750
45900.0 16452 7.76547325561E9 486176.63 841402 2.0038144138989E11 486176.63 230 5 75 11730 255 3825
46800.0 16452 7.91911315332E9 495696.8 857854 2.0830055454321E11 495696.8 230 5 75 11960 260 3900
47700.0 16560 8.10009582336E9 505216.97 874414 2.1640065036657E11 505216.97 230 5 75 12190 265 3975
48600.0 16524 8.24472635213E9 514737.15 890938 2.2464537671871E11 514737.15 230 5 75 12420 270 4050
49500.0 16452 8.38017159942E9 524257.31 907390 2.3302554831813E11 524257.31 230 5 75 12650 275 4125
50400.0 16452 8.53381149715E9 533777.48 923842 2.4155935981528E11 533777.48 230 5 75 12880 280 4200
51300.0 16560 8.71677935866E9 543297.65 940402 2.5027613917394E11 543297.65 230 5 75 13110 285 4275
52200.0 16530 8.86079560946E9 552817.83 956932 2.591369347834E11 552817.83 230 5 75 13340 290 4350
53100.0 16455 8.99487143944E9 562338.18 973387 2.6813180622284E11 562338.18 230 5 75 13570 295 4425
54000.0 16452 9.14851598175E9 571858.73 989839 2.7728032220458E11 571858.73 230 5 75 13800 300 4500
54900.0 16560 9.33354332809E9 581378.9 1006399 2.8661386553267E11 581378.9 230 5 75 14030 305 4575
55800.0 16524 9.47687411628E9 590899.08 1022923 2.9609073964894E11 590899.08 230 5 75 14260 310 4650
56700.0 16452 9.60957752497E9 600419.25 1039375 3.0570031717391E11 600419.25 230 5 75 14490 315 4725
57600.0 16452 9.7632174227E9 609939.42 1055827 3.1546353459661E11 609939.42 230 5 75 14720 320 4800
58500.0 16560 9.9502980286E9 619459.58 1072387 3.2541383262521E11 619459.58 230 5 75 14950 325 4875
59400.0 16524 1.009294336455E10 628979.76 1088911 3.3550677598976E11 628979.76 230 5 75 15180 330 4950
60300.0 16452 1.022427586874E10 638499.93 1105363 3.457310518585E11 638499.93 230 5 75 15410 335 5025
61200.0 16452 1.037791576647E10 648020.1 1121815 3.5610896762497E11 648020.1 230 5 75 15640 340 5100
62100.0 16560 1.056705272912E10 657540.26 1138375 3.6667602035409E11 657540.26 230 5 75 15870 345 5175
63000.0 16525 1.070901261282E10 667060.44 1154900 3.773850329669E11 667060.44 230 5 75 16100 350 5250
63900.0 16452 1.083897799197E10 676581.17 1171352 3.8822401095887E11 676581.17 230 5 75 16330 355 5325
64800.0 16452 1.099262338132E10 686101.35 1187804 3.9921663434019E11 686101.35 230 5 75 16560 360 5400
65700.0 16560 1.118388789699E10 695621.52 1204364 4.1040052223718E11 695621.52 230 5 75 16790 365 5475
66600.0 16524 1.132509115284E10 705141.7 1220888 4.2172561339002E11 705141.7 230 5 75 17020 370 5550
67500.0 16452 1.145368182736E10 714661.86 1237340 4.3317929521738E11 714661.86 230 5 75 17250 375 5625
68400.0 16452 1.160732172509E10 724182.03 1253792 4.4478661694247E11 724182.03 230 5 75 17480 380 5700
69300.0 16560 1.180057142324E10 733702.2 1270352 4.5658718836571E11 733702.2 230 5 75 17710 385 5775
70200.0 16524 1.19411603921E10 743222.38 1286876 4.6852834875782E11 743222.38 230 5 75 17940 390 5850
71100.0 16452 1.206838017114E10 752742.54 1303328 4.8059672892895E11 752742.54 230 5 75 18170 395 5925
72000.0 16452 1.222202006886E10 762262.71 1319780 4.9281874899782E11 762262.71 230 5 75 18400 400 6000
72900.0 16560 1.241732613276E10 771782.88 1336340 5.0523607513058E11 771782.88 230 5 75 18630 405 6075
73800.0 16524 1.255722978815E10 781303.06 1352864 5.1779330491873E11 781303.06 230 5 75 18860 410 6150
74700.0 16452 1.268308233852E10 790823.79 1369316 5.3047638725725E11 790823.79 230 5 75 19090 415 6225
75600.0 16452 1.283672768133E10 800343.97 1385768 5.4331311493858E11 800343.97 230 5 75 19320 420 6300
76500.0 16560 1.303416128924E10 809864.13 1402328 5.5634727622782E11 809864.13 230 5 75 19550 425 6375
77400.0 16524 1.3173308187E10 819384.31 1418852 5.6952058441483E11 819384.31 230 5 75 19780 430 6450
78300.0 16452 1.329778612737E10 828904.48 1435304 5.828183705422E11 828904.48 230 5 75 20010 435 6525
79200.0 16452 1.34514260251E10 838424.65 1451756 5.962697965673E11 838424.65 230 5 75 20240 440 6600
80100.0 16560 1.365084482449E10 847944.81 1468316 6.0992064139179E11 847944.81 230 5 75 20470 445 6675
81000.0 16524 1.378938141925E10 857464.99 1484840 6.2371002281104E11 857464.99 230 5 75 20700 450 6750
81900.0 16452 1.391248447109E10 866985.16 1501292 6.3762250728213E11 866985.16 230 5 75 20930 455 6825
82800.0 16452 1.406612436882E10 876505.33 1517744 6.5168863165095E11 876505.33 230 5 75 21160 460 6900
83700.0 16560 1.426767069922E10 886025.49 1534304 6.6595630235018E11 886025.49 230 5 75 21390 465 6975
84600.0 16524 1.440544965081E10 895546.16 1550828 6.8036175200099E11 895546.16 230 5 75 21620 470 7050
85500.0 16452 1.452719143246E10 905066.41 1567280 6.9488894343345E11 905066.41 230 5 75 21850 475 7125
86400.0 16453 1.468083195159E10 914586.58 1583733 7.0956977538504E11 914586.58 230 5 75 22080 480 7200
87300.0 16560 1.488436348638E10 924106.75 1600293 7.2445413887142E11 924106.75 230 5 75 22310 485 7275
88200.0 16524 1.502152916634E10 933626.92 1616817 7.3947566803777E11 933626.92 230 5 75 22540 490 7350
89100.0 16452 1.514189039758E10 943147.09 1633269 7.5461755843535E11 943147.09 230 5 75 22770 495 7425
90000.0 16452 1.529553029531E10 952667.26 1649721 7.6991308873066E11 952667.26 230 5 75 23000 500 7500
90900.0 16560 1.550118936111E10 962187.43 1666281 7.8541427809177E11 962187.43 230 5 75 23230 505 7575
91800.0 16524 1.563759443063E10 971707.61 1682805 8.0105187252241E11 971707.61 230 5 75 23460 510 7650
92700.0 16452 1.575658874136E10 981227.77 1699257 8.1680846126376E11 981227.77 230 5 75 23690 515 7725
93600.0 16452 1.591022863909E10 990747.94 1715709 8.3271868990285E11 990747.94 230 5 75 23920 520 7800
94500.0 16568 1.61178733332E10 1000268.11 1732277 8.4883656323605E11 1000268.11 230 5 75 24150 525 7875
95400.0 16524 1.625367139895E10 1009788.85 1748801 8.65090234635E11 1009788.85 230 5 75 24380 530 7950
96300.0 16452 1.637129635621E10 1019309.03 1765253 8.814615309912E11 1019309.03 230 5 75 24610 535 8025
97200.0 16452 1.652493625394E10 1028829.2 1781705 8.9798646724514E11 1028829.2 230 5 75 24840 540 8100
98100.0 16560 1.673463689897E10 1038349.36 1798265 9.1472110414411E11 1038349.36 230 5 75 25070 545 8175
99000.0 16524 1.686974221893E10 1047869.54 1814789 9.3159084636304E11 1047869.54 230 5 75 25300 550 8250
99900.0 16452 1.698599469998E10 1057389.71 1831241 9.4857684106302E11 1057389.71 230 5 75 25530 555 8325
100800.0 16452 1.713963459771E10 1066909.88 1847693 9.6571647566074E11 1066909.88 230 5 75 25760 560 8400
101700.0 16560 1.735139159949E10 1076430.04 1864253 9.8306786726023E11 1076430.04 230 5 75 25990 565 8475
102600.0 16524 1.74858114762E10 1085950.22 1880777 1.00055367873643E12 1085950.22 230 5 75 26220 570 8550
103500.0 16452 1.760069304376E10 1095470.39 1897229 1.01815437178019E12 1095470.39 230 5 75 26450 575 8625
104400.0 16453 1.775433294149E10 1104990.56 1913682 1.03590870472168E12 1104990.56 230 5 75 26680 580 8700
105300.0 16560 1.796814886039E10 1114511.05 1930242 1.05387685358208E12 1114511.05 230 5 75 26910 585 8775
106200.0 16524 1.810188699812E10 1124031.47 1946766 1.0719787405802E12 1124031.47 230 5 75 27140 590 8850
107100.0 16452 1.821540061428E10 1133551.64 1963218 1.09019414119447E12 1133551.64 230 5 75 27370 595 8925
108000.0 16452 1.836904051201E10 1143071.81 1979670 1.10856318170648E12 1143071.81 230 5 75 27600 600 9000
108900.0 16560 1.858491025814E10 1152591.98 1996230 1.12714809196462E12 1152591.98 230 5 75 27830 605 9075
109800.0 16524 1.871795922012E10 1162112.15 2012754 1.14586605118474E12 1162112.15 230 5 75 28060 610 9150
110700.0 16452 1.883009895816E10 1171632.32 2029206 1.16469615014291E12 1171632.32 230 5 75 28290 615 9225
111600.0 16452 1.898373885589E10 1181152.49 2045658 1.1836798889988E12 1181152.49 230 5 75 28520 620 9300
112500.0 16560 1.920166496777E10 1190672.66 2062218 1.20288155396657E12 1190672.66 230 5 75 28750 625 9375
113400.0 16524 1.93340284595E10 1200192.83 2078742 1.22221558242607E12 1200192.83 230 5 75 28980 630 9450
114300.0 16452 1.944479730205E10 1209713.0 2095194 1.24166037972812E12 1209713.0 230 5 75 29210 635 9525
115200.0 16452 1.959843719978E10 1219233.17 2111646 1.2612588169279E12 1219233.17 230 5 75 29440 640 9600
116100.0 16560 1.981842342155E10 1228753.9 2128206 1.28107724034945E12 1228753.9 230 5 75 29670 645 9675
117000.0 16524 1.995010700863E10 1238274.09 2144730 1.30102734735808E12 1238274.09 230 5 75 29900 650 9750
117900.0 16452 2.005950491701E10 1247794.26 2161182 1.32108685227509E12 1247794.26 230 5 75 30130 655 9825
118800.0 16452 2.021314481474E10 1257314.42 2177634 1.34129999708983E12 1257314.42 230 5 75 30360 660 9900
119700.0 16560 2.043518368012E10 1266834.59 2194194 1.36173518076995E12 1266834.59 230 5 75 30590 665 9975
120600.0 16524 2.056617624801E10 1276354.77 2210718 1.38230135701796E12 1276354.77 230 5 75 30820 670 10050
121500.0 16452 2.067420326089E10 1285874.94 2227170 1.40297556027885E12 1285874.94 230 5 75 31050 675 10125
122400.0 16452 2.082784315862E10 1295395.1 2243622 1.42380340343747E12 1295395.1 230 5 75 31280 680 10200
123300.0 16560 2.105193836275E10 1304915.27 2260182 1.44485534180022E12 1304915.27 230 5 75 31510 685 10275
124200.0 16524 2.11822455054E10 1314435.45 2276706 1.46603758730562E12 1314435.45 230 5 75 31740 690 10350
125100.0 16452 2.128890160478E10 1323955.62 2293158 1.4873264889104E12 1323955.62 230 5 75 31970 695 10425
126000.0 16452 2.144254254266E10 1333475.91 2309610 1.50876903145305E12 1333475.91 230 5 75 32200 700 10500
126900.0 16560 2.166869763214E10 1342996.52 2326170 1.53043772908519E12 1342996.52 230 5 75 32430 705 10575
127800.0 16524 2.179832400793E10 1352516.7 2342694 1.55223605309312E12 1352516.7 230 5 75 32660 710 10650
128700.0 16452 2.190360918222E10 1362036.87 2359146 1.57413966227534E12 1362036.87 230 5 75 32890 715 10725
129600.0 16452 2.205724907995E10 1371557.04 2375598 1.59619691135529E12 1371557.04 230 5 75 33120 720 10800
130500.0 16560 2.228545704646E10 1381077.21 2392158 1.61848236840175E12 1381077.21 230 5 75 33350 725 10875
131400.0 16524 2.241439324731E10 1390597.38 2408682 1.64089676164906E12 1390597.38 230 5 75 33580 730 10950
132300.0 16452 2.251830752611E10 1400117.55 2425134 1.66341506917517E12 1400117.55 230 5 75 33810 735 11025
133200.0 16452 2.267194742384E10 1409637.72 2441586 1.68608701659901E12 1409637.72 230 5 75 34040 740 11100
134100.0 16560 2.290221173809E10 1419157.89 2458146 1.7089892283371E12 1419157.89 230 5 75 34270 745 11175
135000.0 16524 2.303046250469E10 1428678.06 2474670 1.73201969084179E12 1428678.06 230 5 75 34500 750 11250
135900.0 16458 2.313300586999E10 1438198.23 2491128 1.75515269671178E12 1438198.23 230 5 75 34730 755 11325
136800.0 16455 2.328664955005E10 1447718.96 2507583 1.77843934626183E12 1447718.96 230 5 75 34960 760 11400
137700.0 16560 2.351897573181E10 1457239.14 2524143 1.80195832199363E12 1457239.14 230 5 75 35190 765 11475
138600.0 16524 2.364654103582E10 1466759.32 2540667 1.82560486302946E12 1466759.32 230 5 75 35420 770 11550
139500.0 16452 2.374771348495E10 1476279.49 2557119 1.84935257651441E12 1476279.49 230 5 75 35650 775 11625
140400.0 16452 2.390135338268E10 1485799.65 2573571 1.87325392989709E12 1485799.65 230 5 75 35880 780 11700
141300.0 16560 2.413573044144E10 1495319.82 2590131 1.89738966033853E12 1495319.82 230 5 75 36110 785 11775
142200.0 16524 2.426261029321E10 1504840.0 2606655 1.92165227063173E12 1504840.0 230 5 75 36340 790 11850
143100.0 16452 2.436241182884E10 1514360.17 2623107 1.94601468246057E12 1514360.17 230 5 75 36570 795 11925
144000.0 16452 2.451605172657E10 1523880.33 2639559 1.97053073418714E12 1523880.33 230 5 75 36800 800 12000
144900.0 16560 2.475248514207E10 1533400.5 2656119 1.9952832193292E12 1533400.5 230 5 75 37030 805 12075
145800.0 16524 2.487867953259E10 1542920.68 2672643 2.02016189886179E12 1542920.68 230 5 75 37260 810 12150
146700.0 16453 2.497711017272E10 1552440.85 2689096 2.04513900903451E12 1552440.85 230 5 75 37490 815 12225
147600.0 16452 2.513075385277E10 1561961.58 2705548 2.07026976288729E12 1561961.58 230 5 75 37720 820 12300
148500.0 16560 2.536924914478E10 1571481.76 2722108 2.09563901203207E12 1571481.76 230 5 75 37950 825 12375
149400.0 16524 2.549475808172E10 1581001.93 2738632 2.12113377011379E12 1581001.93 230 5 75 38180 830 12450
150300.0 16452 2.559181778768E10 1590522.1 2755084 2.14672558790147E12 1590522.1 230 5 75 38410 835 12525
151200.0 16452 2.574545768541E10 1600042.27 2771536 2.17247104558688E12 1600042.27 230 5 75 38640 840 12600
152100.0 16560 2.598600383641E10 1609562.44 2788096 2.19845704942329E12 1609562.44 230 5 75 38870 845 12675
153000.0 16524 2.611082732115E10 1619082.61 2804620 2.22456787674444E12 1619082.61 230 5 75 39100 850 12750
153900.0 16452 2.620651613162E10 1628602.78 2821072 2.25077439287606E12 1628602.78 230 5 75 39330 855 12825
154800.0 16452 2.636015602935E10 1638122.95 2837524 2.27713454890541E12 1638122.95 230 5 75 39560 860 12900
155700.0 16560 2.66027585461E10 1647643.12 2854084 2.30373730745151E12 1647643.12 230 5 75 39790 865 12975
156600.0 16524 2.672689657859E10 1657163.29 2870608 2.3304642040301E12 1657163.29 230 5 75 40020 870 13050
157500.0 16452 2.682121703059E10 1666683.91 2887060 2.35728542106069E12 1666683.91 230 5 75 40250 875 13125
158400.0 16452 2.697486257187E10 1676204.2 2903512 2.38426028363256E12 1676204.2 230 5 75 40480 880 13200
159300.0 16560 2.721959365632E10 1685724.37 2920072 2.41147987728888E12 1685724.37 230 5 75 40710 885 13275
160200.0 16524 2.734297506102E10 1695244.55 2936596 2.4388228523499E12 1695244.55 230 5 75 40940 890 13350
161100.0 16452 2.743592204187E10 1704764.71 2953048 2.46625877439176E12 1704764.71 230 5 75 41170 895 13425
162000.0 16452 2.75895619396E10 1714284.88 2969500 2.49384833633136E12 1714284.88 230 5 75 41400 900 13500
162900.0 16560 2.783627719169E10 1723805.05 2986060 2.52168461352305E12 1723805.05 230 5 75 41630 905 13575
163800.0 16524 2.795904831127E10 1733325.23 3002584 2.54964366183432E12 1733325.23 230 5 75 41860 910 13650
164700.0 16452 2.805062038564E10 1742845.39 3019036 2.57769428221996E12 1742845.39 230 5 75 42090 915 13725
165600.0 16452 2.820426028337E10 1752365.56 3035488 2.60589854250334E12 1752365.56 230 5 75 42320 920 13800
166500.0 16560 2.845310305747E10 1761885.73 3052048 2.63435164556081E12 1761885.73 230 5 75 42550 925 13875
167400.0 16524 2.857511356657E10 1771405.91 3068572 2.66292675912737E12 1771405.91 230 5 75 42780 930 13950
168300.0 16452 2.866532250887E10 1780926.64 3085024 2.69159208163625E12 1780926.64 230 5 75 43010 935 14025
169200.0 16453 2.881896789822E10 1790446.82 3101477 2.72041104953447E12 1790446.82 230 5 75 43240 940 14100
170100.0 16560 2.906979589482E10 1799966.98 3118037 2.74948084542929E12 1799966.98 230 5 75 43470 945 14175
171000.0 16524 2.919119609057E10 1809487.16 3134561 2.77867204151985E12 1809487.16 230 5 75 43700 950 14250
171900.0 16452 2.928002634427E10 1819007.33 3151013 2.80795206786412E12 1819007.33 230 5 75 43930 955 14325
172800.0 16452 2.9433666242E10 1828527.5 3167465 2.83738573410613E12 1828527.5 230 5 75 44160 960 14400
173700.0 16560 2.968655059534E10 1838047.66 3184025 2.86707228470146E12 1838047.66 230 5 75 44390 965 14475
174600.0 16524 2.980726135486E10 1847567.84 3200549 2.89687954605633E12 1847567.84 230 5 75 44620 970 14550
175500.0 16452 2.989472468805E10 1857088.01 3217001 2.92677427074438E12 1857088.01 230 5 75 44850 975 14625
176400.0 16452 3.004836458578E10 1866608.18 3233453 2.95682263533016E12 1866608.18 230 5 75 45080 980 14700
177300.0 16566 3.030330530486E10 1876128.35 3250019 2.98712594063501E12 1876128.35 230 5 75 45310 985 14775
178200.0 16526 3.042333164459E10 1885648.78 3266545 3.0175492722796E12 1885648.78 230 5 75 45540 990 14850
179100.0 16452 3.050942976741E10 1895169.26 3282997 3.04805870204701E12 1895169.26 230 5 75 45770 995 14925
180000.0 16452 3.066307215214E10 1904689.43 3299449 3.07872177419915E12 1904689.43 230 5 75 46000 1000 15000
180900.0 16560 3.092006926781E10 1914209.6 3316009 3.10964184346696E12 1914209.6 230 5 75 46230 1005 15075
181800.0 16524 3.10394090945E10 1923729.77 3332533 3.14068125256146E12 1923729.77 230 5 75 46460 1010 15150
182700.0 16452 3.112413059813E10 1933249.94 3348985 3.17180538315959E12 1933249.94 230 5 75 46690 1015 15225
183600.0 16452 3.127777049586E10 1942770.11 3365437 3.20308315365545E12 1942770.11 230 5 75 46920 1020 15300
184500.0 16560 3.153682394128E10 1952290.28 3381997 3.23461997759673E12 1952290.28 230 5 75 47150 1025 15375
185400.0 16524 3.165547834272E10 1961810.45 3398521 3.26627545593945E12 1961810.45 230 5 75 47380 1030 15450
186300.0 16452 3.173882894183E10 1971330.62 3414973 3.29801428488128E12 1971330.62 230 5 75 47610 1035 15525
187200.0 16452 3.18924688395E10 1980850.79 3431425 3.32990675372077E12 1980850.79 230 5 75 47840 1040 15600
188100.0 16561 3.21535786686E10 1990370.96 3447986 3.36206033238937E12 1990370.96 230 5 75 48070 1045 15675
189000.0 16524 3.22715513266E10 1999891.7 3464510 3.39433188371597E12 1999891.7 230 5 75 48300 1050 15750
189900.0 16452 3.235353655643E10 2009411.88 3480962 3.42668542027241E12 2009411.88 230 5 75 48530 1055 15825
190800.0 16452 3.25071764541E10 2018932.05 3497414 3.45919259672651E12 2018932.05 230 5 75 48760 1060 15900
191700.0 16560 3.277034266196E10 2028452.21 3513974 3.49196293938847E12 2028452.21 230 5 75 48990 1065 15975
192600.0 16524 3.288762613051E10 2037972.39 3530498 3.52485056551898E12 2037972.39 230 5 75 49220 1070 16050
193500.0 16452 3.296823489991E10 2047492.56 3546950 3.55781880041889E12 2047492.56 230 5 75 49450 1075 16125
194400.0 16452 3.312187479758E10 2057012.73 3563402 3.59094067521647E12 2057012.73 230 5 75 49680 1080 16200
195300.0 16560 3.338709735318E10 2066532.89 3579962 3.62432777256965E12 2066532.89 230 5 75 49910 1085 16275
196200.0 16524 3.350369537848E10 2076053.07 3596486 3.65783146794814E12 2076053.07 230 5 75 50140 1090 16350
197100.0 16452 3.358293324339E10 2085573.24 3612938 3.69141440119153E12 2085573.24 230 5 75 50370 1095 16425
198000.0 16452 3.373657314106E10 2095093.41 3629390 3.72515097433259E12 2095093.41 230 5 75 50600 1100 16500
198900.0 16560 3.400385285025E10 2104613.65 3645950 3.75915482718283E12 2104613.65 230 5 75 50830 1105 16575
199800.0 16524 3.411976888024E10 2114134.32 3662474 3.79327459606307E12 2114134.32 230 5 75 51060 1110 16650
200700.0 16452 3.419764083438E10 2123654.49 3678926 3.82747223689745E12 2123654.49 230 5 75 51290 1115 16725
201600.0 16452 3.435128073204E10 2133174.66 3695378 3.86182351762949E12 2133174.66 230 5 75 51520 1120 16800
202500.0 16560 3.462061605007E10 2142694.83 3711938 3.89644413367956E12 2142694.83 230 5 75 51750 1125 16875
203400.0 16524 3.473584314256E10 2152215.0 3728462 3.93117997682212E12 2152215.0 230 5 75 51980 1130 16950
204300.0 16452 3.481233917786E10 2161735.17 3744914 3.96599231599998E12 2161735.17 230 5 75 52210 1135 17025
205200.0 16452 3.496597907552E10 2171255.34 3761366 4.0009582950755E12 2171255.34 230 5 75 52440 1140 17100
206100.0 16560 3.523737072329E10 2180775.51 3777926 4.0361956657988E12 2180775.51 230 5 75 52670 1145 17175
207000.0 16524 3.535191239043E10 2190295.68 3794450 4.07154757818922E12 2190295.68 230 5 75 52900 1150 17250
207900.0 16452 3.542703752123E10 2199815.85 3810902 4.10697461571045E12 2199815.85 230 5 75 53130 1155 17325
208800.0 16452 3.558067741889E10 2209336.02 3827354 4.14255529312934E12 2209336.02 230 5 75 53360 1160 17400
209700.0 16560 3.585412922158E10 2218856.75 3843914 4.17840942235093E12 2218856.75 230 5 75 53590 1165 17475
210600.0 16524 3.596799092999E10 2228376.94 3860438 4.21437741328092E12 2228376.94 230 5 75 53820 1170 17550
211500.0 16453 3.604174513562E10 2237897.11 3876891 4.25041915841653E12 2237897.11 230 5 75 54050 1175 17625
212400.0 16452 3.619538503328E10 2247417.28 3893343 4.28661454344982E12 2247417.28 230 5 75 54280 1180 17700
213300.0 16560 3.647088942555E10 2256937.44 3909903 4.32308543287537E12 2256937.44 230 5 75 54510 1185 17775
214200.0 16524 3.658406017775E10 2266457.62 3926427 4.35966949305312E12 2266457.62 230 5 75 54740 1190 17850
215100.0 16452 3.665644347888E10 2275977.79 3942879 4.396325936532E12 2275977.79 230 5 75 54970 1195 17925
216000.0 16452 3.681008337655E10 2285497.96 3959331 4.43313601990854E12 2285497.96 230 5 75 55200 1200 18000
216900.0 16560 3.708764415256E10 2295018.12 3975891 4.4702236640611E12 2295018.12 230 5 75 55430 1205 18075
217800.0 16524 3.720012942551E10 2304538.3 3992415 4.5074237934866E12 2304538.3 230 5 75 55660 1210 18150
218700.0 16452 3.727114182214E10 2314058.47 4008867 4.54469493530875E12 2314058.47 230 5 75 55890 1215 18225
219600.0 16460 3.742478250095E10 2323578.64 4025327 4.58211971780969E12 2323578.64 230 5 75 56120 1220 18300
220500.0 16560 3.770440260574E10 2333099.37 4041887 4.61982412041543E12 2333099.37 230 5 75 56350 1225 18375
221400.0 16524 3.781620796507E10 2342619.56 4058411 4.6576403283805E12 2342619.56 230 5 75 56580 1230 18450
222300.0 16452 3.788584943648E10 2352139.72 4074863 4.69552617781697E12 2352139.72 230 5 75 56810 1235 18525
223200.0 16452 3.803948933415E10 2361659.89 4091315 4.73356566715112E12 2361659.89 230 5 75 57040 1240 18600
224100.0 16560 3.832116284566E10 2371180.06 4107875 4.77188682999677E12 2371180.06 230 5 75 57270 1245 18675
225000.0 16524 3.843227721277E10 2380700.24 4124399 4.81031910720954E12 2380700.24 230 5 75 57500 1250 18750
225900.0 16452 3.850054777968E10 2390220.4 4140851 4.84881965498923E12 2390220.4 230 5 75 57730 1255 18825
226800.0 16452 3.865418767735E10 2399740.57 4157303 4.88747384266658E12 2399740.57 230 5 75 57960 1260 18900
227700.0 16560 3.893791753661E10 2409260.74 4173863 4.92641176020319E12 2409260.74 230 5 75 58190 1265 18975
228600.0 16524 3.904834646047E10 2418780.92 4190387 4.96546010666366E12 2418780.92 230 5 75 58420 1270 19050
229500.0 16453 3.911524612289E10 2428301.08 4206840 5.00457535278656E12 2428301.08 230 5 75 58650 1275 19125
230400.0 16452 3.926888814833E10 2437821.64 4223292 5.04384424093489E12 2437821.64 230 5 75 58880 1280 19200
231300.0 16560 3.955467989818E10 2447341.99 4239852 5.08339892083307E12 2447341.99 230 5 75 59110 1285 19275
232200.0 16524 3.966442494662E10 2456862.17 4256376 5.12306334577969E12 2456862.17 230 5 75 59340 1290 19350
233100.0 16452 3.972995368399E10 2466382.34 4272828 5.16279329946368E12 2466382.34 230 5 75 59570 1295 19425
234000.0 16452 3.988359358166E10 2475902.5 4289280 5.20267689304534E12 2475902.5 230 5 75 59800 1300 19500
234900.0 16560 4.017143618523E10 2485422.67 4305840 5.24284832923058E12 2485422.67 230 5 75 60030 1305 19575
235800.0 16524 4.028049419433E10 2494942.85 4322364 5.2831288234249E12 2494942.85 230 5 75 60260 1310 19650
236700.0 16452 4.03446520272E10 2504463.02 4338816 5.3234734754521E12 2504463.02 230 5 75 60490 1315 19725
237600.0 16452 4.049829192487E10 2513983.18 4355268 5.36397176737697E12 2513983.18 230 5 75 60720 1320 19800
238500.0 16560 4.078819089418E10 2523503.35 4371828 5.40475995827115E12 2523503.35 230 5 75 60950 1325 19875
239400.0 16524 4.089656344203E10 2533023.53 4388352 5.44565652171318E12 2533023.53 230 5 75 61180 1330 19950
240300.0 16452 4.095935037041E10 2542543.7 4404804 5.48661587208359E12 2542543.7 230 5 75 61410 1335 20025
241200.0 16452 4.111299405042E10 2552064.43 4421256 5.52772886613402E12 2552064.43 230 5 75 61640 1340 20100
242100.0 16560 4.140495488728E10 2561584.61 4437816 5.56913382102129E12 2561584.61 230 5 75 61870 1345 20175
243000.0 16524 4.151264198154E10 2571104.78 4454340 5.61064646300283E12 2571104.78 230 5 75 62100 1350 20250
243900.0 16452 4.157405798474E10 2580624.95 4470792 5.65222052098757E12 2580624.95 230 5 75 62330 1355 20325
244800.0 16452 4.172769788241E10 2590145.12 4487244 5.69394821886999E12 2590145.12 230 5 75 62560 1360 20400
245700.0 16560 4.202170959623E10 2599665.29 4503804 5.73596992846621E12 2599665.29 230 5 75 62790 1365 20475
246600.0 16524 4.212871122924E10 2609185.46 4520328 5.77809863969546E12 2609185.46 230 5 75 63020 1370 20550
247500.0 16452 4.218875632795E10 2618705.63 4536780 5.82028739602341E12 2618705.63 230 5 75 63250 1375 20625
248400.0 16452 4.234239622562E10 2628225.8 4553232 5.86262979224903E12 2628225.8 230 5 75 63480 1380 20700
249300.0 16560 4.263846429614E10 2637745.97 4569792 5.90526825654516E12 2637745.97 230 5 75 63710 1385 20775
250200.0 16524 4.274478047689E10 2647266.14 4586316 5.94801303702205E12 2647266.14 230 5 75 63940 1390 20850
251100.0 16452 4.280345627365E10 2656786.51 4602768 5.99081649329571E12 2656786.51 230 5 75 64170 1395 20925
252000.0 16452 4.295709982111E10 2666307.04 4619220 6.03377359311681E12 2666307.04 230 5 75 64400 1400 21000
252900.0 16561 4.325522823732E10 2675827.22 4635781 6.07702882135413E12 2675827.22 230 5 75 64630 1405 21075
253800.0 16524 4.33608589646E10 2685347.4 4652305 6.12038968031873E12 2685347.4 230 5 75 64860 1410 21150
254700.0 16452 4.341816223376E10 2694867.56 4668757 6.16380784255248E12 2694867.56 230 5 75 65090 1415 21225
255600.0 16452 4.357180213142E10 2704387.73 4685209 6.20737964468391E12 2704387.73 230 5 75 65320 1420 21300
256500.0 16560 4.387198294627E10 2713907.9 4701769 6.25125162763018E12 2713907.9 230 5 75 65550 1425 21375
257400.0 16524 4.39769282123E10 2723428.08 4718293 6.29522855584248E12 2723428.08 230 5 75 65780 1430 21450
258300.0 16452 4.403286057696E10 2732948.24 4734745 6.33926141641944E12 2732948.24 230 5 75 66010 1435 21525
259200.0 16452 4.418650047463E10 2742468.41 4751197 6.38344791689407E12 2742468.41 230 5 75 66240 1440 21600
260100.0 16560 4.448873763722E10 2751988.58 4767757 6.42793665453129E12 2751988.58 230 5 75 66470 1445 21675
261000.0 16532 4.45929974599E10 2761508.76 4784289 6.47252965199119E12 2761508.76 230 5 75 66700 1450 21750
261900.0 16452 4.464756269954E10 2771029.49 4800741 6.51717721469073E12 2771029.49 230 5 75 66930 1455 21825
262800.0 16452 4.480120808886E10 2780549.67 4817193 6.56197842277959E12 2780549.67 230 5 75 67160 1460 21900
263700.0 16560 4.510557281351E10 2790069.83 4833753 6.6070839955931E12 2790069.83 230 5 75 67390 1465 21975
264600.0 16524 4.520907599935E10 2799590.01 4850277 6.65229307159246E12 2799590.01 230 5 75 67620 1470 22050
265500.0 16452 4.526226653435E10 2809110.18 4866729 6.6975553381268E12 2809110.18 230 5 75 67850 1475 22125
266400.0 16452 4.541590643202E10 2818630.35 4883181 6.74297124455882E12 2818630.35 230 5 75 68080 1480 22200
267300.0 16560 4.57222563391E10 2828150.51 4899741 6.78869350089792E12 2828150.51 230 5 75 68310 1485 22275
268200.0 16524 4.582514924014E10 2837670.69 4916265 6.83451865013805E12 2837670.69 230 5 75 68540 1490 22350
269100.0 16452 4.587696487766E10 2847190.86 4932717 6.88039561501572E12 2847190.86 230 5 75 68770 1495 22425
270000.0 16452 4.603060477533E10 2856711.03 4949169 6.92642621979105E12 2856711.03 230 5 75 69000 1500 22500
270900.0 16561 4.633908222247E10 2866231.19 4965730 6.97276530201351E12 2866231.19 230 5 75 69230 1505 22575
271800.0 16524 4.644121474766E10 2875751.39 4982254 7.01920651676117E12 2875751.39 230 5 75 69460 1510 22650
272700.0 16452 4.649166709657E10 2885272.1 4998706 7.06569818385774E12 2885272.1 230 5 75 69690 1515 22725
273600.0 16452 4.664531238485E10 2894792.28 5015158 7.11234349624259E12 2894792.28 230 5 75 69920 1520 22800
274500.0 16560 4.695577502742E10 2904312.45 5031718 7.15929927127001E12 2904312.45 230 5 75 70150 1525 22875
275400.0 16524 4.705729702263E10 2913832.63 5048242 7.20635656829264E12 2913832.63 230 5 75 70380 1530 22950
276300.0 16452 4.71063708305E10 2923352.79 5064694 7.25346293912314E12 2923352.79 230 5 75 70610 1535 23025
277200.0 16452 4.726001072817E10 2932872.96 5081146 7.30072294985131E12 2932872.96 230 5 75 70840 1540 23100
278100.0 16560 4.757252975448E10 2942393.13 5097706 7.34829547960579E12 2942393.13 230 5 75 71070 1545 23175
279000.0 16524 4.767336226846E10 2951913.31 5114230 7.39596884187425E12 2951913.31 230 5 75 71300 1550 23250
279900.0 16452 4.772106917382E10 2961433.47 5130682 7.44368991104807E12 2961433.47 230 5 75 71530 1555 23325
280800.0 16452 4.787470907149E10 2970953.64 5147134 7.49156462011955E12 2970953.64 230 5 75 71760 1560 23400
281700.0 16560 4.818935560184E10 2980473.81 5163694 7.5397539757214E12 2980473.81 230 5 75 71990 1565 23475
282600.0 16524 4.828943474069E10 2989994.48 5180218 7.58804341046209E12 2989994.48 230 5 75 72220 1570 23550
283500.0 16452 4.833577619061E10 2999514.73 5196670 7.6363791866527E12 2999514.73 230 5 75 72450 1575 23625
284400.0 16452 4.848941665685E10 3009034.9 5213122 7.68486860330955E12 3009034.9 230 5 75 72680 1580 23700
285300.0 16560 4.880604841856E10 3018555.06 5229682 7.73367465172812E12 3018555.06 230 5 75 72910 1585 23775
286200.0 16524 4.890551401978E10 3028075.24 5246206 7.7825801657479E12 3028075.24 230 5 75 73140 1590 23850
287100.0 16452 4.895047510256E10 3037595.41 5262658 7.83153064085045E12 3037595.41 230 5 75 73370 1595 23925
288000.0 16452 4.910411500022E10 3047115.58 5279110 7.88063475585068E12 3047115.58 230 5 75 73600 1600 24000
288900.0 16560 4.942287429299E10 3056635.74 5295670 7.93005763014366E12 3056635.74 230 5 75 73830 1605 24075
289800.0 16524 4.952157928372E10 3066155.92 5312194 7.97957920942738E12 3066155.92 230 5 75 74060 1610 24150
290700.0 16452 4.956517344598E10 3075676.09 5328646 8.02914438287336E12 3075676.09 230 5 75 74290 1615 24225
291600.0 16452 4.971881334365E10 3085196.26 5345098 8.07886319621701E12 3085196.26 230 5 75 74520 1620 24300
292500.0 16560 5.003955781885E10 3094716.42 5361658 8.12890275403585E12 3094716.42 230 5 75 74750 1625 24375
293400.0 16524 5.013765626071E10 3104237.17 5378182 8.17904041029656E12 3104237.17 230 5 75 74980 1630 24450
294300.0 16452 5.017988106053E10 3113757.34 5394634 8.2292202913571E12 3113757.34 230 5 75 75210 1635 24525
295200.0 16452 5.03335209582E10 3123277.51 5411086 8.2795538123153E12 3123277.51 230 5 75 75440 1640 24600
296100.0 16560 5.065632181216E10 3132797.68 5427646 8.33021013412745E12 3132797.68 230 5 75 75670 1645 24675
297000.0 16524 5.075372706236E10 3142317.86 5444170 8.38096386118982E12 3142317.86 230 5 75 75900 1650 24750
297900.0 16452 5.079457940396E10 3151838.02 5460622 8.43175844059377E12 3151838.02 230 5 75 76130 1655 24825
298800.0 16452 5.094821930162E10 3161358.19 5477074 8.4827066598954E12 3161358.19 230 5 75 76360 1660 24900
299700.0 16560 5.127307652132E10 3170878.36 5493634 8.53397973641672E12 3170878.36 230 5 75 76590 1665 24975
300600.0 16524 5.136979631928E10 3180398.54 5510158 8.585349532736E12 3180398.54 230 5 75 76820 1670 25050
301500.0 16452 5.140927774738E10 3189918.7 5526610 8.63675881048338E12 3189918.7 230 5 75 77050 1675 25125
302400.0 16459 5.156291764505E10 3199438.87 5543069 8.68832172812843E12 3199438.87 230 5 75 77280 1680 25200
303300.0 16562 5.188983302779E10 3208959.38 5559631 8.74021156115623E12 3208959.38 230 5 75 77510 1685 25275
304200.0 16524 5.19858727537E10 3218479.78 5576155 8.79219743390993E12 3218479.78 230 5 75 77740 1690 25350
305100.0 16452 5.202398531065E10 3227999.96 5592607 8.84422141922058E12 3227999.96 230 5 75 77970 1695 25425
306000.0 16452 5.217762520832E10 3237520.12 5609059 8.89639904442891E12 3237520.12 230 5 75 78200 1700 25500
306900.0 16560 5.250659517239E10 3247040.29 5625619 8.9489056396013E12 3247040.29 230 5 75 78430 1705 25575
307800.0 16524 5.260194405564E10 3256560.47 5642143 9.00150758365694E12 3256560.47 230 5 75 78660 1710 25650
308700.0 16452 5.263868365419E10 3266080.64 5658595 9.05414626731112E12 3266080.64 230 5 75 78890 1715 25725
309600.0 16452 5.279232355185E10 3275600.8 5675047 9.10693859086298E12 3275600.8 230 5 75 79120 1720 25800
310500.0 16560 5.312334987245E10 3285120.97 5691607 9.16006194073543E12 3285120.97 230 5 75 79350 1725 25875
311400.0 16524 5.321801329472E10 3294641.15 5708131 9.21327995403015E12 3294641.15 230 5 75 79580 1730 25950
312300.0 16452 5.325338199777E10 3304161.32 5724583 9.26653333602793E12 3304161.32 230 5 75 79810 1735 26025
313200.0 16453 5.340702189559E10 3313681.48 5741036 9.31994035792352E12 3313681.48 230 5 75 80040 1740 26100
314100.0 16560 5.374010832621E10 3323202.22 5757596 9.37368046624973E12 3323202.22 230 5 75 80270 1745 26175
315000.0 16524 5.383409184361E10 3332722.4 5774120 9.42751455809334E12 3332722.4 230 5 75 80500 1750 26250
315900.0 16452 5.386808961249E10 3342242.57 5790572 9.48138264770583E12 3342242.57 230 5 75 80730 1755 26325
316800.0 16452 5.402172951016E10 3351762.74 5807024 9.53540437721599E12 3351762.74 230 5 75 80960 1760 26400
317700.0 16560 5.435686857525E10 3361282.91 5823584 9.58976124579124E12 3361282.91 230 5 75 81190 1765 26475
318600.0 16524 5.445016507572E10 3370803.08 5840108 9.64421141086696E12 3370803.08 230 5 75 81420 1770 26550
319500.0 16452 5.448278795613E10 3380323.25 5856560 9.69869419882309E12 3380323.25 230 5 75 81650 1775 26625
320400.0 16452 5.46364278538E10 3389843.42 5873012 9.75333062667689E12 3389843.42 230 5 75 81880 1780 26700
321300.0 16560 5.497362325764E10 3399363.59 5889572 9.80830424993452E12 3399363.59 230 5 75 82110 1785 26775
322200.0 16524 5.506623033988E10 3408883.76 5906096 9.86337048027441E12 3408883.76 230 5 75 82340 1790 26850
323100.0 16452 5.509748629977E10 3418403.93 5922548 9.91846796657418E12 3418403.93 230 5 75 82570 1795 26925
324000.0 16452 5.525112736978E10 3427924.25 5939000 9.97371909394396E12 3427924.25 230 5 75 82800 1800 27000
324900.0 16560 5.55903835778E10 3437444.83 5955560 1.002930947752176E13 3437444.83 230 5 75 83030 1805 27075
325800.0 16524 5.568230884049E10 3446965.02 5972084 1.008499178636224E13 3446965.02 230 5 75 83260 1810 27150
326700.0 16452 5.571219388427E10 3456485.19 5988536 1.014070398024651E13 3456485.19 230 5 75 83490 1815 27225
327600.0 16452 5.586583378194E10 3466005.35 6004988 1.019656981402845E13 3466005.35 230 5 75 83720 1820 27300
328500.0 16560 5.620714192118E10 3475525.52 6021548 1.025277695594963E13 3475525.52 230 5 75 83950 1825 27375
329400.0 16524 5.629837808868E10 3485045.7 6038072 1.030907533403831E13 3485045.7 230 5 75 84180 1830 27450
330300.0 16452 5.632689222796E10 3494565.87 6054524 1.036540222626627E13 3494565.87 230 5 75 84410 1835 27525
331200.0 16452 5.648053212563E10 3504086.03 6070976 1.042188275839191E13 3504086.03 230 5 75 84640 1840 27600
332100.0 16560 5.68239678141E10 3513606.2 6087536 1.047870672620601E13 3513606.2 230 5 75 84870 1845 27675
333000.0 16524 5.691445132985E10 3523126.38 6104060 1.053562117753585E13 3523126.38 230 5 75 85100 1850 27750
333900.0 16452 5.694159057166E10 3532646.55 6120512 1.059256276810751E13 3532646.55 230 5 75 85330 1855 27825
334800.0 16452 5.709523425168E10 3542167.28 6136964 1.064965800235919E13 3542167.28 230 5 75 85560 1860 27900
335700.0 16560 5.74406606422E10 3551687.46 6153524 1.070709866300139E13 3551687.46 230 5 75 85790 1865 27975
336600.0 16525 5.753052591876E10 3561207.63 6170049 1.076462918892015E13 3561207.63 230 5 75 86020 1870 28050
337500.0 16452 5.755629818648E10 3570727.8 6186501 1.082218548710663E13 3570727.8 230 5 75 86250 1875 28125
338400.0 16452 5.770993808415E10 3580247.97 6202953 1.087989542519078E13 3580247.97 230 5 75 86480 1880 28200
339300.0 16560 5.805741533364E10 3589768.14 6219513 1.093795284052442E13 3589768.14 230 5 75 86710 1885 28275
340200.0 16524 5.814659910909E10 3599288.31 6236037 1.099609943963351E13 3599288.31 230 5 75 86940 1890 28350
341100.0 16452 5.817099653023E10 3608808.48 6252489 1.105427043616374E13 3608808.48 230 5 75 87170 1895 28425
342000.0 16452 5.83246364279E10 3618328.65 6268941 1.111259507259163E13 3618328.65 230 5 75 87400 1900 28500
342900.0 16560 5.867424122662E10 3627848.82 6285501 1.117126931381825E13 3627848.82 230 5 75 87630 1905 28575
343800.0 16524 5.876266438235E10 3637368.99 6302025 1.12300319782006E13 3637368.99 230 5 75 87860 1910 28650
344700.0 16460 5.878569599943E10 3646889.16 6318485 1.128881767420003E13 3646889.16 230 5 75 88090 1915 28725
345600.0 16452 5.8939338554E10 3656409.89 6334937 1.134775701275403E13 3656409.89 230 5 75 88320 1920 28800

