# seed = 1, gamma = 0.0, beta = 1.0, dee = 10.0, dcc = 5.0, dec = 600.0, dsc = 20.0, dLocalhost = 0.015, hostBroker = CLOUD, numOfCloud = 1, numOfEdge = 1, numOfSmartphone = 300 
#
# The columns have the following meaning: 
# instant[SECONDS] delayCountPartial delaySumPartial[SECONDS] delayMaxPartial[SECONDS] delayCountTot delaySumTot[SECONDS] delayMaxTot[SECONDS] runOnCloudPartial runOnEdgePartial runOnSmartphonePartial runOnCloudTot runOnEdgeTot runOnSmartphoneTot
0.0 0 0.0 0.0 0 0.0 0.0 0 0 0 0 0 0
900.0 16566 2331330.1 299.9 16566 2331330.1 299.9 10 0 300 10 0 300
1800.0 16528 2330953.12 299.9 33094 4662283.21 299.9 10 0 300 20 0 600
2700.0 16452 2329299.84 299.9 49546 6991583.05 299.9 10 0 300 30 0 900
3600.0 16452 2329279.38 299.9 65998 9320862.42 299.9 10 0 300 40 0 1200
4500.0 16566 2333479.85 299.9 82564 1.165434228E7 299.9 10 0 300 50 0 1500
5400.0 16528 2331056.77 299.9 99092 1.398539905E7 299.9 10 0 300 60 0 1800
6300.0 16452 2329299.84 299.9 115544 1.631469889E7 299.9 10 0 300 70 0 2100
7200.0 16452 2329279.38 299.9 131996 1.864397826E7 299.9 10 0 300 80 0 2400
8100.0 16566 2331337.0 299.9 148562 2.097531526E7 299.9 10 0 300 90 0 2700
9000.0 16528 2330953.12 299.9 165090 2.330626838E7 299.9 10 0 300 100 0 3000
9900.0 16452 2329299.84 299.9 181542 2.563556821E7 299.9 10 0 300 110 0 3300
10800.0 16452 2329279.38 299.9 197994 2.796484759E7 299.9 10 0 300 120 0 3600
11700.0 16566 2333488.85 299.9 214560 3.029833644E7 299.9 10 0 300 130 0 3900
12600.0 16528 2331056.77 299.9 231088 3.262939322E7 299.9 10 0 300 140 0 4200
13500.0 16452 2329299.84 299.9 247540 3.495869305E7 299.9 10 0 300 150 0 4500
14400.0 16452 2329279.38 299.9 263992 3.728797243E7 299.9 10 0 300 160 0 4800
15300.0 16566 2331337.0 299.9 280558 3.961930942E7 299.9 10 0 300 170 0 5100
16200.0 16528 2330953.12 299.9 297086 4.195026254E7 299.9 10 0 300 180 0 5400
17100.0 16452 2329299.84 299.9 313538 4.427956238E7 299.9 10 0 300 190 0 5700
18000.0 16452 2329279.38 299.9 329990 4.660884175E7 299.9 10 0 300 200 0 6000
18900.0 16566 2331337.0 299.9 346556 4.894017875E7 299.9 10 0 300 210 0 6300
19800.0 16528 2330953.12 299.9 363084 5.127113187E7 299.9 10 0 300 220 0 6600
20700.0 16452 2329299.84 299.9 379536 5.36004317E7 299.9 10 0 300 230 0 6900
21600.0 16452 2329279.38 299.9 395988 5.592971108E7 299.9 10 0 300 240 0 7200
22500.0 16566 2331328.0 299.9 412554 5.826103908E7 299.9 10 0 300 250 0 7500
23400.0 16528 2330953.12 299.9 429082 6.059199219E7 299.9 10 0 300 260 0 7800
24300.0 16452 2329299.84 299.9 445534 6.292129203E7 299.9 10 0 300 270 0 8100
25200.0 16452 2329279.38 299.9 461986 6.52505714E7 299.9 10 0 300 280 0 8400
26100.0 16566 2333497.85 299.9 478552 6.758406926E7 299.9 10 0 300 290 0 8700
27000.0 16528 2330953.12 299.9 495080 6.991502237E7 299.9 10 0 300 300 0 9000
27900.0 16452 2329299.84 299.9 511532 7.224432221E7 299.9 10 0 300 310 0 9300
28800.0 16452 2329279.38 299.9 527984 7.457360159E7 299.9 10 0 300 320 0 9600
29700.0 16566 2331336.99 299.9 544550 7.690493858E7 299.9 10 0 300 330 0 9900
30600.0 16528 2330953.12 299.9 561078 7.923589169E7 299.9 10 0 300 340 0 10200
31500.0 16452 2329299.84 299.9 577530 8.156519153E7 299.9 10 0 300 350 0 10500
32400.0 16452 2329279.38 299.9 593982 8.389447091E7 299.9 10 0 300 360 0 10800
33300.0 16566 2331327.99 299.9 610548 8.62257989E7 299.9 10 0 300 370 0 11100
34200.0 16528 2330953.12 299.9 627076 8.855675202E7 299.9 10 0 300 380 0 11400
35100.0 16452 2329299.84 299.9 643528 9.088605185E7 299.9 10 0 300 390 0 11700
36000.0 16452 2329279.38 299.9 659980 9.321533123E7 299.9 10 0 300 400 0 12000
36900.0 16566 2331336.99 299.9 676546 9.554666822E7 299.9 10 0 300 410 0 12300
37800.0 16528 2330953.12 299.9 693074 9.787762134E7 299.9 10 0 300 420 0 12600
38700.0 16452 2329299.84 299.9 709526 1.0020692117E8 299.9 10 0 300 430 0 12900
39600.0 16452 2329279.38 299.9 725978 1.0253620055E8 299.9 10 0 300 440 0 13200
40500.0 16566 2331327.99 299.9 742544 1.0486752854E8 299.9 10 0 300 450 0 13500
41400.0 16528 2330953.12 299.9 759072 1.0719848166E8 299.9 10 0 300 460 0 13800
42300.0 16452 2329299.84 299.9 775524 1.095277815E8 299.9 10 0 300 470 0 14100
43200.0 16452 2329279.38 299.9 791976 1.1185706087E8 299.9 10 0 300 480 0 14400
44100.0 16566 2331336.99 299.9 808542 1.1418839787E8 299.9 10 0 300 490 0 14700
45000.0 16528 2330953.12 299.9 825070 1.1651935098E8 299.9 10 0 300 500 0 15000
45900.0 16452 2329299.84 299.9 841522 1.1884865082E8 299.9 10 0 300 510 0 15300
46800.0 16452 2329279.38 299.9 857974 1.2117793019E8 299.9 10 0 300 520 0 15600
47700.0 16566 2333488.85 299.9 874540 1.2351141905E8 299.9 10 0 300 530 0 15900
48600.0 16528 2330953.12 299.9 891068 1.2584237216E8 299.9 10 0 300 540 0 16200
49500.0 16452 2329299.84 299.9 907520 1.28171672E8 299.9 10 0 300 550 0 16500
50400.0 16452 2329279.38 299.9 923972 1.3050095138E8 299.9 10 0 300 560 0 16800
51300.0 16566 2331336.99 299.9 940538 1.3283228837E8 299.9 10 0 300 570 0 17100
52200.0 16528 2330953.12 299.9 957066 1.3516324149E8 299.9 10 0 300 580 0 17400
53100.0 16452 2329299.84 299.9 973518 1.3749254132E8 299.9 10 0 300 590 0 17700
54000.0 16452 2329279.38 299.9 989970 1.398218207E8 299.9 10 0 300 600 0 18000
54900.0 16566 2331327.99 299.9 1006536 1.4215314869E8 299.9 10 0 300 610 0 18300
55800.0 16528 2330953.12 299.9 1023064 1.4448410181E8 299.9 10 0 300 620 0 18600
56700.0 16452 2329299.84 299.9 1039516 1.4681340164E8 299.9 10 0 300 630 0 18900
57600.0 16452 2329279.38 299.9 1055968 1.4914268102E8 299.9 10 0 300 640 0 19200
58500.0 16566 2331336.99 299.9 1072534 1.5147401801E8 299.9 10 0 300 650 0 19500
59400.0 16528 2330953.12 299.9 1089062 1.5380497113E8 299.9 10 0 300 660 0 19800
60300.0 16452 2329299.84 299.9 1105514 1.5613427097E8 299.9 10 0 300 670 0 20100
61200.0 16452 2329279.38 299.9 1121966 1.5846355034E8 299.9 10 0 300 680 0 20400
62100.0 16566 2331327.99 299.9 1138532 1.6079487833E8 299.9 10 0 300 690 0 20700
63000.0 16528 2330953.12 299.9 1155060 1.6312583145E8 299.9 10 0 300 700 0 21000
63900.0 16452 2329299.84 299.9 1171512 1.6545513129E8 299.9 10 0 300 710 0 21300
64800.0 16452 2329279.38 299.9 1187964 1.6778441066E8 299.9 10 0 300 720 0 21600
65700.0 16566 2333497.85 299.9 1204530 1.7011790852E8 299.9 10 0 300 730 0 21900
66600.0 16528 2330953.12 299.9 1221058 1.7244886163E8 299.9 10 0 300 740 0 22200
67500.0 16452 2329299.84 299.9 1237510 1.7477816147E8 299.9 10 0 300 750 0 22500
68400.0 16452 2329279.38 299.9 1253962 1.7710744084E8 299.9 10 0 300 760 0 22800
69300.0 16566 2331327.99 299.9 1270528 1.7943876884E8 299.9 10 0 300 770 0 23100
70200.0 16528 2330953.12 299.9 1287056 1.8176972195E8 299.9 10 0 300 780 0 23400
71100.0 16452 2329299.84 299.9 1303508 1.8409902179E8 299.9 10 0 300 790 0 23700
72000.0 16452 2329279.38 299.9 1319960 1.8642830117E8 299.9 10 0 300 800 0 24000
72900.0 16566 2331336.99 299.9 1336526 1.8875963816E8 299.9 10 0 300 810 0 24300
73800.0 16528 2330953.12 299.9 1353054 1.9109059128E8 299.9 10 0 300 820 0 24600
74700.0 16452 2329299.84 299.9 1369506 1.9341989111E8 299.9 10 0 300 830 0 24900
75600.0 16452 2329279.38 299.9 1385958 1.9574917049E8 299.9 10 0 300 840 0 25200
76500.0 16566 2333488.85 299.9 1402524 1.9808265934E8 299.9 10 0 300 850 0 25500
77400.0 16528 2330953.12 299.9 1419052 2.0041361246E8 299.9 10 0 300 860 0 25800
78300.0 16452 2329299.84 299.9 1435504 2.0274291229E8 299.9 10 0 300 870 0 26100
79200.0 16452 2329279.38 299.9 1451956 2.0507219167E8 299.9 10 0 300 880 0 26400
80100.0 16566 2331336.99 299.9 1468522 2.0740352866E8 299.9 10 0 300 890 0 26700
81000.0 16528 2331056.77 299.9 1485050 2.0973458544E8 299.9 10 0 300 900 0 27000
81900.0 16452 2329299.84 299.9 1501502 2.1206388527E8 299.9 10 0 300 910 0 27300
82800.0 16452 2329279.38 299.9 1517954 2.1439316465E8 299.9 10 0 300 920 0 27600
83700.0 16566 2333497.85 299.9 1534520 2.167266625E8 299.9 10 0 300 930 0 27900
84600.0 16528 2330953.12 299.9 1551048 2.1905761562E8 299.9 10 0 300 940 0 28200
85500.0 16452 2329299.84 299.9 1567500 2.2138691545E8 299.9 10 0 300 950 0 28500
86400.0 16452 2329279.38 299.9 1583952 2.2371619483E8 299.9 10 0 300 960 0 28800
87300.0 16566 2331327.99 299.9 1600518 2.2604752282E8 299.9 10 0 300 970 0 29100
88200.0 16528 2331047.77 299.9 1617046 2.283785706E8 299.9 10 0 300 980 0 29400
89100.0 16452 2329299.84 299.9 1633498 2.3070787043E8 299.9 10 0 300 990 0 29700
90000.0 16452 2329279.38 299.9 1649950 2.3303714981E8 299.9 10 0 300 1000 0 30000
90900.0 16566 2333488.85 299.9 1666516 2.3537063866E8 299.9 10 0 300 1010 0 30300
91800.0 16528 2330953.12 299.9 1683044 2.3770159178E8 299.9 10 0 300 1020 0 30600
92700.0 16452 2329299.84 299.9 1699496 2.4003089162E8 299.9 10 0 300 1030 0 30900
93600.0 16452 2329279.38 299.9 1715948 2.4236017099E8 299.9 10 0 300 1040 0 31200
94500.0 16566 2331327.99 299.9 1732514 2.4469149898E8 299.9 10 0 300 1050 0 31500
95400.0 16528 2331047.77 299.9 1749042 2.4702254676E8 299.9 10 0 300 1060 0 31800
96300.0 16452 2329299.84 299.9 1765494 2.493518466E8 299.9 10 0 300 1070 0 32100
97200.0 16452 2329279.38 299.9 1781946 2.5168112597E8 299.9 10 0 300 1080 0 32400
98100.0 16566 2331327.99 299.9 1798512 2.5401245396E8 299.9 10 0 300 1090 0 32700
99000.0 16528 2330953.12 299.9 1815040 2.5634340708E8 299.9 10 0 300 1100 0 33000
99900.0 16452 2329299.84 299.9 1831492 2.5867270692E8 299.9 10 0 300 1110 0 33300
100800.0 16452 2329279.38 299.9 1847944 2.6100198629E8 299.9 10 0 300 1120 0 33600
101700.0 16566 2331327.99 299.9 1864510 2.6333331429E8 299.9 10 0 300 1130 0 33900
102600.0 16528 2330953.12 299.9 1881038 2.656642674E8 299.9 10 0 300 1140 0 34200
103500.0 16452 2329299.84 299.9 1897490 2.6799356724E8 299.9 10 0 300 1150 0 34500
104400.0 16452 2329279.38 299.9 1913942 2.7032284662E8 299.9 10 0 300 1160 0 34800
105300.0 16566 2331336.99 299.9 1930508 2.7265418361E8 299.9 10 0 300 1170 0 35100
106200.0 16528 2330953.12 299.9 1947036 2.7498513672E8 299.9 10 0 300 1180 0 35400
107100.0 16452 2329299.84 299.9 1963488 2.7731443656E8 299.9 10 0 300 1190 0 35700
108000.0 16452 2329279.38 299.9 1979940 2.7964371594E8 299.9 10 0 300 1200 0 36000
108900.0 16566 2331327.99 299.9 1996506 2.8197504393E8 299.9 10 0 300 1210 0 36300
109800.0 16528 2330953.12 299.9 2013034 2.8430599705E8 299.9 10 0 300 1220 0 36600
110700.0 16452 2329299.84 299.9 2029486 2.8663529688E8 299.9 10 0 300 1230 0 36900
111600.0 16452 2329279.38 299.9 2045938 2.8896457626E8 299.9 10 0 300 1240 0 37200
112500.0 16566 2331327.99 299.9 2062504 2.9129590425E8 299.9 10 0 300 1250 0 37500
113400.0 16528 2330953.12 299.9 2079032 2.9362685737E8 299.9 10 0 300 1260 0 37800
114300.0 16452 2329299.84 299.9 2095484 2.9595615721E8 299.9 10 0 300 1270 0 38100
115200.0 16452 2329279.38 299.9 2111936 2.9828543658E8 299.9 10 0 300 1280 0 38400
116100.0 16566 2331327.99 299.9 2128502 3.0061676457E8 299.9 10 0 300 1290 0 38700
117000.0 16528 2330953.12 299.9 2145030 3.0294771769E8 299.9 10 0 300 1300 0 39000
117900.0 16452 2329299.84 299.9 2161482 3.0527701753E8 299.9 10 0 300 1310 0 39300
118800.0 16452 2329279.38 299.9 2177934 3.076062969E8 299.9 10 0 300 1320 0 39600
119700.0 16566 2331336.99 299.9 2194500 3.099376339E8 299.9 10 0 300 1330 0 39900
120600.0 16528 2330953.12 299.9 2211028 3.1226858701E8 299.9 10 0 300 1340 0 40200
121500.0 16452 2329299.84 299.9 2227480 3.1459788685E8 299.9 10 0 300 1350 0 40500
122400.0 16452 2329279.38 299.9 2243932 3.1692716622E8 299.9 10 0 300 1360 0 40800
123300.0 16566 2331327.99 299.9 2260498 3.1925849422E8 299.9 10 0 300 1370 0 41100
124200.0 16528 2330953.12 299.9 2277026 3.2158944733E8 299.9 10 0 300 1380 0 41400
125100.0 16452 2329299.84 299.9 2293478 3.2391874717E8 299.9 10 0 300 1390 0 41700
126000.0 16452 2329279.38 299.9 2309930 3.2624802655E8 299.9 10 0 300 1400 0 42000
126900.0 16566 2331336.99 299.9 2326496 3.2857936354E8 299.9 10 0 300 1410 0 42300
127800.0 16528 2330953.12 299.9 2343024 3.3091031666E8 299.9 10 0 300 1420 0 42600
128700.0 16452 2329299.84 299.9 2359476 3.3323961649E8 299.9 10 0 300 1430 0 42900
129600.0 16452 2329279.38 299.9 2375928 3.3556889587E8 299.9 10 0 300 1440 0 43200
130500.0 16566 2331336.99 299.9 2392494 3.3790023286E8 299.9 10 0 300 1450 0 43500
131400.0 16528 2330953.12 299.9 2409022 3.4023118598E8 299.9 10 0 300 1460 0 43800
132300.0 16452 2329299.84 299.9 2425474 3.4256048581E8 299.9 10 0 300 1470 0 44100
133200.0 16452 2329279.38 299.9 2441926 3.4488976519E8 299.9 10 0 300 1480 0 44400
134100.0 16566 2331327.99 299.9 2458492 3.4722109318E8 299.9 10 0 300 1490 0 44700
135000.0 16528 2330953.12 299.9 2475020 3.495520463E8 299.9 10 0 300 1500 0 45000
135900.0 16452 2329299.84 299.9 2491472 3.5188134614E8 299.9 10 0 300 1510 0 45300
136800.0 16452 2329279.38 299.9 2507924 3.5421062551E8 299.9 10 0 300 1520 0 45600
137700.0 16566 2331336.99 299.9 2524490 3.565419625E8 299.9 10 0 300 1530 0 45900
138600.0 16528 2330953.12 299.9 2541018 3.5887291562E8 299.9 10 0 300 1540 0 46200
139500.0 16452 2329299.84 299.9 2557470 3.6120221546E8 299.9 10 0 300 1550 0 46500
140400.0 16452 2329279.38 299.9 2573922 3.6353149483E8 299.9 10 0 300 1560 0 46800
141300.0 16566 2331327.99 299.9 2590488 3.6586282282E8 299.9 10 0 300 1570 0 47100
142200.0 16528 2330953.12 299.9 2607016 3.6819377594E8 299.9 10 0 300 1580 0 47400
143100.0 16452 2329299.84 299.9 2623468 3.7052307578E8 299.9 10 0 300 1590 0 47700
144000.0 16452 2329279.38 299.9 2639920 3.7285235515E8 299.9 10 0 300 1600 0 48000
144900.0 16566 2331336.99 299.9 2656486 3.7518369214E8 299.9 10 0 300 1610 0 48300
145800.0 16528 2330953.12 299.9 2673014 3.7751464526E8 299.9 10 0 300 1620 0 48600
146700.0 16452 2329299.84 299.9 2689466 3.798439451E8 299.9 10 0 300 1630 0 48900
147600.0 16452 2329279.38 299.9 2705918 3.8217322447E8 299.9 10 0 300 1640 0 49200
148500.0 16566 2331336.99 299.9 2722484 3.8450456146E8 299.9 10 0 300 1650 0 49500
149400.0 16528 2330953.12 299.9 2739012 3.8683551458E8 299.9 10 0 300 1660 0 49800
150300.0 16452 2329299.84 299.9 2755464 3.8916481441E8 299.9 10 0 300 1670 0 50100
151200.0 16452 2329279.38 299.9 2771916 3.9149409379E8 299.9 10 0 300 1680 0 50400
152100.0 16566 2331327.99 299.9 2788482 3.9382542178E8 299.9 10 0 300 1690 0 50700
153000.0 16528 2330953.12 299.9 2805010 3.961563749E8 299.9 10 0 300 1700 0 51000
153900.0 16452 2329299.84 299.9 2821462 3.9848567473E8 299.9 10 0 300 1710 0 51300
154800.0 16452 2329279.38 299.9 2837914 4.0081495411E8 299.9 10 0 300 1720 0 51600
155700.0 16566 2331336.99 299.9 2854480 4.031462911E8 299.9 10 0 300 1730 0 51900
156600.0 16528 2330953.12 299.9 2871008 4.0547724422E8 299.9 10 0 300 1740 0 52200
157500.0 16452 2329299.84 299.9 2887460 4.0780654405E8 299.9 10 0 300 1750 0 52500
158400.0 16452 2329279.38 299.9 2903912 4.1013582343E8 299.9 10 0 300 1760 0 52800
159300.0 16566 2333488.85 299.9 2920478 4.1246931228E8 299.9 10 0 300 1770 0 53100
160200.0 16528 2330953.12 299.9 2937006 4.148002654E8 299.9 10 0 300 1780 0 53400
161100.0 16452 2329299.84 299.9 2953458 4.1712956523E8 299.9 10 0 300 1790 0 53700
162000.0 16452 2329279.38 299.9 2969910 4.1945884461E8 299.9 10 0 300 1800 0 54000
162900.0 16566 2331336.99 299.9 2986476 4.217901816E8 299.9 10 0 300 1810 0 54300
163800.0 16528 2331056.77 299.9 3003004 4.2412123838E8 299.9 10 0 300 1820 0 54600
164700.0 16452 2329299.84 299.9 3019456 4.2645053821E8 299.9 10 0 300 1830 0 54900
165600.0 16452 2329279.38 299.9 3035908 4.2877981759E8 299.9 10 0 300 1840 0 55200
166500.0 16566 2333488.85 299.9 3052474 4.3111330644E8 299.9 10 0 300 1850 0 55500
167400.0 16528 2330953.12 299.9 3069002 4.3344425956E8 299.9 10 0 300 1860 0 55800
168300.0 16452 2329299.84 299.9 3085454 4.3577355939E8 299.9 10 0 300 1870 0 56100
169200.0 16452 2329279.38 299.9 3101906 4.3810283877E8 299.9 10 0 300 1880 0 56400
170100.0 16566 2331336.99 299.9 3118472 4.4043417576E8 299.9 10 0 300 1890 0 56700
171000.0 16528 2331056.77 299.9 3135000 4.4276523253E8 299.9 10 0 300 1900 0 57000
171900.0 16452 2329299.84 299.9 3151452 4.4509453237E8 299.9 10 0 300 1910 0 57300
172800.0 16452 2329279.38 299.9 3167904 4.4742381174E8 299.9 10 0 300 1920 0 57600
173700.0 16566 2331327.99 299.9 3184470 4.4975513974E8 299.9 10 0 300 1930 0 57900
174600.0 16528 2330953.12 299.9 3200998 4.5208609285E8 299.9 10 0 300 1940 0 58200
175500.0 16452 2329299.84 299.9 3217450 4.5441539269E8 299.9 10 0 300 1950 0 58500
176400.0 16452 2329279.38 299.9 3233902 4.5674467206E8 299.9 10 0 300 1960 0 58800
177300.0 16566 2331336.99 299.9 3250468 4.5907600906E8 299.9 10 0 300 1970 0 59100
178200.0 16528 2330953.12 299.9 3266996 4.6140696217E8 299.9 10 0 300 1980 0 59400
179100.0 16452 2329299.84 299.9 3283448 4.6373626201E8 299.9 10 0 300 1990 0 59700
180000.0 16452 2329279.38 299.9 3299900 4.6606554138E8 299.9 10 0 300 2000 0 60000
180900.0 16566 2331336.99 299.9 3316466 4.6839687838E8 299.9 10 0 300 2010 0 60300
181800.0 16528 2330953.12 299.9 3332994 4.7072783149E8 299.9 10 0 300 2020 0 60600
182700.0 16452 2329299.84 299.9 3349446 4.7305713133E8 299.9 10 0 300 2030 0 60900
183600.0 16452 2329279.38 299.9 3365898 4.753864107E8 299.9 10 0 300 2040 0 61200
184500.0 16566 2331327.99 299.9 3382464 4.777177387E8 299.9 10 0 300 2050 0 61500
185400.0 16528 2330953.12 299.9 3398992 4.8004869181E8 299.9 10 0 300 2060 0 61800
186300.0 16452 2329299.84 299.9 3415444 4.8237799165E8 299.9 10 0 300 2070 0 62100
187200.0 16452 2329279.38 299.9 3431896 4.8470727102E8 299.9 10 0 300 2080 0 62400
188100.0 16566 2331336.99 299.9 3448462 4.8703860802E8 299.9 10 0 300 2090 0 62700
189000.0 16528 2330953.12 299.9 3464990 4.8936956113E8 299.9 10 0 300 2100 0 63000
189900.0 16452 2329299.84 299.9 3481442 4.9169886097E8 299.9 10 0 300 2110 0 63300
190800.0 16452 2329279.38 299.9 3497894 4.9402814034E8 299.9 10 0 300 2120 0 63600
191700.0 16566 2331336.99 299.9 3514460 4.9635947734E8 299.9 10 0 300 2130 0 63900
192600.0 16528 2330953.12 299.9 3530988 4.9869043045E8 299.9 10 0 300 2140 0 64200
193500.0 16452 2329299.84 299.9 3547440 5.0101973029E8 299.9 10 0 300 2150 0 64500
194400.0 16452 2329279.38 299.9 3563892 5.0334900966E8 299.9 10 0 300 2160 0 64800
195300.0 16566 2331327.99 299.9 3580458 5.0568033766E8 299.9 10 0 300 2170 0 65100
196200.0 16528 2330953.12 299.9 3596986 5.0801129077E8 299.9 10 0 300 2180 0 65400
197100.0 16452 2329299.84 299.9 3613438 5.1034059061E8 299.9 10 0 300 2190 0 65700
198000.0 16452 2329279.38 299.9 3629890 5.1266986998E8 299.9 10 0 300 2200 0 66000
198900.0 16566 2331336.99 299.9 3646456 5.1500120698E8 299.9 10 0 300 2210 0 66300
199800.0 16528 2330953.12 299.9 3662984 5.1733216009E8 299.9 10 0 300 2220 0 66600
200700.0 16452 2329299.84 299.9 3679436 5.1966145993E8 299.9 10 0 300 2230 0 66900
201600.0 16452 2329279.38 299.9 3695888 5.219907393E8 299.9 10 0 300 2240 0 67200
202500.0 16566 2331336.99 299.9 3712454 5.243220763E8 299.9 10 0 300 2250 0 67500
203400.0 16528 2330953.12 299.9 3728982 5.2665302941E8 299.9 10 0 300 2260 0 67800
204300.0 16452 2329299.84 299.9 3745434 5.2898232925E8 299.9 10 0 300 2270 0 68100
205200.0 16452 2329279.38 299.9 3761886 5.3131160862E8 299.9 10 0 300 2280 0 68400
206100.0 16566 2331327.99 299.9 3778452 5.3364293661E8 299.9 10 0 300 2290 0 68700
207000.0 16528 2330953.12 299.9 3794980 5.3597388973E8 299.9 10 0 300 2300 0 69000
207900.0 16452 2329299.84 299.9 3811432 5.3830318957E8 299.9 10 0 300 2310 0 69300
208800.0 16452 2329279.38 299.9 3827884 5.4063246894E8 299.9 10 0 300 2320 0 69600
209700.0 16566 2331336.99 299.9 3844450 5.4296380593E8 299.9 10 0 300 2330 0 69900
210600.0 16528 2330953.12 299.9 3860978 5.4529475905E8 299.9 10 0 300 2340 0 70200
211500.0 16452 2329299.84 299.9 3877430 5.4762405889E8 299.9 10 0 300 2350 0 70500
212400.0 16452 2329279.38 299.9 3893882 5.4995333826E8 299.9 10 0 300 2360 0 70800
213300.0 16566 2331327.99 299.9 3910448 5.5228466625E8 299.9 10 0 300 2370 0 71100
214200.0 16528 2330953.12 299.9 3926976 5.5461561937E8 299.9 10 0 300 2380 0 71400
215100.0 16452 2329299.84 299.9 3943428 5.5694491921E8 299.9 10 0 300 2390 0 71700
216000.0 16452 2329279.38 299.9 3959880 5.5927419858E8 299.9 10 0 300 2400 0 72000
216900.0 16566 2331336.99 299.9 3976446 5.6160553557E8 299.9 10 0 300 2410 0 72300
217800.0 16528 2330953.12 299.9 3992974 5.6393648869E8 299.9 10 0 300 2420 0 72600
218700.0 16452 2329299.84 299.9 4009426 5.6626578853E8 299.9 10 0 300 2430 0 72900
219600.0 16452 2329279.38 299.9 4025878 5.685950679E8 299.9 10 0 300 2440 0 73200
220500.0 16566 2331327.99 299.9 4042444 5.7092639589E8 299.9 10 0 300 2450 0 73500
221400.0 16528 2330953.12 299.9 4058972 5.7325734901E8 299.9 10 0 300 2460 0 73800
222300.0 16452 2329299.84 299.9 4075424 5.7558664885E8 299.9 10 0 300 2470 0 74100
223200.0 16452 2329279.38 299.9 4091876 5.7791592822E8 299.9 10 0 300 2480 0 74400
224100.0 16566 2331336.99 299.9 4108442 5.8024726521E8 299.9 10 0 300 2490 0 74700
225000.0 16528 2330953.12 299.9 4124970 5.8257821833E8 299.9 10 0 300 2500 0 75000
225900.0 16452 2329299.84 299.9 4141422 5.8490751817E8 299.9 10 0 300 2510 0 75300
226800.0 16452 2329279.38 299.9 4157874 5.8723679754E8 299.9 10 0 300 2520 0 75600
227700.0 16566 2331327.99 299.9 4174440 5.8956812553E8 299.9 10 0 300 2530 0 75900
228600.0 16528 2330953.12 299.9 4190968 5.9189907865E8 299.9 10 0 300 2540 0 76200
229500.0 16452 2329299.84 299.9 4207420 5.9422837848E8 299.9 10 0 300 2550 0 76500
230400.0 16452 2329279.38 299.9 4223872 5.9655765786E8 299.9 10 0 300 2560 0 76800
231300.0 16566 2331336.99 299.9 4240438 5.9888899485E8 299.9 10 0 300 2570 0 77100
232200.0 16528 2330953.12 299.9 4256966 6.0121994797E8 299.9 10 0 300 2580 0 77400
233100.0 16452 2329299.84 299.9 4273418 6.035492478E8 299.9 10 0 300 2590 0 77700
234000.0 16452 2329279.38 299.9 4289870 6.0587852718E8 299.9 10 0 300 2600 0 78000
234900.0 16566 2331327.99 299.9 4306436 6.0820985517E8 299.9 10 0 300 2610 0 78300
235800.0 16528 2330953.12 299.9 4322964 6.1054080829E8 299.9 10 0 300 2620 0 78600
236700.0 16452 2329299.84 299.9 4339416 6.1287010812E8 299.9 10 0 300 2630 0 78900
237600.0 16452 2329279.38 299.9 4355868 6.151993875E8 299.9 10 0 300 2640 0 79200
238500.0 16566 2331336.99 299.9 4372434 6.1753072449E8 299.9 10 0 300 2650 0 79500
239400.0 16528 2330953.12 299.9 4388962 6.1986167761E8 299.9 10 0 300 2660 0 79800
240300.0 16452 2329299.84 299.9 4405414 6.2219097744E8 299.9 10 0 300 2670 0 80100
241200.0 16452 2329279.38 299.9 4421866 6.2452025682E8 299.9 10 0 300 2680 0 80400
242100.0 16566 2331327.99 299.9 4438432 6.2685158481E8 299.9 10 0 300 2690 0 80700
243000.0 16528 2330953.12 299.9 4454960 6.2918253793E8 299.9 10 0 300 2700 0 81000
243900.0 16452 2329299.84 299.9 4471412 6.3151183776E8 299.9 10 0 300 2710 0 81300
244800.0 16452 2329279.38 299.9 4487864 6.3384111714E8 299.9 10 0 300 2720 0 81600
245700.0 16566 2331336.99 299.9 4504430 6.3617245413E8 299.9 10 0 300 2730 0 81900
246600.0 16528 2330953.12 299.9 4520958 6.3850340725E8 299.9 10 0 300 2740 0 82200
247500.0 16452 2329299.84 299.9 4537410 6.4083270708E8 299.9 10 0 300 2750 0 82500
248400.0 16452 2329279.38 299.9 4553862 6.4316198646E8 299.9 10 0 300 2760 0 82800
249300.0 16566 2331337.0 299.9 4570428 6.4549332345E8 299.9 10 0 300 2770 0 83100
250200.0 16528 2330953.12 299.9 4586956 6.4782427657E8 299.9 10 0 300 2780 0 83400
251100.0 16452 2329299.84 299.9 4603408 6.5015357641E8 299.9 10 0 300 2790 0 83700
252000.0 16452 2329279.38 299.9 4619860 6.5248285578E8 299.9 10 0 300 2800 0 84000
252900.0 16566 2331328.0 299.9 4636426 6.5481418378E8 299.9 10 0 300 2810 0 84300
253800.0 16528 2330953.12 299.9 4652954 6.5714513689E8 299.9 10 0 300 2820 0 84600
254700.0 16452 2329299.84 299.9 4669406 6.5947443673E8 299.9 10 0 300 2830 0 84900
255600.0 16452 2329279.38 299.9 4685858 6.6180371611E8 299.9 10 0 300 2840 0 85200
256500.0 16566 2331337.0 299.9 4702424 6.641350531E8 299.9 10 0 300 2850 0 85500
257400.0 16528 2330953.12 299.9 4718952 6.6646600622E8 299.9 10 0 300 2860 0 85800
258300.0 16452 2329299.84 299.9 4735404 6.6879530605E8 299.9 10 0 300 2870 0 86100
259200.0 16452 2329279.38 299.9 4751856 6.7112458543E8 299.9 10 0 300 2880 0 86400
260100.0 16566 2331328.0 299.9 4768422 6.7345591343E8 299.9 10 0 300 2890 0 86700
261000.0 16528 2330953.12 299.9 4784950 6.7578686654E8 299.9 10 0 300 2900 0 87000
261900.0 16452 2329299.84 299.9 4801402 6.7811616638E8 299.9 10 0 300 2910 0 87300
262800.0 16452 2329279.38 299.9 4817854 6.8044544575E8 299.9 10 0 300 2920 0 87600
263700.0 16566 2333497.85 299.9 4834420 6.827789436E8 299.9 10 0 300 2930 0 87900
264600.0 16528 2330953.12 299.9 4850948 6.8510989672E8 299.9 10 0 300 2940 0 88200
265500.0 16452 2329299.84 299.9 4867400 6.8743919656E8 299.9 10 0 300 2950 0 88500
266400.0 16452 2329279.38 299.9 4883852 6.8976847593E8 299.9 10 0 300 2960 0 88800
267300.0 16566 2331328.0 299.9 4900418 6.9209980393E8 299.9 10 0 300 2970 0 89100
268200.0 16528 2331056.77 299.9 4916946 6.944308607E8 299.9 10 0 300 2980 0 89400
269100.0 16452 2329299.84 299.9 4933398 6.9676016054E8 299.9 10 0 300 2990 0 89700
270000.0 16452 2329279.38 299.9 4949850 6.9908943991E8 299.9 10 0 300 3000 0 90000
270900.0 16566 2333497.85 299.9 4966416 7.0142293777E8 299.9 10 0 300 3010 0 90300
271800.0 16528 2330953.12 299.9 4982944 7.0375389088E8 299.9 10 0 300 3020 0 90600
272700.0 16452 2329299.84 299.9 4999396 7.0608319072E8 299.9 10 0 300 3030 0 90900
273600.0 16452 2329279.38 299.9 5015848 7.0841247009E8 299.9 10 0 300 3040 0 91200
274500.0 16566 2331328.0 299.9 5032414 7.1074379809E8 299.9 10 0 300 3050 0 91500
275400.0 16528 2331056.77 299.9 5048942 7.1307485487E8 299.9 10 0 300 3060 0 91800
276300.0 16452 2329299.84 299.9 5065394 7.154041547E8 299.9 10 0 300 3070 0 92100
277200.0 16452 2329279.38 299.9 5081846 7.1773343408E8 299.9 10 0 300 3080 0 92400
278100.0 16566 2331337.0 299.9 5098412 7.2006477108E8 299.9 10 0 300 3090 0 92700
279000.0 16528 2330953.12 299.9 5114940 7.2239572419E8 299.9 10 0 300 3100 0 93000
279900.0 16452 2329299.84 299.9 5131392 7.2472502403E8 299.9 10 0 300 3110 0 93300
280800.0 16452 2329279.38 299.9 5147844 7.270543034E8 299.9 10 0 300 3120 0 93600
281700.0 16566 2333497.85 299.9 5164410 7.2938780126E8 299.9 10 0 300 3130 0 93900
282600.0 16528 2330953.12 299.9 5180938 7.3171875437E8 299.9 10 0 300 3140 0 94200
283500.0 16452 2329299.84 299.9 5197390 7.3404805421E8 299.9 10 0 300 3150 0 94500
284400.0 16452 2329279.38 299.9 5213842 7.3637733358E8 299.9 10 0 300 3160 0 94800
285300.0 16566 2331328.0 299.9 5230408 7.3870866158E8 299.9 10 0 300 3170 0 95100
286200.0 16528 2331056.77 299.9 5246936 7.4103971836E8 299.9 10 0 300 3180 0 95400
287100.0 16452 2329299.84 299.9 5263388 7.4336901819E8 299.9 10 0 300 3190 0 95700
288000.0 16452 2329279.38 299.9 5279840 7.4569829757E8 299.9 10 0 300 3200 0 96000
288900.0 16566 2333497.85 299.9 5296406 7.4803179542E8 299.9 10 0 300 3210 0 96300
289800.0 16528 2330953.12 299.9 5312934 7.5036274854E8 299.9 10 0 300 3220 0 96600
290700.0 16452 2329299.84 299.9 5329386 7.5269204837E8 299.9 10 0 300 3230 0 96900
291600.0 16452 2329279.38 299.9 5345838 7.5502132775E8 299.9 10 0 300 3240 0 97200
292500.0 16566 2331337.0 299.9 5362404 7.5735266474E8 299.9 10 0 300 3250 0 97500
293400.0 16528 2331056.77 299.9 5378932 7.5968372152E8 299.9 10 0 300 3260 0 97800
294300.0 16452 2329299.84 299.9 5395384 7.6201302136E8 299.9 10 0 300 3270 0 98100
295200.0 16452 2329279.38 299.9 5411836 7.6434230073E8 299.9 10 0 300 3280 0 98400
296100.0 16566 2331328.0 299.9 5428402 7.6667362873E8 299.9 10 0 300 3290 0 98700
297000.0 16528 2330953.12 299.9 5444930 7.6900458184E8 299.9 10 0 300 3300 0 99000
297900.0 16452 2329299.84 299.9 5461382 7.7133388168E8 299.9 10 0 300 3310 0 99300
298800.0 16452 2329279.38 299.9 5477834 7.7366316106E8 299.9 10 0 300 3320 0 99600
299700.0 16566 2331337.0 299.9 5494400 7.7599449805E8 299.9 10 0 300 3330 0 99900
300600.0 16528 2330953.12 299.9 5510928 7.7832545117E8 299.9 10 0 300 3340 0 100200
301500.0 16452 2329299.84 299.9 5527380 7.8065475101E8 299.9 10 0 300 3350 0 100500
302400.0 16452 2329279.38 299.9 5543832 7.8298403038E8 299.9 10 0 300 3360 0 100800
303300.0 16566 2331327.99 299.9 5560398 7.8531535837E8 299.9 10 0 300 3370 0 101100
304200.0 16528 2330953.12 299.9 5576926 7.8764631149E8 299.9 10 0 300 3380 0 101400
305100.0 16452 2329299.84 299.9 5593378 7.8997561133E8 299.9 10 0 300 3390 0 101700
306000.0 16452 2329279.38 299.9 5609830 7.923048907E8 299.9 10 0 300 3400 0 102000
306900.0 16566 2331336.99 299.9 5626396 7.946362277E8 299.9 10 0 300 3410 0 102300
307800.0 16528 2330953.12 299.9 5642924 7.9696718081E8 299.9 10 0 300 3420 0 102600
308700.0 16452 2329299.84 299.9 5659376 7.9929648065E8 299.9 10 0 300 3430 0 102900
309600.0 16452 2329279.38 299.9 5675828 8.0162576002E8 299.9 10 0 300 3440 0 103200
310500.0 16566 2331337.03 299.9 5692394 8.0395709706E8 299.9 10 0 300 3450 0 103500
311400.0 16528 2330953.12 299.9 5708922 8.0628805018E8 299.9 10 0 300 3460 0 103800
312300.0 16452 2329299.84 299.9 5725374 8.0861735001E8 299.9 10 0 300 3470 0 104100
313200.0 16452 2329279.38 299.9 5741826 8.1094662939E8 299.9 10 0 300 3480 0 104400
314100.0 16566 2331328.03 299.9 5758392 8.1327795742E8 299.9 10 0 300 3490 0 104700
315000.0 16528 2330953.12 299.9 5774920 8.1560891054E8 299.9 10 0 300 3500 0 105000
315900.0 16452 2329299.84 299.9 5791372 8.1793821037E8 299.9 10 0 300 3510 0 105300
316800.0 16452 2329279.38 299.9 5807824 8.2026748975E8 299.9 10 0 300 3520 0 105600
317700.0 16566 2331337.03 299.9 5824390 8.2259882679E8 299.9 10 0 300 3530 0 105900
318600.0 16528 2331056.77 299.9 5840918 8.2492988356E8 299.9 10 0 300 3540 0 106200
319500.0 16452 2329299.84 299.9 5857370 8.272591834E8 299.9 10 0 300 3550 0 106500
320400.0 16452 2329279.38 299.9 5873822 8.2958846277E8 299.9 10 0 300 3560 0 106800
321300.0 16566 2331328.03 299.9 5890388 8.3191979081E8 299.9 10 0 300 3570 0 107100
322200.0 16528 2330953.12 299.9 5906916 8.3425074392E8 299.9 10 0 300 3580 0 107400
323100.0 16452 2329299.84 299.9 5923368 8.3658004376E8 299.9 10 0 300 3590 0 107700
324000.0 16452 2329279.38 299.9 5939820 8.3890932313E8 299.9 10 0 300 3600 0 108000
324900.0 16566 2331337.03 299.9 5956386 8.4124066017E8 299.9 10 0 300 3610 0 108300
325800.0 16528 2330953.12 299.9 5972914 8.4357161329E8 299.9 10 0 300 3620 0 108600
326700.0 16452 2329299.84 299.9 5989366 8.4590091312E8 299.9 10 0 300 3630 0 108900
327600.0 16452 2329279.38 299.9 6005818 8.482301925E8 299.9 10 0 300 3640 0 109200
328500.0 16566 2331319.03 299.9 6022384 8.5056151153E8 299.9 10 0 300 3650 0 109500
329400.0 16528 2330953.12 299.9 6038912 8.5289246465E8 299.9 10 0 300 3660 0 109800
330300.0 16452 2329299.84 299.9 6055364 8.5522176449E8 299.9 10 0 300 3670 0 110100
331200.0 16452 2329279.38 299.9 6071816 8.5755104386E8 299.9 10 0 300 3680 0 110400
332100.0 16566 2333497.85 299.9 6088382 8.5988454171E8 299.9 10 0 300 3690 0 110700
333000.0 16528 2331056.77 299.9 6104910 8.6221559849E8 299.9 10 0 300 3700 0 111000
333900.0 16452 2329299.84 299.9 6121362 8.6454489832E8 299.9 10 0 300 3710 0 111300
334800.0 16452 2329279.38 299.9 6137814 8.668741777E8 299.9 10 0 300 3720 0 111600
335700.0 16566 2331337.03 299.9 6154380 8.6920551473E8 299.9 10 0 300 3730 0 111900
336600.0 16528 2330953.12 299.9 6170908 8.7153646785E8 299.9 10 0 300 3740 0 112200
337500.0 16452 2329299.84 299.9 6187360 8.7386576769E8 299.9 10 0 300 3750 0 112500
338400.0 16452 2329279.38 299.9 6203812 8.7619504706E8 299.9 10 0 300 3760 0 112800
339300.0 16566 2331319.03 299.9 6220378 8.785263661E8 299.9 10 0 300 3770 0 113100
340200.0 16528 2331056.77 299.9 6236906 8.8085742287E8 299.9 10 0 300 3780 0 113400
341100.0 16452 2329299.84 299.9 6253358 8.8318672271E8 299.9 10 0 300 3790 0 113700
342000.0 16452 2329279.38 299.9 6269810 8.8551600208E8 299.9 10 0 300 3800 0 114000
342900.0 16566 2333497.85 299.9 6286376 8.8784949994E8 299.9 10 0 300 3810 0 114300
343800.0 16528 2330953.12 299.9 6302904 8.9018045305E8 299.9 10 0 300 3820 0 114600
344700.0 16452 2329299.84 299.9 6319356 8.9250975289E8 299.9 10 0 300 3830 0 114900
345600.0 16452 2329279.38 299.9 6335808 8.9483903227E8 299.9 10 0 300 3840 0 115200

