# seed = 1, gamma = 0.25, beta = 0.0, dee = 100.0, dcc = 5.0, dec = 15.0, dsc = 1000.0, dLocalhost = 0.015, hostBroker = CLOUD, numOfCloud = 1, numOfEdge = 1, numOfSmartphone = 0 
#
# The columns have the following meaning: 
# instant[SECONDS] delayCountPartial delaySumPartial[SECONDS] delayMaxPartial[SECONDS] delayCountTot delaySumTot[SECONDS] delayMaxTot[SECONDS] runOnCloudPartial runOnEdgePartial runOnSmartphonePartial runOnCloudTot runOnEdgeTot runOnSmartphoneTot
0.0 0 0.0 0.0 0 0.0 0.0 0 0 0 0 0 0
900.0 16566 623041.63 80.16 16566 623041.63 80.16 308 2 0 308 2 0
1800.0 16528 622896.21 80.16 33094 1245937.84 80.16 308 2 0 616 4 0
2700.0 16452 622893.02 80.16 49546 1868830.87 80.16 308 2 0 924 6 0
3600.0 16452 622896.17 80.16 65998 2491727.03 80.16 308 2 0 1232 8 0
4500.0 16566 623618.58 80.16 82564 3115345.62 80.16 308 2 0 1540 10 0
5400.0 16528 622917.34 80.16 99092 3738262.95 80.16 308 2 0 1848 12 0
6300.0 16452 622893.02 80.16 115544 4361155.98 80.16 308 2 0 2156 14 0
7200.0 16452 622896.17 80.16 131996 4984052.14 80.16 308 2 0 2464 16 0
8100.0 16566 623048.53 80.16 148562 5607100.68 80.16 308 2 0 2772 18 0
9000.0 16528 622896.21 80.16 165090 6229996.89 80.16 308 2 0 3080 20 0
9900.0 16452 622893.02 80.16 181542 6852889.91 80.16 308 2 0 3388 22 0
10800.0 16452 622896.17 80.16 197994 7475786.08 80.16 308 2 0 3696 24 0
11700.0 16566 623618.58 80.16 214560 8099404.66 80.16 308 2 0 4004 26 0
12600.0 16528 622917.34 80.16 231088 8722322.0 80.16 308 2 0 4312 28 0
13500.0 16452 622893.02 80.16 247540 9345215.02 80.16 308 2 0 4620 30 0
14400.0 16452 622896.17 80.16 263992 9968111.19 80.16 308 2 0 4928 32 0
15300.0 16566 623048.53 80.16 280558 1.059115972E7 80.16 308 2 0 5236 34 0
16200.0 16528 622896.21 80.16 297086 1.121405593E7 80.16 308 2 0 5544 36 0
17100.0 16452 622893.02 80.16 313538 1.183694896E7 80.16 308 2 0 5852 38 0
18000.0 16452 622896.17 80.16 329990 1.245984513E7 80.16 308 2 0 6160 40 0
18900.0 16566 623048.53 80.16 346556 1.308289366E7 80.16 308 2 0 6468 42 0
19800.0 16528 622896.21 80.16 363084 1.370578987E7 80.16 308 2 0 6776 44 0
20700.0 16452 622893.02 80.16 379536 1.432868289E7 80.16 308 2 0 7084 46 0
21600.0 16452 622896.17 80.16 395988 1.495157906E7 80.16 308 2 0 7392 48 0
22500.0 16566 623048.53 80.16 412554 1.557462759E7 80.16 308 2 0 7700 50 0
23400.0 16528 622896.21 80.16 429082 1.61975238E7 80.16 308 2 0 8008 52 0
24300.0 16452 622893.02 80.16 445534 1.682041683E7 80.16 308 2 0 8316 54 0
25200.0 16452 622896.17 80.16 461986 1.744331299E7 80.16 308 2 0 8624 56 0
26100.0 16566 623618.58 80.16 478552 1.806693158E7 80.16 308 2 0 8932 58 0
27000.0 16528 622896.21 80.16 495080 1.868982779E7 80.16 308 2 0 9240 60 0
27900.0 16452 622893.02 80.16 511532 1.931272081E7 80.16 308 2 0 9548 62 0
28800.0 16452 622896.17 80.16 527984 1.993561698E7 80.16 308 2 0 9856 64 0
29700.0 16566 623048.53 80.16 544550 2.055866551E7 80.16 308 2 0 10164 66 0
30600.0 16528 622896.21 80.16 561078 2.118156172E7 80.16 308 2 0 10472 68 0
31500.0 16452 622893.02 80.16 577530 2.180445474E7 80.16 308 2 0 10780 70 0
32400.0 16452 622896.17 80.16 593982 2.242735091E7 80.16 308 2 0 11088 72 0
33300.0 16566 623048.53 80.16 610548 2.305039944E7 80.16 308 2 0 11396 74 0
34200.0 16528 622896.21 80.16 627076 2.367329565E7 80.16 308 2 0 11704 76 0
35100.0 16452 622893.02 80.16 643528 2.429618867E7 80.16 308 2 0 12012 78 0
36000.0 16452 622896.17 80.16 659980 2.491908484E7 80.16 308 2 0 12320 80 0
36900.0 16566 623048.53 80.16 676546 2.554213337E7 80.16 308 2 0 12628 82 0
37800.0 16528 622896.21 80.16 693074 2.616502958E7 80.16 308 2 0 12936 84 0
38700.0 16452 622893.02 80.16 709526 2.67879226E7 80.16 308 2 0 13244 86 0
39600.0 16452 622896.17 80.16 725978 2.741081877E7 80.16 308 2 0 13552 88 0
40500.0 16566 623048.53 80.16 742544 2.80338673E7 80.16 308 2 0 13860 90 0
41400.0 16528 622896.21 80.16 759072 2.865676351E7 80.16 308 2 0 14168 92 0
42300.0 16452 622893.02 80.16 775524 2.927965653E7 80.16 308 2 0 14476 94 0
43200.0 16452 622896.17 80.16 791976 2.99025527E7 80.16 308 2 0 14784 96 0
44100.0 16566 623048.53 80.16 808542 3.052560123E7 80.16 308 2 0 15092 98 0
45000.0 16528 622896.21 80.16 825070 3.114849744E7 80.16 308 2 0 15400 100 0
45900.0 16452 622893.02 80.16 841522 3.177139047E7 80.16 308 2 0 15708 102 0
46800.0 16452 622896.17 80.16 857974 3.239428663E7 80.16 308 2 0 16016 104 0
47700.0 16566 623618.58 80.16 874540 3.301790521E7 80.16 308 2 0 16324 106 0
48600.0 16528 622896.21 80.16 891068 3.364080142E7 80.16 308 2 0 16632 108 0
49500.0 16452 622893.02 80.16 907520 3.426369445E7 80.16 308 2 0 16940 110 0
50400.0 16452 622896.17 80.16 923972 3.488659061E7 80.16 308 2 0 17248 112 0
51300.0 16566 623048.53 80.16 940538 3.550963914E7 80.16 308 2 0 17556 114 0
52200.0 16528 622896.21 80.16 957066 3.613253535E7 80.16 308 2 0 17864 116 0
53100.0 16452 622893.02 80.16 973518 3.675542838E7 80.16 308 2 0 18172 118 0
54000.0 16452 622896.17 80.16 989970 3.737832454E7 80.16 308 2 0 18480 120 0
54900.0 16566 623048.53 80.16 1006536 3.800137308E7 80.16 308 2 0 18788 122 0
55800.0 16528 622896.21 80.16 1023064 3.862426929E7 80.16 308 2 0 19096 124 0
56700.0 16452 622893.02 80.16 1039516 3.924716231E7 80.16 308 2 0 19404 126 0
57600.0 16452 622896.17 80.16 1055968 3.987005848E7 80.16 308 2 0 19712 128 0
58500.0 16566 623048.53 80.16 1072534 4.049310701E7 80.16 308 2 0 20020 130 0
59400.0 16528 622896.21 80.16 1089062 4.111600322E7 80.16 308 2 0 20328 132 0
60300.0 16452 622893.02 80.16 1105514 4.173889624E7 80.16 308 2 0 20636 134 0
61200.0 16452 622896.17 80.16 1121966 4.236179241E7 80.16 308 2 0 20944 136 0
62100.0 16566 623048.53 80.16 1138532 4.298484094E7 80.16 308 2 0 21252 138 0
63000.0 16528 622896.21 80.16 1155060 4.360773715E7 80.16 308 2 0 21560 140 0
63900.0 16452 622893.02 80.16 1171512 4.423063017E7 80.16 308 2 0 21868 142 0
64800.0 16452 622896.17 80.16 1187964 4.485352634E7 80.16 308 2 0 22176 144 0
65700.0 16566 623618.58 80.16 1204530 4.547714492E7 80.16 308 2 0 22484 146 0
66600.0 16528 622896.21 80.16 1221058 4.610004113E7 80.16 308 2 0 22792 148 0
67500.0 16452 622893.02 80.16 1237510 4.672293415E7 80.16 308 2 0 23100 150 0
68400.0 16452 622896.17 80.16 1253962 4.734583032E7 80.16 308 2 0 23408 152 0
69300.0 16566 623048.53 80.16 1270528 4.796887885E7 80.16 308 2 0 23716 154 0
70200.0 16528 622896.21 80.16 1287056 4.859177506E7 80.16 308 2 0 24024 156 0
71100.0 16452 622893.02 80.16 1303508 4.921466808E7 80.16 308 2 0 24332 158 0
72000.0 16452 622896.17 80.16 1319960 4.983756425E7 80.16 308 2 0 24640 160 0
72900.0 16566 623048.53 80.16 1336526 5.046061278E7 80.16 308 2 0 24948 162 0
73800.0 16528 622896.21 80.16 1353054 5.108350899E7 80.16 308 2 0 25256 164 0
74700.0 16452 622893.02 80.16 1369506 5.170640202E7 80.16 308 2 0 25564 166 0
75600.0 16452 622896.17 80.16 1385958 5.232929818E7 80.16 308 2 0 25872 168 0
76500.0 16566 623618.58 80.16 1402524 5.295291676E7 80.16 308 2 0 26180 170 0
77400.0 16528 622896.21 80.16 1419052 5.357581297E7 80.16 308 2 0 26488 172 0
78300.0 16452 622893.02 80.16 1435504 5.4198706E7 80.16 308 2 0 26796 174 0
79200.0 16452 622896.17 80.16 1451956 5.482160216E7 80.16 308 2 0 27104 176 0
80100.0 16566 623048.53 80.16 1468522 5.54446507E7 80.16 308 2 0 27412 178 0
81000.0 16528 622917.34 80.16 1485050 5.606756803E7 80.16 308 2 0 27720 180 0
81900.0 16452 622893.02 80.16 1501502 5.669046106E7 80.16 308 2 0 28028 182 0
82800.0 16452 622896.17 80.16 1517954 5.731335722E7 80.16 308 2 0 28336 184 0
83700.0 16566 623618.58 80.16 1534520 5.793697581E7 80.16 308 2 0 28644 186 0
84600.0 16528 622896.21 80.16 1551048 5.855987202E7 80.16 308 2 0 28952 188 0
85500.0 16452 622893.02 80.16 1567500 5.918276504E7 80.16 308 2 0 29260 190 0
86400.0 16452 622896.17 80.16 1583952 5.980566121E7 80.16 308 2 0 29568 192 0
87300.0 16566 623048.53 80.16 1600518 6.042870974E7 80.16 308 2 0 29876 194 0
88200.0 16528 622917.34 80.16 1617046 6.105162708E7 80.16 308 2 0 30184 196 0
89100.0 16452 622893.02 80.16 1633498 6.16745201E7 80.16 308 2 0 30492 198 0
90000.0 16452 622896.17 80.16 1649950 6.229741627E7 80.16 308 2 0 30800 200 0
90900.0 16566 623618.58 80.16 1666516 6.292103485E7 80.16 308 2 0 31108 202 0
91800.0 16528 622896.21 80.16 1683044 6.354393106E7 80.16 308 2 0 31416 204 0
92700.0 16452 622893.02 80.16 1699496 6.416682408E7 80.16 308 2 0 31724 206 0
93600.0 16452 622896.17 80.16 1715948 6.478972025E7 80.16 308 2 0 32032 208 0
94500.0 16566 623048.53 80.16 1732514 6.541276878E7 80.16 308 2 0 32340 210 0
95400.0 16528 622917.34 80.16 1749042 6.603568612E7 80.16 308 2 0 32648 212 0
96300.0 16452 622893.02 80.16 1765494 6.665857914E7 80.16 308 2 0 32956 214 0
97200.0 16452 622896.17 80.16 1781946 6.728147531E7 80.16 308 2 0 33264 216 0
98100.0 16566 623048.53 80.16 1798512 6.790452384E7 80.16 308 2 0 33572 218 0
99000.0 16528 622896.21 80.16 1815040 6.852742005E7 80.16 308 2 0 33880 220 0
99900.0 16452 622893.02 80.16 1831492 6.915031307E7 80.16 308 2 0 34188 222 0
100800.0 16452 622896.17 80.16 1847944 6.977320924E7 80.16 308 2 0 34496 224 0
101700.0 16566 623048.53 80.16 1864510 7.039625777E7 80.16 308 2 0 34804 226 0
102600.0 16528 622896.21 80.16 1881038 7.101915398E7 80.16 308 2 0 35112 228 0
103500.0 16452 622893.02 80.16 1897490 7.1642047E7 80.16 308 2 0 35420 230 0
104400.0 16452 622896.17 80.16 1913942 7.226494317E7 80.16 308 2 0 35728 232 0
105300.0 16566 623048.53 80.16 1930508 7.28879917E7 80.16 308 2 0 36036 234 0
106200.0 16528 622896.21 80.16 1947036 7.351088791E7 80.16 308 2 0 36344 236 0
107100.0 16452 622893.02 80.16 1963488 7.413378094E7 80.16 308 2 0 36652 238 0
108000.0 16452 622896.17 80.16 1979940 7.47566771E7 80.16 308 2 0 36960 240 0
108900.0 16566 623048.53 80.16 1996506 7.537972563E7 80.16 308 2 0 37268 242 0
109800.0 16528 622896.21 80.16 2013034 7.600262184E7 80.16 308 2 0 37576 244 0
110700.0 16452 622893.02 80.16 2029486 7.662551487E7 80.16 308 2 0 37884 246 0
111600.0 16452 622896.17 80.16 2045938 7.724841103E7 80.16 308 2 0 38192 248 0
112500.0 16566 623048.53 80.16 2062504 7.787145956E7 80.16 308 2 0 38500 250 0
113400.0 16528 622896.21 80.16 2079032 7.849435577E7 80.16 308 2 0 38808 252 0
114300.0 16452 622893.02 80.16 2095484 7.91172488E7 80.16 308 2 0 39116 254 0
115200.0 16452 622896.17 80.16 2111936 7.974014496E7 80.16 308 2 0 39424 256 0
116100.0 16566 623048.53 80.16 2128502 8.036319349E7 80.16 308 2 0 39732 258 0
117000.0 16528 622896.21 80.16 2145030 8.09860897E7 80.16 308 2 0 40040 260 0
117900.0 16452 622893.02 80.16 2161482 8.160898273E7 80.16 308 2 0 40348 262 0
118800.0 16452 622896.17 80.16 2177934 8.223187889E7 80.16 308 2 0 40656 264 0
119700.0 16566 623048.53 80.16 2194500 8.285492743E7 80.16 308 2 0 40964 266 0
120600.0 16528 622896.21 80.16 2211028 8.347782364E7 80.16 308 2 0 41272 268 0
121500.0 16452 622893.02 80.16 2227480 8.410071666E7 80.16 308 2 0 41580 270 0
122400.0 16452 622896.17 80.16 2243932 8.472361283E7 80.16 308 2 0 41888 272 0
123300.0 16566 623048.53 80.16 2260498 8.534666136E7 80.16 308 2 0 42196 274 0
124200.0 16528 622896.21 80.16 2277026 8.596955757E7 80.16 308 2 0 42504 276 0
125100.0 16452 622893.02 80.16 2293478 8.659245059E7 80.16 308 2 0 42812 278 0
126000.0 16452 622896.17 80.16 2309930 8.721534676E7 80.16 308 2 0 43120 280 0
126900.0 16566 623048.53 80.16 2326496 8.783839529E7 80.16 308 2 0 43428 282 0
127800.0 16528 622896.21 80.16 2343024 8.84612915E7 80.16 308 2 0 43736 284 0
128700.0 16452 622893.02 80.16 2359476 8.908418452E7 80.16 308 2 0 44044 286 0
129600.0 16452 622896.17 80.16 2375928 8.970708069E7 80.16 308 2 0 44352 288 0
130500.0 16566 623048.53 80.16 2392494 9.033012922E7 80.16 308 2 0 44660 290 0
131400.0 16528 622896.21 80.16 2409022 9.095302543E7 80.16 308 2 0 44968 292 0
132300.0 16452 622893.02 80.16 2425474 9.157591845E7 80.16 308 2 0 45276 294 0
133200.0 16452 622896.17 80.16 2441926 9.219881462E7 80.16 308 2 0 45584 296 0
134100.0 16566 623048.53 80.16 2458492 9.282186315E7 80.16 308 2 0 45892 298 0
135000.0 16528 622896.21 80.16 2475020 9.344475936E7 80.16 308 2 0 46200 300 0
135900.0 16452 622893.02 80.16 2491472 9.406765238E7 80.16 308 2 0 46508 302 0
136800.0 16452 622896.17 80.16 2507924 9.469054855E7 80.16 308 2 0 46816 304 0
137700.0 16566 623048.53 80.16 2524490 9.531359708E7 80.16 308 2 0 47124 306 0
138600.0 16528 622896.21 80.16 2541018 9.593649329E7 80.16 308 2 0 47432 308 0
139500.0 16452 622893.02 80.16 2557470 9.655938631E7 80.16 308 2 0 47740 310 0
140400.0 16452 622896.17 80.16 2573922 9.718228248E7 80.16 308 2 0 48048 312 0
141300.0 16566 623048.53 80.16 2590488 9.780533101E7 80.16 308 2 0 48356 314 0
142200.0 16528 622896.21 80.16 2607016 9.842822722E7 80.16 308 2 0 48664 316 0
143100.0 16452 622893.02 80.16 2623468 9.905112024E7 80.16 308 2 0 48972 318 0
144000.0 16452 622896.17 80.16 2639920 9.967401641E7 80.16 308 2 0 49280 320 0
144900.0 16566 623048.53 80.16 2656486 1.0029706494E8 80.16 308 2 0 49588 322 0
145800.0 16528 622896.21 80.16 2673014 1.0091996115E8 80.16 308 2 0 49896 324 0
146700.0 16452 622893.02 80.16 2689466 1.0154285417E8 80.16 308 2 0 50204 326 0
147600.0 16452 622896.17 80.16 2705918 1.0216575034E8 80.16 308 2 0 50512 328 0
148500.0 16566 623048.53 80.16 2722484 1.0278879887E8 80.16 308 2 0 50820 330 0
149400.0 16528 622896.21 80.16 2739012 1.0341169508E8 80.16 308 2 0 51128 332 0
150300.0 16452 622893.02 80.16 2755464 1.040345881E8 80.16 308 2 0 51436 334 0
151200.0 16452 622896.17 80.16 2771916 1.0465748427E8 80.16 308 2 0 51744 336 0
152100.0 16566 623048.53 80.16 2788482 1.052805328E8 80.16 308 2 0 52052 338 0
153000.0 16528 622896.21 80.16 2805010 1.05903429E8 80.16 308 2 0 52360 340 0
153900.0 16452 622893.02 80.16 2821462 1.0652632203E8 80.16 308 2 0 52668 342 0
154800.0 16452 622896.17 80.16 2837914 1.0714921819E8 80.16 308 2 0 52976 344 0
155700.0 16566 623048.53 80.16 2854480 1.0777226672E8 80.16 308 2 0 53284 346 0
156600.0 16528 622896.21 80.16 2871008 1.0839516293E8 80.16 308 2 0 53592 348 0
157500.0 16452 622893.02 80.16 2887460 1.0901805596E8 80.16 308 2 0 53900 350 0
158400.0 16452 622896.17 80.16 2903912 1.0964095212E8 80.16 308 2 0 54208 352 0
159300.0 16566 623618.58 80.16 2920478 1.102645707E8 80.16 308 2 0 54516 354 0
160200.0 16528 622896.21 80.16 2937006 1.1088746691E8 80.16 308 2 0 54824 356 0
161100.0 16452 622893.02 80.16 2953458 1.1151035994E8 80.16 308 2 0 55132 358 0
162000.0 16452 622896.17 80.16 2969910 1.121332561E8 80.16 308 2 0 55440 360 0
162900.0 16566 623048.53 80.16 2986476 1.1275630463E8 80.16 308 2 0 55748 362 0
163800.0 16528 622917.34 80.16 3003004 1.1337922197E8 80.16 308 2 0 56056 364 0
164700.0 16452 622893.02 80.16 3019456 1.14002115E8 80.16 308 2 0 56364 366 0
165600.0 16452 622896.17 80.16 3035908 1.1462501116E8 80.16 308 2 0 56672 368 0
166500.0 16566 623618.58 80.16 3052474 1.1524862974E8 80.16 308 2 0 56980 370 0
167400.0 16528 622896.21 80.16 3069002 1.1587152595E8 80.16 308 2 0 57288 372 0
168300.0 16452 622893.02 80.16 3085454 1.1649441898E8 80.16 308 2 0 57596 374 0
169200.0 16452 622896.17 80.16 3101906 1.1711731514E8 80.16 308 2 0 57904 376 0
170100.0 16566 623048.53 80.16 3118472 1.1774036367E8 80.16 308 2 0 58212 378 0
171000.0 16528 622917.34 80.16 3135000 1.1836328101E8 80.16 308 2 0 58520 380 0
171900.0 16452 622893.02 80.16 3151452 1.1898617403E8 80.16 308 2 0 58828 382 0
172800.0 16452 622896.17 80.16 3167904 1.196090702E8 80.16 308 2 0 59136 384 0
173700.0 16566 623048.53 80.16 3184470 1.2023211873E8 80.16 308 2 0 59444 386 0
174600.0 16528 622896.21 80.16 3200998 1.2085501494E8 80.16 308 2 0 59752 388 0
175500.0 16452 622893.02 80.16 3217450 1.2147790796E8 80.16 308 2 0 60060 390 0
176400.0 16452 622896.17 80.16 3233902 1.2210080413E8 80.16 308 2 0 60368 392 0
177300.0 16566 623048.53 80.16 3250468 1.2272385266E8 80.16 308 2 0 60676 394 0
178200.0 16528 622896.21 80.16 3266996 1.2334674887E8 80.16 308 2 0 60984 396 0
179100.0 16452 622893.02 80.16 3283448 1.2396964189E8 80.16 308 2 0 61292 398 0
180000.0 16452 622896.17 80.16 3299900 1.2459253806E8 80.16 308 2 0 61600 400 0
180900.0 16566 623048.53 80.16 3316466 1.2521558659E8 80.16 308 2 0 61908 402 0
181800.0 16528 622896.21 80.16 3332994 1.258384828E8 80.16 308 2 0 62216 404 0
182700.0 16452 622893.02 80.16 3349446 1.2646137582E8 80.16 308 2 0 62524 406 0
183600.0 16452 622896.17 80.16 3365898 1.2708427199E8 80.16 308 2 0 62832 408 0
184500.0 16566 623048.53 80.16 3382464 1.2770732052E8 80.16 308 2 0 63140 410 0
185400.0 16528 622896.21 80.16 3398992 1.2833021673E8 80.16 308 2 0 63448 412 0
186300.0 16452 622893.02 80.16 3415444 1.2895310975E8 80.16 308 2 0 63756 414 0
187200.0 16452 622896.17 80.16 3431896 1.2957600591E8 80.16 308 2 0 64064 416 0
188100.0 16566 623048.53 80.16 3448462 1.3019905444E8 80.16 308 2 0 64372 418 0
189000.0 16528 622896.21 80.16 3464990 1.3082195065E8 80.16 308 2 0 64680 420 0
189900.0 16452 622893.02 80.16 3481442 1.3144484368E8 80.16 308 2 0 64988 422 0
190800.0 16452 622896.17 80.16 3497894 1.3206773984E8 80.16 308 2 0 65296 424 0
191700.0 16566 623048.53 80.16 3514460 1.3269078837E8 80.16 308 2 0 65604 426 0
192600.0 16528 622896.21 80.16 3530988 1.3331368458E8 80.16 308 2 0 65912 428 0
193500.0 16452 622893.02 80.16 3547440 1.3393657761E8 80.16 308 2 0 66220 430 0
194400.0 16452 622896.17 80.16 3563892 1.3455947377E8 80.16 308 2 0 66528 432 0
195300.0 16566 623048.53 80.16 3580458 1.351825223E8 80.16 308 2 0 66836 434 0
196200.0 16528 622896.21 80.16 3596986 1.3580541851E8 80.16 308 2 0 67144 436 0
197100.0 16452 622893.02 80.16 3613438 1.3642831154E8 80.16 308 2 0 67452 438 0
198000.0 16452 622896.17 80.16 3629890 1.370512077E8 80.16 308 2 0 67760 440 0
198900.0 16566 623048.53 80.16 3646456 1.3767425623E8 80.16 308 2 0 68068 442 0
199800.0 16528 622896.21 80.16 3662984 1.3829715244E8 80.16 308 2 0 68376 444 0
200700.0 16452 622893.02 80.16 3679436 1.3892004546E8 80.16 308 2 0 68684 446 0
201600.0 16452 622896.17 80.16 3695888 1.3954294163E8 80.16 308 2 0 68992 448 0
202500.0 16566 623048.53 80.16 3712454 1.4016599016E8 80.16 308 2 0 69300 450 0
203400.0 16528 622896.21 80.16 3728982 1.4078888637E8 80.16 308 2 0 69608 452 0
204300.0 16452 622893.02 80.16 3745434 1.4141177939E8 80.16 308 2 0 69916 454 0
205200.0 16452 622896.17 80.16 3761886 1.4203467556E8 80.16 308 2 0 70224 456 0
206100.0 16566 623048.53 80.16 3778452 1.4265772409E8 80.16 308 2 0 70532 458 0
207000.0 16528 622896.21 80.16 3794980 1.432806203E8 80.16 308 2 0 70840 460 0
207900.0 16452 622893.02 80.16 3811432 1.4390351332E8 80.16 308 2 0 71148 462 0
208800.0 16452 622896.17 80.16 3827884 1.4452640949E8 80.16 308 2 0 71456 464 0
209700.0 16566 623048.53 80.16 3844450 1.4514945802E8 80.16 308 2 0 71764 466 0
210600.0 16528 622896.21 80.16 3860978 1.4577235423E8 80.16 308 2 0 72072 468 0
211500.0 16452 622893.02 80.16 3877430 1.4639524725E8 80.16 308 2 0 72380 470 0
212400.0 16452 622896.17 80.16 3893882 1.4701814342E8 80.16 308 2 0 72688 472 0
213300.0 16566 623048.53 80.16 3910448 1.4764119195E8 80.16 308 2 0 72996 474 0
214200.0 16528 622896.21 80.16 3926976 1.4826408816E8 80.16 308 2 0 73304 476 0
215100.0 16452 622893.02 80.16 3943428 1.4888698118E8 80.16 308 2 0 73612 478 0
216000.0 16452 622896.17 80.16 3959880 1.4950987735E8 80.16 308 2 0 73920 480 0
216900.0 16566 623048.53 80.16 3976446 1.5013292588E8 80.16 308 2 0 74228 482 0
217800.0 16528 622896.21 80.16 3992974 1.5075582209E8 80.16 308 2 0 74536 484 0
218700.0 16452 622893.02 80.16 4009426 1.5137871511E8 80.16 308 2 0 74844 486 0
219600.0 16452 622896.17 80.16 4025878 1.5200161127E8 80.16 308 2 0 75152 488 0
220500.0 16566 623048.53 80.16 4042444 1.526246598E8 80.16 308 2 0 75460 490 0
221400.0 16528 622896.21 80.16 4058972 1.5324755601E8 80.16 308 2 0 75768 492 0
222300.0 16452 622893.02 80.16 4075424 1.5387044904E8 80.16 308 2 0 76076 494 0
223200.0 16452 622896.17 80.16 4091876 1.544933452E8 80.16 308 2 0 76384 496 0
224100.0 16566 623048.53 80.16 4108442 1.5511639373E8 80.16 308 2 0 76692 498 0
225000.0 16528 622896.21 80.16 4124970 1.5573928994E8 80.16 308 2 0 77000 500 0
225900.0 16452 622893.02 80.16 4141422 1.5636218297E8 80.16 308 2 0 77308 502 0
226800.0 16452 622896.17 80.16 4157874 1.5698507913E8 80.16 308 2 0 77616 504 0
227700.0 16566 623048.53 80.16 4174440 1.5760812766E8 80.16 308 2 0 77924 506 0
228600.0 16528 622896.21 80.16 4190968 1.5823102387E8 80.16 308 2 0 78232 508 0
229500.0 16452 622893.02 80.16 4207420 1.5885391689E8 80.16 308 2 0 78540 510 0
230400.0 16452 622896.17 80.16 4223872 1.5947681306E8 80.16 308 2 0 78848 512 0
231300.0 16566 623048.53 80.16 4240438 1.6009986159E8 80.16 308 2 0 79156 514 0
232200.0 16528 622896.21 80.16 4256966 1.607227578E8 80.16 308 2 0 79464 516 0
233100.0 16452 622893.02 80.16 4273418 1.6134565082E8 80.16 308 2 0 79772 518 0
234000.0 16452 622896.17 80.16 4289870 1.6196854699E8 80.16 308 2 0 80080 520 0
234900.0 16566 623048.53 80.16 4306436 1.6259159552E8 80.16 308 2 0 80388 522 0
235800.0 16528 622896.21 80.16 4322964 1.6321449173E8 80.16 308 2 0 80696 524 0
236700.0 16452 622893.02 80.16 4339416 1.6383738475E8 80.16 308 2 0 81004 526 0
237600.0 16452 622896.17 80.16 4355868 1.6446028092E8 80.16 308 2 0 81312 528 0
238500.0 16566 623048.53 80.16 4372434 1.6508332945E8 80.16 308 2 0 81620 530 0
239400.0 16528 622896.21 80.16 4388962 1.6570622566E8 80.16 308 2 0 81928 532 0
240300.0 16452 622893.02 80.16 4405414 1.6632911868E8 80.16 308 2 0 82236 534 0
241200.0 16452 622896.17 80.16 4421866 1.6695201485E8 80.16 308 2 0 82544 536 0
242100.0 16566 623048.53 80.16 4438432 1.6757506338E8 80.16 308 2 0 82852 538 0
243000.0 16528 622896.21 80.16 4454960 1.6819795959E8 80.16 308 2 0 83160 540 0
243900.0 16452 622893.02 80.16 4471412 1.6882085261E8 80.16 308 2 0 83468 542 0
244800.0 16452 622896.17 80.16 4487864 1.6944374878E8 80.16 308 2 0 83776 544 0
245700.0 16566 623048.53 80.16 4504430 1.7006679731E8 80.16 308 2 0 84084 546 0
246600.0 16528 622896.21 80.16 4520958 1.7068969352E8 80.16 308 2 0 84392 548 0
247500.0 16452 622893.02 80.16 4537410 1.7131258654E8 80.16 308 2 0 84700 550 0
248400.0 16452 622896.17 80.16 4553862 1.719354827E8 80.16 308 2 0 85008 552 0
249300.0 16566 623048.53 80.16 4570428 1.7255853124E8 80.16 308 2 0 85316 554 0
250200.0 16528 622896.21 80.16 4586956 1.7318142745E8 80.16 308 2 0 85624 556 0
251100.0 16452 622893.02 80.16 4603408 1.7380432047E8 80.16 308 2 0 85932 558 0
252000.0 16452 622896.17 80.16 4619860 1.7442721664E8 80.16 308 2 0 86240 560 0
252900.0 16566 623048.53 80.16 4636426 1.7505026517E8 80.16 308 2 0 86548 562 0
253800.0 16528 622896.21 80.16 4652954 1.7567316138E8 80.16 308 2 0 86856 564 0
254700.0 16452 622893.02 80.16 4669406 1.762960544E8 80.16 308 2 0 87164 566 0
255600.0 16452 622896.17 80.16 4685858 1.7691895057E8 80.16 308 2 0 87472 568 0
256500.0 16566 623048.53 80.16 4702424 1.775419991E8 80.16 308 2 0 87780 570 0
257400.0 16528 622896.21 80.16 4718952 1.7816489531E8 80.16 308 2 0 88088 572 0
258300.0 16452 622893.02 80.16 4735404 1.7878778834E8 80.16 308 2 0 88396 574 0
259200.0 16452 622896.17 80.16 4751856 1.794106845E8 80.16 308 2 0 88704 576 0
260100.0 16566 623048.53 80.16 4768422 1.8003373304E8 80.16 308 2 0 89012 578 0
261000.0 16528 622896.21 80.16 4784950 1.8065662925E8 80.16 308 2 0 89320 580 0
261900.0 16452 622893.02 80.16 4801402 1.8127952227E8 80.16 308 2 0 89628 582 0
262800.0 16452 622896.17 80.16 4817854 1.8190241844E8 80.16 308 2 0 89936 584 0
263700.0 16566 623618.58 80.16 4834420 1.8252603702E8 80.16 308 2 0 90244 586 0
264600.0 16528 622896.21 80.16 4850948 1.8314893323E8 80.16 308 2 0 90552 588 0
265500.0 16452 622893.02 80.16 4867400 1.8377182625E8 80.16 308 2 0 90860 590 0
266400.0 16452 622896.17 80.16 4883852 1.8439472242E8 80.16 308 2 0 91168 592 0
267300.0 16566 623048.53 80.16 4900418 1.8501777095E8 80.16 308 2 0 91476 594 0
268200.0 16528 622917.34 80.16 4916946 1.8564068829E8 80.16 308 2 0 91784 596 0
269100.0 16452 622893.02 80.16 4933398 1.8626358131E8 80.16 308 2 0 92092 598 0
270000.0 16452 622896.17 80.16 4949850 1.8688647748E8 80.16 308 2 0 92400 600 0
270900.0 16566 623618.58 80.16 4966416 1.8751009606E8 80.16 308 2 0 92708 602 0
271800.0 16528 622896.21 80.16 4982944 1.8813299227E8 80.16 308 2 0 93016 604 0
272700.0 16452 622893.02 80.16 4999396 1.8875588529E8 80.16 308 2 0 93324 606 0
273600.0 16452 622896.17 80.16 5015848 1.8937878146E8 80.16 308 2 0 93632 608 0
274500.0 16566 623048.53 80.16 5032414 1.9000182999E8 80.16 308 2 0 93940 610 0
275400.0 16528 622917.34 80.16 5048942 1.9062474733E8 80.16 308 2 0 94248 612 0
276300.0 16452 622893.02 80.16 5065394 1.9124764036E8 80.16 308 2 0 94556 614 0
277200.0 16452 622896.17 80.16 5081846 1.9187053652E8 80.16 308 2 0 94864 616 0
278100.0 16566 623048.53 80.16 5098412 1.9249358506E8 80.16 308 2 0 95172 618 0
279000.0 16528 622896.21 80.16 5114940 1.9311648127E8 80.16 308 2 0 95480 620 0
279900.0 16452 622893.02 80.16 5131392 1.9373937429E8 80.16 308 2 0 95788 622 0
280800.0 16452 622896.17 80.16 5147844 1.9436227046E8 80.16 308 2 0 96096 624 0
281700.0 16566 623618.58 80.16 5164410 1.9498588904E8 80.16 308 2 0 96404 626 0
282600.0 16528 622896.21 80.16 5180938 1.9560878525E8 80.16 308 2 0 96712 628 0
283500.0 16452 622893.02 80.16 5197390 1.9623167827E8 80.16 308 2 0 97020 630 0
284400.0 16452 622896.17 80.16 5213842 1.9685457444E8 80.16 308 2 0 97328 632 0
285300.0 16566 623048.53 80.16 5230408 1.9747762297E8 80.16 308 2 0 97636 634 0
286200.0 16528 622917.34 80.16 5246936 1.9810054031E8 80.16 308 2 0 97944 636 0
287100.0 16452 622893.02 80.16 5263388 1.9872343334E8 80.16 308 2 0 98252 638 0
288000.0 16452 622896.17 80.16 5279840 1.993463295E8 80.16 308 2 0 98560 640 0
288900.0 16566 623618.58 80.16 5296406 1.9996994808E8 80.16 308 2 0 98868 642 0
289800.0 16528 622896.21 80.16 5312934 2.0059284429E8 80.16 308 2 0 99176 644 0
290700.0 16452 622893.02 80.16 5329386 2.0121573732E8 80.16 308 2 0 99484 646 0
291600.0 16452 622896.17 80.16 5345838 2.0183863348E8 80.16 308 2 0 99792 648 0
292500.0 16566 623048.53 80.16 5362404 2.0246168202E8 80.16 308 2 0 100100 650 0
293400.0 16528 622917.34 80.16 5378932 2.0308459936E8 80.16 308 2 0 100408 652 0
294300.0 16452 622893.02 80.16 5395384 2.0370749238E8 80.16 308 2 0 100716 654 0
295200.0 16452 622896.17 80.16 5411836 2.0433038855E8 80.16 308 2 0 101024 656 0
296100.0 16566 623048.53 80.16 5428402 2.0495343708E8 80.16 308 2 0 101332 658 0
297000.0 16528 622896.21 80.16 5444930 2.0557633329E8 80.16 308 2 0 101640 660 0
297900.0 16452 622893.02 80.16 5461382 2.0619922632E8 80.16 308 2 0 101948 662 0
298800.0 16452 622896.17 80.16 5477834 2.0682212248E8 80.16 308 2 0 102256 664 0
299700.0 16566 623048.53 80.16 5494400 2.0744517102E8 80.16 308 2 0 102564 666 0
300600.0 16528 622896.21 80.16 5510928 2.0806806723E8 80.16 308 2 0 102872 668 0
301500.0 16452 622893.02 80.16 5527380 2.0869096025E8 80.16 308 2 0 103180 670 0
302400.0 16452 622896.17 80.16 5543832 2.0931385642E8 80.16 308 2 0 103488 672 0
303300.0 16566 623048.53 80.16 5560398 2.0993690495E8 80.16 308 2 0 103796 674 0
304200.0 16528 622896.21 80.16 5576926 2.1055980116E8 80.16 308 2 0 104104 676 0
305100.0 16452 622893.02 80.16 5593378 2.1118269418E8 80.16 308 2 0 104412 678 0
306000.0 16452 622896.17 80.16 5609830 2.1180559035E8 80.16 308 2 0 104720 680 0
306900.0 16566 623048.53 80.16 5626396 2.1242863888E8 80.16 308 2 0 105028 682 0
307800.0 16528 622896.21 80.16 5642924 2.1305153509E8 80.16 308 2 0 105336 684 0
308700.0 16452 622893.02 80.16 5659376 2.1367442811E8 80.16 308 2 0 105644 686 0
309600.0 16452 622896.17 80.16 5675828 2.1429732428E8 80.16 308 2 0 105952 688 0
310500.0 16566 623048.57 80.16 5692394 2.1492037285E8 80.16 308 2 0 106260 690 0
311400.0 16528 622896.21 80.16 5708922 2.1554326906E8 80.16 308 2 0 106568 692 0
312300.0 16452 622893.02 80.16 5725374 2.1616616208E8 80.16 308 2 0 106876 694 0
313200.0 16452 622896.17 80.16 5741826 2.1678905825E8 80.16 308 2 0 107184 696 0
314100.0 16566 623048.57 80.16 5758392 2.1741210682E8 80.16 308 2 0 107492 698 0
315000.0 16528 622896.21 80.16 5774920 2.1803500303E8 80.16 308 2 0 107800 700 0
315900.0 16452 622893.02 80.16 5791372 2.1865789605E8 80.16 308 2 0 108108 702 0
316800.0 16452 622896.17 80.16 5807824 2.1928079222E8 80.16 308 2 0 108416 704 0
317700.0 16566 623048.57 80.16 5824390 2.1990384079E8 80.16 308 2 0 108724 706 0
318600.0 16528 622917.34 80.16 5840918 2.2052675813E8 80.16 308 2 0 109032 708 0
319500.0 16452 622893.02 80.16 5857370 2.2114965116E8 80.16 308 2 0 109340 710 0
320400.0 16452 622896.17 80.16 5873822 2.2177254732E8 80.16 308 2 0 109648 712 0
321300.0 16566 623048.57 80.16 5890388 2.2239559589E8 80.16 308 2 0 109956 714 0
322200.0 16528 622896.21 80.16 5906916 2.230184921E8 80.16 308 2 0 110264 716 0
323100.0 16452 622893.02 80.16 5923368 2.2364138513E8 80.16 308 2 0 110572 718 0
324000.0 16452 622896.17 80.16 5939820 2.2426428129E8 80.16 308 2 0 110880 720 0
324900.0 16566 623048.57 80.16 5956386 2.2488732987E8 80.16 308 2 0 111188 722 0
325800.0 16528 622896.21 80.16 5972914 2.2551022608E8 80.16 308 2 0 111496 724 0
326700.0 16452 622893.02 80.16 5989366 2.261331191E8 80.16 308 2 0 111804 726 0
327600.0 16452 622896.17 80.16 6005818 2.2675601527E8 80.16 308 2 0 112112 728 0
328500.0 16566 623048.57 80.16 6022384 2.2737906384E8 80.16 308 2 0 112420 730 0
329400.0 16528 622896.21 80.16 6038912 2.2800196005E8 80.16 308 2 0 112728 732 0
330300.0 16452 622893.02 80.16 6055364 2.2862485307E8 80.16 308 2 0 113036 734 0
331200.0 16452 622896.17 80.16 6071816 2.2924774924E8 80.16 308 2 0 113344 736 0
332100.0 16566 623618.58 80.16 6088382 2.2987136782E8 80.16 308 2 0 113652 738 0
333000.0 16528 622917.34 80.16 6104910 2.3049428516E8 80.16 308 2 0 113960 740 0
333900.0 16452 622893.02 80.16 6121362 2.3111717818E8 80.16 308 2 0 114268 742 0
334800.0 16452 622896.17 80.16 6137814 2.3174007435E8 80.16 308 2 0 114576 744 0
335700.0 16566 623048.57 80.16 6154380 2.3236312292E8 80.16 308 2 0 114884 746 0
336600.0 16528 622896.21 80.16 6170908 2.3298601913E8 80.16 308 2 0 115192 748 0
337500.0 16452 622893.02 80.16 6187360 2.3360891216E8 80.16 308 2 0 115500 750 0
338400.0 16452 622896.17 80.16 6203812 2.3423180832E8 80.16 308 2 0 115808 752 0
339300.0 16566 623048.57 80.16 6220378 2.3485485689E8 80.16 308 2 0 116116 754 0
340200.0 16528 622917.34 80.16 6236906 2.3547777423E8 80.16 308 2 0 116424 756 0
341100.0 16452 622893.02 80.16 6253358 2.3610066726E8 80.16 308 2 0 116732 758 0
342000.0 16452 622896.17 80.16 6269810 2.3672356342E8 80.16 308 2 0 117040 760 0
342900.0 16566 623618.58 80.16 6286376 2.37347182E8 80.16 308 2 0 117348 762 0
343800.0 16528 622896.21 80.16 6302904 2.3797007821E8 80.16 308 2 0 117656 764 0
344700.0 16452 622893.02 80.16 6319356 2.3859297124E8 80.16 308 2 0 117964 766 0
345600.0 16452 622896.17 80.16 6335808 2.392158674E8 80.16 308 2 0 118272 768 0

