# seed = 1, gamma = 0.75, beta = 0.75, dee = 10.0, dcc = 200.0, dec = 15.0, dsc = 2000.0, dLocalhost = 0.015, hostBroker = EDGE, numOfCloud = 1, numOfEdge = 1, numOfSmartphone = 225 
#
# The columns have the following meaning: 
# instant[SECONDS] delayCountPartial delaySumPartial[SECONDS] delayMaxPartial[SECONDS] delayCountTot delaySumTot[SECONDS] delayMaxTot[SECONDS] runOnCloudPartial runOnEdgePartial runOnSmartphonePartial runOnCloudTot runOnEdgeTot runOnSmartphoneTot
0.0 0 0.0 0.0 0 0.0 0.0 0 0 0 0 0 0
900.0 16560 1.8621526722E8 22961.15 16560 1.8621526722E8 22961.15 78 7 225 78 7 225
1800.0 16524 5.5054535387E8 45537.36 33084 7.367606211E8 45537.36 78 7 225 156 14 450
2700.0 16452 9.1397215598E8 68113.03 49536 1.65073277708E9 68113.03 78 7 225 234 21 675
3600.0 16452 1.27834403736E9 90688.7 65988 2.92907681444E9 90688.7 78 7 225 312 28 900
4500.0 16560 1.64892680322E9 113264.36 82548 4.57800361766E9 113264.36 78 7 225 390 35 1125
5400.0 16524 2.0114741534E9 135840.03 99072 6.58947777106E9 135840.03 78 7 225 468 42 1350
6300.0 16453 2.37163811047E9 158415.7 115525 8.96111588153E9 158415.7 78 7 225 546 49 1575
7200.0 16452 2.73600968872E9 180991.36 131977 1.169712557025E10 180991.36 78 7 225 624 56 1800
8100.0 16560 3.11130856391E9 203567.03 148537 1.480843413416E10 203567.03 78 7 225 702 63 2025
9000.0 16524 3.47238242697E9 226142.7 165061 1.828081656113E10 226142.7 78 7 225 780 70 2250
9900.0 16452 3.82930345897E9 248718.37 181513 2.21101200201E10 248718.37 78 7 225 858 77 2475
10800.0 16452 4.19367534034E9 271294.03 197965 2.630379536045E10 271294.03 78 7 225 936 84 2700
11700.0 16560 4.57401081224E9 293869.69 214525 3.087780617269E10 293869.69 78 7 225 1014 91 2925
12600.0 16524 4.93330724866E9 316445.37 231049 3.581111342135E10 316445.37 78 7 225 1092 98 3150
13500.0 16452 5.28696911059E9 339021.03 247501 4.109808253194E10 339021.03 78 7 225 1170 105 3375
14400.0 16452 5.65134099197E9 361596.7 263953 4.674942352391E10 361596.7 78 7 225 1248 112 3600
15300.0 16560 6.0363925462E9 384172.36 280513 5.278581607011E10 384172.36 78 7 225 1326 119 3825
16200.0 16524 6.39421552225E9 406748.04 297037 5.918003159236E10 406748.04 78 7 225 1404 126 4050
17100.0 16452 6.74463476222E9 429323.7 313489 6.592466635458E10 429323.7 78 7 225 1482 133 4275
18000.0 16452 7.10900664359E9 451899.36 329941 7.303367299817E10 451899.36 78 7 225 1560 140 4500
18900.0 16560 7.49893454185E9 474475.03 346501 8.053260754001E10 474475.03 78 7 225 1638 147 4725
19800.0 16524 7.85513206088E9 497050.7 363025 8.83877396009E10 497050.7 78 7 225 1716 154 4950
20700.0 16452 8.20230041384E9 519626.37 379477 9.659004001474E10 519626.37 78 7 225 1794 161 5175
21600.0 16452 8.56667229522E9 542202.03 395929 1.0515671230996E11 542202.03 78 7 225 1872 168 5400
22500.0 16560 8.96147652851E9 564777.7 412489 1.1411818883847E11 564777.7 78 7 225 1950 175 5625
23400.0 16525 9.31604861756E9 587353.37 429014 1.2343423745603E11 587353.37 78 7 225 2028 182 5850
24300.0 16457 9.65996825972E9 609929.03 445471 1.3309420571576E11 609929.03 78 7 225 2106 189 6075
25200.0 16454 1.002434322879E10 632505.23 461925 1.4311854894454E11 632505.23 78 7 225 2184 196 6300
26100.0 16560 1.042418746754E10 655080.94 478485 1.5354273641209E11 655080.94 78 7 225 2262 203 6525
27000.0 16524 1.077697444002E10 677656.61 495009 1.6431971085211E11 677656.61 78 7 225 2340 210 6750
27900.0 16452 1.111764097133E10 700232.27 511461 1.7543735182344E11 700232.27 78 7 225 2418 217 6975
28800.0 16452 1.148201285272E10 722807.94 527913 1.8691936467616E11 722807.94 78 7 225 2496 224 7200
29700.0 16560 1.188656982305E10 745383.6 544473 1.9880593449921E11 745383.6 78 7 225 2574 231 7425
30600.0 16524 1.223789097921E10 767959.28 560997 2.1104382547841E11 767959.28 78 7 225 2652 238 7650
31500.0 16452 1.25753066235E10 790534.94 577449 2.2361913210191E11 790534.94 78 7 225 2730 245 7875
32400.0 16452 1.293967850489E10 813110.61 593901 2.365588106068E11 813110.61 78 7 225 2808 252 8100
33300.0 16560 1.334911181024E10 835686.27 610461 2.4990792241704E11 835686.27 78 7 225 2886 259 8325
34200.0 16524 1.369880753645E10 858261.94 626985 2.6360672995349E11 858261.94 78 7 225 2964 266 8550
35100.0 16452 1.403297227572E10 880837.61 643437 2.7763970222921E11 880837.61 78 7 225 3042 273 8775
36000.0 16452 1.439734415711E10 903413.27 659889 2.9203704638632E11 903413.27 78 7 225 3120 280 9000
36900.0 16560 1.481165380649E10 925988.94 676449 3.0684870019281E11 925988.94 78 7 225 3198 287 9225
37800.0 16524 1.515972408474E10 948564.61 692973 3.2200842427755E11 948564.61 78 7 225 3276 294 9450
38700.0 16452 1.549063792805E10 971140.28 709425 3.374990622056E11 971140.28 78 7 225 3354 301 9675
39600.0 16452 1.585500980944E10 993715.94 725877 3.5335407201504E11 993715.94 78 7 225 3432 308 9900
40500.0 16560 1.627419580284E10 1016291.6 742437 3.6962826781788E11 1016291.6 78 7 225 3510 315 10125
41400.0 16524 1.662064063308E10 1038867.28 758961 3.8624890845097E11 1038867.28 78 7 225 3588 322 10350
42300.0 16452 1.694830358039E10 1061442.94 775413 4.0319721203135E11 1061442.94 78 7 225 3666 329 10575
43200.0 16452 1.731267546177E10 1084018.61 791865 4.2050988749313E11 1084018.61 78 7 225 3744 336 10800
44100.0 16560 1.77367377902E10 1106594.27 808425 4.3824662528333E11 1106594.27 78 7 225 3822 343 11025
45000.0 16524 1.808155718143E10 1129169.94 824949 4.5632818246476E11 1129169.94 78 7 225 3900 350 11250
45900.0 16452 1.840596923278E10 1151745.61 841401 4.7473415169754E11 1151745.61 78 7 225 3978 357 11475
46800.0 16452 1.877034111416E10 1174321.27 857853 4.935044928117E11 1174321.27 78 7 225 4056 364 11700
47700.0 16561 1.919944043789E10 1196896.94 874414 5.1270393324959E11 1196896.94 78 7 225 4134 371 11925
48600.0 16524 1.954247766495E10 1219473.1 890938 5.3224641091454E11 1219473.1 78 7 225 4212 378 12150
49500.0 16452 1.986364347709E10 1242048.85 907390 5.5211005439163E11 1242048.85 78 7 225 4290 385 12375
50400.0 16452 2.022801600444E10 1264624.51 923842 5.7233807039607E11 1264624.51 78 7 225 4368 392 12600
51300.0 16560 2.066183106082E10 1287200.18 940402 5.9299990145689E11 1287200.18 78 7 225 4446 399 12825
52200.0 16524 2.100339953684E10 1309775.85 956926 6.1400330099373E11 1309775.85 78 7 225 4524 406 13050
53100.0 16452 2.132130977555E10 1332351.52 973378 6.3532461076928E11 1332351.52 78 7 225 4602 413 13275
54000.0 16452 2.168568165694E10 1354927.18 989830 6.5701029242622E11 1354927.18 78 7 225 4680 420 13500
54900.0 16560 2.212437305734E10 1377502.84 1006390 6.7913466548356E11 1377502.84 78 7 225 4758 427 13725
55800.0 16524 2.24643160853E10 1400078.52 1022914 7.0159898156886E11 1400078.52 78 7 225 4836 434 13950
56700.0 16452 2.277897542799E10 1422654.18 1039366 7.2437795699685E11 1422654.18 78 7 225 4914 441 14175
57600.0 16452 2.314334730938E10 1445229.85 1055818 7.4752130430623E11 1445229.85 78 7 225 4992 448 14400
58500.0 16560 2.358691505381E10 1467805.51 1072378 7.7110821936004E11 1467805.51 78 7 225 5070 455 14625
59400.0 16524 2.392523263376E10 1490381.19 1088902 7.950334519938E11 1490381.19 78 7 225 5148 462 14850
60300.0 16452 2.423664108044E10 1512956.85 1105354 8.1927009307424E11 1512956.85 78 7 225 5226 469 15075
61200.0 16452 2.460101296183E10 1535532.51 1121806 8.4387110603607E11 1535532.51 78 7 225 5304 476 15300
62100.0 16560 2.504945705028E10 1558108.18 1138366 8.6892056308634E11 1558108.18 78 7 225 5382 483 15525
63000.0 16524 2.538614918222E10 1580683.85 1154890 8.9430671226856E11 1580683.85 78 7 225 5460 490 15750
63900.0 16452 2.569430673288E10 1603259.52 1171342 9.2000101900145E11 1603259.52 78 7 225 5538 497 15975
64800.0 16452 2.605867861427E10 1625835.18 1187794 9.4605969761572E11 1625835.18 78 7 225 5616 504 16200
65700.0 16560 2.651215932638E10 1648410.85 1204354 9.725718569421E11 1648410.85 78 7 225 5694 511 16425
66600.0 16524 2.684706573068E10 1670986.52 1220878 9.9941892267278E11 1670986.52 78 7 225 5772 518 16650
67500.0 16452 2.715197238533E10 1693562.18 1237330 1.0265708950581E12 1693562.18 78 7 225 5850 525 16875
68400.0 16452 2.751634426671E10 1716137.85 1253782 1.05408723932482E12 1716137.85 78 7 225 5928 532 17100
69300.0 16560 2.797454103421E10 1738713.51 1270342 1.08206178035903E12 1738713.51 78 7 225 6006 539 17325
70200.0 16524 2.830798227014E10 1761289.19 1286866 1.11036976262917E12 1761289.19 78 7 225 6084 546 17550
71100.0 16452 2.860963803777E10 1783864.85 1303318 1.13897940066694E12 1783864.85 78 7 225 6162 553 17775
72000.0 16452 2.897401365965E10 1806440.96 1319770 1.16795341432659E12 1806440.96 78 7 225 6240 560 18000
72900.0 16560 2.943709134805E10 1829016.75 1336330 1.19739050567464E12 1829016.75 78 7 225 6318 567 18225
73800.0 16524 2.976890808263E10 1851592.43 1352854 1.22715941375727E12 1851592.43 78 7 225 6396 574 18450
74700.0 16452 3.006731292465E10 1874168.09 1369306 1.25722672668192E12 1874168.09 78 7 225 6474 581 18675
75600.0 16452 3.043168480604E10 1896743.76 1385758 1.28765841148797E12 1896743.76 78 7 225 6552 588 18900
76500.0 16560 3.089979457212E10 1919319.42 1402318 1.31855820606008E12 1919319.42 78 7 225 6630 595 19125
77400.0 16524 3.122982463109E10 1941895.09 1418842 1.34978803069118E12 1941895.09 78 7 225 6708 602 19350
78300.0 16452 3.15249785771E10 1964470.76 1435294 1.38131300926827E12 1964470.76 78 7 225 6786 609 19575
79200.0 16452 3.188935045849E10 1987046.42 1451746 1.41320235972676E12 1987046.42 78 7 225 6864 616 19800
80100.0 16560 3.236217628895E10 2009622.09 1468306 1.44556453601571E12 2009622.09 78 7 225 6942 623 20025
81000.0 16524 3.269074945361E10 2032197.76 1484830 1.47825528546931E12 2032197.76 78 7 225 7020 630 20250
81900.0 16452 3.298264422949E10 2054773.43 1501282 1.5112379296988E12 2054773.43 78 7 225 7098 637 20475
82800.0 16452 3.334701611087E10 2077349.09 1517734 1.54458494580967E12 2077349.09 78 7 225 7176 644 20700
83700.0 16560 3.382487857394E10 2099924.75 1534294 1.5784098243836E12 2099924.75 78 7 225 7254 651 20925
84600.0 16524 3.415165772783E10 2122500.43 1550818 1.61256148211144E12 2122500.43 78 7 225 7332 658 21150
85500.0 16452 3.444030988169E10 2145076.09 1567270 1.64700179199313E12 2145076.09 78 7 225 7410 665 21375
86400.0 16452 3.480468176302E10 2167651.76 1583722 1.68180647375614E12 2167651.76 78 7 225 7488 672 21600
87300.0 16560 3.528726027246E10 2190227.42 1600282 1.71709373402861E12 2190227.42 78 7 225 7566 679 21825
88200.0 16524 3.561258254105E10 2212803.09 1616806 1.75270631656965E12 2212803.09 78 7 225 7644 686 22050
89100.0 16452 3.589797553383E10 2235378.76 1633258 1.78860429210348E12 2235378.76 78 7 225 7722 693 22275
90000.0 16452 3.626234741516E10 2257954.42 1649710 1.82486663951865E12 2257954.42 78 7 225 7800 700 22500
90900.0 16560 3.674996255727E10 2280530.09 1666270 1.86161660207591E12 2280530.09 78 7 225 7878 707 22725
91800.0 16524 3.707349081521E10 2303105.76 1682794 1.89869009289112E12 2303105.76 78 7 225 7956 714 22950
92700.0 16452 3.735564118603E10 2325681.43 1699246 1.93604573407715E12 2325681.43 78 7 225 8034 721 23175
93600.0 16452 3.772001306736E10 2348257.09 1715698 1.97376574714451E12 2348257.09 78 7 225 8112 728 23400
94500.0 16560 3.821234427385E10 2370832.76 1732258 2.01197809141836E12 2370832.76 78 7 225 8190 735 23625
95400.0 16524 3.853441859131E10 2393408.83 1748782 2.05051251000966E12 2393408.83 78 7 225 8268 742 23850
96300.0 16452 3.88133147121E10 2415984.66 1765234 2.08932582472176E12 2415984.66 78 7 225 8346 749 24075
97200.0 16452 3.917768794445E10 2438560.33 1781686 2.12850351266622E12 2438560.33 78 7 225 8424 756 24300
98100.0 16560 3.967489552583E10 2461135.99 1798246 2.16817840819205E12 2461135.99 78 7 225 8502 763 24525
99000.0 16524 3.99953331571E10 2483711.67 1814770 2.20817374134915E12 2483711.67 78 7 225 8580 770 24750
99900.0 16452 4.027098171532E10 2506287.33 1831222 2.24844472306448E12 2506287.33 78 7 225 8658 777 24975
100800.0 16452 4.063535359665E10 2528863.0 1847674 2.28908007666113E12 2528863.0 78 7 225 8736 784 25200
101700.0 16560 4.113743752205E10 2551438.66 1864234 2.33021751418318E12 2551438.66 78 7 225 8814 791 25425
102600.0 16524 4.145624971432E10 2574014.33 1880758 2.37167376389749E12 2574014.33 78 7 225 8892 798 25650
103500.0 16452 4.172864736752E10 2596590.0 1897210 2.41340241126501E12 2596590.0 78 7 225 8970 805 25875
104400.0 16452 4.209301924885E10 2619165.66 1913662 2.45549543051386E12 2619165.66 78 7 225 9048 812 26100
105300.0 16560 4.259997952727E10 2641741.33 1930222 2.49809541004113E12 2641741.33 78 7 225 9126 819 26325
106200.0 16524 4.291716625353E10 2664317.0 1946746 2.54101257629466E12 2664317.0 78 7 225 9204 826 26550
107100.0 16452 4.318631301972E10 2686892.67 1963198 2.58419888931438E12 2686892.67 78 7 225 9282 833 26775
108000.0 16452 4.355068490105E10 2709468.33 1979650 2.62774957421543E12 2709468.33 78 7 225 9360 840 27000
108900.0 16560 4.406252151449E10 2732043.99 1996210 2.67181209572992E12 2732043.99 78 7 225 9438 847 27225
109800.0 16524 4.43780828108E10 2754619.67 2012734 2.71619017854071E12 2754619.67 78 7 225 9516 854 27450
110700.0 16452 4.464397867203E10 2777195.33 2029186 2.76083415721274E12 2777195.33 78 7 225 9594 861 27675
111600.0 16452 4.500835055335E10 2799771.0 2045638 2.80584250776609E12 2799771.0 78 7 225 9672 868 27900
112500.0 16560 4.552506351982E10 2822346.66 2062198 2.85136757128591E12 2822346.66 78 7 225 9750 875 28125
113400.0 16524 4.583899935012E10 2844922.34 2078722 2.89720657063603E12 2844922.34 78 7 225 9828 882 28350
114300.0 16452 4.610164432433E10 2867498.0 2095174 2.94330821496036E12 2867498.0 78 7 225 9906 889 28575
115200.0 16452 4.646601620566E10 2890073.66 2111626 2.98977423116602E12 2890073.66 78 7 225 9984 896 28800
116100.0 16560 4.698760549815E10 2912649.33 2128186 3.03676183666417E12 2912649.33 78 7 225 10062 903 29025
117000.0 16524 4.729991590744E10 2935225.0 2144710 3.0840617525716E12 2935225.0 78 7 225 10140 910 29250
117900.0 16458 4.755931086725E10 2957800.67 2161168 3.13162106343886E12 2957800.67 78 7 225 10218 917 29475
118800.0 16455 4.79236853966E10 2980376.7 2177623 3.17954474883546E12 2980376.7 78 7 225 10296 924 29700
119700.0 16560 4.845015487402E10 3002952.56 2194183 3.22799490370948E12 3002952.56 78 7 225 10374 931 29925
120600.0 16524 4.876084168645E10 3025528.24 2210707 3.27675574539592E12 3025528.24 78 7 225 10452 938 30150
121500.0 16452 4.901698484807E10 3048103.91 2227159 3.32577273024399E12 3048103.91 78 7 225 10530 945 30375
122400.0 16452 4.93813567294E10 3070679.57 2243611 3.37515408697339E12 3070679.57 78 7 225 10608 952 30600
123300.0 16560 4.991269874977E10 3093255.23 2260171 3.42506678572316E12 3093255.23 78 7 225 10686 959 30825
124200.0 16524 5.022175824377E10 3115830.91 2276695 3.47528854396693E12 3115830.91 78 7 225 10764 966 31050
125100.0 16452 5.047465050037E10 3138406.57 2293147 3.5257631944673E12 3138406.57 78 7 225 10842 973 31275
126000.0 16452 5.08390223817E10 3160982.24 2309599 3.576602216849E12 3160982.24 78 7 225 10920 980 31500
126900.0 16560 5.13752407551E10 3183557.9 2326159 3.6279774576041E12 3183557.9 78 7 225 10998 987 31725
127800.0 16524 5.168267479209E10 3206133.58 2342683 3.67966013239619E12 3206133.58 78 7 225 11076 994 31950
128700.0 16452 5.193231615268E10 3228709.24 2359135 3.73159244854887E12 3228709.24 78 7 225 11154 1001 32175
129600.0 16452 5.229668803401E10 3251284.9 2375587 3.78388913658287E12 3251284.9 78 7 225 11232 1008 32400
130500.0 16560 5.283778276043E10 3273860.57 2392147 3.8367269193433E12 3273860.57 78 7 225 11310 1015 32625
131400.0 16524 5.314359133141E10 3296436.24 2408671 3.88987051067471E12 3296436.24 78 7 225 11388 1022 32850
132300.0 16452 5.338998180498E10 3319011.91 2425123 3.9432604924797E12 3319011.91 78 7 225 11466 1029 33075
133200.0 16452 5.375435368631E10 3341587.57 2441575 3.99701484616601E12 3341587.57 78 7 225 11544 1036 33300
134100.0 16560 5.430032474776E10 3364163.24 2458135 4.05131517091377E12 3364163.24 78 7 225 11622 1043 33525
135000.0 16524 5.460450788873E10 3386738.91 2474659 4.1059196788025E12 3386738.91 78 7 225 11700 1050 33750
135900.0 16452 5.484764745729E10 3409314.57 2491111 4.16076732625979E12 3409314.57 78 7 225 11778 1057 33975
136800.0 16452 5.521201933862E10 3431890.24 2507563 4.2159793455984E12 3431890.24 78 7 225 11856 1064 34200
137700.0 16560 5.576286673509E10 3454465.9 2524123 4.27174221233349E12 3454465.9 78 7 225 11934 1071 34425
138600.0 16524 5.606542442805E10 3477041.58 2540647 4.32780763676154E12 3477041.58 78 7 225 12012 1078 34650
139500.0 16452 5.63053131096E10 3499617.24 2557099 4.38411294987114E12 3499617.24 78 7 225 12090 1085 34875
140400.0 16452 5.666968499092E10 3522192.91 2573551 4.44078263486206E12 3522192.91 78 7 225 12168 1092 35100
141300.0 16561 5.722540890141E10 3544768.57 2590112 4.49800804376347E12 3544768.57 78 7 225 12246 1099 35325
142200.0 16524 5.752634372043E10 3567344.56 2606636 4.5555343874839E12 3567344.56 78 7 225 12324 1106 35550
143100.0 16452 5.776298597116E10 3589920.48 2623088 4.61329737345506E12 3589920.48 78 7 225 12402 1113 35775
144000.0 16452 5.812735986036E10 3612496.14 2639540 4.67142473331542E12 3612496.14 78 7 225 12480 1120 36000
144900.0 16560 5.868795998471E10 3635071.81 2656100 4.73011269330013E12 3635071.81 78 7 225 12558 1127 36225
145800.0 16524 5.898726676238E10 3657647.48 2672624 4.78909996006251E12 3657647.48 78 7 225 12636 1134 36450
146700.0 16452 5.922065363134E10 3680223.15 2689076 4.84832061369385E12 3680223.15 78 7 225 12714 1141 36675
147600.0 16452 5.958502551266E10 3702798.81 2705528 4.90790563920651E12 3702798.81 78 7 225 12792 1148 36900
148500.0 16560 6.015050198104E10 3725374.48 2722088 4.96805614118755E12 3725374.48 78 7 225 12870 1155 37125
149400.0 16524 6.04481833197E10 3747950.15 2738612 5.02850432450725E12 3747950.15 78 7 225 12948 1162 37350
150300.0 16452 6.067831928364E10 3770525.81 2755064 5.0891826437909E12 3770525.81 78 7 225 13026 1169 37575
151200.0 16452 6.104269116497E10 3793101.48 2771516 5.15022533495586E12 3793101.48 78 7 225 13104 1176 37800
152100.0 16560 6.161304396837E10 3815677.14 2788076 5.21183837892423E12 3815677.14 78 7 225 13182 1183 38025
153000.0 16524 6.190909985908E10 3838252.82 2804600 5.27374747878331E12 3838252.82 78 7 225 13260 1190 38250
153900.0 16452 6.2135984936E10 3860828.48 2821052 5.33588346371931E12 3860828.48 78 7 225 13338 1197 38475
154800.0 16452 6.250035681733E10 3883404.14 2837504 5.39838382053664E12 3883404.14 78 7 225 13416 1204 38700
155700.0 16560 6.307558597375E10 3905979.81 2854064 5.46145940651039E12 3905979.81 78 7 225 13494 1211 38925
156600.0 16524 6.337001641645E10 3928555.48 2870588 5.52482942292684E12 3928555.48 78 7 225 13572 1218 39150
157500.0 16452 6.359365058831E10 3951131.15 2887040 5.58842307351515E12 3951131.15 78 7 225 13650 1225 39375
158400.0 16452 6.395802246963E10 3973706.81 2903492 5.65238109598478E12 3973706.81 78 7 225 13728 1232 39600
159300.0 16560 6.453828824072E10 3996282.48 2920052 5.7169193842255E12 3996282.48 78 7 225 13806 1239 39825
160200.0 16524 6.483093295577E10 4018858.15 2936576 5.78175031718128E12 4018858.15 78 7 225 13884 1246 40050
161100.0 16452 6.505131624061E10 4041433.81 2953028 5.84680163342189E12 4041433.81 78 7 225 13962 1253 40275
162000.0 16452 6.541568812194E10 4064009.48 2969480 5.91221732154383E12 4064009.48 78 7 225 14040 1260 40500
162900.0 16560 6.600066995741E10 4086585.14 2986040 5.97821799150124E12 4086585.14 78 7 225 14118 1267 40725
163800.0 16524 6.629185779604E10 4109160.82 3002564 6.04450984929728E12 4109160.82 78 7 225 14196 1274 40950
164700.0 16452 6.650898189281E10 4131736.48 3019016 6.11101883119009E12 4131736.48 78 7 225 14274 1281 41175
165600.0 16452 6.687335596985E10 4154312.42 3035468 6.17789218715994E12 4154312.42 78 7 225 14352 1288 41400
166500.0 16560 6.746337884466E10 4176888.38 3052028 6.2453555660046E12 4176888.38 78 7 225 14430 1295 41625
167400.0 16524 6.77527753012E10 4199464.06 3068552 6.31310834130581E12 4199464.06 78 7 225 14508 1302 41850
168300.0 16452 6.796665676446E10 4222039.72 3085004 6.38107499807026E12 4222039.72 78 7 225 14586 1309 42075
169200.0 16452 6.833102864579E10 4244615.38 3101456 6.44940602671605E12 4244615.38 78 7 225 14664 1316 42300
170100.0 16560 6.892576320015E10 4267191.05 3118016 6.51833178991619E12 4267191.05 78 7 225 14742 1323 42525
171000.0 16524 6.921370012348E10 4289766.72 3134540 6.58754549003968E12 4289766.72 78 7 225 14820 1330 42750
171900.0 16452 6.942432241667E10 4312342.39 3150992 6.65696981245634E12 4312342.39 78 7 225 14898 1337 42975
172800.0 16452 6.9788694298E10 4334918.05 3167444 6.72675850675434E12 4334918.05 78 7 225 14976 1344 43200
173700.0 16560 7.038830519638E10 4357493.72 3184004 6.79714681195072E12 4357493.72 78 7 225 15054 1351 43425
174600.0 16524 7.067460839766E10 4380069.39 3200528 6.86782142034838E12 4380069.39 78 7 225 15132 1358 43650
175500.0 16452 7.088198806888E10 4402645.05 3216980 6.93870340841725E12 4402645.05 78 7 225 15210 1365 43875
176400.0 16452 7.124635995021E10 4425220.72 3233432 7.00994976836746E12 4425220.72 78 7 225 15288 1372 44100
177300.0 16560 7.185084720161E10 4447796.38 3249992 7.08180061556907E12 4447796.38 78 7 225 15366 1379 44325
178200.0 16524 7.213552494588E10 4470372.06 3266516 7.15393614051495E12 4470372.06 78 7 225 15444 1386 44550
179100.0 16452 7.233965372109E10 4492947.72 3282968 7.22627579423604E12 4492947.72 78 7 225 15522 1393 44775
180000.0 16452 7.270402560242E10 4515523.39 3299420 7.29897981983846E12 4515523.39 78 7 225 15600 1400 45000
180900.0 16560 7.331338920685E10 4538099.05 3315980 7.3722932090453E12 4538099.05 78 7 225 15678 1407 45225
181800.0 16524 7.359644149405E10 4560674.72 3332504 7.44588965053936E12 4560674.72 78 7 225 15756 1414 45450
182700.0 16452 7.379731937324E10 4583250.39 3348956 7.5196869699126E12 4583250.39 78 7 225 15834 1421 45675
183600.0 16452 7.416169125457E10 4605826.05 3365408 7.59384866116718E12 4605826.05 78 7 225 15912 1428 45900
184500.0 16560 7.477593117603E10 4628401.72 3381968 7.6686245923432E12 4628401.72 78 7 225 15990 1435 46125
185400.0 16524 7.505735804223E10 4650977.39 3398492 7.74368195038543E12 4650977.39 78 7 225 16068 1442 46350
186300.0 16452 7.52549850254E10 4673553.06 3414944 7.81893693541083E12 4673553.06 78 7 225 16146 1449 46575
187200.0 16452 7.561935690673E10 4696128.72 3431396 7.89455629231756E12 4696128.72 78 7 225 16224 1456 46800
188100.0 16560 7.62384731992E10 4718704.38 3447956 7.97079476551676E12 4718704.38 78 7 225 16302 1463 47025
189000.0 16524 7.651827607001E10 4741280.28 3464480 8.04731304158678E12 4741280.28 78 7 225 16380 1470 47250
189900.0 16452 7.671265708282E10 4763856.29 3480932 8.1240256986696E12 4763856.29 78 7 225 16458 1477 47475
190800.0 16452 7.707703178882E10 4786431.96 3497384 8.20110273045842E12 4786431.96 78 7 225 16536 1484 47700
191700.0 16560 7.77010244472E10 4809007.62 3513944 8.27880375490562E12 4809007.62 78 7 225 16614 1491 47925
192600.0 16524 7.797920038909E10 4831583.3 3530468 8.35678295529471E12 4831583.3 78 7 225 16692 1498 48150
193500.0 16453 7.817032555965E10 4854158.96 3546921 8.43495328085436E12 4854158.96 78 7 225 16770 1505 48375
194400.0 16452 7.853469744098E10 4876734.63 3563373 8.51348797829534E12 4876734.63 78 7 225 16848 1512 48600
195300.0 16560 7.916356643438E10 4899310.29 3579933 8.59265154472972E12 4899310.29 78 7 225 16926 1519 48825
196200.0 16524 7.944011693726E10 4921885.96 3596457 8.67209166166698E12 4921885.96 78 7 225 17004 1526 49050
197100.0 16452 7.962799121181E10 4944461.63 3612909 8.75171965287879E12 4944461.63 78 7 225 17082 1533 49275
198000.0 16452 7.999236309314E10 4967037.29 3629361 8.83171201597193E12 4967037.29 78 7 225 17160 1540 49500
198900.0 16560 8.062610843956E10 4989612.96 3645921 8.91233812441148E12 4989612.96 78 7 225 17238 1547 49725
199800.0 16524 8.090103348544E10 5012188.63 3662445 8.99323915789692E12 5012188.63 78 7 225 17316 1554 49950
200700.0 16452 8.108565686396E10 5034764.3 3678897 9.07432481476088E12 5034764.3 78 7 225 17394 1561 50175
201600.0 16452 8.145002874529E10 5057339.96 3695349 9.15577484350618E12 5057339.96 78 7 225 17472 1568 50400
202500.0 16560 8.208865044474E10 5079915.62 3711909 9.23786349395091E12 5079915.62 78 7 225 17550 1575 50625
203400.0 16524 8.236195003361E10 5102491.3 3728433 9.32022544398452E12 5102491.3 78 7 225 17628 1582 50850
204300.0 16452 8.254332251612E10 5125066.96 3744885 9.40276876650064E12 5125066.96 78 7 225 17706 1589 51075
205200.0 16452 8.290769439745E10 5147642.63 3761337 9.48567646089809E12 5147642.63 78 7 225 17784 1596 51300
206100.0 16560 8.355119241392E10 5170218.29 3777897 9.569227653312E12 5170218.29 78 7 225 17862 1603 51525
207000.0 16524 8.382286658167E10 5192793.97 3794421 9.65305051989368E12 5192793.97 78 7 225 17940 1610 51750
207900.0 16452 8.400098816817E10 5215369.63 3810873 9.73705150806184E12 5215369.63 78 7 225 18018 1617 51975
208800.0 16452 8.43653600495E10 5237945.29 3827325 9.82141686811134E12 5237945.29 78 7 225 18096 1624 52200
209700.0 16560 8.501373443699E10 5260520.96 3843885 9.90643060254833E12 5260520.96 78 7 225 18174 1631 52425
210600.0 16524 8.528378312963E10 5283096.63 3860409 9.99171438567796E12 5283096.63 78 7 225 18252 1638 52650
211500.0 16458 8.545865382011E10 5305672.3 3876867 1.007717303949806E13 5305672.3 78 7 225 18330 1645 52875
212400.0 16454 8.582302711431E10 5328248.14 3893321 1.016299606661238E13 5328248.14 78 7 225 18408 1652 53100
213300.0 16560 8.647628270662E10 5350824.19 3909881 1.0249472349319E13 5350824.19 78 7 225 18486 1659 53325
214200.0 16524 8.674470893788E10 5373399.87 3926405 1.033621705825688E13 5373399.87 78 7 225 18564 1666 53550
215100.0 16452 8.691632871174E10 5395975.54 3942857 1.042313338696862E13 5395975.54 78 7 225 18642 1673 53775
216000.0 16452 8.728070059307E10 5418551.2 3959309 1.05104140875617E13 5418551.2 78 7 225 18720 1680 54000
216900.0 16560 8.793882769951E10 5441126.87 3975869 1.059835291526121E13 5441126.87 78 7 225 18798 1687 54225
217800.0 16524 8.820562548584E10 5463702.54 3992393 1.068655854074705E13 5463702.54 78 7 225 18876 1694 54450
218700.0 16452 8.837399436368E10 5486278.2 4008845 1.077493253511073E13 5486278.2 78 7 225 18954 1701 54675
219600.0 16452 8.873836624501E10 5508853.87 4025297 1.086367090135574E13 5508853.87 78 7 225 19032 1708 54900
220500.0 16560 8.940136967748E10 5531429.53 4041857 1.095307227103322E13 5531429.53 78 7 225 19110 1715 55125
221400.0 16524 8.966654203379E10 5554005.21 4058381 1.104273881306702E13 5554005.21 78 7 225 19188 1722 55350
222300.0 16452 8.983166001557E10 5576580.87 4074833 1.113257047308259E13 5576580.87 78 7 225 19266 1729 55575
223200.0 16452 9.01960318969E10 5599156.53 4091285 1.122276650497948E13 5599156.53 78 7 225 19344 1736 55800
224100.0 16560 9.086391168239E10 5621732.2 4107845 1.131363041666187E13 5621732.2 78 7 225 19422 1743 56025
225000.0 16524 9.112745858169E10 5644307.87 4124369 1.140475787524357E13 5644307.87 78 7 225 19500 1750 56250
225900.0 16452 9.128932566746E10 5666883.54 4140821 1.149604720091102E13 5666883.54 78 7 225 19578 1757 56475
226800.0 16452 9.165369754879E10 5689459.2 4157273 1.158770089845981E13 5689459.2 78 7 225 19656 1764 56700
227700.0 16560 9.232645366929E10 5712034.87 4173833 1.16800273521291E13 5712034.87 78 7 225 19734 1771 56925
228600.0 16524 9.258837512959E10 5734610.54 4190357 1.17726157272587E13 5734610.54 78 7 225 19812 1778 57150
229500.0 16452 9.274699131934E10 5757186.2 4206809 1.186536271857804E13 5757186.2 78 7 225 19890 1785 57375
230400.0 16452 9.311136320067E10 5779761.87 4223261 1.195847408177871E13 5779761.87 78 7 225 19968 1792 57600
231300.0 16560 9.37889956742E10 5802337.53 4239821 1.205226307745291E13 5802337.53 78 7 225 20046 1799 57825
232200.0 16524 9.40492916775E10 5824913.21 4256345 1.214631236913041E13 5824913.21 78 7 225 20124 1806 58050
233100.0 16452 9.420465697123E10 5847488.87 4272797 1.224051702610164E13 5847488.87 78 7 225 20202 1813 58275
234000.0 16452 9.456902885256E10 5870064.54 4289249 1.23350860549542E13 5870064.54 78 7 225 20280 1820 58500
234900.0 16561 9.525153766111E10 5892640.2 4305810 1.243033759261531E13 5892640.2 78 7 225 20358 1827 58725
235800.0 16524 9.551020976468E10 5915216.02 4322334 1.252584780237999E13 5915216.02 78 7 225 20436 1834 58950
236700.0 16452 9.566232833702E10 5937792.1 4338786 1.2621510130717E13 5937792.1 78 7 225 20514 1841 59175
237600.0 16452 9.602670374528E10 5960367.78 4355238 1.271753683446228E13 5960367.78 78 7 225 20592 1848 59400
238500.0 16560 9.671408893777E10 5982943.44 4371798 1.281425092340005E13 5982943.44 78 7 225 20670 1855 59625
239400.0 16524 9.697113403474E10 6005519.11 4388322 1.291122205743479E13 6005519.11 78 7 225 20748 1862 59850
240300.0 16452 9.711999751583E10 6028094.78 4404774 1.300834205495062E13 6028094.78 78 7 225 20826 1869 60075
241200.0 16452 9.748436939716E10 6050670.44 4421226 1.310582642434778E13 6050670.44 78 7 225 20904 1876 60300
242100.0 16560 9.817663092467E10 6073246.11 4437786 1.320400305527246E13 6073246.11 78 7 225 20982 1883 60525
243000.0 16524 9.843205058264E10 6095821.78 4454310 1.33024351058551E13 6095821.78 78 7 225 21060 1890 60750
243900.0 16452 9.857766316772E10 6118397.45 4470762 1.340101276902282E13 6118397.45 78 7 225 21138 1897 60975
244800.0 16452 9.894203504905E10 6140973.11 4487214 1.349995480407187E13 6140973.11 78 7 225 21216 1904 61200
245700.0 16560 9.963917292958E10 6163548.77 4503774 1.359959397700145E13 6163548.77 78 7 225 21294 1911 61425
246600.0 16524 9.989296713054E10 6186124.45 4520298 1.3699486944132E13 6186124.45 78 7 225 21372 1918 61650
247500.0 16452 1.0003532881961E11 6208700.11 4536750 1.37995222729516E13 6208700.11 78 7 225 21450 1925 61875
248400.0 16452 1.0039970070094E11 6231275.78 4553202 1.389992197365254E13 6231275.78 78 7 225 21528 1932 62100
249300.0 16560 1.0110171492545E11 6253851.44 4569762 1.400102368857799E13 6253851.44 78 7 225 21606 1939 62325
250200.0 16524 1.0135388367839E11 6276427.12 4586286 1.410237757225638E13 6276427.12 78 7 225 21684 1946 62550
251100.0 16452 1.0149299447144E11 6299002.78 4602738 1.420387056672782E13 6299002.78 78 7 225 21762 1953 62775
252000.0 16452 1.0185736635277E11 6321578.44 4619190 1.430572793308059E13 6321578.44 78 7 225 21840 1960 63000
252900.0 16560 1.025642569123E11 6344154.11 4635750 1.440829218999289E13 6344154.11 78 7 225 21918 1967 63225
253800.0 16524 1.0281480022629E11 6366729.78 4652274 1.451110699021918E13 6366729.78 78 7 225 21996 1974 63450
254700.0 16452 1.0295066012333E11 6389305.45 4668726 1.461405765034251E13 6389305.45 78 7 225 22074 1981 63675
255600.0 16452 1.0331503200466E11 6411881.11 4685178 1.471737268234716E13 6411881.11 78 7 225 22152 1988 63900
256500.0 16560 1.0402679891721E11 6434456.78 4701738 1.482139948126437E13 6434456.78 78 7 225 22230 1995 64125
257400.0 16524 1.0427571677419E11 6457032.45 4718262 1.492567519803856E13 6457032.45 78 7 225 22308 2002 64350
258300.0 16452 1.0440832577521E11 6479608.11 4734714 1.503008352381377E13 6479608.11 78 7 225 22386 2009 64575
259200.0 16452 1.0477269838146E11 6502183.86 4751166 1.513485622219523E13 6502183.86 78 7 225 22464 2016 64800
260100.0 16560 1.054893457596E11 6524760.01 4767726 1.524034556795483E13 6524760.01 78 7 225 22542 2023 65025
261000.0 16524 1.0573664258898E11 6547335.69 4784250 1.534608221054381E13 6547335.69 78 7 225 22620 2030 65250
261900.0 16452 1.0586600067336E11 6569911.35 4800702 1.545194821121716E13 6569911.35 78 7 225 22698 2037 65475
262800.0 16452 1.0623037255469E11 6592487.02 4817154 1.555817858377185E13 6592487.02 78 7 225 22776 2044 65700
263700.0 16560 1.069520524659E11 6615062.68 4833714 1.566513063623774E13 6615062.68 78 7 225 22854 2051 65925
264600.0 16524 1.0719755913682E11 6637638.36 4850238 1.577232819537456E13 6637638.36 78 7 225 22932 2058 66150
265500.0 16452 1.0732366632519E11 6660214.02 4866690 1.587965186169975E13 6660214.02 78 7 225 23010 2065 66375
266400.0 16452 1.0768803820652E11 6682789.69 4883142 1.598733989990627E13 6682789.69 78 7 225 23088 2072 66600
267300.0 16560 1.0841443417307E11 6705365.35 4899702 1.609575433407934E13 6705365.35 78 7 225 23166 2079 66825
268200.0 16524 1.0865848396788E11 6727941.02 4916226 1.620441281804722E13 6727941.02 78 7 225 23244 2086 67050
269100.0 16452 1.0878133197718E11 6750516.69 4932678 1.63131941500244E13 6750516.69 78 7 225 23322 2093 67275
270000.0 16452 1.0914570385851E11 6773092.35 4949130 1.642233985388291E13 6773092.35 78 7 225 23400 2100 67500
270900.0 16560 1.0987713646677E11 6795668.02 4965690 1.653221699034968E13 6795668.02 78 7 225 23478 2107 67725
271800.0 16524 1.1011939222383E11 6818243.69 4982214 1.664233638257351E13 6818243.69 78 7 225 23556 2114 67950
272700.0 16452 1.1023899762918E11 6840819.36 4998666 1.675257538020269E13 6840819.36 78 7 225 23634 2121 68175
273600.0 16452 1.1060336951051E11 6863395.02 5015118 1.686317874971319E13 6863395.02 78 7 225 23712 2128 68400
274500.0 16560 1.113395181561E11 6885970.68 5031678 1.69745182678693E13 6885970.68 78 7 225 23790 2135 68625
275400.0 16524 1.115803170639E11 6908546.36 5048202 1.70860985849332E13 6908546.36 78 7 225 23868 2142 68850
276300.0 16452 1.1169666328117E11 6931122.02 5064654 1.719779524821437E13 6931122.02 78 7 225 23946 2149 69075
277200.0 16452 1.120610351625E11 6953697.69 5081106 1.730985628337687E13 6953697.69 78 7 225 24024 2156 69300
278100.0 16560 1.1280206017912E11 6976273.35 5097666 1.742265834355599E13 6976273.35 78 7 225 24102 2163 69525
279000.0 16524 1.1304122531985E11 6998849.02 5114190 1.753569956887584E13 6998849.02 78 7 225 24180 2170 69750
279900.0 16452 1.1315432893317E11 7021424.69 5130642 1.7648853897809E13 7021424.69 78 7 225 24258 2177 69975
280800.0 16452 1.135187008145E11 7044000.35 5147094 1.77623725986235E13 7044000.35 78 7 225 24336 2184 70200
281700.0 16560 1.1426476243682E11 7066576.02 5163654 1.787663736106032E13 7066576.02 78 7 225 24414 2191 70425
282600.0 16524 1.1450214160248E11 7089151.72 5180178 1.79911395026628E13 7089151.72 78 7 225 24492 2198 70650
283500.0 16452 1.1461199951802E11 7111727.92 5196630 1.810575150218082E13 7111727.92 78 7 225 24570 2205 70875
284400.0 16452 1.1497637572863E11 7134303.59 5213082 1.822072787790944E13 7134303.59 78 7 225 24648 2212 71100
285300.0 16560 1.1572715345527E11 7156879.26 5229642 1.833645503136472E13 7156879.26 78 7 225 24726 2219 71325
286200.0 16524 1.1596307598177E11 7179454.93 5246166 1.845241810734649E13 7179454.93 78 7 225 24804 2226 71550
287100.0 16452 1.1606966949934E11 7202030.6 5262618 1.856848777684583E13 7202030.6 78 7 225 24882 2233 71775
288000.0 16452 1.1643404138067E11 7224606.26 5279070 1.868492181822651E13 7224606.26 78 7 225 24960 2240 72000
288900.0 16560 1.1718985574003E11 7247181.93 5295630 1.880211167396654E13 7247181.93 78 7 225 25038 2247 72225
289800.0 16524 1.1742398425583E11 7269757.6 5312154 1.891953565822237E13 7269757.6 78 7 225 25116 2254 72450
290700.0 16452 1.1752733515145E11 7292333.26 5328606 1.903706299337382E13 7292333.26 78 7 225 25194 2261 72675
291600.0 16452 1.1789170703278E11 7314908.93 5345058 1.915495470040659E13 7314908.93 78 7 225 25272 2268 72900
292500.0 16560 1.1865223744747E11 7337484.59 5361618 1.927360693785406E13 7337484.59 78 7 225 25350 2275 73125
293400.0 16524 1.18884909087E11 7360060.27 5378142 1.939249184694107E13 7360060.27 78 7 225 25428 2282 73350
294300.0 16452 1.1898500080355E11 7382635.93 5394594 1.951147684774462E13 7382635.93 78 7 225 25506 2289 73575
295200.0 16452 1.1934937268488E11 7405211.6 5411046 1.96308262204295E13 7405211.6 78 7 225 25584 2296 73800
296100.0 16560 1.201147794346E11 7427787.26 5427606 1.97509409998641E13 7427787.26 78 7 225 25662 2303 74025
297000.0 16524 1.2034581734307E11 7450362.93 5444130 1.987128681720716E13 7450362.93 78 7 225 25740 2310 74250
297900.0 16452 1.2044266645565E11 7472938.6 5460582 1.999172948366282E13 7472938.6 78 7 225 25818 2317 74475
298800.0 16452 1.2080703833698E11 7495514.26 5477034 2.01125365219998E13 7495514.26 78 7 225 25896 2324 74700
299700.0 16560 1.2157732143972E11 7518089.93 5493594 2.023411384343952E13 7518089.93 78 7 225 25974 2331 74925
300600.0 16524 1.2180673390019E11 7540665.6 5510118 2.03559205773397E13 7540665.6 78 7 225 26052 2338 75150
301500.0 16452 1.2190033210776E11 7563241.27 5526570 2.047782090944746E13 7563241.27 78 7 225 26130 2345 75375
302400.0 16452 1.2226470398909E11 7585816.93 5543022 2.060008561343654E13 7585816.93 78 7 225 26208 2352 75600
303300.0 16560 1.2303986341789E11 7608392.59 5559582 2.072312547685443E13 7608392.59 78 7 225 26286 2359 75825
304200.0 16524 1.2326765043936E11 7630968.27 5576106 2.084639312729379E13 7630968.27 78 7 225 26364 2366 76050
305100.0 16452 1.2335799775991E11 7653543.93 5592558 2.09697511250537E13 7653543.93 78 7 225 26442 2373 76275
306000.0 16458 1.2372237179275E11 7676119.6 5609016 2.109347349684646E13 7676119.6 78 7 225 26520 2380 76500
306900.0 16563 1.2450241111703E11 7698695.78 5625579 2.121797590796349E13 7698695.78 78 7 225 26598 2387 76725
307800.0 16524 1.2472857560492E11 7721271.51 5642103 2.134270448356841E13 7721271.51 78 7 225 26676 2394 76950
308700.0 16452 1.2481567266431E11 7743847.17 5658555 2.146752015623272E13 7743847.17 78 7 225 26754 2401 77175
309600.0 16452 1.2518004454564E11 7766422.84 5675007 2.159270020077835E13 7766422.84 78 7 225 26832 2408 77400
310500.0 16560 1.2596495671122E11 7788998.5 5691567 2.171866515748957E13 7788998.5 78 7 225 26910 2415 77625
311400.0 16524 1.2618949280868E11 7811574.18 5708091 2.184485465029825E13 7811574.18 78 7 225 26988 2422 77850
312300.0 16452 1.2627333831657E11 7834149.84 5724543 2.197112798861482E13 7834149.84 78 7 225 27066 2429 78075
313200.0 16452 1.266377101979E11 7856725.5 5740995 2.209776569881272E13 7856725.5 78 7 225 27144 2436 78300
314100.0 16560 1.2742749868951E11 7879301.17 5757555 2.222519319750223E13 7879301.17 78 7 225 27222 2443 78525
315000.0 16524 1.2765040936596E11 7901876.84 5774079 2.23528436068682E13 7901876.84 78 7 225 27300 2450 78750
315900.0 16452 1.2773100396884E11 7924452.51 5790531 2.248057461083703E13 7924452.51 78 7 225 27378 2457 78975
316800.0 16452 1.2809537585017E11 7947028.17 5806983 2.260866998668719E13 7947028.17 78 7 225 27456 2464 79200
317700.0 16560 1.288900407038E11 7969603.84 5823543 2.273756002739099E13 7969603.84 78 7 225 27534 2471 79425
318600.0 16524 1.2911133418835E11 7992179.51 5840067 2.286667136157934E13 7992179.51 78 7 225 27612 2478 79650
319500.0 16452 1.2918866962115E11 8014755.17 5856519 2.299586003120049E13 8014755.17 78 7 225 27690 2485 79875
320400.0 16452 1.2955304150248E11 8037330.84 5872971 2.312541307270297E13 8037330.84 78 7 225 27768 2492 80100
321300.0 16560 1.3035258268214E11 8059906.5 5889531 2.325576565538511E13 8059906.5 78 7 225 27846 2499 80325
322200.0 16524 1.3057224246263E11 8082482.18 5906055 2.338633789784773E13 8082482.18 78 7 225 27924 2506 80550
323100.0 16452 1.3064633527347E11 8105057.84 5922507 2.351698423312121E13 8105057.84 78 7 225 28002 2513 80775
324000.0 16452 1.310107071548E11 8127633.51 5938959 2.364799494027601E13 8127633.51 78 7 225 28080 2520 81000
324900.0 16560 1.3181512469648E11 8150209.17 5955519 2.377981006497249E13 8150209.17 78 7 225 28158 2527 81225
325800.0 16524 1.3203315900202E11 8172784.84 5972043 2.391184322397451E13 8172784.84 78 7 225 28236 2534 81450
326700.0 16452 1.3210400092585E11 8195360.51 5988495 2.404394722490036E13 8195360.51 78 7 225 28314 2541 81675
327600.0 16452 1.3246837280718E11 8217936.17 6004947 2.417641559770754E13 8217936.17 78 7 225 28392 2548 81900
328500.0 16560 1.3327766666588E11 8240511.84 6021507 2.430969326437341E13 8240511.84 78 7 225 28470 2555 82125
329400.0 16525 1.3349407555041E11 8263087.51 6038032 2.444318733992381E13 8263087.51 78 7 225 28548 2562 82350
330300.0 16452 1.3356167058121E11 8285663.65 6054484 2.457674901050502E13 8285663.65 78 7 225 28626 2569 82575
331200.0 16452 1.339260469001E11 8308239.41 6070936 2.471067505740513E13 8308239.41 78 7 225 28704 2576 82800
332100.0 16560 1.3474037823643E11 8330815.08 6087496 2.484541543564155E13 8330815.08 78 7 225 28782 2583 83025
333000.0 16524 1.3495500963908E11 8353390.75 6104020 2.498037044528062E13 8353390.75 78 7 225 28860 2590 83250
333900.0 16452 1.3501934146745E11 8375966.41 6120472 2.511538978674808E13 8375966.41 78 7 225 28938 2597 83475
334800.0 16452 1.3538371334901E11 8398542.08 6136924 2.52507735000971E13 8398542.08 78 7 225 29016 2604 83700
335700.0 16560 1.362027599449E11 8421117.74 6153484 2.538697626004199E13 8421117.74 78 7 225 29094 2611 83925
336600.0 16524 1.3641591791434E11 8443693.42 6170008 2.552339217795633E13 8443693.42 78 7 225 29172 2618 84150
337500.0 16452 1.3647700712075E11 8466269.08 6186460 2.565986918507709E13 8466269.08 78 7 225 29250 2625 84375
338400.0 16452 1.3684137900231E11 8488844.75 6202912 2.57967105640794E13 8488844.75 78 7 225 29328 2632 84600
339300.0 16560 1.3766530193322E11 8511420.41 6219472 2.593437586601261E13 8511420.41 78 7 225 29406 2639 84825
340200.0 16524 1.3787684272876E11 8533996.08 6235996 2.607225270874138E13 8533996.08 78 7 225 29484 2646 85050
341100.0 16452 1.379346727741E11 8556571.75 6252448 2.621018738151548E13 8556571.75 78 7 225 29562 2653 85275
342000.0 16452 1.3829904465567E11 8579147.41 6268900 2.634848642617115E13 8579147.41 78 7 225 29640 2660 85500
342900.0 16560 1.3912800423746E11 8601723.08 6285460 2.648761443040861E13 8601723.08 78 7 225 29718 2667 85725
343800.0 16524 1.3933775101308E11 8624298.75 6301984 2.662695218142169E13 8624298.75 78 7 225 29796 2674 85950
344700.0 16452 1.3939233842746E11 8646874.42 6318436 2.676634451984915E13 8646874.42 78 7 225 29874 2681 86175
345600.0 16452 1.3975671030902E11 8669450.08 6334888 2.690610123015817E13 8669450.08 78 7 225 29952 2688 86400

