# seed = 1, gamma = 0.5, beta = 0.75, dee = 100.0, dcc = 50.0, dec = 15.0, dsc = 1000.0, dLocalhost = 0.015, hostBroker = CLOUD, numOfCloud = 1, numOfEdge = 1, numOfSmartphone = 225 
#
# The columns have the following meaning: 
# instant[SECONDS] delayCountPartial delaySumPartial[SECONDS] delayMaxPartial[SECONDS] delayCountTot delaySumTot[SECONDS] delayMaxTot[SECONDS] runOnCloudPartial runOnEdgePartial runOnSmartphonePartial runOnCloudTot runOnEdgeTot runOnSmartphoneTot
0.0 0 0.0 0.0 0 0.0 0.0 0 0 0 0 0 0
900.0 16560 9.337357398E7 11542.19 16560 9.337357398E7 11542.19 80 5 225 80 5 225
1800.0 16524 2.697732118E8 22473.55 33084 3.6314678577E8 22473.55 80 5 225 160 10 450
2700.0 16452 4.457381504E8 33404.43 49536 8.0888493617E8 33404.43 80 5 225 240 15 675
3600.0 16453 6.2216321289E8 44335.29 65989 1.43104814906E9 44335.29 80 5 225 320 20 900
4500.0 16560 8.0160820308E8 55266.16 82549 2.23265635215E9 55266.16 80 5 225 400 25 1125
5400.0 16524 9.7713952942E8 66197.04 99073 3.20979588157E9 66197.04 80 5 225 480 30 1350
6300.0 16452 1.1515225707E9 77127.91 115525 4.36131845227E9 77127.91 80 5 225 560 35 1575
7200.0 16452 1.32794750782E9 88058.77 131977 5.68926596009E9 88058.77 80 5 225 640 40 1800
8100.0 16560 1.50967297205E9 98989.64 148537 7.19893893214E9 98989.64 80 5 225 720 45 2025
9000.0 16524 1.6844938358E9 109920.52 165061 8.88343276794E9 109920.52 80 5 225 800 50 2250
9900.0 16452 1.85730699127E9 120851.39 181513 1.074073975922E10 120851.39 80 5 225 880 55 2475
10800.0 16452 2.03373192839E9 131782.25 197965 1.277447168761E10 131782.25 80 5 225 960 60 2700
11700.0 16560 2.21789919784E9 142713.12 214525 1.499237088545E10 142713.12 80 5 225 1040 65 2925
12600.0 16532 2.39185756056E9 153644.0 231057 1.7384228446E10 153644.0 80 5 225 1120 70 3150
13500.0 16452 2.56309647574E9 164575.43 247509 1.994732492175E10 164575.43 80 5 225 1200 75 3375
14400.0 16452 2.73952562003E9 175506.31 263961 2.268685054178E10 175506.31 80 5 225 1280 80 3600
15300.0 16560 2.92597324216E9 186437.18 280521 2.561282378394E10 186437.18 80 5 225 1360 85 3825
16200.0 16524 3.09922005927E9 197368.05 297045 2.871204384321E10 197368.05 80 5 225 1440 90 4050
17100.0 16452 3.26888510348E9 208298.92 313497 3.198092894669E10 208298.92 80 5 225 1520 95 4275
18000.0 16452 3.44531004059E9 219229.79 329949 3.542623898728E10 219229.79 80 5 225 1600 100 4500
18900.0 16560 3.63411873066E9 230160.66 346509 3.906035771793E10 230160.66 80 5 225 1680 105 4725
19800.0 16524 3.80657851612E9 241091.53 363033 4.286693623406E10 241091.53 80 5 225 1760 110 4950
20700.0 16452 3.97466952403E9 252022.4 379485 4.684160575809E10 252022.4 80 5 225 1840 115 5175
21600.0 16452 4.15109446115E9 262953.27 395937 5.099270021924E10 262953.27 80 5 225 1920 120 5400
22500.0 16560 4.34226421016E9 273884.14 412497 5.53349644294E10 273884.14 80 5 225 2000 125 5625
23400.0 16524 4.51393699098E9 284815.01 429021 5.984890142037E10 284815.01 80 5 225 2080 130 5850
24300.0 16453 4.68045402191E9 295745.88 445474 6.452935544228E10 295745.88 80 5 225 2160 135 6075
25200.0 16452 4.85688394848E9 306677.32 461926 6.938623939076E10 306677.32 80 5 225 2240 140 6300
26100.0 16560 5.05049977403E9 317608.19 478486 7.443673916479E10 317608.19 80 5 225 2320 145 6525
27000.0 16524 5.22130474891E9 328539.07 495010 7.965804391371E10 328539.07 80 5 225 2400 150 6750
27900.0 16452 5.38624763656E9 339469.94 511462 8.504429155026E10 339469.94 80 5 225 2480 155 6975
28800.0 16452 5.56267257367E9 350400.8 527914 9.060696412394E10 350400.8 80 5 225 2560 160 7200
29700.0 16560 5.75856450762E9 361331.67 544474 9.636552863156E10 361331.67 80 5 225 2640 165 7425
30600.0 16524 5.92866320625E9 372262.55 560998 1.0229419183781E11 372262.55 80 5 225 2720 170 7650
31500.0 16452 6.0920320576E9 383193.42 577450 1.0838622389542E11 383193.42 80 5 225 2800 175 7875
32400.0 16452 6.26845699472E9 394124.29 593902 1.1465468089013E11 394124.29 80 5 225 2880 180 8100
33300.0 16560 6.46670998761E9 405055.15 610462 1.2112139087774E11 405055.15 80 5 225 2960 185 8325
34200.0 16524 6.63602168164E9 415986.03 626986 1.2775741255939E11 415986.03 80 5 225 3040 190 8550
35100.0 16452 6.7978164787E9 426916.9 643438 1.3455522903809E11 426916.9 80 5 225 3120 195 8775
36000.0 16452 6.97424141582E9 437847.77 659890 1.415294704539E11 437847.77 80 5 225 3200 200 9000
36900.0 16560 7.17486045563E9 448779.2 676450 1.4870433090954E11 448779.2 80 5 225 3280 205 9225
37800.0 16524 7.34338943985E9 459710.08 692974 1.5604772034939E11 459710.08 80 5 225 3360 210 9450
38700.0 16452 7.50361017099E9 470640.95 709426 1.6355133052038E11 470640.95 80 5 225 3440 215 9675
39600.0 16452 7.68003510811E9 481571.82 725878 1.7123136562849E11 481571.82 80 5 225 3520 220 9900
40500.0 16560 7.8830102679E9 492502.69 742438 1.7911437589639E11 492502.69 80 5 225 3600 225 10125
41400.0 16524 8.05074790636E9 503433.57 758962 1.8716512380275E11 503433.57 80 5 225 3680 230 10350
42300.0 16452 8.20939459222E9 514364.43 775414 1.9537451839496E11 514364.43 80 5 225 3760 235 10575
43200.0 16452 8.38581952935E9 525295.3 791866 2.0376033792431E11 525295.3 80 5 225 3840 240 10800
44100.0 16560 8.5911557481E9 536226.17 808426 2.1235149367241E11 536226.17 80 5 225 3920 245 11025
45000.0 16524 8.75810637292E9 547157.05 824950 2.2110960004532E11 547157.05 80 5 225 4000 250 11250
45900.0 16452 8.91517901354E9 558087.91 841402 2.3002477905886E11 558087.91 80 5 225 4080 255 11475
46800.0 16452 9.09160395066E9 569018.78 857854 2.3911638300953E11 569018.78 80 5 225 4160 260 11700
47700.0 16560 9.29938201059E9 579949.65 874414 2.4841576502012E11 579949.65 80 5 225 4240 265 11925
48600.0 16524 9.46546961211E9 590881.04 890938 2.5788123463223E11 590881.04 80 5 225 4320 270 12150
49500.0 16452 9.62097227589E9 601811.97 907390 2.6750220690812E11 601811.97 80 5 225 4400 275 12375
50400.0 16452 9.79739762215E9 612742.83 923842 2.7729960453027E11 612742.83 80 5 225 4480 280 12600
51300.0 16560 1.000745601673E10 623673.7 940402 2.8730706054701E11 623673.7 80 5 225 4560 285 12825
52200.0 16524 1.017283257705E10 634604.58 956926 2.9747989312406E11 634604.58 80 5 225 4640 290 13050
53100.0 16452 1.032675710645E10 645535.45 973378 3.0780665023051E11 645535.45 80 5 225 4720 295 13275
54000.0 16452 1.050318204358E10 656466.32 989830 3.1830983227408E11 656466.32 80 5 225 4800 300 13500
54900.0 16560 1.071560150611E10 667397.18 1006390 3.2902543378019E11 667397.18 80 5 225 4880 305 13725
55800.0 16524 1.088019104372E10 678328.06 1022914 3.3990562482391E11 678328.06 80 5 225 4960 310 13950
56700.0 16452 1.103254152782E10 689258.93 1039366 3.5093816635173E11 689258.93 80 5 225 5040 315 14175
57600.0 16452 1.120896646495E10 700189.8 1055818 3.6214713281669E11 700189.8 80 5 225 5120 320 14400
58500.0 16560 1.142374699542E10 711120.66 1072378 3.7357087981211E11 711120.66 80 5 225 5200 325 14625
59400.0 16530 1.158754951039E10 722051.54 1088908 3.851584293225E11 722051.54 80 5 225 5280 330 14850
60300.0 16455 1.173832941958E10 732982.79 1105363 3.9689675874208E11 732982.79 80 5 225 5360 335 15075
61200.0 16452 1.191475859781E10 743913.84 1121815 4.0881151733989E11 743913.84 80 5 225 5440 340 15300
62100.0 16560 1.213190173311E10 754844.71 1138375 4.20943419073E11 754844.71 80 5 225 5520 345 15525
63000.0 16524 1.229491721515E10 765775.59 1154899 4.3323833628815E11 765775.59 80 5 225 5600 350 15750
63900.0 16452 1.24441195881E10 776706.46 1171351 4.4568245587625E11 776706.46 80 5 225 5680 355 15975
64800.0 16452 1.262054452523E10 787637.33 1187803 4.5830300040148E11 787637.33 80 5 225 5760 360 16200
65700.0 16560 1.284012798666E10 798568.2 1204363 4.7114312838814E11 798568.2 80 5 225 5840 365 16425
66600.0 16524 1.300227568182E10 809499.07 1220887 4.8414540406996E11 809499.07 80 5 225 5920 370 16650
67500.0 16452 1.314990400948E10 820429.94 1237339 4.9729530807943E11 820429.94 80 5 225 6000 375 16875
68400.0 16452 1.33263289466E10 831360.81 1253791 5.1062163702604E11 831360.81 80 5 225 6080 380 17100
69300.0 16560 1.354819270275E10 842291.68 1270351 5.2416982972878E11 842291.68 80 5 225 6160 385 17325
70200.0 16524 1.370963413949E10 853222.55 1286875 5.3787946386827E11 853222.55 80 5 225 6240 390 17550
71100.0 16453 1.385568843085E10 864153.42 1303328 5.5173515229912E11 864153.42 80 5 225 6320 395 17775
72000.0 16452 1.403211508497E10 875084.51 1319780 5.6576726738409E11 875084.51 80 5 225 6400 400 18000
72900.0 16560 1.425634449014E10 886015.72 1336340 5.8002361187424E11 886015.72 80 5 225 6480 405 18225
73800.0 16524 1.441700186675E10 896946.61 1352864 5.9444061374098E11 896946.61 80 5 225 6560 410 18450
74700.0 16452 1.456148208322E10 907877.47 1369316 6.0900209582421E11 907877.47 80 5 225 6640 415 18675
75600.0 16452 1.473790702035E10 918808.34 1385768 6.2374000284456E11 918808.34 80 5 225 6720 420 18900
76500.0 16560 1.49645737075E10 929739.21 1402328 6.3870457655206E11 929739.21 80 5 225 6800 425 19125
77400.0 16524 1.512436033342E10 940670.09 1418852 6.5382893688548E11 940670.09 80 5 225 6880 430 19350
78300.0 16452 1.52672665046E10 951600.95 1435304 6.6909620339008E11 951600.95 80 5 225 6960 435 19575
79200.0 16452 1.544369144173E10 962531.82 1451756 6.845398948318E11 962531.82 80 5 225 7040 440 19800
80100.0 16560 1.567263843258E10 973462.69 1468316 7.0021253326438E11 973462.69 80 5 225 7120 445 20025
81000.0 16524 1.583172295956E10 984393.57 1484840 7.1604425622395E11 984393.57 80 5 225 7200 450 20250
81900.0 16452 1.597305092592E10 995324.43 1501292 7.3201730714987E11 995324.43 80 5 225 7280 455 20475
82800.0 16452 1.614947586305E10 1006255.3 1517744 7.4816678301291E11 1006255.3 80 5 225 7360 460 20700
83700.0 16560 1.638086499583E10 1017186.22 1534304 7.6454764800874E11 1017186.22 80 5 225 7440 465 20925
84600.0 16524 1.653908276321E10 1028117.61 1550828 7.8108673077195E11 1028117.61 80 5 225 7520 470 21150
85500.0 16452 1.667884460206E10 1039048.49 1567280 7.9776557537401E11 1039048.49 80 5 225 7600 475 21375
86400.0 16452 1.685526953919E10 1049979.36 1583732 8.1462084491321E11 1049979.36 80 5 225 7680 480 21600
87300.0 16560 1.70889386879E10 1060910.22 1600292 8.3170978360111E11 1060910.22 80 5 225 7760 485 21825
88200.0 16524 1.724644915927E10 1071841.1 1616816 8.4895623276037E11 1071841.1 80 5 225 7840 490 22050
89100.0 16452 1.738462902339E10 1082771.97 1633268 8.6634086178376E11 1082771.97 80 5 225 7920 495 22275
90000.0 16452 1.756105396052E10 1093702.84 1649720 8.8390191574428E11 1093702.84 80 5 225 8000 500 22500
90900.0 16560 1.77971649504E10 1104633.7 1666280 9.0169908069468E11 1104633.7 80 5 225 8080 505 22725
91800.0 16524 1.795380346646E10 1115564.58 1682804 9.1965288416114E11 1115564.58 80 5 225 8160 510 22950
92700.0 16452 1.809041344477E10 1126495.45 1699256 9.3774329760591E11 1126495.45 80 5 225 8240 515 23175
93600.0 16452 1.82668383819E10 1137426.32 1715708 9.560101359878E11 1137426.32 80 5 225 8320 520 23400
94500.0 16560 1.850522967549E10 1148357.18 1732268 9.7451536566329E11 1148357.18 80 5 225 8400 525 23625
95400.0 16524 1.866116609261E10 1159288.06 1748792 9.931765317559E11 1159288.06 80 5 225 8480 530 23850
96300.0 16452 1.879620293004E10 1170219.49 1765244 1.01197273468595E12 1170219.49 80 5 225 8560 535 24075
97200.0 16452 1.897263207435E10 1181150.37 1781696 1.03094536676029E12 1181150.37 80 5 225 8640 540 24300
98100.0 16561 1.921338447962E10 1192081.24 1798257 1.05015875123991E12 1192081.24 80 5 225 8720 545 24525
99000.0 16524 1.936852969156E10 1203012.12 1814781 1.06952728093147E12 1203012.12 80 5 225 8800 550 24750
99900.0 16452 1.950199155859E10 1213942.98 1831233 1.08902927249006E12 1213942.98 80 5 225 8880 555 24975
100800.0 16452 1.967841649572E10 1224873.85 1847685 1.10870768898579E12 1224873.85 80 5 225 8960 560 25200
101700.0 16560 1.992152995622E10 1235804.72 1864245 1.128629218942E12 1235804.72 80 5 225 9040 565 25425
102600.0 16524 2.007588816723E10 1246735.6 1880769 1.14870510710923E12 1246735.6 80 5 225 9120 570 25650
103500.0 16452 2.020777597997E10 1257666.46 1897221 1.1689128830892E12 1257666.46 80 5 225 9200 575 25875
104400.0 16452 2.03842009171E10 1268597.33 1913673 1.1892970840063E12 1268597.33 80 5 225 9280 580 26100
105300.0 16560 2.062967545454E10 1279528.2 1930233 1.20992675946084E12 1279528.2 80 5 225 9360 585 26325
106200.0 16524 2.07832466249E10 1290459.08 1946757 1.23071000608575E12 1290459.08 80 5 225 9440 590 26550
107100.0 16460 2.091356050219E10 1301389.94 1963217 1.25162356658794E12 1301389.94 80 5 225 9520 595 26775
108000.0 16452 2.108999040525E10 1312321.38 1979669 1.27271355699319E12 1312321.38 80 5 225 9600 600 27000
108900.0 16560 2.133783023695E10 1323252.25 1996229 1.29405138723013E12 1323252.25 80 5 225 9680 605 27225
109800.0 16524 2.149061439238E10 1334183.13 2012753 1.31554200162252E12 1334183.13 80 5 225 9760 610 27450
110700.0 16452 2.161935409391E10 1345114.0 2029205 1.33716135571642E12 1345114.0 80 5 225 9840 615 27675
111600.0 16452 2.179577903104E10 1356044.87 2045657 1.35895713474746E12 1356044.87 80 5 225 9920 620 27900
112500.0 16560 2.204597573538E10 1366975.73 2062217 1.38100311048283E12 1366975.73 80 5 225 10000 625 28125
113400.0 16524 2.219797285016E10 1377906.61 2078741 1.403201083333E12 1377906.61 80 5 225 10080 630 28350
114300.0 16452 2.232513851539E10 1388837.48 2095193 1.42552622184839E12 1388837.48 80 5 225 10160 635 28575
115200.0 16452 2.250156345252E10 1399768.35 2111645 1.44802778530091E12 1399768.35 80 5 225 10240 640 28800
116100.0 16560 2.275412120681E10 1410699.22 2128205 1.47078190650772E12 1410699.22 80 5 225 10320 645 29025
117000.0 16524 2.290533132594E10 1421630.09 2144729 1.49368723783366E12 1421630.09 80 5 225 10400 650 29250
117900.0 16452 2.303092293688E10 1432560.96 2161181 1.51671816077054E12 1432560.96 80 5 225 10480 655 29475
118800.0 16453 2.320734787401E10 1443491.83 2177634 1.53992550864455E12 1443491.83 80 5 225 10560 660 29700
119700.0 16560 2.346227170221E10 1454423.26 2194194 1.56338778034676E12 1454423.26 80 5 225 10640 665 29925
120600.0 16524 2.361269907548E10 1465354.15 2210718 1.58700047942223E12 1465354.15 80 5 225 10720 670 30150
121500.0 16452 2.373671662943E10 1476285.02 2227170 1.61073719605167E12 1476285.02 80 5 225 10800 675 30375
122400.0 16452 2.391314156656E10 1487215.88 2243622 1.63465033761823E12 1487215.88 80 5 225 10880 680 30600
123300.0 16560 2.417042149675E10 1498146.75 2260182 1.65882075911499E12 1498146.75 80 5 225 10960 685 30825
124200.0 16524 2.432005755126E10 1509077.63 2276706 1.68314081666624E12 1509077.63 80 5 225 11040 690 31050
125100.0 16452 2.444250105092E10 1520008.5 2293158 1.70758331771717E12 1520008.5 80 5 225 11120 695 31275
126000.0 16452 2.461892598805E10 1530939.36 2309610 1.73220224370522E12 1530939.36 80 5 225 11200 700 31500
126900.0 16560 2.487856699518E10 1541870.23 2326170 1.7570808107004E12 1541870.23 80 5 225 11280 705 31725
127800.0 16524 2.502741601804E10 1552801.11 2342694 1.78210822671844E12 1552801.11 80 5 225 11360 710 31950
128700.0 16452 2.514828547241E10 1563731.98 2359146 1.80725651219085E12 1563731.98 80 5 225 11440 715 32175
129600.0 16452 2.532471040954E10 1574662.84 2375598 1.83258122260038E12 1574662.84 80 5 225 11520 720 32400
130500.0 16560 2.558671249361E10 1585593.71 2392158 1.858167935094E12 1585593.71 80 5 225 11600 725 32625
131400.0 16524 2.573477904981E10 1596525.09 2408682 1.88390271414381E12 1596525.09 80 5 225 11680 730 32850
132300.0 16452 2.585407859489E10 1607456.03 2425134 1.9097567927387E12 1607456.03 80 5 225 11760 735 33075
133200.0 16452 2.603050407435E10 1618386.9 2441586 1.93578729681304E12 1618386.9 80 5 225 11840 740 33300
134100.0 16560 2.629486724829E10 1629317.76 2458146 1.96208216406133E12 1629317.76 80 5 225 11920 745 33525
135000.0 16524 2.644214221554E10 1640248.64 2474670 1.98852430627688E12 1640248.64 80 5 225 12000 750 33750
135900.0 16452 2.65598635587E10 1651179.51 2491122 2.01508416983558E12 1651179.51 80 5 225 12080 755 33975
136800.0 16452 2.673628849583E10 1662110.38 2507574 2.04182045833141E12 1662110.38 80 5 225 12160 760 34200
137700.0 16560 2.700301272872E10 1673041.25 2524134 2.06882347106013E12 1673041.25 80 5 225 12240 765 34425
138600.0 16524 2.714950067332E10 1683972.12 2540658 2.09597297173346E12 1683972.12 80 5 225 12320 770 34650
139500.0 16452 2.726564798019E10 1694902.99 2557110 2.12323861971364E12 1694902.99 80 5 225 12400 775 34875
140400.0 16452 2.744207291732E10 1705833.86 2573562 2.15068069263096E12 1705833.86 80 5 225 12480 780 35100
141300.0 16560 2.771115822715E10 1716764.73 2590122 2.17839185085811E12 1716764.73 80 5 225 12560 785 35325
142200.0 16524 2.785685914911E10 1727695.6 2606646 2.20624871000722E12 1727695.6 80 5 225 12640 790 35550
143100.0 16452 2.797143548615E10 1738626.83 2623098 2.23422014549337E12 1738626.83 80 5 225 12720 795 35775
144000.0 16452 2.814786485912E10 1749557.91 2639550 2.26236801035249E12 1749557.91 80 5 225 12800 800 36000
144900.0 16560 2.841931296673E10 1760488.78 2656110 2.29078732331923E12 1760488.78 80 5 225 12880 805 36225
145800.0 16524 2.856422684676E10 1771419.65 2672634 2.31935155016598E12 1771419.65 80 5 225 12960 810 36450
146700.0 16452 2.867722604247E10 1782350.52 2689086 2.34802877620845E12 1782350.52 80 5 225 13040 815 36675
147600.0 16452 2.88536509796E10 1793281.39 2705538 2.37688242718805E12 1793281.39 80 5 225 13120 820 36900
148500.0 16560 2.912745845616E10 1804212.26 2722098 2.40600988564421E12 1804212.26 80 5 225 13200 825 37125
149400.0 16524 2.927158532254E10 1815143.13 2738622 2.43528147096675E12 1815143.13 80 5 225 13280 830 37350
150300.0 16452 2.938301046395E10 1826074.0 2755074 2.46466448143071E12 1826074.0 80 5 225 13360 835 37575
151200.0 16452 2.955943540108E10 1837004.87 2771526 2.49422391683179E12 1837004.87 80 5 225 13440 840 37800
152100.0 16560 2.983560393659E10 1847935.74 2788086 2.52405952076838E12 1847935.74 80 5 225 13520 845 38025
153000.0 16524 2.997894378038E10 1858866.62 2804610 2.55403846454876E12 1858866.62 80 5 225 13600 850 38250
153900.0 16458 3.008879488549E10 1869797.48 2821068 2.58412725943426E12 1869797.48 80 5 225 13680 855 38475
154800.0 16455 3.026522144139E10 1880728.55 2837523 2.61439248087565E12 1880728.55 80 5 225 13760 860 38700
155700.0 16560 3.054375570348E10 1891659.78 2854083 2.64493623657913E12 1891659.78 80 5 225 13840 865 38925
156600.0 16524 3.06863115126E10 1902590.67 2870607 2.67562254809173E12 1902590.67 80 5 225 13920 870 39150
157500.0 16452 3.079458854277E10 1913521.54 2887059 2.7064171366345E12 1913521.54 80 5 225 14000 875 39375
158400.0 16452 3.09710134799E10 1924452.4 2903511 2.7373881501144E12 1924452.4 80 5 225 14080 880 39600
159300.0 16560 3.125198494643E10 1935383.27 2920071 2.76864013506083E12 1935383.27 80 5 225 14160 885 39825
160200.0 16524 3.139366997038E10 1946314.15 2936595 2.80003380503121E12 1946314.15 80 5 225 14240 890 40050
161100.0 16452 3.150037296426E10 1957245.02 2953047 2.83153417799547E12 1957245.02 80 5 225 14320 895 40275
162000.0 16452 3.167679790138E10 1968175.88 2969499 2.86321097589685E12 1968175.88 80 5 225 14400 900 40500
162900.0 16560 3.196004967162E10 1979106.75 2986059 2.89517102556847E12 1979106.75 80 5 225 14480 905 40725
163800.0 16524 3.210103261453E10 1990037.63 3002583 2.927272058183E12 1990037.63 80 5 225 14560 910 40950
164700.0 16452 3.220615738557E10 2000968.5 3019035 2.95947821556858E12 2000968.5 80 5 225 14640 915 41175
165600.0 16452 3.238258232264E10 2011899.36 3035487 2.99186079789122E12 2011899.36 80 5 225 14720 920 41400
166500.0 16561 3.26682759636E10 2022830.26 3052048 3.02452907385482E12 2022830.26 80 5 225 14800 925 41625
167400.0 16524 3.280839236885E10 2033761.67 3068572 3.05733746622367E12 2033761.67 80 5 225 14880 930 41850
168300.0 16452 3.291195106803E10 2044692.55 3085024 3.0902494172917E12 2044692.55 80 5 225 14960 935 42075
169200.0 16452 3.30883760051E10 2055623.42 3101476 3.12333779329679E12 2055623.42 80 5 225 15040 940 42300
170100.0 16560 3.337634994214E10 2066554.29 3118036 3.15671414323894E12 2066554.29 80 5 225 15120 945 42525
171000.0 16524 3.351575882037E10 2077485.16 3134560 3.19022990205931E12 2077485.16 80 5 225 15200 950 42750
171900.0 16452 3.361773548916E10 2088416.03 3151012 3.22384763754847E12 2088416.03 80 5 225 15280 955 42975
172800.0 16452 3.379416042623E10 2099346.9 3167464 3.2576417979747E12 2099346.9 80 5 225 15360 960 43200
173700.0 16560 3.408449543122E10 2110277.77 3184024 3.29172629340592E12 2110277.77 80 5 225 15440 965 43425
174600.0 16524 3.422311312732E10 2121208.64 3200548 3.32594940653324E12 2121208.64 80 5 225 15520 970 43650
175500.0 16452 3.432351991029E10 2132139.51 3217000 3.36027292644353E12 2132139.51 80 5 225 15600 975 43875
176400.0 16452 3.449994484736E10 2143070.38 3233452 3.39477287129089E12 2143070.38 80 5 225 15680 980 44100
177300.0 16560 3.47926409293E10 2154001.25 3250012 3.42956551222019E12 2154001.25 80 5 225 15760 985 44325
178200.0 16524 3.493047159375E10 2164932.12 3266536 3.46449598381394E12 2164932.12 80 5 225 15840 990 44550
179100.0 16452 3.502930939535E10 2175863.56 3282988 3.49952529320929E12 2175863.56 80 5 225 15920 995 44775
180000.0 16452 3.520573853962E10 2186794.43 3299440 3.53473103174891E12 2186794.43 80 5 225 16000 1000 45000
180900.0 16560 3.550079572951E10 2197725.3 3316000 3.57023182747843E12 2197725.3 80 5 225 16080 1005 45225
181800.0 16524 3.563783935193E10 2208656.18 3332524 3.60586966683035E12 2208656.18 80 5 225 16160 1010 45450
182700.0 16452 3.573509802363E10 2219587.05 3348976 3.64160476485399E12 2219587.05 80 5 225 16240 1015 45675
183600.0 16452 3.59115229607E10 2230517.91 3365428 3.67751628781469E12 2230517.91 80 5 225 16320 1020 45900
184500.0 16560 3.620894119154E10 2241448.78 3381988 3.71372522900622E12 2241448.78 80 5 225 16400 1025 46125
185400.0 16524 3.63451978183E10 2252379.66 3398512 3.75007042682452E12 2252379.66 80 5 225 16480 1030 46350
186300.0 16452 3.644088244471E10 2263310.53 3414964 3.78651130926924E12 2263310.53 80 5 225 16560 1035 46575
187200.0 16452 3.661730738178E10 2274241.39 3431416 3.82312861665102E12 2274241.39 80 5 225 16640 1040 46800
188100.0 16560 3.691708670756E10 2285172.26 3447976 3.86004570335857E12 2285172.26 80 5 225 16720 1045 47025
189000.0 16524 3.705255628468E10 2296103.14 3464500 3.89709825964325E12 2296103.14 80 5 225 16800 1050 47250
189900.0 16452 3.714666686579E10 2307034.01 3480952 3.93424492650904E12 2307034.01 80 5 225 16880 1055 47475
190800.0 16452 3.732309686966E10 2317965.44 3497404 3.97156802337869E12 2317965.44 80 5 225 16960 1060 47700
191700.0 16560 3.762524148972E10 2328896.32 3513964 4.00919326486842E12 2328896.32 80 5 225 17040 1065 47925
192600.0 16525 3.775992404285E10 2339827.19 3530489 4.04695318891127E12 2339827.19 80 5 225 17120 1070 48150
193500.0 16452 3.7852460558E10 2350758.06 3546941 4.08480564946927E12 2350758.06 80 5 225 17200 1075 48375
194400.0 16452 3.802888549506E10 2361688.93 3563393 4.12283453496433E12 2361688.93 80 5 225 17280 1080 48600
195300.0 16560 3.833338696974E10 2372619.8 3579953 4.16116792193407E12 2372619.8 80 5 225 17360 1085 48825
196200.0 16524 3.846728250923E10 2383550.68 3596477 4.1996352044433E12 2383550.68 80 5 225 17440 1090 49050
197100.0 16452 3.855824497907E10 2394481.54 3612929 4.23819344942238E12 2394481.54 80 5 225 17520 1095 49275
198000.0 16452 3.873466991614E10 2405412.41 3629381 4.27692811933852E12 2405412.41 80 5 225 17600 1100 49500
198900.0 16560 3.904153246777E10 2416343.28 3645941 4.31596965180628E12 2416343.28 80 5 225 17680 1105 49725
199800.0 16524 3.91746409756E10 2427274.16 3662465 4.35514429278189E12 2427274.16 80 5 225 17760 1110 49950
200700.0 16452 3.926402940015E10 2438205.02 3678917 4.39440832218204E12 2438205.02 80 5 225 17840 1115 50175
201600.0 16460 3.944045433722E10 2449135.89 3695377 4.43384877651926E12 2449135.89 80 5 225 17920 1120 50400
202500.0 16560 3.974968294479E10 2460067.32 3711937 4.47359845946405E12 2460067.32 80 5 225 18000 1125 50625
203400.0 16524 3.988200873378E10 2470998.21 3728461 4.51348046819783E12 2470998.21 80 5 225 18080 1130 50850
204300.0 16452 3.996982309236E10 2481929.08 3744913 4.55345029129019E12 2481929.08 80 5 225 18160 1135 51075
205200.0 16452 4.014624802943E10 2492859.95 3761365 4.59359653931962E12 2492859.95 80 5 225 18240 1140 51300
206100.0 16560 4.045783272995E10 2503790.81 3777925 4.63405437204957E12 2503790.81 80 5 225 18320 1145 51525
207000.0 16524 4.058936720005E10 2514721.69 3794449 4.67464373924962E12 2514721.69 80 5 225 18400 1150 51750
207900.0 16452 4.067560751333E10 2525652.56 3810901 4.71531934676295E12 2525652.56 80 5 225 18480 1155 51975
208800.0 16452 4.08520324504E10 2536583.43 3827353 4.75617137921335E12 2536583.43 80 5 225 18560 1160 52200
209700.0 16560 4.116597824586E10 2547514.29 3843913 4.79733735745921E12 2547514.29 80 5 225 18640 1165 52425
210600.0 16524 4.129672566621E10 2558445.17 3860437 4.83863408312542E12 2558445.17 80 5 225 18720 1170 52650
211500.0 16452 4.138139193419E10 2569376.04 3876889 4.88001547505961E12 2569376.04 80 5 225 18800 1175 52875
212400.0 16452 4.155781687126E10 2580306.91 3893341 4.92157329193087E12 2580306.91 80 5 225 18880 1180 53100
213300.0 16561 4.187412370767E10 2591237.77 3909902 4.96344741563854E12 2591237.77 80 5 225 18960 1185 53325
214200.0 16524 4.200408818909E10 2602169.13 3926426 5.00545150382763E12 2602169.13 80 5 225 19040 1190 53550
215100.0 16452 4.208718483075E10 2613100.09 3942878 5.04753868865838E12 2613100.09 80 5 225 19120 1195 53775
216000.0 16452 4.226361052595E10 2624030.96 3959330 5.08980229918433E12 2624030.96 80 5 225 19200 1200 54000
216900.0 16560 4.258227848819E10 2634961.83 3975890 5.13238457767252E12 2634961.83 80 5 225 19280 1205 54225
217800.0 16524 4.271145185294E10 2645892.7 3992414 5.17509602952546E12 2645892.7 80 5 225 19360 1210 54450
218700.0 16452 4.279297000974E10 2656823.57 4008866 5.2178889995352E12 2656823.57 80 5 225 19440 1215 54675
219600.0 16452 4.296939494681E10 2667754.44 4025318 5.26085839448202E12 2667754.44 80 5 225 19520 1220 54900
220500.0 16560 4.3290423959E10 2678685.31 4041878 5.30414881844101E12 2678685.31 80 5 225 19600 1225 55125
221400.0 16524 4.34188103191E10 2689616.18 4058402 5.34756762876011E12 2689616.18 80 5 225 19680 1230 55350
222300.0 16452 4.349875443055E10 2700547.05 4074854 5.39106638319066E12 2700547.05 80 5 225 19760 1235 55575
223200.0 16452 4.367517936762E10 2711477.92 4091306 5.43474156255828E12 2711477.92 80 5 225 19840 1240 55800
224100.0 16560 4.399856945675E10 2722408.79 4107866 5.47874013201503E12 2722408.79 80 5 225 19920 1245 56025
225000.0 16524 4.41261687852E10 2733339.66 4124390 5.52286630080023E12 2733339.66 80 5 225 20000 1250 56250
225900.0 16452 4.420454177944E10 2744270.88 4140842 5.56707084257967E12 2744270.88 80 5 225 20080 1255 56475
226800.0 16452 4.438097121354E10 2755201.97 4157294 5.61145181379321E12 2755201.97 80 5 225 20160 1260 56700
227700.0 16560 4.470672418713E10 2766132.84 4173854 5.65615853798035E12 2766132.84 80 5 225 20240 1265 56925
228600.0 16524 4.483353649166E10 2777063.72 4190378 5.70099207447201E12 2777063.72 80 5 225 20320 1270 57150
229500.0 16452 4.491033249196E10 2787994.58 4206830 5.74590240696397E12 2787994.58 80 5 225 20400 1275 57375
230400.0 16452 4.508675742903E10 2798925.45 4223282 5.790989164393E12 2798925.45 80 5 225 20480 1280 57600
231300.0 16560 4.541486968488E10 2809856.32 4239842 5.83640403407788E12 2809856.32 80 5 225 20560 1285 57825
232200.0 16524 4.554089495776E10 2820787.2 4256366 5.88194492903565E12 2820787.2 80 5 225 20640 1290 58050
233100.0 16452 4.561611691277E10 2831718.06 4272818 5.92756104594842E12 2831718.06 80 5 225 20720 1295 58275
234000.0 16452 4.579254184984E10 2842648.93 4289270 5.97335358779826E12 2842648.93 80 5 225 20800 1300 58500
234900.0 16560 4.612301516463E10 2853579.8 4305830 6.0194766029629E12 2853579.8 80 5 225 20880 1305 58725
235800.0 16524 4.624825342387E10 2864510.68 4322354 6.06572485638676E12 2864510.68 80 5 225 20960 1310 58950
236700.0 16452 4.632190133358E10 2875441.55 4338806 6.11204675772034E12 2875441.55 80 5 225 21040 1315 59175
237600.0 16452 4.649832773114E10 2886372.6 4355258 6.15854508545148E12 2886372.6 80 5 225 21120 1320 59400
238500.0 16560 4.68311668515E10 2897303.85 4371818 6.20537625230298E12 2897303.85 80 5 225 21200 1325 59625
239400.0 16524 4.695562114949E10 2908234.73 4388342 6.25233187345247E12 2908234.73 80 5 225 21280 1330 59850
240300.0 16453 4.70276949933E10 2919165.6 4404795 6.29935956844577E12 2919165.6 80 5 225 21360 1335 60075
241200.0 16452 4.720411993037E10 2930096.47 4421247 6.34656368837614E12 2930096.47 80 5 225 21440 1340 60300
242100.0 16560 4.753931541195E10 2941027.33 4437807 6.39410300378809E12 2941027.33 80 5 225 21520 1345 60525
243000.0 16524 4.766297961559E10 2951958.21 4454331 6.44176598340368E12 2951958.21 80 5 225 21600 1350 60750
243900.0 16452 4.773347941411E10 2962889.08 4470783 6.48949946281779E12 2962889.08 80 5 225 21680 1355 60975
244800.0 16452 4.790990435118E10 2973819.95 4487235 6.53740936716897E12 2973819.95 80 5 225 21760 1360 61200
245700.0 16560 4.824746090971E10 2984750.81 4503795 6.58565682807867E12 2984750.81 80 5 225 21840 1365 61425
246600.0 16524 4.837033808169E10 2995681.69 4520319 6.63402716616037E12 2995681.69 80 5 225 21920 1370 61650
247500.0 16452 4.843926383492E10 3006612.56 4536771 6.68246642999528E12 3006612.56 80 5 225 22000 1375 61875
248400.0 16452 4.861568877198E10 3017543.43 4553223 6.73108211876727E12 3017543.43 80 5 225 22080 1380 62100
249300.0 16568 4.895560658059E10 3028474.3 4569791 6.78003772534786E12 3028474.3 80 5 225 22160 1385 62325
250200.0 16524 4.90777015205E10 3039405.74 4586315 6.82911542686836E12 3039405.74 80 5 225 22240 1390 62550
251100.0 16452 4.914505752367E10 3050336.61 4602767 6.87826048439203E12 3050336.61 80 5 225 22320 1395 62775
252000.0 16452 4.932148246074E10 3061267.48 4619219 6.92758196685277E12 3061267.48 80 5 225 22400 1400 63000
252900.0 16560 4.966376117711E10 3072198.35 4635779 6.97724572802988E12 3072198.35 80 5 225 22480 1405 63225
253800.0 16524 4.978506430251E10 3083129.23 4652303 7.0270307923324E12 3083129.23 80 5 225 22560 1410 63450
254700.0 16452 4.985084194448E10 3094060.09 4668755 7.07688163427688E12 3094060.09 80 5 225 22640 1415 63675
255600.0 16452 5.002726688155E10 3104990.96 4685207 7.12690890115842E12 3104990.96 80 5 225 22720 1420 63900
256500.0 16560 5.037190667486E10 3115921.83 4701767 7.17728080783329E12 3115921.83 80 5 225 22800 1425 64125
257400.0 16524 5.049242276862E10 3126852.71 4718291 7.2277732306019E12 3126852.71 80 5 225 22880 1430 64350
258300.0 16452 5.055662636529E10 3137783.57 4734743 7.27832985696719E12 3137783.57 80 5 225 22960 1435 64575
259200.0 16452 5.073305130235E10 3148714.44 4751195 7.32906290826954E12 3148714.44 80 5 225 23040 1440 64800
260100.0 16560 5.108005215462E10 3159645.31 4767755 7.38014296042416E12 3159645.31 80 5 225 23120 1445 65025
261000.0 16525 5.119978144482E10 3170576.19 4784280 7.43134274186898E12 3170576.19 80 5 225 23200 1450 65250
261900.0 16452 5.126241584991E10 3181507.62 4800732 7.48260515771889E12 3181507.62 80 5 225 23280 1455 65475
262800.0 16452 5.143884499418E10 3192438.5 4817184 7.53404400271307E12 3192438.5 80 5 225 23360 1460 65700
263700.0 16560 5.178828771868E10 3203369.36 4833744 7.58583229043175E12 3203369.36 80 5 225 23440 1465 65925
264600.0 16524 5.190714899247E10 3214300.24 4850268 7.63773943942422E12 3214300.24 80 5 225 23520 1470 66150
265500.0 16452 5.196820447787E10 3225231.11 4866720 7.68970764390208E12 3225231.11 80 5 225 23600 1475 66375
266400.0 16452 5.214462941494E10 3236161.98 4883172 7.74185227331702E12 3236161.98 80 5 225 23680 1480 66600
267300.0 16560 5.24963524341E10 3247092.84 4899732 7.79434862575112E12 3247092.84 80 5 225 23760 1485 66825
268200.0 16524 5.261451162715E10 3258023.72 4916256 7.84696313737827E12 3258023.72 80 5 225 23840 1490 67050
269100.0 16452 5.267398889878E10 3268954.59 4932708 7.89963712627706E12 3268954.59 80 5 225 23920 1495 67275
270000.0 16452 5.285041383585E10 3279885.46 4949160 7.95248754011291E12 3279885.46 80 5 225 24000 1500 67500
270900.0 16560 5.320457870523E10 3290816.33 4965720 8.00569211881814E12 3290816.33 80 5 225 24080 1505 67725
271800.0 16524 5.332186591589E10 3301747.2 4982244 8.05901398473402E12 3301747.2 80 5 225 24160 1510 67950
272700.0 16452 5.33797733197E10 3312678.07 4998696 8.11239375805373E12 3312678.07 80 5 225 24240 1515 68175
273600.0 16452 5.355620332357E10 3323609.5 5015148 8.16594996137729E12 3323609.5 80 5 225 24320 1520 68400
274500.0 16560 5.391265270496E10 3334540.38 5031708 8.21986261408225E12 3334540.38 80 5 225 24400 1525 68625
275400.0 16524 5.402923785138E10 3345471.26 5048232 8.27389185193363E12 3345471.26 80 5 225 24480 1530 68850
276300.0 16452 5.408556701175E10 3356402.13 5064684 8.32797741894538E12 3356402.13 80 5 225 24560 1535 69075
277200.0 16452 5.426199194881E10 3367332.99 5081136 8.38223941089419E12 3367332.99 80 5 225 24640 1540 69300
278100.0 16560 5.462079822082E10 3378263.86 5097696 8.43686020911501E12 3378263.86 80 5 225 24720 1545 69525
279000.0 16524 5.473659214011E10 3389194.74 5114220 8.49159680125512E12 3389194.74 80 5 225 24800 1550 69750
279900.0 16452 5.479135143266E10 3400125.61 5130672 8.54638815268778E12 3400125.61 80 5 225 24880 1555 69975
280800.0 16452 5.496777636973E10 3411056.47 5147124 8.60135592905751E12 3411056.47 80 5 225 24960 1560 70200
281700.0 16560 5.532902445595E10 3421987.34 5163684 8.65668495351346E12 3421987.34 80 5 225 25040 1565 70425
282600.0 16524 5.544395061532E10 3432918.22 5180208 8.71212890412879E12 3432918.22 80 5 225 25120 1570 70650
283500.0 16452 5.549713585358E10 3443849.09 5196660 8.76762603998236E12 3443849.09 80 5 225 25200 1575 70875
284400.0 16452 5.567356079065E10 3454779.95 5213112 8.82329960077301E12 3454779.95 80 5 225 25280 1580 71100
285300.0 16560 5.603709416858E10 3465711.39 5229672 8.87933669494159E12 3465711.39 80 5 225 25360 1585 71325
286200.0 16524 5.615132253287E10 3476642.27 5246196 8.93548801747446E12 3476642.27 80 5 225 25440 1590 71550
287100.0 16453 5.620292954568E10 3487573.14 5262649 8.99169094702014E12 3487573.14 80 5 225 25520 1595 71775
288000.0 16452 5.637935448275E10 3498504.01 5279101 9.04807030150289E12 3498504.01 80 5 225 25600 1600 72000
288900.0 16560 5.674532475386E10 3509434.88 5295661 9.10481562625675E12 3509434.88 80 5 225 25680 1605 72225
289800.0 16524 5.685867683971E10 3520365.75 5312185 9.16167430309646E12 3520365.75 80 5 225 25760 1610 72450
290700.0 16452 5.69087139667E10 3531296.62 5328637 9.21858301706317E12 3531296.62 80 5 225 25840 1615 72675
291600.0 16452 5.708513890377E10 3542227.49 5345089 9.27566815596694E12 3542227.49 80 5 225 25920 1620 72900
292500.0 16560 5.745338946956E10 3553158.36 5361649 9.33312154543649E12 3553158.36 80 5 225 26000 1625 73125
293400.0 16524 5.756603947451E10 3564089.23 5378173 9.39068758491101E12 3564089.23 80 5 225 26080 1630 73350
294300.0 16452 5.761449838773E10 3575020.1 5394625 9.44830208329873E12 3575020.1 80 5 225 26160 1635 73575
295200.0 16452 5.779092332479E10 3585950.97 5411077 9.50609300662352E12 3585950.97 80 5 225 26240 1640 73800
296100.0 16566 5.816153494953E10 3596881.84 5427643 9.56425454157305E12 3596881.84 80 5 225 26320 1645 74025
297000.0 16526 5.82733983581E10 3607813.18 5444169 9.62252793993115E12 3607813.18 80 5 225 26400 1650 74250
297900.0 16452 5.832029116297E10 3618744.15 5460621 9.68084823109412E12 3618744.15 80 5 225 26480 1655 74475
298800.0 16452 5.849671697568E10 3629675.02 5477073 9.7393449480698E12 3629675.02 80 5 225 26560 1660 74700
299700.0 16560 5.886968970823E10 3640605.89 5493633 9.79821463777804E12 3640605.89 80 5 225 26640 1665 74925
300600.0 16524 5.898076148912E10 3651536.77 5510157 9.85719539926716E12 3651536.77 80 5 225 26720 1670 75150
301500.0 16452 5.902607645964E10 3662467.63 5526609 9.9162214757268E12 3662467.63 80 5 225 26800 1675 75375
302400.0 16452 5.920250139671E10 3673398.5 5543061 9.97542397712351E12 3673398.5 80 5 225 26880 1680 75600
303300.0 16560 5.957783517924E10 3684329.37 5559621 1.003500181230275E13 3684329.37 80 5 225 26960 1685 75825
304200.0 16524 5.96881199465E10 3695260.25 5576145 1.009468993224925E13 3695260.25 80 5 225 27040 1690 76050
305100.0 16452 5.973186088072E10 3706191.11 5592597 1.015442179312996E13 3706191.11 80 5 225 27120 1695 76275
306000.0 16452 5.990828581779E10 3717121.98 5609049 1.021433007894775E13 3717121.98 80 5 225 27200 1700 76500
306900.0 16560 6.028598068627E10 3728052.85 5625609 1.027461605963402E13 3728052.85 80 5 225 27280 1705 76725
307800.0 16525 6.039547842192E10 3738983.73 5642134 1.033501153805594E13 3738983.73 80 5 225 27360 1710 76950
308700.0 16452 6.043764812322E10 3749914.93 5658586 1.039544918617916E13 3749914.93 80 5 225 27440 1715 77175
309600.0 16452 6.061407752496E10 3760846.03 5675038 1.045606326370413E13 3760846.03 80 5 225 27520 1720 77400
310500.0 16560 6.099413543055E10 3771776.9 5691598 1.051705739913468E13 3771776.9 80 5 225 27600 1725 77625
311400.0 16524 6.110284612455E10 3782707.78 5708122 1.057816024525923E13 3782707.78 80 5 225 27680 1730 77850
312300.0 16452 6.114343894761E10 3793638.65 5724574 1.063930368420684E13 3793638.65 80 5 225 27760 1735 78075
313200.0 16452 6.131986388468E10 3804569.51 5741026 1.070062354809151E13 3804569.51 80 5 225 27840 1740 78300
314100.0 16560 6.170228090168E10 3815500.38 5757586 1.07623258289932E13 3815500.38 80 5 225 27920 1745 78525
315000.0 16524 6.181020460003E10 3826431.26 5774110 1.082413603359323E13 3826431.26 80 5 225 28000 1750 78750
315900.0 16452 6.18492233688E10 3837362.13 5790562 1.088598525696202E13 3837362.13 80 5 225 28080 1755 78975
316800.0 16452 6.202564830586E10 3848292.99 5807014 1.094801090526789E13 3848292.99 80 5 225 28160 1760 79200
317700.0 16560 6.241042640882E10 3859223.86 5823574 1.10104213316767E13 3859223.86 80 5 225 28240 1765 79425
318600.0 16524 6.251756722604E10 3870154.74 5840098 1.107293889890275E13 3870154.74 80 5 225 28320 1770 79650
319500.0 16452 6.255500779004E10 3881085.61 5856550 1.113549390669278E13 3881085.61 80 5 225 28400 1775 79875
320400.0 16452 6.273143391308E10 3892016.62 5873002 1.119822534060586E13 3892016.62 80 5 225 28480 1780 80100
321300.0 16560 6.311857798384E10 3902947.91 5889562 1.12613439185897E13 3902947.91 80 5 225 28560 1785 80325
322200.0 16524 6.322493078122E10 3913878.79 5906086 1.132456884937092E13 3913878.79 80 5 225 28640 1790 80550
323100.0 16452 6.326080143881E10 3924809.66 5922538 1.138782965080973E13 3924809.66 80 5 225 28720 1795 80775
324000.0 16452 6.343722637588E10 3935740.53 5938990 1.145126687718561E13 3935740.53 80 5 225 28800 1800 81000
324900.0 16560 6.382672664559E10 3946671.39 5955550 1.15150936038312E13 3946671.39 80 5 225 28880 1805 81225
325800.0 16524 6.393228923881E10 3957602.27 5972074 1.157902589307E13 3957602.27 80 5 225 28960 1810 81450
326700.0 16452 6.39665858601E10 3968533.14 5988526 1.164299247893011E13 3968533.14 80 5 225 29040 1815 81675
327600.0 16452 6.414301079717E10 3979464.01 6004978 1.170713548972728E13 3979464.01 80 5 225 29120 1820 81900
328500.0 16560 6.453487210783E10 3990394.88 6021538 1.177167036183511E13 3990394.88 80 5 225 29200 1825 82125
329400.0 16524 6.463964770541E10 4001325.75 6038062 1.183631000954052E13 4001325.75 80 5 225 29280 1830 82350
330300.0 16452 6.467237028141E10 4012256.62 6054514 1.190098237982192E13 4012256.62 80 5 225 29360 1835 82575
331200.0 16452 6.484879521848E10 4023187.49 6070966 1.19658311750404E13 4023187.49 80 5 225 29440 1840 82800
332100.0 16560 6.524309838853E10 4034118.36 6087526 1.203107427342893E13 4034118.36 80 5 225 29520 1845 83025
333000.0 16524 6.534701536223E10 4045049.8 6104050 1.209642128879116E13 4045049.8 80 5 225 29600 1850 83250
333900.0 16452 6.537816397384E10 4055980.68 6120502 1.2161799452765E13 4055980.68 80 5 225 29680 1855 83475
334800.0 16452 6.555458891091E10 4066911.54 6136954 1.222735404167592E13 4066911.54 80 5 225 29760 1860 83700
335700.0 16560 6.595117240647E10 4077842.41 6153514 1.229330521408239E13 4077842.41 80 5 225 29840 1865 83925
336600.0 16524 6.605437393941E10 4088773.29 6170038 1.23593595880218E13 4088773.29 80 5 225 29920 1870 84150
337500.0 16452 6.608394839515E10 4099704.16 6186490 1.242544353641695E13 4099704.16 80 5 225 30000 1875 84375
338400.0 16452 6.626037333222E10 4110635.02 6202942 1.249170390974917E13 4110635.02 80 5 225 30080 1880 84600
339300.0 16560 6.665931788672E10 4121565.89 6219502 1.255836322763589E13 4121565.89 80 5 225 30160 1885 84825
340200.0 16524 6.676173655654E10 4132496.77 6236026 1.262512496419244E13 4132496.77 80 5 225 30240 1890 85050
341100.0 16452 6.678973281651E10 4143427.64 6252478 1.269191469700894E13 4143427.64 80 5 225 30320 1895 85275
342000.0 16452 6.696615775358E10 4154358.5 6268930 1.275888085476252E13 4154358.5 80 5 225 30400 1900 85500
342900.0 16560 6.736754416747E10 4165289.37 6285490 1.282624839892999E13 4165289.37 80 5 225 30480 1905 85725
343800.0 16533 6.746909160494E10 4176220.25 6302023 1.289371749053493E13 4176220.25 80 5 225 30560 1910 85950
344700.0 16452 6.74955223018E10 4187151.68 6318475 1.296121301283673E13 4187151.68 80 5 225 30640 1915 86175
345600.0 16452 6.767195144607E10 4198082.56 6334927 1.30288849642828E13 4198082.56 80 5 225 30720 1920 86400

