# seed = 1, gamma = 0.5, beta = 0.5, dee = 10.0, dcc = 5.0, dec = 600.0, dsc = 2000.0, dLocalhost = 0.015, hostBroker = EDGE, numOfCloud = 1, numOfEdge = 1, numOfSmartphone = 150 
#
# The columns have the following meaning: 
# instant[SECONDS] delayCountPartial delaySumPartial[SECONDS] delayMaxPartial[SECONDS] delayCountTot delaySumTot[SECONDS] delayMaxTot[SECONDS] runOnCloudPartial runOnEdgePartial runOnSmartphonePartial runOnCloudTot runOnEdgeTot runOnSmartphoneTot
0.0 0 0.0 0.0 0 0.0 0.0 0 0 0 0 0 0
900.0 16560 1.9951037194E8 24557.53 16560 1.9951037194E8 24557.53 155 5 150 155 5 150
1800.0 16524 5.9000372442E8 48755.01 33084 7.8951409636E8 48755.01 155 5 150 310 10 300
2700.0 16452 9.7953235714E8 72952.02 49536 1.7690464535E9 72952.02 155 5 150 465 15 450
3600.0 16452 1.37006990966E9 97148.99 65988 3.13911636316E9 97148.99 155 5 150 620 20 600
4500.0 16560 1.76726729671E9 121345.96 82548 4.90638365987E9 121345.96 155 5 150 775 25 750
5400.0 16524 2.15584974373E9 145542.94 99072 7.06223340361E9 145542.94 155 5 150 930 30 900
6300.0 16453 2.54188269954E9 169739.91 115525 9.60411610314E9 169739.91 155 5 150 1085 35 1050
7200.0 16452 2.93241987475E9 193936.87 131977 1.253653597789E10 193936.87 155 5 150 1240 40 1200
8100.0 16560 3.33467288257E9 218133.84 148537 1.587120886046E10 218133.84 155 5 150 1395 45 1350
9000.0 16524 3.72167611487E9 242330.82 165061 1.959288497533E10 242330.82 155 5 150 1550 50 1500
9900.0 16452 4.10423266489E9 266527.79 181513 2.369711764022E10 266527.79 155 5 150 1705 55 1650
10800.0 16452 4.49476984011E9 290724.75 197965 2.819188748033E10 290724.75 155 5 150 1860 60 1800
11700.0 16560 4.90242033624E9 314921.72 214525 3.309430781657E10 314921.72 155 5 150 2015 65 1950
12600.0 16524 5.28751840183E9 339118.7 231049 3.83818262184E10 339118.7 155 5 150 2170 70 2100
13500.0 16452 5.66658263025E9 363315.67 247501 4.404840884865E10 363315.67 155 5 150 2325 75 2250
14400.0 16452 6.05711980547E9 387512.63 263953 5.010552865412E10 387512.63 155 5 150 2480 80 2400
15300.0 16560 6.46982589537E9 411709.6 280513 5.657535454948E10 411709.6 155 5 150 2635 85 2550
16200.0 16524 6.85334477297E9 435906.58 297037 6.342869932245E10 435906.58 155 5 150 2790 90 2700
17100.0 16452 7.22893259561E9 460103.55 313489 7.065763191806E10 460103.55 155 5 150 2945 95 2850
18000.0 16452 7.61946977082E9 484300.51 329941 7.827710168888E10 484300.51 155 5 150 3100 100 3000
18900.0 16560 8.03740240627E9 508497.48 346501 8.631450409515E10 508497.48 155 5 150 3255 105 3150
19800.0 16524 8.41917909302E9 532694.46 363025 9.473368318817E10 532694.46 155 5 150 3410 110 3300
20700.0 16452 8.79128256098E9 556891.43 379477 1.0352496574916E11 556891.43 155 5 150 3565 115 3450
21600.0 16452 9.18181973621E9 581088.39 395929 1.1270678548537E11 581088.39 155 5 150 3720 120 3600
22500.0 16560 9.60497890821E9 605285.36 412489 1.2231176439358E11 605285.36 155 5 150 3875 125 3750
23400.0 16524 9.98501343113E9 629482.34 429013 1.3229677782472E11 629482.34 155 5 150 4030 130 3900
24300.0 16452 1.03536325264E10 653679.31 445465 1.4265041035112E11 653679.31 155 5 150 4185 135 4050
25200.0 16458 1.074416970163E10 677876.28 461923 1.5339458005274E11 677876.28 155 5 150 4340 140 4200
26100.0 16560 1.117272736978E10 702073.33 478483 1.6456730742252E11 702073.33 155 5 150 4495 145 4350
27000.0 16526 1.155085381847E10 726270.79 495009 1.7611816124099E11 726270.79 155 5 150 4650 150 4500
27900.0 16452 1.191599173589E10 750467.76 511461 1.8803415297688E11 750467.76 155 5 150 4805 155 4650
28800.0 16452 1.230652891112E10 774664.73 527913 2.00340681888E11 774664.73 155 5 150 4960 160 4800
29700.0 16560 1.274014122317E10 798861.7 544473 2.1308082311117E11 798861.7 155 5 150 5115 165 4950
30600.0 16524 1.311669134553E10 823058.67 560997 2.261975144567E11 823058.67 155 5 150 5270 170 5100
31500.0 16452 1.347834170179E10 847255.64 577449 2.396758561585E11 847255.64 155 5 150 5425 175 5250
32400.0 16452 1.386887887702E10 871452.61 593901 2.5354473503552E11 871452.61 155 5 150 5580 180 5400
33300.0 16560 1.430771772561E10 895649.58 610461 2.6785245276113E11 895649.58 155 5 150 5735 185 5550
34200.0 16524 1.468252568418E10 919846.55 626985 2.8253497844532E11 919846.55 155 5 150 5890 190 5700
35100.0 16452 1.504069166775E10 944043.52 643437 2.9757567011307E11 944043.52 155 5 150 6045 195 5850
36000.0 16452 1.543122884298E10 968240.49 659889 3.1300689895605E11 968240.49 155 5 150 6200 200 6000
36900.0 16560 1.587529423712E10 992437.46 676449 3.2888219319316E11 992437.46 155 5 150 6355 205 6150
37800.0 16524 1.624836001389E10 1016634.43 692973 3.4513055320705E11 1016634.43 155 5 150 6510 210 6300
38700.0 16452 1.660304163382E10 1040831.4 709425 3.6173359484087E11 1040831.4 155 5 150 6665 215 6450
39600.0 16452 1.699357880905E10 1065028.37 725877 3.7872717364991E11 1065028.37 155 5 150 6820 220 6600
40500.0 16560 1.744287074873E10 1089225.34 742437 3.9617004439864E11 1089225.34 155 5 150 6975 225 6750
41400.0 16524 1.781419434365E10 1113422.31 758961 4.1398423874229E11 1113422.31 155 5 150 7130 230 6900
42300.0 16452 1.816539159989E10 1137619.28 775413 4.3214963034218E11 1137619.28 155 5 150 7285 235 7050
43200.0 16452 1.855592877511E10 1161816.25 791865 4.5070555911729E11 1161816.25 155 5 150 7440 240 7200
44100.0 16560 1.901044725134E10 1186013.22 808425 4.6971600636863E11 1186013.22 155 5 150 7595 245 7350
45000.0 16524 1.938002867342E10 1210210.2 824949 4.8909603504205E11 1210210.2 155 5 150 7750 250 7500
45900.0 16452 1.972774156601E10 1234407.16 841401 5.0882377660806E11 1234407.16 155 5 150 7905 255 7650
46800.0 16452 2.011827874124E10 1258604.13 857853 5.289420553493E11 1258604.13 155 5 150 8060 260 7800
47700.0 16560 2.057819474174E10 1282801.1 874413 5.4952025009104E11 1282801.1 155 5 150 8215 265 7950
48600.0 16524 2.094586299435E10 1306998.08 890937 5.7046611308538E11 1306998.08 155 5 150 8370 270 8100
49500.0 16452 2.129009153224E10 1331195.04 907389 5.9175620461762E11 1331195.04 155 5 150 8525 275 8250
50400.0 16453 2.168062870747E10 1355392.01 923842 6.1343683332509E11 1355392.01 155 5 150 8680 280 8400
51300.0 16560 2.214560060483E10 1379589.13 940402 6.3558243392992E11 1379589.13 155 5 150 8835 285 8550
52200.0 16524 2.251170329598E10 1403786.52 956926 6.5809413722591E11 1403786.52 155 5 150 8990 290 8700
53100.0 16452 2.285245073871E10 1427983.5 973378 6.8094658796462E11 1427983.5 155 5 150 9145 295 8850
54000.0 16452 2.324298791394E10 1452180.46 989830 7.0418957587856E11 1452180.46 155 5 150 9300 300 9000
54900.0 16560 2.371318606671E10 1476377.43 1006390 7.2790276194527E11 1476377.43 155 5 150 9455 305 9150
55800.0 16524 2.407754092399E10 1500574.41 1022914 7.5198030286926E11 1500574.41 155 5 150 9610 310 9300
56700.0 16452 2.441480070489E10 1524771.38 1039366 7.7639510357415E11 1524771.38 155 5 150 9765 315 9450
57600.0 16452 2.480533788012E10 1548968.34 1055818 8.0120044145427E11 1548968.34 155 5 150 9920 320 9600
58500.0 16560 2.528076257843E10 1573165.31 1072378 8.264812040327E11 1573165.31 155 5 150 10075 325 9750
59400.0 16524 2.564337525387E10 1597362.29 1088902 8.5212457928656E11 1597362.29 155 5 150 10230 330 9900
60300.0 16452 2.597715067107E10 1621559.26 1105354 8.7810172995763E11 1621559.26 155 5 150 10385 335 10050
61200.0 16452 2.63676878463E10 1645756.22 1121806 9.0446941780393E11 1645756.22 155 5 150 10540 340 10200
62100.0 16560 2.684833909015E10 1669953.19 1138366 9.3131775689408E11 1669953.19 155 5 150 10695 345 10350
63000.0 16524 2.720920958374E10 1694150.17 1154890 9.5852696647782E11 1694150.17 155 5 150 10850 350 10500
63900.0 16452 2.753950063724E10 1718347.14 1171342 9.8606646711506E11 1718347.14 155 5 150 11005 355 10650
64800.0 16452 2.793003781247E10 1742544.11 1187794 1.01399650492753E12 1742544.11 155 5 150 11160 360 10800
65700.0 16560 2.841608657161E10 1766741.07 1204354 1.04241259149914E12 1766741.07 155 5 150 11315 365 10950
66600.0 16524 2.877504391361E10 1790938.05 1220878 1.07118763541276E12 1790938.05 155 5 150 11470 370 11100
67500.0 16452 2.910185060342E10 1815135.02 1237330 1.10028948601618E12 1815135.02 155 5 150 11625 375 11250
68400.0 16452 2.949238777865E10 1839331.99 1253782 1.12978187379483E12 1839331.99 155 5 150 11780 380 11400
69300.0 16560 2.998349210459E10 1863528.95 1270342 1.15976536589942E12 1863528.95 155 5 150 11935 385 11550
70200.0 16524 3.034087823449E10 1887725.93 1286866 1.19010624413391E12 1887725.93 155 5 150 12090 390 11700
71100.0 16452 3.06642005696E10 1911922.9 1303318 1.22077044470351E12 1911922.9 155 5 150 12245 395 11850
72000.0 16452 3.105473774483E10 1936119.87 1319770 1.25182518244834E12 1936119.87 155 5 150 12400 400 12000
72900.0 16560 3.155106862532E10 1960316.83 1336330 1.28337625107365E12 1960316.83 155 5 150 12555 405 12150
73800.0 16524 3.190671257336E10 1984513.81 1352854 1.31528296364701E12 1984513.81 155 5 150 12710 410 12300
74700.0 16452 3.222655053578E10 2008710.78 1369306 1.34750951418279E12 2008710.78 155 5 150 12865 415 12450
75600.0 16452 3.261708771101E10 2032907.75 1385758 1.3801266018938E12 2032907.75 155 5 150 13020 420 12600
76500.0 16560 3.311881791694E10 2057104.92 1402318 1.41324541981073E12 2057104.92 155 5 150 13175 425 12750
77400.0 16524 3.347255342814E10 2081302.26 1418842 1.44671797323887E12 2081302.26 155 5 150 13330 430 12900
78300.0 16452 3.378890973691E10 2105499.23 1435294 1.48050688297578E12 2105499.23 155 5 150 13485 435 13050
79200.0 16452 3.417944691208E10 2129696.2 1451746 1.51468632988787E12 2129696.2 155 5 150 13640 440 13200
80100.0 16560 3.468623090549E10 2153893.17 1468306 1.54937256079336E12 2153893.17 155 5 150 13795 445 13350
81000.0 16524 3.503839844639E10 2178090.14 1484830 1.58441095923975E12 2178090.14 155 5 150 13950 450 13500
81900.0 16452 3.535125970279E10 2202287.11 1501282 1.61976221894254E12 2202287.11 155 5 150 14105 455 13650
82800.0 16452 3.574179687796E10 2226484.08 1517734 1.6555040158205E12 2226484.08 155 5 150 14260 460 13800
83700.0 16560 3.625397839565E10 2250681.05 1534294 1.69175799421615E12 2250681.05 155 5 150 14415 465 13950
84600.0 16524 3.660422481805E10 2274878.02 1550818 1.7283622190342E12 2274878.02 155 5 150 14570 470 14100
85500.0 16452 3.691360966867E10 2299074.99 1567270 1.76527582870287E12 2299074.99 155 5 150 14725 475 14250
86400.0 16452 3.730414684384E10 2323271.96 1583722 1.80257997554671E12 2323271.96 155 5 150 14880 480 14400
87300.0 16560 3.782138391933E10 2347468.93 1600282 1.84040135946605E12 2347468.93 155 5 150 15035 485 14550
88200.0 16524 3.817006709654E10 2371665.9 1616806 1.87857142656258E12 2371665.9 155 5 150 15190 490 14700
89100.0 16452 3.847595963455E10 2395862.87 1633258 1.91704738619713E12 2395862.87 155 5 150 15345 495 14850
90000.0 16452 3.886649680972E10 2420059.84 1649710 1.95591388300685E12 2420059.84 155 5 150 15500 500 15000
90900.0 16560 3.938913140949E10 2444256.81 1666270 1.99530301441634E12 2444256.81 155 5 150 15655 505 15150
91800.0 16524 3.973589346826E10 2468453.79 1682794 2.0350389078846E12 2468453.79 155 5 150 15810 510 15300
92700.0 16452 4.003830960048E10 2492650.75 1699246 2.07507721748508E12 2492650.75 155 5 150 15965 515 15450
93600.0 16452 4.042884677565E10 2516847.72 1715698 2.11550606426073E12 2516847.72 155 5 150 16120 520 15600
94500.0 16560 4.095653695123E10 2541044.69 1732258 2.15646260121197E12 2541044.69 155 5 150 16275 525 15750
95400.0 16524 4.130173575579E10 2565241.67 1748782 2.19776433696776E12 2565241.67 155 5 150 16430 530 15900
96300.0 16452 4.160065956642E10 2589438.63 1765234 2.23936499653418E12 2589438.63 155 5 150 16585 535 16050
97200.0 16452 4.199119674158E10 2613635.6 1781686 2.28135619327576E12 2613635.6 155 5 150 16740 540 16200
98100.0 16560 4.252411346271E10 2637832.57 1798246 2.32388030673847E12 2637832.57 155 5 150 16895 545 16350
99000.0 16524 4.286756212751E10 2662029.55 1814770 2.36674786886598E12 2662029.55 155 5 150 17050 550 16500
99900.0 16452 4.316300953235E10 2686226.51 1831222 2.40991087839833E12 2686226.51 155 5 150 17205 555 16650
100800.0 16452 4.355354670752E10 2710423.48 1847674 2.45346442510585E12 2710423.48 155 5 150 17360 560 16800
101700.0 16560 4.409169195071E10 2734620.72 1864234 2.49755611705656E12 2734620.72 155 5 150 17515 565 16950
102600.0 16524 4.443340364761E10 2758817.99 1880758 2.54198952070417E12 2758817.99 155 5 150 17670 570 17100
103500.0 16452 4.472536872135E10 2783014.97 1897210 2.58671488942552E12 2783014.97 155 5 150 17825 575 17250
104400.0 16452 4.511590589652E10 2807211.93 1913662 2.63183079532204E12 2807211.93 155 5 150 17980 580 17400
105300.0 16560 4.565927574858E10 2831408.9 1930222 2.67749007107062E12 2831408.9 155 5 150 18135 585 17550
106200.0 16524 4.599924003041E10 2855605.88 1946746 2.72348931110103E12 2855605.88 155 5 150 18290 590 17700
107100.0 16452 4.628771868728E10 2879802.85 1963198 2.76977702978831E12 2879802.85 155 5 150 18445 595 17850
108000.0 16452 4.667825586245E10 2903999.81 1979650 2.81645528565077E12 2903999.81 155 5 150 18600 600 18000
108900.0 16560 4.722685225106E10 2928196.78 1996210 2.86368213790183E12 2928196.78 155 5 150 18755 605 18150
109800.0 16524 4.756507436909E10 2952393.76 2012734 2.91124721227092E12 2952393.76 155 5 150 18910 610 18300
110700.0 16452 4.785006865332E10 2976590.73 2029186 2.95909728092424E12 2976590.73 155 5 150 19065 615 18450
111600.0 16452 4.824060582849E10 3000787.69 2045638 3.00733788675274E12 3000787.69 155 5 150 19220 620 18600
112500.0 16560 4.879442877165E10 3024984.66 2062198 3.05613231552438E12 3024984.66 155 5 150 19375 625 18750
113400.0 16524 4.913090868983E10 3049181.64 2078722 3.10526322421421E12 3049181.64 155 5 150 19530 630 18900
114300.0 16452 4.941241861937E10 3073378.61 2095174 3.15467564283358E12 3073378.61 155 5 150 19685 635 19050
115200.0 16452 4.980295579453E10 3097575.57 2111626 3.20447859862811E12 3097575.57 155 5 150 19840 640 19200
116100.0 16560 5.036200526523E10 3121772.54 2128186 3.25484060389334E12 3121772.54 155 5 150 19995 645 19350
117000.0 16524 5.069674302857E10 3145969.52 2144710 3.30553734692191E12 3145969.52 155 5 150 20150 650 19500
117900.0 16452 5.097476858541E10 3170166.49 2161162 3.35651211550731E12 3170166.49 155 5 150 20305 655 19650
118800.0 16452 5.136530576057E10 3194363.46 2177614 3.40787742126789E12 3194363.46 155 5 150 20460 660 19800
119700.0 16560 5.192958180381E10 3218560.42 2194174 3.4598070030717E12 3218560.42 155 5 150 20615 665 19950
120600.0 16524 5.22625773493E10 3242757.4 2210698 3.512069580421E12 3242757.4 155 5 150 20770 670 20100
121500.0 16452 5.253711855145E10 3266954.37 2227150 3.56460669897245E12 3266954.37 155 5 150 20925 675 20250
122400.0 16452 5.292765572662E10 3291151.34 2243602 3.61753435469906E12 3291151.34 155 5 150 21080 680 20400
123300.0 16560 5.34971582974E10 3315348.3 2260162 3.67103151299646E12 3315348.3 155 5 150 21235 685 20550
124200.0 16524 5.382841168804E10 3339545.28 2276686 3.7248599246845E12 3339545.28 155 5 150 21390 690 20700
125100.0 16452 5.409946851749E10 3363742.25 2293138 3.77895939320199E12 3363742.25 155 5 150 21545 695 20850
126000.0 16458 5.449000670209E10 3387939.22 2309596 3.83344939990408E12 3387939.22 155 5 150 21700 700 21000
126900.0 16563 5.506473804129E10 3412136.52 2326159 3.88851413794537E12 3412136.52 155 5 150 21855 705 21150
127800.0 16524 5.539425309776E10 3436333.73 2342683 3.94390839104313E12 3436333.73 155 5 150 22010 710 21300
128700.0 16452 5.56618277081E10 3460530.7 2359135 3.99957021875123E12 3460530.7 155 5 150 22165 715 21450
129600.0 16452 5.605236488327E10 3484727.67 2375587 4.0556225836345E12 3484727.67 155 5 150 22320 720 21600
130500.0 16560 5.6632320594E10 3508924.64 2392147 4.11225490422849E12 3508924.64 155 5 150 22475 725 21750
131400.0 16524 5.696008958365E10 3533121.61 2408671 4.16921499381215E12 3533121.61 155 5 150 22630 730 21900
132300.0 16452 5.722417767414E10 3557318.58 2425123 4.22643917148629E12 3557318.58 155 5 150 22785 735 22050
133200.0 16452 5.761471484931E10 3581515.55 2441575 4.28405388633559E12 3581515.55 155 5 150 22940 740 22200
134100.0 16560 5.819989709658E10 3605712.52 2458135 4.34225378343217E12 3605712.52 155 5 150 23095 745 22350
135000.0 16524 5.852592392239E10 3629909.49 2474659 4.40077970735456E12 3629909.49 155 5 150 23250 750 22500
135900.0 16452 5.878652764018E10 3654106.46 2491111 4.45956623499474E12 3654106.46 155 5 150 23405 755 22650
136800.0 16452 5.917706481535E10 3678303.43 2507563 4.51874329981009E12 3678303.43 155 5 150 23560 760 22800
137700.0 16560 5.976747359917E10 3702500.4 2524123 4.57851077340926E12 3702500.4 155 5 150 23715 765 22950
138600.0 16524 6.009175824313E10 3726697.37 2540647 4.63860253165239E12 3726697.37 155 5 150 23870 770 23100
139500.0 16452 6.034887760622E10 3750894.34 2557099 4.69895140925861E12 3750894.34 155 5 150 24025 775 23250
140400.0 16452 6.073941478139E10 3775091.31 2573551 4.75969082404E12 3775091.31 155 5 150 24180 780 23400
141300.0 16560 6.133505011975E10 3799288.28 2590111 4.82102587415975E12 3799288.28 155 5 150 24335 785 23550
142200.0 16524 6.165759258186E10 3823485.25 2606635 4.88268346674161E12 3823485.25 155 5 150 24490 790 23700
143100.0 16452 6.191122757226E10 3847682.22 2623087 4.94459469431387E12 3847682.22 155 5 150 24645 795 23850
144000.0 16452 6.230176474743E10 3871879.19 2639539 5.0068964590613E12 3871879.19 155 5 150 24800 800 24000
144900.0 16560 6.290262663133E10 3896076.16 2656099 5.06979908569264E12 3896076.16 155 5 150 24955 805 24150
145800.0 16524 6.32234269026E10 3920273.13 2672623 5.13302251259524E12 3920273.13 155 5 150 25110 810 24300
146700.0 16452 6.34735775383E10 3944470.1 2689075 5.19649609013354E12 3944470.1 155 5 150 25265 815 24450
147600.0 16452 6.386411471347E10 3968667.07 2705527 5.26036020484701E12 3968667.07 155 5 150 25420 820 24600
148500.0 16560 6.447020314292E10 3992864.04 2722087 5.32483040798993E12 3992864.04 155 5 150 25575 825 24750
149400.0 16524 6.478926124134E10 4017061.02 2738611 5.38961966923127E12 4017061.02 155 5 150 25730 830 24900
150300.0 16452 6.503592750434E10 4041257.98 2755063 5.45465559673561E12 4041257.98 155 5 150 25885 835 25050
151200.0 16453 6.542646504679E10 4065454.95 2771516 5.52008206178241E12 4065454.95 155 5 150 26040 840 25200
152100.0 16560 6.603778338746E10 4089652.31 2788076 5.58611984516986E12 4089652.31 155 5 150 26195 845 25350
153000.0 16524 6.635510299376E10 4113849.46 2804600 5.65247494816362E12 4113849.46 155 5 150 26350 850 25500
153900.0 16452 6.659828668833E10 4138046.43 2821052 5.71907323485194E12 4138046.43 155 5 150 26505 855 25650
154800.0 16452 6.69888238635E10 4162243.4 2837504 5.78606205871544E12 4162243.4 155 5 150 26660 860 25800
155700.0 16560 6.760536541487E10 4186440.37 2854064 5.85366742413031E12 4186440.37 155 5 150 26815 865 25950
156600.0 16524 6.792093913937E10 4210637.35 2870588 5.92158836326969E12 4210637.35 155 5 150 26970 870 26100
157500.0 16452 6.816063665438E10 4234834.32 2887040 5.98974899992406E12 4234834.32 155 5 150 27125 875 26250
158400.0 16452 6.855117382955E10 4259031.28 2903492 6.05830017375361E12 4259031.28 155 5 150 27280 880 26400
159300.0 16560 6.91731128872E10 4283228.25 2920052 6.12747328664081E12 4283228.25 155 5 150 27435 885 26550
160200.0 16524 6.948677346012E10 4307425.23 2936576 6.19696006010093E12 4307425.23 155 5 150 27590 890 26700
161100.0 16452 6.972298662043E10 4331622.2 2953028 6.26668304672135E12 4331622.2 155 5 150 27745 895 26850
162000.0 16452 7.01135237956E10 4355819.16 2969480 6.33679657051695E12 4355819.16 155 5 150 27900 900 27000
162900.0 16560 7.074051842906E10 4380016.13 2986040 6.40753708894601E12 4380016.13 155 5 150 28055 905 27150
163800.0 16524 7.105261576567E10 4404213.11 3002564 6.47858970471168E12 4404213.11 155 5 150 28210 910 27300
164700.0 16452 7.128533658637E10 4428410.08 3019016 6.54987504129805E12 4428410.08 155 5 150 28365 915 27450
165600.0 16452 7.167587376154E10 4452607.04 3035468 6.62155091505959E12 4452607.04 155 5 150 28520 920 27600
166500.0 16560 7.230826591028E10 4476804.01 3052028 6.69385918096987E12 4476804.01 155 5 150 28675 925 27750
167400.0 16524 7.26184421284E10 4501000.99 3068552 6.76647762309826E12 4501000.99 155 5 150 28830 930 27900
168300.0 16452 7.284768655231E10 4525197.96 3085004 6.83932530965058E12 4525197.96 155 5 150 28985 935 28050
169200.0 16452 7.323822372748E10 4549394.92 3101456 6.91256353337806E12 4549394.92 155 5 150 29140 940 28200
170100.0 16560 7.387567145203E10 4573591.89 3118016 6.98643920483009E12 4573591.89 155 5 150 29295 945 28350
171000.0 16524 7.418428441594E10 4597788.87 3134540 7.06062348924603E12 4597788.87 155 5 150 29450 950 28500
171900.0 16452 7.441003651825E10 4621985.84 3150992 7.13503352576429E12 4621985.84 155 5 150 29605 955 28650
172800.0 16452 7.480057369342E10 4646182.8 3167444 7.20983409945771E12 4646182.8 155 5 150 29760 960 28800
173700.0 16560 7.544324796352E10 4670379.77 3184004 7.28527734742123E12 4670379.77 155 5 150 29915 965 28950
174600.0 16524 7.575011078767E10 4694576.75 3200528 7.3610274582089E12 4694576.75 155 5 150 30070 970 29100
175500.0 16452 7.59723864842E10 4718773.72 3216980 7.4369998446931E12 4718773.72 155 5 150 30225 975 29250
176400.0 16452 7.636292365937E10 4742970.68 3233432 7.51336276835246E12 4742970.68 155 5 150 30380 980 29400
177300.0 16560 7.701082805599E10 4767168.1 3249992 7.59037359640845E12 4767168.1 155 5 150 30535 985 29550
178200.0 16524 7.731595310105E10 4791365.2 3266516 7.6676895495095E12 4791365.2 155 5 150 30690 990 29700
179100.0 16452 7.753474567208E10 4815562.17 3282968 7.74522429518158E12 4815562.17 155 5 150 30845 995 29850
180000.0 16452 7.792528284725E10 4839759.14 3299420 7.82314957802883E12 4839759.14 155 5 150 31000 1000 30000
180900.0 16560 7.857841025728E10 4863956.1 3315980 7.90172798828611E12 4863956.1 155 5 150 31155 1005 30150
181800.0 16524 7.88817886894E10 4888153.08 3332504 7.98060977697551E12 4888153.08 155 5 150 31310 1010 30300
182700.0 16452 7.909709563797E10 4912350.05 3348956 8.05970687261348E12 4912350.05 155 5 150 31465 1015 30450
183600.0 16452 7.948763281314E10 4936547.02 3365408 8.13919450542661E12 4936547.02 155 5 150 31620 1020 30600
184500.0 16560 8.014598674171E10 4960743.98 3381968 8.21934049216832E12 4960743.98 155 5 150 31775 1025 30750
185400.0 16524 8.044762301898E10 4984940.96 3398492 8.29978811518731E12 4984940.96 155 5 150 31930 1030 30900
186300.0 16452 8.065944560386E10 5009137.93 3414944 8.38044756079116E12 5009137.93 155 5 150 32085 1035 31050
187200.0 16452 8.104998277903E10 5033334.9 3431396 8.46149754357019E12 5033334.9 155 5 150 32240 1040 31200
188100.0 16560 8.171356328014E10 5057531.87 3447956 8.54321110685033E12 5057531.87 155 5 150 32395 1045 31350
189000.0 16524 8.201345734857E10 5081728.84 3464480 8.6252245641989E12 5081728.84 155 5 150 32550 1050 31500
189900.0 16452 8.222179556974E10 5105925.81 3480932 8.70744635976864E12 5105925.81 155 5 150 32705 1055 31650
190800.0 16452 8.261233274491E10 5130122.78 3497384 8.79005869251356E12 5130122.78 155 5 150 32860 1060 31800
191700.0 16560 8.328113978257E10 5154319.75 3513944 8.87333983229613E12 5154319.75 155 5 150 33015 1065 31950
192600.0 16524 8.357929167815E10 5178516.72 3530468 8.95691912397428E12 5178516.72 155 5 150 33170 1070 32100
193500.0 16452 8.378414553563E10 5202713.69 3546920 9.04070326950992E12 5202713.69 155 5 150 33325 1075 32250
194400.0 16452 8.41746827108E10 5226910.66 3563372 9.12487795222072E12 5226910.66 155 5 150 33480 1080 32400
195300.0 16560 8.484871628501E10 5251107.63 3579932 9.20972666850572E12 5251107.63 155 5 150 33635 1085 32550
196200.0 16524 8.514512600774E10 5275304.6 3596456 9.29487179451346E12 5275304.6 155 5 150 33790 1090 32700
197100.0 16452 8.534649550152E10 5299501.57 3612908 9.38021829001498E12 5299501.57 155 5 150 33945 1095 32850
198000.0 16452 8.573703267669E10 5323698.54 3629360 9.46595532269167E12 5323698.54 155 5 150 34100 1100 33000
198900.0 16560 8.641629280544E10 5347895.51 3645920 9.55237161549711E12 5347895.51 155 5 150 34255 1105 33150
199800.0 16524 8.671096033732E10 5372092.48 3662444 9.63908257583443E12 5372092.48 155 5 150 34410 1110 33300
200700.0 16452 8.690884546741E10 5396289.45 3678896 9.72599142130184E12 5396289.45 155 5 150 34565 1115 33450
201600.0 16452 8.729938264258E10 5420486.42 3695348 9.81329080394442E12 5420486.42 155 5 150 34720 1120 33600
202500.0 16560 8.798387357855E10 5444683.88 3711908 9.90127467752297E12 5444683.88 155 5 150 34875 1125 33750
203400.0 16524 8.827680330332E10 5468880.94 3728432 9.98955148082628E12 5468880.94 155 5 150 35030 1130 33900
204300.0 16452 8.847120467242E10 5493077.9 3744884 1.00780226854987E13 5493077.9 155 5 150 35185 1135 34050
205200.0 16452 8.886174184759E10 5517274.87 3761336 1.01668844273463E13 5517274.87 155 5 150 35340 1140 34200
206100.0 16560 8.955145508033E10 5541471.84 3777896 1.025643588242663E13 5541471.84 155 5 150 35495 1145 34350
207000.0 16525 8.984263825611E10 5565668.82 3794421 1.034627852068274E13 5565668.82 155 5 150 35650 1150 34500
207900.0 16452 9.00335546382E10 5589865.78 3810873 1.043631207532094E13 5589865.78 155 5 150 35805 1155 34650
208800.0 16452 9.042409181337E10 5614062.75 3827325 1.052673616713432E13 5614062.75 155 5 150 35960 1160 34800
209700.0 16560 9.111903161866E10 5638259.72 3843885 1.061785519875298E13 5638259.72 155 5 150 36115 1165 34950
210600.0 16524 9.140847258548E10 5662456.7 3860409 1.070926367133845E13 5662456.7 155 5 150 36270 1170 35100
211500.0 16452 9.159590460387E10 5686653.67 3876861 1.080085957594233E13 5686653.67 155 5 150 36425 1175 35250
212400.0 16452 9.198644177905E10 5710850.63 3893313 1.089284601772137E13 5710850.63 155 5 150 36580 1180 35400
213300.0 16560 9.268660810287E10 5735047.6 3909873 1.098553262582424E13 5735047.6 155 5 150 36735 1185 35550
214200.0 16524 9.297430691485E10 5759244.58 3926397 1.107850693273909E13 5759244.58 155 5 150 36890 1190 35700
215100.0 16452 9.315825456955E10 5783441.55 3942849 1.117166518730863E13 5783441.55 155 5 150 37045 1195 35850
216000.0 16452 9.354879174472E10 5807638.51 3959301 1.126521397905335E13 5807638.51 155 5 150 37200 1200 36000
216900.0 16560 9.425418464109E10 5831835.48 3975861 1.135946816369444E13 5831835.48 155 5 150 37355 1205 36150
217800.0 16524 9.454014124421E10 5856032.46 3992385 1.145400830493865E13 5856032.46 155 5 150 37510 1210 36300
218700.0 16452 9.472060453522E10 5880229.43 4008837 1.154872890947387E13 5880229.43 155 5 150 37665 1215 36450
219600.0 16452 9.511114171039E10 5904426.39 4025289 1.164384005118426E13 5904426.39 155 5 150 37820 1220 36600
220500.0 16560 9.58217611343E10 5928623.36 4041849 1.173966181231856E13 5928623.36 155 5 150 37975 1225 36750
221400.0 16524 9.610597557358E10 5952820.34 4058373 1.183576778789214E13 5952820.34 155 5 150 38130 1230 36900
222300.0 16452 9.628295450084E10 5977017.31 4074825 1.193205074239298E13 5977017.31 155 5 150 38285 1235 37050
223200.0 16452 9.667349167601E10 6001214.27 4091277 1.202872423406898E13 6001214.27 155 5 150 38440 1240 37200
224100.0 16560 9.738933765446E10 6025411.24 4107837 1.212611357172344E13 6025411.24 155 5 150 38595 1245 37350
225000.0 16524 9.767180990289E10 6049608.22 4124361 1.222378538162634E13 6049608.22 155 5 150 38750 1250 37500
225900.0 16458 9.784530446646E10 6073805.19 4140819 1.232163068609279E13 6073805.19 155 5 150 38905 1255 37650
226800.0 16452 9.823584197081E10 6098002.19 4157271 1.241986652806361E13 6098002.19 155 5 150 39060 1260 37800
227700.0 16562 9.895692019337E10 6122199.66 4173833 1.251882344825698E13 6122199.66 155 5 150 39215 1265 37950
228600.0 16524 9.923765360577E10 6146396.67 4190357 1.261806110186274E13 6146396.67 155 5 150 39370 1270 38100
229500.0 16452 9.940766367961E10 6170593.64 4206809 1.271746876554236E13 6170593.64 155 5 150 39525 1275 38250
230400.0 16452 9.979820085478E10 6194790.61 4223261 1.281726696639714E13 6194790.61 155 5 150 39680 1280 38400
231300.0 16560 1.0052449995526E11 6218987.58 4239821 1.29177914663524E13 6218987.58 155 5 150 39835 1285 38550
232200.0 16524 1.0080348782968E11 6243184.55 4256345 1.301859495418208E13 6243184.55 155 5 150 39990 1290 38700
233100.0 16452 1.0097001364523E11 6267381.52 4272797 1.311956496782731E13 6267381.52 155 5 150 40145 1295 38850
234000.0 16452 1.013605508204E11 6291578.49 4289249 1.322092551864772E13 6291578.49 155 5 150 40300 1300 39000
234900.0 16560 1.0209207645742E11 6315775.46 4305809 1.332301759510514E13 6315775.46 155 5 150 40455 1305 39150
235800.0 16524 1.02369322159E11 6339972.43 4322333 1.342538691726413E13 6339972.43 155 5 150 40610 1310 39300
236700.0 16452 1.0253236361085E11 6364169.4 4338785 1.352791928087498E13 6364169.4 155 5 150 40765 1315 39450
237600.0 16452 1.0292290078602E11 6388366.37 4355237 1.3630842181661E13 6388366.37 155 5 150 40920 1320 39600
238500.0 16560 1.0365965297758E11 6412563.34 4371797 1.373450183463858E13 6412563.34 155 5 150 41075 1325 39750
239400.0 16524 1.0393515648831E11 6436760.31 4388321 1.383843699112689E13 6436760.31 155 5 150 41230 1330 39900
240300.0 16452 1.0409471357647E11 6460957.28 4404773 1.394253170470336E13 6460957.28 155 5 150 41385 1335 40050
241200.0 16452 1.0448525075164E11 6485154.25 4421225 1.4047016955455E13 6485154.25 155 5 150 41540 1340 40200
242100.0 16560 1.0522722947974E11 6509351.22 4437785 1.415224418493474E13 6509351.22 155 5 150 41695 1345 40350
243000.0 16524 1.0550099081762E11 6533548.19 4454309 1.425774517575236E13 6533548.19 155 5 150 41850 1350 40500
243900.0 16452 1.0565706354209E11 6557745.16 4470761 1.436340223929445E13 6557745.16 155 5 150 42005 1355 40650
244800.0 16452 1.0604760071726E11 6581942.13 4487213 1.446944984001171E13 6581942.13 155 5 150 42160 1360 40800
245700.0 16560 1.067948059999E11 6606139.1 4503773 1.45762446460116E13 6606139.1 155 5 150 42315 1365 40950
246600.0 16524 1.0706682514694E11 6630336.07 4520297 1.468331147115854E13 6630336.07 155 5 150 42470 1370 41100
247500.0 16452 1.072194135077E11 6654533.04 4536749 1.479053088466625E13 6654533.04 155 5 150 42625 1375 41250
248400.0 16452 1.0760995068288E11 6678730.01 4553201 1.489814083534912E13 6678730.01 155 5 150 42780 1380 41400
249300.0 16560 1.0836238251102E11 6702926.98 4569761 1.500650321786014E13 6702926.98 155 5 150 42935 1385 41550
250200.0 16524 1.0863265947619E11 6727123.95 4586285 1.511513587733633E13 6727123.95 155 5 150 43090 1390 41700
251100.0 16453 1.0878176347327E11 6751320.92 4602738 1.52239176408096E13 6751320.92 155 5 150 43245 1395 41850
252000.0 16452 1.0917230153769E11 6775517.99 4619190 1.53330899423473E13 6775517.99 155 5 150 43400 1400 42000
252900.0 16560 1.0992996424328E11 6799715.42 4635750 1.544301990659058E13 6799715.42 155 5 150 43555 1405 42150
253800.0 16524 1.1019850307054E11 6823912.41 4652274 1.555321840966112E13 6823912.41 155 5 150 43710 1410 42300
254700.0 16452 1.103441226833E11 6848109.38 4668726 1.566356253234442E13 6848109.38 155 5 150 43865 1415 42450
255600.0 16452 1.1073465985847E11 6872306.34 4685178 1.577429719220289E13 6872306.34 155 5 150 44020 1420 42600
256500.0 16560 1.1149754480862E11 6896503.31 4701738 1.588579473701151E13 6896503.31 155 5 150 44175 1425 42750
257400.0 16524 1.1176433739985E11 6920700.29 4718262 1.599755907441136E13 6920700.29 155 5 150 44330 1430 42900
258300.0 16452 1.1190647264892E11 6944897.26 4734714 1.610946554706028E13 6944897.26 155 5 150 44485 1435 43050
259200.0 16452 1.1229700982409E11 6969094.22 4751166 1.622176255688437E13 6969094.22 155 5 150 44640 1440 43200
260100.0 16560 1.1306512131078E11 6993291.19 4767726 1.633482767819516E13 6993291.19 155 5 150 44795 1445 43350
261000.0 16524 1.1333017172906E11 7017488.17 4784250 1.644815784992422E13 7017488.17 155 5 150 44950 1450 43500
261900.0 16452 1.1346882261443E11 7041685.14 4800702 1.656162667253865E13 7041685.14 155 5 150 45105 1455 43650
262800.0 16452 1.138593597896E11 7065882.1 4817154 1.667548603232825E13 7065882.1 155 5 150 45260 1460 43800
263700.0 16560 1.1463286880061E11 7090079.07 4833714 1.679011890112886E13 7090079.07 155 5 150 45415 1465 43950
264600.0 16524 1.1489600605832E11 7114276.05 4850238 1.690501490718718E13 7114276.05 155 5 150 45570 1470 44100
265500.0 16452 1.1503117257999E11 7138473.02 4866690 1.702004607976717E13 7138473.02 155 5 150 45725 1475 44250
266400.0 16452 1.1542170975516E11 7162669.98 4883142 1.713546778952233E13 7162669.98 155 5 150 45880 1480 44400
267300.0 16560 1.1620027433294E11 7186866.95 4899702 1.725166806385527E13 7186866.95 155 5 150 46035 1485 44550
268200.0 16524 1.1646184835464E11 7211063.93 4916226 1.736812991220992E13 7211063.93 155 5 150 46190 1490 44700
269100.0 16452 1.1659352254572E11 7235260.9 4932678 1.748472343475564E13 7235260.9 155 5 150 46345 1495 44850
270000.0 16452 1.1698405972089E11 7259457.86 4949130 1.760170749447653E13 7259457.86 155 5 150 46500 1500 45000
270900.0 16560 1.1776802183199E11 7283654.83 4965690 1.771947551630851E13 7283654.83 155 5 150 46655 1505 45150
271800.0 16524 1.1802767470815E11 7307851.81 4982214 1.783750319101667E13 7307851.81 155 5 150 46810 1510 45300
272700.0 16452 1.1815587251145E11 7332048.78 4998666 1.795565906352811E13 7332048.78 155 5 150 46965 1515 45450
273600.0 16452 1.1854640968662E11 7356245.75 5015118 1.807420547321473E13 7356245.75 155 5 150 47120 1520 45600
274500.0 16560 1.1933542734648E11 7380442.71 5031678 1.819354090056121E13 7380442.71 155 5 150 47275 1525 45750
275400.0 16524 1.1959351701349E11 7404639.69 5048202 1.831313441757469E13 7404639.69 155 5 150 47430 1530 45900
276300.0 16452 1.1971822247717E11 7428836.66 5064654 1.843285264005186E13 7428836.66 155 5 150 47585 1535 46050
277200.0 16452 1.20108760975E11 7453033.79 5081106 1.855296140102686E13 7453033.79 155 5 150 47740 1540 46200
278100.0 16560 1.2090301020421E11 7477231.16 5097666 1.867386441123107E13 7477231.16 155 5 150 47895 1545 46350
279000.0 16524 1.2115935262722E11 7501428.14 5114190 1.879502376385829E13 7501428.14 155 5 150 48050 1550 46500
279900.0 16452 1.2128058168251E11 7525625.11 5130642 1.89163043455408E13 7525625.11 155 5 150 48205 1555 46650
280800.0 16452 1.2167111885768E11 7549822.08 5147094 1.903797546439848E13 7549822.08 155 5 150 48360 1560 46800
281700.0 16560 1.2247076061832E11 7574019.05 5163654 1.91604462250168E13 7574019.05 155 5 150 48515 1565 46950
282600.0 16524 1.2272518696564E11 7598216.02 5180178 1.928317141198244E13 7598216.02 155 5 150 48670 1570 47100
283500.0 16452 1.2284293164824E11 7622412.99 5196630 1.940601434363068E13 7622412.99 155 5 150 48825 1575 47250
284400.0 16452 1.2323346882341E11 7646609.96 5213082 1.952924781245409E13 7646609.96 155 5 150 48980 1580 47400
285300.0 16560 1.2403816616881E11 7670806.93 5229642 1.96532859786229E13 7670806.93 155 5 150 49135 1585 47550
286200.0 16524 1.2429102925302E11 7695003.9 5246166 1.977757700787593E13 7695003.9 155 5 150 49290 1590 47700
287100.0 16452 1.2440528161402E11 7719200.87 5262618 1.990198228948995E13 7719200.87 155 5 150 49445 1595 47850
288000.0 16452 1.2479581878919E11 7743397.84 5279070 2.002677810827914E13 7743397.84 155 5 150 49600 1600 48000
288900.0 16560 1.2560591365891E11 7767594.81 5295630 2.015238402193805E13 7767594.81 155 5 150 49755 1605 48150
289800.0 16524 1.2585685562464E11 7791791.78 5312154 2.027824087756269E13 7791791.78 155 5 150 49910 1610 48300
290700.0 16452 1.2596763157985E11 7815988.75 5328606 2.040420850914255E13 7815988.75 155 5 150 50065 1615 48450
291600.0 16452 1.2635816875503E11 7840185.72 5345058 2.053056667789757E13 7840185.72 155 5 150 50220 1620 48600
292500.0 16560 1.2717331919151E11 7864382.69 5361618 2.065773999708908E13 7864382.69 155 5 150 50375 1625 48750
293400.0 16524 1.2742269792108E11 7888579.66 5378142 2.078516269501017E13 7888579.66 155 5 150 50530 1630 48900
294300.0 16452 1.2752998154569E11 7912776.63 5394594 2.091269267655586E13 7912776.63 155 5 150 50685 1635 49050
295200.0 16452 1.2792051872086E11 7936973.6 5411046 2.104061319527672E13 7936973.6 155 5 150 50840 1640 49200
296100.0 16560 1.2874089569389E11 7961170.57 5427606 2.11693540909706E13 7961170.57 155 5 150 50995 1645 49350
297000.0 16524 1.289885242747E11 7985367.55 5444130 2.129834261524531E13 7985367.55 155 5 150 51150 1650 49500
297900.0 16452 1.2909233151152E11 8009564.51 5460582 2.142743494675683E13 8009564.51 155 5 150 51305 1655 49650
298800.0 16452 1.2948286868669E11 8033761.48 5477034 2.155691781544352E13 8033761.48 155 5 150 51460 1660 49800
299700.0 16560 1.3030847221427E11 8057958.45 5493594 2.168722628765779E13 8057958.45 155 5 150 51615 1665 49950
300600.0 16524 1.3055435861323E11 8082155.43 5510118 2.181778064627103E13 8082155.43 155 5 150 51770 1670 50100
301500.0 16452 1.3065468147736E11 8106352.39 5526570 2.194843532774838E13 8106352.39 155 5 150 51925 1675 50250
302400.0 16452 1.3104522040171E11 8130549.58 5543022 2.207948054815009E13 8130549.58 155 5 150 52080 1680 50400
303300.0 16560 1.3187605482627E11 8154746.9 5559582 2.221135660297636E13 8154746.9 155 5 150 52235 1685 50550
304200.0 16524 1.3212020218626E11 8178943.88 5576106 2.234347680516262E13 8178943.88 155 5 150 52390 1690 50700
305100.0 16452 1.322170406751E11 8203140.85 5592558 2.247569384583772E13 8203140.85 155 5 150 52545 1695 50850
306000.0 16452 1.3260757785027E11 8227337.81 5609010 2.260830142368799E13 8227337.81 155 5 150 52700 1700 51000
306900.0 16560 1.3344363449985E11 8251534.78 5625570 2.274174505818785E13 8251534.78 155 5 150 52855 1705 51150
307800.0 16524 1.336860365249E11 8275731.76 5642094 2.287543109471274E13 8275731.76 155 5 150 53010 1710 51300
308700.0 16452 1.3377939064111E11 8299928.73 5658546 2.300921048535385E13 8299928.73 155 5 150 53165 1715 51450
309600.0 16452 1.341699278165E11 8324125.69 5674998 2.314338041317035E13 8324125.69 155 5 150 53320 1720 51600
310500.0 16560 1.3501121101165E11 8348322.66 5691558 2.3278391624182E13 8348322.66 155 5 150 53475 1725 51750
311400.0 16524 1.3525187084635E11 8372519.64 5708082 2.341364349502835E13 8372519.64 155 5 150 53630 1730 51900
312300.0 16452 1.3534174060803E11 8396716.61 5724534 2.354898523563638E13 8396716.61 155 5 150 53785 1735 52050
313200.0 16452 1.3573227778343E11 8420913.57 5740986 2.368471751341981E13 8420913.57 155 5 150 53940 1740 52200
314100.0 16560 1.3657878750612E11 8445110.54 5757546 2.382129630092593E13 8445110.54 155 5 150 54095 1745 52350
315000.0 16524 1.3681770518597E11 8469307.52 5774070 2.39581140061119E13 8469307.52 155 5 150 54250 1750 52500
315900.0 16452 1.3690409057496E11 8493504.49 5790522 2.409501809668686E13 8493504.49 155 5 150 54405 1755 52650
316800.0 16452 1.3729462775036E11 8517701.45 5806974 2.423231272443722E13 8517701.45 155 5 150 54560 1760 52800
317700.0 16560 1.381463640366E11 8541898.42 5823534 2.437045908847382E13 8541898.42 155 5 150 54715 1765 52950
318600.0 16524 1.3838354747456E11 8566095.4 5840058 2.450884263594838E13 8566095.4 155 5 150 54870 1770 53100
319500.0 16452 1.3846644054194E11 8590292.37 5856510 2.464730907649032E13 8590292.37 155 5 150 55025 1775 53250
320400.0 16452 1.3885697771734E11 8614489.34 5872962 2.478616605420766E13 8614489.34 155 5 150 55180 1780 53400
321300.0 16560 1.3971394053113E11 8638686.3 5889522 2.49258799947388E13 8638686.3 155 5 150 55335 1785 53550
322200.0 16524 1.3994937384734E11 8662883.28 5906046 2.506582936858613E13 8662883.28 155 5 150 55490 1790 53700
323100.0 16452 1.4002879050892E11 8687080.25 5922498 2.520585815909506E13 8687080.25 155 5 150 55645 1795 53850
324000.0 16452 1.4041932768433E11 8711277.22 5938950 2.534627748677938E13 8711277.22 155 5 150 55800 1800 54000
324900.0 16560 1.4128151706166E11 8735474.18 5955510 2.548755900384105E13 8735474.18 155 5 150 55955 1805 54150
325800.0 16524 1.4151520816907E11 8759671.16 5972034 2.562907421201012E13 8759671.16 155 5 150 56110 1810 54300
326700.0 16458 1.4159114103083E11 8783868.13 5988492 2.577066535304095E13 8783868.13 155 5 150 56265 1815 54450
327600.0 16455 1.4198168030152E11 8808065.38 6004947 2.591264703334248E13 8808065.38 155 5 150 56420 1820 54600
328500.0 16560 1.4284910022021E11 8832262.63 6021507 2.605549613356269E13 8832262.63 155 5 150 56575 1825 54750
329400.0 16524 1.4308105174445E11 8856459.61 6038031 2.619857718530714E13 8856459.61 155 5 150 56730 1830 54900
330300.0 16452 1.4315349966707E11 8880656.58 6054483 2.63417306849742E13 8880656.58 155 5 150 56885 1835 55050
331200.0 16452 1.4354403684247E11 8904853.55 6070935 2.648527472181668E13 8904853.55 155 5 150 57040 1840 55200
332100.0 16560 1.4441685031171E11 8929050.52 6087495 2.662969157212838E13 8929050.52 155 5 150 57195 1845 55350
333000.0 16524 1.4464689404209E11 8953247.49 6104019 2.677433846617048E13 8953247.49 155 5 150 57350 1850 55500
333900.0 16452 1.4471584963411E11 8977444.46 6120471 2.691905431580459E13 8977444.46 155 5 150 57505 1855 55650
334800.0 16452 1.4510638680951E11 9001641.43 6136923 2.706416070261409E13 9001641.43 155 5 150 57660 1860 55800
335700.0 16560 1.4598425584534E11 9025838.4 6153483 2.721014495845944E13 9025838.4 155 5 150 57815 1865 55950
336600.0 16524 1.4621272041492E11 9050035.37 6170007 2.735635767887436E13 9050035.37 155 5 150 57970 1870 56100
337500.0 16452 1.4627819960114E11 9074232.34 6186459 2.75026358784755E13 9074232.34 155 5 150 58125 1875 56250
338400.0 16452 1.4666873677655E11 9098429.31 6202911 2.764930461525205E13 9098429.31 155 5 150 58280 1880 56400
339300.0 16560 1.4755183234893E11 9122626.28 6219471 2.779685644760098E13 9122626.28 155 5 150 58435 1885 56550
340200.0 16524 1.4777856269462E11 9146823.25 6235995 2.794463501029559E13 9146823.25 155 5 150 58590 1890 56700
341100.0 16452 1.4784054956824E11 9171020.22 6252447 2.809247555986383E13 9171020.22 155 5 150 58745 1895 56850
342000.0 16452 1.4823108674364E11 9195217.19 6268899 2.824070664660747E13 9195217.19 155 5 150 58900 1900 57000
342900.0 16560 1.4911957985852E11 9219414.16 6285459 2.838982622646599E13 9219414.16 155 5 150 59055 1905 57150
343800.0 16524 1.493443890765E11 9243611.13 6301983 2.853917061554249E13 9243611.13 155 5 150 59210 1910 57300
344700.0 16452 1.4940289953533E11 9267808.1 6318435 2.868857351507782E13 9267808.1 155 5 150 59365 1915 57450
345600.0 16452 1.4979343671073E11 9292005.07 6334887 2.883836695178855E13 9292005.07 155 5 150 59520 1920 57600

