# seed = 1, gamma = 0.25, beta = 1.0, dee = 100.0, dcc = 5.0, dec = 150.0, dsc = 200.0, dLocalhost = 0.015, hostBroker = CLOUD, numOfCloud = 1, numOfEdge = 1, numOfSmartphone = 300 
#
# The columns have the following meaning: 
# instant[SECONDS] delayCountPartial delaySumPartial[SECONDS] delayMaxPartial[SECONDS] delayCountTot delaySumTot[SECONDS] delayMaxTot[SECONDS] runOnCloudPartial runOnEdgePartial runOnSmartphonePartial runOnCloudTot runOnEdgeTot runOnSmartphoneTot
0.0 0 0.0 0.0 0 0.0 0.0 0 0 0 0 0 0
900.0 16561 2.381936666E7 2988.99 16561 2.381936666E7 2988.99 8 2 300 8 2 300
1800.0 16524 5.946069368E7 5198.07 33085 8.328006034E7 5198.07 8 2 300 16 4 600
2700.0 16452 9.50099065E7 7406.85 49537 1.7828996684E8 7406.85 8 2 300 24 6 900
3600.0 16460 1.3066364105E8 9615.62 65997 3.0895360789E8 9615.62 8 2 300 32 8 1200
4500.0 16560 1.669455883E8 11824.96 82557 4.7589919619E8 11824.96 8 2 300 40 10 1500
5400.0 16524 2.0240775775E8 14033.76 99081 6.7830695394E8 14033.76 8 2 300 48 12 1800
6300.0 16453 2.3763549028E8 16242.53 115534 9.1594244422E8 16242.53 8 2 300 56 14 2100
7200.0 16452 2.7329368316E8 18451.87 131986 1.18923612738E9 18451.87 8 2 300 64 16 2400
8100.0 16560 3.1003190435E8 20660.65 148546 1.49926803173E9 20660.65 8 2 300 72 18 2700
9000.0 16524 3.4535034636E8 22869.44 165070 1.84461837809E9 22869.44 8 2 300 80 20 3000
9900.0 16452 3.8026107433E8 25078.21 181522 2.22487945242E9 25078.21 8 2 300 88 22 3300
10800.0 16452 4.159193561E8 27287.55 197974 2.64079880851E9 27287.55 8 2 300 96 24 3600
11700.0 16560 4.5315576479E8 29496.34 214534 3.0939545733E9 29496.34 8 2 300 104 26 3900
12600.0 16524 4.8829509497E8 31705.12 231058 3.58224966827E9 31705.12 8 2 300 112 28 4200
13500.0 16452 5.2289120272E8 33914.46 247510 4.10514087099E9 33914.46 8 2 300 120 30 4500
14400.0 16452 5.5854966402E8 36123.25 263962 4.66369053501E9 36123.25 8 2 300 128 32 4800
15300.0 16560 5.9623731885E8 38332.02 280522 5.25992785386E9 38332.02 8 2 300 136 34 5100
16200.0 16533 6.3123768359E8 40540.8 297055 5.89116553746E9 40540.8 8 2 300 144 36 5400
17100.0 16452 6.6551678677E8 42750.14 313507 6.55668232422E9 42750.14 8 2 300 152 38 5700
18000.0 16452 7.0117524807E8 44958.93 329959 7.25785757229E9 44958.93 8 2 300 160 40 6000
18900.0 16561 7.3934002975E8 47167.7 346520 7.99719760204E9 47167.7 8 2 300 168 42 6300
19800.0 16524 7.7418589602E8 49377.05 363044 8.77138349807E9 49377.05 8 2 300 176 44 6600
20700.0 16452 8.0814709756E8 51585.84 379496 9.57953059563E9 51585.84 8 2 300 184 46 6900
21600.0 16452 8.4380083212E8 53794.61 395948 1.042333142775E10 53794.61 8 2 300 192 48 7200
22500.0 16560 8.8244273165E8 56003.38 412508 1.130577415939E10 56003.38 8 2 300 200 50 7500
23400.0 16524 9.1712957364E8 58212.73 429032 1.222290373303E10 58212.73 8 2 300 208 52 7800
24300.0 16452 9.5077268161E8 60421.52 445484 1.317367641464E10 60421.52 8 2 300 216 54 8100
25200.0 16452 9.8642641617E8 62630.29 461936 1.416010283081E10 62630.29 8 2 300 224 56 8400
26100.0 16561 1.0255711915E9 64839.63 478497 1.518567402232E10 64839.63 8 2 300 232 58 8700
27000.0 16524 1.06007798152E9 67048.42 495021 1.624575200383E10 67048.42 8 2 300 240 60 9000
27900.0 16452 1.09339826599E9 69257.2 511473 1.733915026982E10 69257.2 8 2 300 248 62 9300
28800.0 16460 1.12905223659E9 71465.97 527933 1.846820250641E10 71465.97 8 2 300 256 64 9600
29700.0 16560 1.16865273349E9 73675.31 544493 1.96368552399E10 73675.31 8 2 300 264 66 9900
30600.0 16524 1.20302164162E9 75884.11 561017 2.083987688152E10 75884.11 8 2 300 272 68 10200
31500.0 16453 1.23602385053E9 78092.88 577470 2.207590073205E10 78092.88 8 2 300 280 70 10500
32400.0 16452 1.27168213229E9 80302.22 593922 2.334758286434E10 80302.22 8 2 300 288 72 10800
33300.0 16560 1.31176017629E9 82511.01 610482 2.465934304063E10 82511.01 8 2 300 296 74 11100
34200.0 16524 1.34596531977E9 84719.79 627006 2.60053083604E10 84719.79 8 2 300 304 76 11400
35100.0 16452 1.37865162504E9 86928.85 643458 2.738395998544E10 86928.85 8 2 300 312 78 11700
36000.0 16452 1.41431014892E9 89137.91 659910 2.879827013437E10 89137.91 8 2 300 320 80 12000
36900.0 16560 1.45486283153E9 91346.68 676470 3.02531329659E10 91346.68 8 2 300 328 82 12300
37800.0 16524 1.48890893285E9 93555.47 692994 3.174204189875E10 93555.47 8 2 300 336 84 12600
38700.0 16452 1.52127950815E9 95764.81 709446 3.326332140689E10 95764.81 8 2 300 344 86 12900
39600.0 16452 1.55693796945E9 97973.59 725898 3.482025937634E10 97973.59 8 2 300 352 88 13200
40500.0 16566 1.59796554307E9 100182.37 742464 3.641822491941E10 100182.37 8 2 300 360 90 13500
41400.0 16527 1.63185706588E9 102391.71 758991 3.80500819853E10 102391.71 8 2 300 368 92 13800
42300.0 16452 1.66390981787E9 104600.5 775443 3.971399180316E10 104600.5 8 2 300 376 94 14100
43200.0 16452 1.69956355413E9 106809.27 791895 4.14135553573E10 106809.27 8 2 300 384 96 14400
44100.0 16561 1.74106824561E9 109018.05 808456 4.31546236029E10 109018.05 8 2 300 392 98 14700
45000.0 16524 1.77480082417E9 111227.4 824980 4.492942442708E10 111227.4 8 2 300 400 100 15000
45900.0 16452 1.80653540432E9 113436.18 841432 4.67359598314E10 113436.18 8 2 300 408 102 15300
46800.0 16452 1.84218913887E9 115644.96 857884 4.857814897027E10 115644.96 8 2 300 416 104 15600
47700.0 16560 1.88419670612E9 117854.3 874444 5.046234567639E10 117854.3 8 2 300 424 106 15900
48600.0 16524 1.91774922353E9 120063.09 890968 5.238009489992E10 120063.09 8 2 300 432 108 16200
49500.0 16452 1.94916098917E9 122271.87 907420 5.432925588909E10 122271.87 8 2 300 440 110 16500
50400.0 16452 1.98481472372E9 124480.64 923872 5.631407061281E10 124480.64 8 2 300 448 112 16800
51300.0 16561 2.02727827142E9 126689.98 940433 5.834134888424E10 126689.98 8 2 300 456 114 17100
52200.0 16524 2.06069290194E9 128898.77 956957 6.040204178618E10 128898.77 8 2 300 464 116 17400
53100.0 16460 2.09178657402E9 131107.55 973417 6.24938283602E10 131107.55 8 2 300 472 118 17700
54000.0 16452 2.12744485578E9 133316.89 989869 6.462127321598E10 133316.89 8 2 300 480 120 18000
54900.0 16560 2.17038569169E9 135525.67 1006429 6.679165890767E10 135525.67 8 2 300 488 122 18300
55800.0 16524 2.20363657131E9 137734.45 1022953 6.899529547898E10 137734.45 8 2 300 496 124 18600
56700.0 16453 2.23441215881E9 139943.23 1039406 7.122970763779E10 139943.23 8 2 300 504 126 18900
57600.0 16452 2.27007044058E9 142152.57 1055858 7.349977807837E10 142152.57 8 2 300 512 128 19200
58500.0 16560 2.31348840333E9 144361.35 1072418 7.58132664817E10 144361.35 8 2 300 520 130 19500
59400.0 16524 2.34658024067E9 146570.14 1088942 7.815984672237E10 146570.14 8 2 300 528 132 19800
60300.0 16452 2.37704228795E9 148779.48 1105394 8.053688901032E10 148779.48 8 2 300 536 134 20100
61200.0 16452 2.41270074925E9 150988.26 1121846 8.294958975956E10 150988.26 8 2 300 544 136 20400
62100.0 16560 2.45659111497E9 153197.04 1138406 8.540618087454E10 153197.04 8 2 300 552 138 20700
63000.0 16525 2.48952391003E9 155405.82 1154931 8.789570478456E10 155405.82 8 2 300 560 140 21000
63900.0 16452 2.51966787274E9 157615.16 1171383 9.041537265731E10 157615.16 8 2 300 568 142 21300
64800.0 16452 2.55532633404E9 159823.94 1187835 9.297069899135E10 159823.94 8 2 300 576 144 21600
65700.0 16568 2.59971500141E9 162032.72 1204403 9.557041399276E10 162032.72 8 2 300 584 146 21900
66600.0 16524 2.6324721322E9 164242.07 1220927 9.820288612496E10 164242.07 8 2 300 592 148 22200
67500.0 16452 2.66229818428E9 166450.85 1237379 1.0086518430925E11 166450.85 8 2 300 600 150 22500
68400.0 16453 2.69795191884E9 168659.63 1253832 1.0356313622808E11 168659.63 8 2 300 608 152 22800
69300.0 16560 2.74279876706E9 170868.69 1270392 1.0630593499515E11 170868.69 8 2 300 616 154 23100
70200.0 16524 2.77541828785E9 173077.75 1286916 1.09081353283E11 173077.75 8 2 300 624 156 23400
71100.0 16452 2.80492371372E9 175286.53 1303368 1.1188627699672E11 175286.53 8 2 300 632 158 23700
72000.0 16452 2.84057744827E9 177495.3 1319820 1.1472685444499E11 177495.3 8 2 300 640 160 24000
72900.0 16560 2.88590375604E9 179704.64 1336380 1.1761275820104E11 179704.64 8 2 300 648 162 24300
73800.0 16524 2.91836415439E9 181913.44 1352904 1.2053112235542E11 181913.44 8 2 300 656 164 24600
74700.0 16452 2.94754929851E9 184122.21 1369356 1.2347867165394E11 184122.21 8 2 300 664 166 24900
75600.0 16453 2.98320749139E9 186331.55 1385809 1.2646187914533E11 186331.55 8 2 300 672 168 25200
76500.0 16560 3.02903237218E9 188540.34 1402369 1.2949091151751E11 188540.34 8 2 300 680 170 25500
77400.0 16524 3.06130782375E9 190749.12 1418893 1.3255221934125E11 190749.12 8 2 300 688 172 25800
78300.0 16460 3.09017488331E9 192957.89 1435353 1.3564239422456E11 192957.89 8 2 300 696 174 26100
79200.0 16452 3.12583316508E9 195167.23 1451805 1.3876822738964E11 195167.23 8 2 300 704 176 26400
80100.0 16560 3.17211391075E9 197376.02 1468365 1.4194034130038E11 197376.02 8 2 300 712 178 26700
81000.0 16525 3.2042525731E9 199584.8 1484890 1.4514459387348E11 199584.8 8 2 300 720 180 27000
81900.0 16452 3.23280501239E9 201794.14 1501342 1.4837739888587E11 201794.14 8 2 300 728 182 27300
82800.0 16452 3.26846347369E9 204002.93 1517794 1.5164586235957E11 204002.93 8 2 300 736 184 27600
83700.0 16560 3.31523780613E9 206211.7 1534354 1.5496110016569E11 206211.7 8 2 300 744 186 27900
84600.0 16524 3.34719516241E9 208420.48 1550878 1.5830829532811E11 208420.48 8 2 300 752 188 28200
85500.0 16452 3.37543059714E9 210629.83 1567330 1.6168372592524E11 210629.83 8 2 300 760 190 28500
86400.0 16452 3.41108905843E9 212838.61 1583782 1.6509481498367E11 212838.61 8 2 300 768 192 28800
87300.0 16560 3.45831932493E9 215047.38 1600342 1.685531343086E11 215047.38 8 2 300 776 194 29100
88200.0 16524 3.49014445575E9 217256.73 1616866 1.7204327876435E11 217256.73 8 2 300 784 196 29400
89100.0 16452 3.51806090862E9 219465.52 1633318 1.7556133967297E11 219465.52 8 2 300 792 198 29700
90000.0 16452 3.55371464318E9 221674.29 1649770 1.7911505431615E11 221674.29 8 2 300 800 200 30000
90900.0 16569 3.60144322031E9 223883.07 1666339 1.8271649753645E11 223883.07 8 2 300 808 202 30300
91800.0 16524 3.6330870449E9 226092.41 1682863 1.8634958458135E11 226092.41 8 2 300 816 204 30600
92700.0 16452 3.66068649342E9 228301.2 1699315 1.9001027107477E11 228301.2 8 2 300 824 206 30900
93600.0 16453 3.69634022797E9 230509.97 1715768 1.9370661130274E11 230509.97 8 2 300 832 208 31200
94500.0 16560 3.74452931884E9 232719.31 1732328 1.9745114062159E11 232719.31 8 2 300 840 210 31500
95400.0 16524 3.7760365332E9 234928.11 1748852 2.0122717715479E11 234928.11 8 2 300 848 212 31800
96300.0 16452 3.80331207821E9 237136.88 1765304 2.05030489233E11 237136.88 8 2 300 856 214 32100
97200.0 16452 3.83896581277E9 239345.66 1781756 2.0886945504577E11 239345.66 8 2 300 864 216 32400
98100.0 16560 3.88763203049E9 241555.0 1798316 2.1275708707626E11 241555.0 8 2 300 872 218 32700
99000.0 16524 3.91897912257E9 243763.79 1814840 2.1667606619882E11 243763.79 8 2 300 880 220 33000
99900.0 16452 3.94593766301E9 245972.56 1831292 2.2062200386184E11 245972.56 8 2 300 888 222 33300
100800.0 16453 3.98159594478E9 248181.9 1847745 2.2460359980661E11 248181.9 8 2 300 896 224 33600
101700.0 16560 4.03073948255E9 250390.69 1864305 2.2863433928916E11 250390.69 8 2 300 904 226 33900
102600.0 16530 4.06192280093E9 252599.47 1880835 2.3269626209009E11 252599.47 8 2 300 912 228 34200
103500.0 16454 4.08856553942E9 254808.54 1897289 2.3678482762951E11 254808.54 8 2 300 920 230 34500
104400.0 16452 4.12422410588E9 257017.59 1913741 2.4090905173539E11 257017.59 8 2 300 928 232 34800
105300.0 16560 4.17384214928E9 259226.37 1930301 2.4508289388468E11 259226.37 8 2 300 936 234 35100
106200.0 16525 4.20486640744E9 261435.15 1946826 2.4928776029212E11 261435.15 8 2 300 944 236 35400
107100.0 16452 4.23119332321E9 263644.49 1963278 2.5351895361533E11 263644.49 8 2 300 952 238 35700
108000.0 16452 4.26685178451E9 265853.27 1979730 2.5778580539984E11 265853.27 8 2 300 960 240 36000
108900.0 16560 4.31694485193E9 268062.05 1996290 2.6210275025176E11 268062.05 8 2 300 968 242 36300
109800.0 16524 4.34781454964E9 270271.39 2012814 2.664505648014E11 270271.39 8 2 300 976 244 36600
110700.0 16452 4.37382363315E9 272480.18 2029266 2.7082438843455E11 272480.18 8 2 300 984 246 36900
111600.0 16452 4.40947736942E9 274688.96 2045718 2.7523386580396E11 274688.96 8 2 300 992 248 37200
112500.0 16560 4.46004757268E9 276897.73 2062278 2.7969391337664E11 276897.73 8 2 300 1000 250 37500
113400.0 16525 4.49075829914E9 279107.08 2078803 2.8418467167579E11 279107.08 8 2 300 1008 252 37800
114300.0 16452 4.51644921977E9 281315.86 2095255 2.8870112089555E11 281315.86 8 2 300 1016 254 38100
115200.0 16460 4.55210295432E9 283524.64 2111715 2.9325322384987E11 283524.64 8 2 300 1024 256 38400
116100.0 16560 4.60315482811E9 285733.98 2128275 2.9785637867799E11 285733.98 8 2 300 1032 258 38700
117000.0 16524 4.63370671656E9 287942.77 2144799 3.0249008539454E11 287942.77 8 2 300 1040 260 39000
117900.0 16452 4.65907480467E9 290151.55 2161251 3.0714916019922E11 290151.55 8 2 300 1048 262 39300
118800.0 16453 4.69472853922E9 292360.32 2177704 3.1184388873844E11 292360.32 8 2 300 1056 264 39600
119700.0 16560 4.74625756687E9 294569.66 2194264 3.1659014630531E11 294569.66 8 2 300 1064 266 39900
120600.0 16524 4.77665037703E9 296778.45 2210788 3.2136679668233E11 296778.45 8 2 300 1072 268 40200
121500.0 16452 4.80170038957E9 298987.23 2227240 3.2616849707191E11 298987.23 8 2 300 1080 270 40500
122400.0 16452 4.83735867134E9 301196.57 2243692 3.3100585574325E11 301196.57 8 2 300 1088 272 40800
123300.0 16560 4.88936500104E9 303405.35 2260252 3.3589522074429E11 303405.35 8 2 300 1096 274 41100
124200.0 16524 4.9195940555E9 305614.14 2276776 3.4081481479978E11 305614.14 8 2 300 1104 276 41400
125100.0 16452 4.94432597448E9 307822.91 2293228 3.4575914077426E11 307822.91 8 2 300 1112 278 41700
126000.0 16453 4.97998425625E9 310032.25 2309681 3.5073912503051E11 310032.25 8 2 300 1120 280 42000
126900.0 16560 5.03246772179E9 312241.03 2326241 3.557715927523E11 312241.03 8 2 300 1128 282 42300
127800.0 16532 5.06253772497E9 314449.82 2342773 3.6083413047727E11 314449.82 8 2 300 1136 284 42600
128700.0 16452 5.08695610373E9 316659.16 2359225 3.6592108658099E11 316659.16 8 2 300 1144 286 42900
129600.0 16452 5.12261456502E9 318867.94 2375677 3.7104370114601E11 318867.94 8 2 300 1152 288 43200
130500.0 16560 5.17557044254E9 321076.72 2392237 3.7621927158856E11 321076.72 8 2 300 1160 290 43500
131400.0 16525 5.20548142997E9 323285.5 2408762 3.8142475301852E11 323285.5 8 2 300 1168 292 43800
132300.0 16452 5.22958168863E9 325494.84 2425214 3.8665433470715E11 325494.84 8 2 300 1176 294 44100
133200.0 16452 5.26524014993E9 327703.62 2441666 3.9191957485708E11 327703.62 8 2 300 1184 296 44400
134100.0 16560 5.31867314529E9 329912.4 2458226 3.9723824800238E11 329912.4 8 2 300 1192 298 44700
135000.0 16524 5.34842961673E9 332121.75 2474750 4.025866776191E11 332121.75 8 2 300 1200 300 45000
135900.0 16452 5.37221200028E9 334330.53 2491202 4.0795888961938E11 334330.53 8 2 300 1208 302 45300
136800.0 16452 5.40786573483E9 336539.31 2507654 4.1336675535421E11 336539.31 8 2 300 1216 304 45600
137700.0 16561 5.46177824151E9 338748.39 2524215 4.1882853359572E11 338748.39 8 2 300 1224 306 45900
138600.0 16524 5.49137591293E9 340957.43 2540739 4.2431990950864E11 340957.43 8 2 300 1232 308 46200
139500.0 16452 5.5148375317E9 343166.21 2557191 4.2983474704035E11 343166.21 8 2 300 1240 310 46500
140400.0 16460 5.55049126626E9 345374.99 2573651 4.3538523830661E11 345374.99 8 2 300 1248 312 46800
141300.0 16560 5.60488307683E9 347584.33 2590211 4.4099012138343E11 347584.33 8 2 300 1256 314 47100
142200.0 16524 5.63432164101E9 349793.12 2606735 4.4662444302444E11 349793.12 8 2 300 1264 316 47400
143100.0 16453 5.65746311661E9 352001.89 2623188 4.5228190614105E11 352001.89 8 2 300 1272 318 47700
144000.0 16452 5.69312130949E9 354211.23 2639640 4.5797502745054E11 354211.23 8 2 300 1280 320 48000
144900.0 16560 5.74799052728E9 356420.02 2656200 4.6372301797782E11 356420.02 8 2 300 1288 322 48300
145800.0 16524 5.77726530148E9 358628.8 2672724 4.695002832793E11 358628.8 8 2 300 1296 324 48600
146700.0 16452 5.80008870151E9 360837.58 2689176 4.7530037198081E11 360837.58 8 2 300 1304 326 48900
147600.0 16452 5.83574698328E9 363046.92 2705628 4.8113611896409E11 363046.92 8 2 300 1312 328 49200
148500.0 16560 5.89109324075E9 365255.7 2722188 4.8702721220484E11 365255.7 8 2 300 1320 330 49500
149400.0 16524 5.92020897995E9 367464.48 2738712 4.9294742118479E11 367464.48 8 2 300 1328 332 49800
150300.0 16453 5.94271883076E9 369673.82 2755165 4.9889014001554E11 369673.82 8 2 300 1336 334 50100
151200.0 16452 5.97837729206E9 371882.61 2771617 5.048685173076E11 371882.61 8 2 300 1344 336 50400
152100.0 16560 6.0341959435E9 374091.38 2788177 5.109027132511E11 374091.38 8 2 300 1352 338 50700
153000.0 16532 6.06315264048E9 376300.17 2804709 5.1696586589157E11 376300.17 8 2 300 1360 340 51000
153900.0 16452 6.08534441572E9 378509.51 2821161 5.2305121030729E11 378509.51 8 2 300 1368 342 51300
154800.0 16452 6.12100287701E9 380718.29 2837613 5.291722131843E11 380718.29 8 2 300 1376 344 51600
155700.0 16561 6.17729866431E9 382927.06 2854174 5.3534951184861E11 382927.06 8 2 300 1384 346 51900
156600.0 16524 6.20610087182E9 385136.41 2870698 5.4155561272044E11 385136.41 8 2 300 1392 348 52200
157500.0 16452 6.22797472738E9 387345.2 2887150 5.4778358744782E11 387345.2 8 2 300 1400 350 52500
158400.0 16452 6.26362846195E9 389553.97 2903602 5.5404721590976E11 389553.97 8 2 300 1408 352 52800
159300.0 16560 6.32042254189E9 391762.75 2920162 5.6036763845166E11 391762.75 8 2 300 1416 354 53100
160200.0 16524 6.34904453234E9 393972.1 2936686 5.66716682984E11 393972.1 8 2 300 1424 356 53400
161100.0 16452 6.37060031233E9 396180.88 2953138 5.7308728329633E11 396180.88 8 2 300 1432 358 53700
162000.0 16452 6.4062540469E9 398389.65 2969590 5.7949353734323E11 398389.65 8 2 300 1440 360 54000
162900.0 16560 6.46350864058E9 400598.99 2986150 5.8595704598381E11 400598.99 8 2 300 1448 362 54300
163800.0 16524 6.49199403868E9 402807.79 3002674 5.9244904002249E11 402807.79 8 2 300 1456 364 54600
164700.0 16452 6.51322589717E9 405016.56 3019126 5.9896226591967E11 405016.56 8 2 300 1464 366 54900
165600.0 16461 6.5488799618E9 407225.34 3035587 6.0551114588147E11 407225.34 8 2 300 1472 368 55200
166500.0 16560 6.60663253051E9 409434.68 3052147 6.1211777841198E11 409434.68 8 2 300 1480 370 55500
167400.0 16524 6.6349366191E9 411643.47 3068671 6.1875271503108E11 411643.47 8 2 300 1488 372 55800
168300.0 16453 6.65585148202E9 413852.25 3085124 6.254085665131E11 413852.25 8 2 300 1496 374 56100
169200.0 16452 6.69150976379E9 416061.58 3101576 6.3210007627689E11 416061.58 8 2 300 1504 376 56400
170100.0 16560 6.74971880438E9 418270.37 3118136 6.3884979508127E11 418270.37 8 2 300 1512 378 56700
171000.0 16524 6.7778813685E9 420479.15 3134660 6.4562767644977E11 420479.15 8 2 300 1520 380 57000
171900.0 16452 6.79847952019E9 422688.24 3151112 6.5242615596996E11 422688.24 8 2 300 1528 382 57300
172800.0 16452 6.83413805603E9 424897.27 3167564 6.5926029402599E11 424897.27 8 2 300 1536 384 57600
173700.0 16560 6.8928214627E9 427106.05 3184124 6.661531154887E11 427106.05 8 2 300 1544 386 57900
174600.0 16524 6.92082390461E9 429314.83 3200648 6.7307393939331E11 429314.83 8 2 300 1552 388 58200
175500.0 16453 6.94110714285E9 431524.17 3217101 6.8001504653616E11 431524.17 8 2 300 1560 390 58500
176400.0 16452 6.97676560416E9 433732.96 3233553 6.8699181214032E11 433732.96 8 2 300 1568 392 58800
177300.0 16566 7.03592418339E9 435941.73 3250119 6.9402773632371E11 435941.73 8 2 300 1576 394 59100
178200.0 16526 7.06377203779E9 438151.07 3266645 7.0109150836151E11 438151.07 8 2 300 1584 396 59400
179100.0 16452 7.08373745272E9 440359.86 3283097 7.0817524581423E11 440359.86 8 2 300 1592 398 59700
180000.0 16452 7.119391189E9 442568.64 3299549 7.1529463700323E11 442568.64 8 2 300 1600 400 60000
180900.0 16561 7.17902690408E9 444777.41 3316110 7.2247366390732E11 444777.41 8 2 300 1608 402 60300
181800.0 16524 7.20671579619E9 446986.76 3332634 7.296803797035E11 446986.76 8 2 300 1616 404 60600
182700.0 16452 7.22636303922E9 449195.55 3349086 7.3690674274273E11 449195.55 8 2 300 1624 406 60900
183600.0 16452 7.26201677379E9 451404.32 3365538 7.4416875951652E11 451404.32 8 2 300 1632 408 61200
184500.0 16560 7.3221341504E9 453613.66 3382098 7.5149089366692E11 453613.66 8 2 300 1640 410 61500
185400.0 16524 7.34966420448E9 455822.45 3398622 7.588405578714E11 455822.45 8 2 300 1648 412 61800
186300.0 16452 7.36898862401E9 458031.23 3415074 7.6620954649541E11 458031.23 8 2 300 1656 414 62100
187200.0 16452 7.40464235858E9 460240.0 3431526 7.73614188854E11 460240.0 8 2 300 1664 416 62400
188100.0 16561 7.46523692724E9 462449.34 3448087 7.8107942578123E11 462449.34 8 2 300 1672 418 62700
189000.0 16524 7.49260787383E9 464658.13 3464611 7.8857203365507E11 464658.13 8 2 300 1680 420 63000
189900.0 16460 7.5116142088E9 466866.91 3481071 7.9608364786387E11 466866.91 8 2 300 1688 422 63300
190800.0 16452 7.54727249058E9 469076.25 3497523 8.0363092035445E11 469076.25 8 2 300 1696 424 63600
191700.0 16560 7.60834433208E9 471285.03 3514083 8.1123926468653E11 471285.03 8 2 300 1704 426 63900
192600.0 16524 7.63555154319E9 473493.82 3530607 8.1887481622972E11 473493.82 8 2 300 1712 428 64200
193500.0 16453 7.65423979359E9 475702.59 3547060 8.2652905602331E11 475702.59 8 2 300 1720 430 64500
194400.0 16452 7.68989807537E9 477911.93 3563512 8.3421895409868E11 477911.93 8 2 300 1728 432 64800
195300.0 16560 7.75144703472E9 480120.72 3580072 8.419704011334E11 480120.72 8 2 300 1736 434 65100
196200.0 16524 7.77849521254E9 482329.5 3596596 8.4974889634595E11 482329.5 8 2 300 1744 436 65400
197100.0 16452 7.79686992272E9 484538.84 3613048 8.5754576626866E11 484538.84 8 2 300 1752 438 65700
198000.0 16452 7.83252838402E9 486747.62 3629500 8.6537829465269E11 486747.62 8 2 300 1760 440 66000
198900.0 16560 7.89454975536E9 488956.4 3646060 8.7327284440805E11 488956.4 8 2 300 1768 442 66300
199800.0 16525 7.9214388819E9 491165.18 3662585 8.8119428328995E11 491165.18 8 2 300 1776 444 66600
200700.0 16452 7.93949550751E9 493374.52 3679037 8.8913377879745E11 493374.52 8 2 300 1784 446 66900
201600.0 16452 7.97515396881E9 495583.31 3695489 8.9710893276627E11 495583.31 8 2 300 1792 448 67200
202500.0 16568 8.037652476E9 497792.08 3712057 9.0514658524227E11 497792.08 8 2 300 1800 450 67500
203400.0 16524 8.06438710406E9 500001.43 3728581 9.1321097234633E11 500001.43 8 2 300 1808 452 67800
204300.0 16452 8.08212581904E9 502210.21 3745033 9.2129309816537E11 502210.21 8 2 300 1816 454 68100
205200.0 16453 8.1177795536E9 504418.99 3761486 9.2941087771897E11 504418.99 8 2 300 1824 456 68400
206100.0 16560 8.18075771107E9 506628.09 3778046 9.3759163543004E11 506628.09 8 2 300 1832 458 68700
207000.0 16524 8.20733357171E9 508837.11 3794570 9.4579896900176E11 508837.11 8 2 300 1840 460 69000
207900.0 16452 8.22475135146E9 511045.89 3811022 9.5402372035322E11 511045.89 8 2 300 1848 462 69300
208800.0 16452 8.26040508603E9 513254.67 3827474 9.6228412543924E11 513254.67 8 2 300 1856 464 69600
209700.0 16560 8.32386240841E9 515464.01 3844034 9.7060798784766E11 515464.01 8 2 300 1864 466 69900
210600.0 16524 8.35027912902E9 517672.8 3860558 9.7895826697667E11 517672.8 8 2 300 1872 468 70200
211500.0 16452 8.36737693603E9 519881.58 3877010 9.873256439127E11 519881.58 8 2 300 1880 470 70500
212400.0 16453 8.40303512892E9 522090.91 3893463 9.9572867904163E11 522090.91 8 2 300 1888 472 70800
213300.0 16560 8.46696983153E9 524299.7 3910023 1.00419564887315E12 524299.7 8 2 300 1896 474 71100
214200.0 16524 8.49322279815E9 526508.48 3926547 1.01268887167131E12 526508.48 8 2 300 1904 476 71400
215100.0 16460 8.51000252061E9 528717.26 3943007 1.02119887419192E12 528717.26 8 2 300 1912 478 71700
216000.0 16452 8.54566080238E9 530926.6 3959459 1.0297445349943E12 530926.6 8 2 300 1920 480 72000
216900.0 16560 8.61007257166E9 533135.38 3976019 1.03835460756596E12 533135.38 8 2 300 1928 482 72300
217800.0 16525 8.63616646729E9 535344.16 3992544 1.04699077403325E12 535344.16 8 2 300 1936 484 72600
218700.0 16452 8.65263264952E9 537553.51 4008996 1.05564340668277E12 537553.51 8 2 300 1944 486 72900
219600.0 16452 8.68829111082E9 539762.29 4025448 1.06433169779359E12 539762.29 8 2 300 1952 488 73200
220500.0 16560 8.75317526508E9 541971.06 4042008 1.07308487305867E12 541971.06 8 2 300 1960 490 73500
221400.0 16524 8.77911013643E9 544179.85 4058532 1.0818639831951E12 544179.85 8 2 300 1968 492 73800
222300.0 16452 8.79525823403E9 546389.19 4074984 1.09065924142914E12 546389.19 8 2 300 1976 494 74100
223200.0 16452 8.83091669534E9 548597.97 4091436 1.09949015812448E12 548597.97 8 2 300 1984 496 74400
224100.0 16560 8.89627798545E9 550806.75 4107996 1.10838643610992E12 550806.75 8 2 300 1992 498 74700
225000.0 16524 8.92205835833E9 553016.09 4124520 1.11730849446825E12 553016.09 8 2 300 2000 500 75000
225900.0 16452 8.93788854529E9 555224.88 4140972 1.12624638301354E12 555224.88 8 2 300 2008 502 75300
226800.0 16452 8.97354227986E9 557433.65 4157424 1.1352199252934E12 557433.65 8 2 300 2016 504 75600
227700.0 16569 9.03938068782E9 559642.43 4173993 1.14425930598122E12 559642.43 8 2 300 2024 506 75900
228600.0 16524 9.06500202741E9 561851.78 4190517 1.15332430800863E12 561851.78 8 2 300 2032 508 76200
229500.0 16452 9.08051412981E9 564060.56 4206969 1.16240482213844E12 564060.56 8 2 300 2040 510 76500
230400.0 16453 9.11616786438E9 566269.34 4223422 1.17152099000282E12 566269.34 8 2 300 2048 512 76800
231300.0 16560 9.18248796986E9 568478.68 4239982 1.18070347797268E12 568478.68 8 2 300 2056 514 77100
232200.0 16524 9.20795043543E9 570687.47 4256506 1.18991142840811E12 570687.47 8 2 300 2064 516 77400
233100.0 16452 9.22313971433E9 572896.24 4272958 1.19913456812244E12 572896.24 8 2 300 2072 518 77700
234000.0 16452 9.2587934489E9 575105.02 4289410 1.20839336157134E12 575105.02 8 2 300 2080 520 78000
234900.0 16560 9.32559067223E9 577314.36 4305970 1.21771895224356E12 577314.36 8 2 300 2088 522 78300
235800.0 16524 9.35089410452E9 579523.15 4322494 1.22706984634808E12 579523.15 8 2 300 2096 524 78600
236700.0 16452 9.36576529885E9 581731.93 4338946 1.23643561164693E12 581731.93 8 2 300 2104 526 78900
237600.0 16453 9.40142358062E9 583941.27 4355399 1.24583703522755E12 583941.27 8 2 300 2112 528 79200
238500.0 16560 9.468698133E9 586150.05 4371959 1.25530573336055E12 586150.05 8 2 300 2120 530 79500
239400.0 16530 9.4938377736E9 588358.83 4388489 1.26479957113415E12 588358.83 8 2 300 2128 532 79800
240300.0 16454 9.50839347242E9 590567.94 4404943 1.27430796460658E12 590567.94 8 2 300 2136 534 80100
241200.0 16452 9.5440520048E9 592776.95 4421395 1.28385201661138E12 592776.95 8 2 300 2144 536 80400
242100.0 16560 9.61180078385E9 594985.73 4437955 1.29346381739523E12 594985.73 8 2 300 2152 538 80700
243000.0 16525 9.63678139123E9 597194.51 4454480 1.30310059878646E12 597194.51 8 2 300 2160 540 81000
243900.0 16452 9.65102096088E9 599403.85 4470932 1.31275161974734E12 599403.85 8 2 300 2168 542 81300
244800.0 16452 9.68667942219E9 601612.64 4487384 1.32243829916953E12 601612.64 8 2 300 2176 544 81600
245700.0 16560 9.75490350422E9 603821.41 4503944 1.33219320267375E12 603821.41 8 2 300 2184 546 81900
246600.0 16524 9.77972955545E9 606030.76 4520468 1.34197293222919E12 606030.76 8 2 300 2192 548 82200
247500.0 16452 9.79365127112E9 608239.54 4536920 1.35176658350031E12 608239.54 8 2 300 2200 550 82500
248400.0 16452 9.82930500671E9 610448.32 4553372 1.36159588850702E12 610448.32 8 2 300 2208 552 82800
249300.0 16560 9.89800621554E9 612657.09 4569932 1.37149389472256E12 612657.09 8 2 300 2216 554 83100
250200.0 16525 9.92267328215E9 614866.44 4586457 1.38141656800471E12 614866.44 8 2 300 2224 556 83400
251100.0 16452 9.9362768566E9 617075.23 4602909 1.39135284486131E12 617075.23 8 2 300 2232 558 83700
252000.0 16460 9.97193059117E9 619284.0 4619369 1.40132477545248E12 619284.0 8 2 300 2240 560 84000
252900.0 16560 1.004111347958E10 621493.34 4635929 1.41136588893206E12 621493.34 8 2 300 2248 562 84300
253800.0 16524 1.006562169017E10 623702.13 4652453 1.42143151062224E12 623702.13 8 2 300 2256 564 84600
254700.0 16452 1.007890244112E10 625910.91 4668905 1.43151041306336E12 625910.91 8 2 300 2264 566 84900
255600.0 16453 1.011455617569E10 628119.68 4685358 1.44162496923905E12 628119.68 8 2 300 2272 568 85200
256500.0 16560 1.018421619995E10 630329.02 4701918 1.45180918543899E12 630329.02 8 2 300 2280 570 85500
257400.0 16524 1.020856535926E10 632537.82 4718442 1.46201775079825E12 632537.82 8 2 300 2288 572 85800
258300.0 16452 1.022152802564E10 634746.59 4734894 1.47223927882389E12 634746.59 8 2 300 2296 574 86100
259200.0 16452 1.025718630742E10 636955.93 4751346 1.48249646513131E12 636955.93 8 2 300 2304 576 86400
260100.0 16560 1.032732364268E10 639164.71 4767906 1.49282378877398E12 639164.71 8 2 300 2312 578 86700
261000.0 16524 1.035150902824E10 641373.5 4784430 1.50317529780222E12 641373.5 8 2 300 2320 580 87000
261900.0 16452 1.036415361005E10 643582.27 4800882 1.51353945141227E12 643582.27 8 2 300 2328 582 87300
262800.0 16452 1.039981189183E10 645791.61 4817334 1.5239392633041E12 645791.61 8 2 300 2336 584 87600
263700.0 16560 1.047044753777E10 648000.4 4833894 1.53440971084187E12 648000.4 8 2 300 2344 586 87900
264600.0 16533 1.049445269727E10 650209.18 4850427 1.54490416353913E12 650209.18 8 2 300 2352 588 88200
265500.0 16452 1.050678373885E10 652418.52 4866879 1.55541094727799E12 652418.52 8 2 300 2360 590 88500
266400.0 16452 1.054244220016E10 654627.31 4883331 1.56595338947815E12 654627.31 8 2 300 2368 592 88800
267300.0 16560 1.061352906524E10 656836.08 4899891 1.57656691854339E12 656836.08 8 2 300 2376 594 89100
268200.0 16525 1.063739750633E10 659044.86 4916416 1.58720431604972E12 659044.86 8 2 300 2384 596 89400
269100.0 16452 1.064940932348E10 661254.2 4932868 1.5978537253732E12 661254.2 8 2 300 2392 598 89700
270000.0 16452 1.068506778479E10 663462.99 4949320 1.60853879315798E12 663462.99 8 2 300 2400 600 90000
270900.0 16560 1.075665296955E10 665671.76 4965880 1.61929544612754E12 665671.76 8 2 300 2408 602 90300
271800.0 16524 1.078034457946E10 667881.11 4982404 1.63007579070699E12 667881.11 8 2 300 2416 604 90600
272700.0 16452 1.079203963485E10 670089.9 4998856 1.64086783034184E12 670089.9 8 2 300 2424 606 90900
273600.0 16452 1.082769336941E10 672298.67 5015308 1.65169552371125E12 672298.67 8 2 300 2432 608 91200
274500.0 16561 1.08997371595E10 674507.78 5031869 1.66259526087075E12 674507.78 8 2 300 2440 610 91500
275400.0 16524 1.092329225093E10 676716.8 5048393 1.67351855312168E12 676716.8 8 2 300 2448 612 91800
276300.0 16452 1.093466516785E10 678925.57 5064845 1.68445321828953E12 678925.57 8 2 300 2456 614 92100
277200.0 16460 1.097031890242E10 681134.35 5081305 1.69542353719196E12 681134.35 8 2 300 2464 616 92400
278100.0 16560 1.10428417276E10 683343.69 5097865 1.70646637891956E12 683343.69 8 2 300 2472 618 92700
279000.0 16524 1.106623660504E10 685552.48 5114389 1.7175326155246E12 685552.48 8 2 300 2480 620 93000
279900.0 16453 1.107729075248E10 687761.26 5130842 1.72860990627708E12 687761.26 8 2 300 2488 622 93300
280800.0 16452 1.111294897668E10 689970.59 5147294 1.73972285525376E12 689970.59 8 2 300 2496 624 93600
281700.0 16560 1.118597033525E10 692179.38 5163854 1.75090882558901E12 692179.38 8 2 300 2504 626 93900
282600.0 16524 1.120918028324E10 694388.16 5180378 1.76211800587225E12 694388.16 8 2 300 2512 628 94200
283500.0 16452 1.121991633711E10 696596.94 5196830 1.77333792220936E12 696596.94 8 2 300 2520 630 94500
284400.0 16452 1.125557461888E10 698806.28 5213282 1.78459349682824E12 698806.28 8 2 300 2528 632 94800
285300.0 16560 1.132905188191E10 701015.06 5229842 1.79592254871015E12 701015.06 8 2 300 2536 634 95100
286200.0 16524 1.135212503247E10 703223.85 5246366 1.80727467374263E12 703223.85 8 2 300 2544 636 95400
287100.0 16452 1.136254646613E10 705433.19 5262818 1.81863722020875E12 705433.19 8 2 300 2552 638 95700
288000.0 16452 1.139820492743E10 707641.97 5279270 1.83003542513618E12 707641.97 8 2 300 2560 640 96000
288900.0 16560 1.147217577728E10 709850.75 5295830 1.84150760091346E12 709850.75 8 2 300 2568 642 96300
289800.0 16533 1.149506762178E10 712059.53 5312363 1.85300266853524E12 712059.53 8 2 300 2576 644 96600
290700.0 16452 1.150517205086E10 714268.87 5328815 1.8645078405861E12 714268.87 8 2 300 2584 646 96900
291600.0 16452 1.154083051217E10 716477.65 5345267 1.87604867109827E12 716477.65 8 2 300 2592 648 97200
292500.0 16561 1.161525730503E10 718686.43 5361828 1.8876639284033E12 718686.43 8 2 300 2600 650 97500
293400.0 16524 1.163801693311E10 720895.78 5378352 1.8993019453364E12 720895.78 8 2 300 2608 652 97800
294300.0 16452 1.164780236233E10 723104.56 5394804 1.91094974769874E12 723104.56 8 2 300 2616 654 98100
295200.0 16452 1.16834560969E10 725313.34 5411256 1.92263320379564E12 725313.34 8 2 300 2624 656 98400
296100.0 16560 1.175836000761E10 727522.11 5427816 1.93439156380325E12 727522.11 8 2 300 2632 658 98700
297000.0 16524 1.178095950419E10 729731.46 5444340 1.94617252330744E12 729731.46 8 2 300 2640 660 99000
297900.0 16452 1.179042794707E10 731940.24 5460792 1.95796295125451E12 731940.24 8 2 300 2648 662 99300
298800.0 16452 1.182608168164E10 734149.02 5477244 1.96978903293615E12 734149.02 8 2 300 2656 664 99600
299700.0 16561 1.190146728992E10 736358.36 5493805 1.98169050022607E12 736358.36 8 2 300 2664 666 99900
300600.0 16524 1.192390792143E10 738567.15 5510329 1.9936144081475E12 738567.15 8 2 300 2672 668 100200
301500.0 16452 1.19330535318E10 740775.93 5526781 2.0055474616793E12 740775.93 8 2 300 2680 670 100500
302400.0 16460 1.196870752944E10 742984.7 5543241 2.01751616920875E12 742984.7 8 2 300 2688 672 100800
303300.0 16560 1.20445699835E10 745194.04 5559801 2.02956073919224E12 745194.04 8 2 300 2696 674 101100
304200.0 16524 1.206685158179E10 747402.83 5576325 2.04162759077403E12 747402.83 8 2 300 2704 676 101400
305100.0 16453 1.207567911659E10 749611.61 5592778 2.05370326989062E12 749611.61 8 2 300 2712 678 101700
306000.0 16452 1.211133739837E10 751820.95 5609230 2.06581460728899E12 751820.95 8 2 300 2720 680 102000
306900.0 16560 1.218767745354E10 754029.73 5625790 2.07800228474254E12 754029.73 8 2 300 2728 682 102300
307800.0 16524 1.22097952602E10 756238.51 5642314 2.09021208000273E12 756238.51 8 2 300 2736 684 102600
308700.0 16452 1.221830742691E10 758447.64 5658766 2.10243038742964E12 758447.64 8 2 300 2744 686 102900
309600.0 16452 1.225396594122E10 760656.63 5675218 2.11468435337086E12 760656.63 8 2 300 2752 688 103200
310500.0 16560 1.23307801131E10 762865.41 5691778 2.12701513348396E12 762865.41 8 2 300 2760 690 103500
311400.0 16524 1.23527388688E10 765074.19 5708302 2.13936787235276E12 765074.19 8 2 300 2768 692 103800
312300.0 16452 1.236093477893E10 767283.53 5724754 2.15172880713168E12 767283.53 8 2 300 2776 694 104100
313200.0 16452 1.239659324023E10 769492.32 5741206 2.16412540037191E12 769492.32 8 2 300 2784 696 104400
314100.0 16567 1.247388280685E10 771701.09 5757773 2.17659928317876E12 771701.09 8 2 300 2792 698 104700
315000.0 16526 1.24956870424E10 773910.44 5774299 2.18909497022116E12 773910.44 8 2 300 2800 700 105000
315900.0 16452 1.250356508954E10 776119.23 5790751 2.2015985353107E12 776119.23 8 2 300 2808 702 105300
316800.0 16452 1.253921882513E10 778328.0 5807203 2.21413775413583E12 778328.0 8 2 300 2816 704 105600
317700.0 16561 1.261698553659E10 780536.77 5823764 2.22675473967242E12 780536.77 8 2 300 2824 706 105900
318600.0 16524 1.26386318498E10 782746.12 5840288 2.23939337152222E12 782746.12 8 2 300 2832 708 106200
319500.0 16452 1.264619067551E10 784954.91 5856740 2.25203956219774E12 784954.91 8 2 300 2840 710 106500
320400.0 16452 1.268184441008E10 787163.68 5873192 2.26472140660782E12 787163.68 8 2 300 2848 712 106800
321300.0 16560 1.276009279233E10 789373.02 5889752 2.27748149940015E12 789373.02 8 2 300 2856 714 107100
322200.0 16524 1.278157917805E10 791581.82 5906276 2.2902630785782E12 791581.82 8 2 300 2864 716 107400
323100.0 16452 1.278881626047E10 793790.59 5922728 2.30305189483867E12 793790.59 8 2 300 2872 718 107700
324000.0 16452 1.282446999504E10 795999.37 5939180 2.3158763648337E12 795999.37 8 2 300 2880 720 108000
324900.0 16561 1.290319556712E10 798208.7 5955741 2.32877956040082E12 798208.7 8 2 300 2888 722 108300
325800.0 16524 1.292452283862E10 800417.5 5972265 2.34170408323944E12 800417.5 8 2 300 2896 724 108600
326700.0 16460 1.293144184547E10 802626.27 5988725 2.35463552508492E12 802626.27 8 2 300 2904 726 108900
327600.0 16452 1.296710012725E10 804835.61 6005177 2.36760262521216E12 804835.61 8 2 300 2912 728 109200
328500.0 16560 1.304630294714E10 807044.4 6021737 2.3806489281593E12 807044.4 8 2 300 2920 730 109500
329400.0 16524 1.306746650819E10 809253.18 6038261 2.39371639466749E12 809253.18 8 2 300 2928 732 109800
330300.0 16453 1.307406743048E10 811461.96 6054714 2.40679046209798E12 811461.96 8 2 300 2936 734 110100
331200.0 16452 1.310972571226E10 813671.3 6071166 2.41990018781023E12 813671.3 8 2 300 2944 736 110400
332100.0 16560 1.3189426861E10 815880.08 6087726 2.43308961467123E12 815880.08 8 2 300 2952 738 110700
333000.0 16524 1.321041126676E10 818088.86 6104250 2.44630002593799E12 818088.86 8 2 300 2960 740 111000
333900.0 16452 1.321669755982E10 820298.2 6120702 2.45951672349781E12 820298.2 8 2 300 2968 742 111300
334800.0 16452 1.325235602113E10 822506.99 6137154 2.47276907951894E12 822506.99 8 2 300 2976 744 111600
335700.0 16560 1.333250838885E10 824715.76 6153714 2.48610158790779E12 824715.76 8 2 300 2984 746 111900
336600.0 16525 1.335335385634E10 826924.55 6170239 2.49945494176412E12 826924.55 8 2 300 2992 748 112200
337500.0 16452 1.335932314483E10 829133.89 6186691 2.51281426490895E12 829133.89 8 2 300 3000 750 112500
338400.0 16452 1.339498160614E10 831342.67 6203143 2.52620924651509E12 831342.67 8 2 300 3008 752 112800
339300.0 16568 1.347561109171E10 833551.44 6219711 2.5396848576068E12 833551.44 8 2 300 3016 754 113100
340200.0 16524 1.349630314999E10 835760.79 6236235 2.55318116075678E12 835760.79 8 2 300 3024 756 113400
341100.0 16452 1.350195345663E10 837969.58 6252687 2.56668311421341E12 837969.58 8 2 300 3032 758 113700
342000.0 16453 1.35376071912E10 840178.35 6269140 2.5802207214046E12 840178.35 8 2 300 3040 760 114000
342900.0 16560 1.361873778282E10 842387.48 6285700 2.59383945918742E12 842387.48 8 2 300 3048 762 114300
343800.0 16524 1.363924877807E10 844596.48 6302224 2.60747870796549E12 844596.48 8 2 300 3056 764 114600
344700.0 16452 1.364457898993E10 846805.26 6318676 2.62112328695542E12 846805.26 8 2 300 3064 766 114900
345600.0 16452 1.36802327245E10 849014.03 6335128 2.63480351967991E12 849014.03 8 2 300 3072 768 115200

