# seed = 1, gamma = 0.0, beta = 0.5, dee = 10.0, dcc = 200.0, dec = 15.0, dsc = 20.0, dLocalhost = 0.015, hostBroker = CLOUD, numOfCloud = 1, numOfEdge = 1, numOfSmartphone = 150 
#
# The columns have the following meaning: 
# instant[SECONDS] delayCountPartial delaySumPartial[SECONDS] delayMaxPartial[SECONDS] delayCountTot delaySumTot[SECONDS] delayMaxTot[SECONDS] runOnCloudPartial runOnEdgePartial runOnSmartphonePartial runOnCloudTot runOnEdgeTot runOnSmartphoneTot
0.0 0 0.0 0.0 0 0.0 0.0 0 0 0 0 0 0
900.0 16561 1.359124748E7 1734.59 16561 1.359124748E7 1734.59 160 0 150 160 0 150
1800.0 16524 2.85487841E7 2661.68 33085 4.214003158E7 2661.68 160 0 150 320 0 300
2700.0 16460 4.346145618E7 3588.93 49545 8.560148776E7 3588.93 160 0 150 480 0 450
3600.0 16452 5.843415598E7 4516.22 65997 1.4403564374E8 4516.22 160 0 150 640 0 600
4500.0 16561 7.367281781E7 5443.26 82558 2.1770846155E8 5443.26 160 0 150 800 0 750
5400.0 16524 8.855132173E7 6370.76 99082 3.0625978328E8 6370.76 160 0 150 960 0 900
6300.0 16452 1.0333145997E8 7297.75 115534 4.0959124325E8 7297.75 160 0 150 1120 0 1050
7200.0 16452 1.1830388596E8 8225.3 131986 5.2789512921E8 8225.3 160 0 150 1280 0 1200
8100.0 16560 1.3373231051E8 9152.29 148546 6.6162743972E8 9152.29 160 0 150 1440 0 1350
9000.0 16524 1.4855588332E8 10079.85 165070 8.1018332304E8 10079.85 160 0 150 1600 0 1500
9900.0 16461 1.6320355213E8 11006.84 181531 9.7338687518E8 11006.84 160 0 150 1760 0 1650
10800.0 16452 1.7817597813E8 11934.39 197983 1.1515628533E9 11934.39 160 0 150 1920 0 1800
11700.0 16561 1.9381712873E8 12861.38 214544 1.34537998203E9 12861.38 160 0 150 2080 0 1950
12600.0 16524 2.0856206624E8 13788.93 231068 1.55394204827E9 13788.93 160 0 150 2240 0 2100
13500.0 16452 2.230756443E8 14715.93 247520 1.77701769257E9 14715.93 160 0 150 2400 0 2250
14400.0 16452 2.3804807029E8 15643.47 263972 2.01506576287E9 15643.47 160 0 150 2560 0 2400
15300.0 16561 2.5387706731E8 16570.47 280533 2.26894283017E9 16570.47 160 0 150 2720 0 2550
16200.0 16524 2.6856712196E8 17498.02 297057 2.53750995213E9 17498.02 160 0 150 2880 0 2700
17100.0 16460 2.8294773647E8 18425.01 313517 2.8204576886E9 18425.01 160 0 150 3040 0 2850
18000.0 16452 2.9792016246E8 19352.56 329969 3.11837785106E9 19352.56 160 0 150 3200 0 3000
18900.0 16561 3.139494502E8 20279.55 346530 3.43232730126E9 20279.55 160 0 150 3360 0 3150
19800.0 16524 3.2857273228E8 21207.11 363054 3.76090003355E9 21207.11 160 0 150 3520 0 3300
20700.0 16452 3.4281982863E8 22134.1 379506 4.10371986218E9 22134.1 160 0 150 3680 0 3450
21600.0 16452 3.5779225463E8 23061.65 395958 4.46151211681E9 23061.65 160 0 150 3840 0 3600
22500.0 16560 3.740218241E8 23988.64 412518 4.83553394091E9 23988.64 160 0 150 4000 0 3750
23400.0 16524 3.885783606E8 24916.2 429042 5.22411230151E9 24916.2 160 0 150 4160 0 3900
24300.0 16461 4.026919208E8 25843.19 445503 5.62680422231E9 25843.19 160 0 150 4320 0 4050
25200.0 16452 4.1766434679E8 26770.74 461955 6.0444685691E9 26770.74 160 0 150 4480 0 4200
26100.0 16561 4.3410667832E8 27697.73 478516 6.47857524742E9 27697.73 160 0 150 4640 0 4350
27000.0 16524 4.4858398025E8 28625.29 495040 6.92715922767E9 28625.29 160 0 150 4800 0 4500
27900.0 16452 4.6256401329E8 29552.28 511492 7.38972324095E9 29552.28 160 0 150 4960 0 4650
28800.0 16452 4.7753643928E8 30479.82 527944 7.86725968024E9 30479.82 160 0 150 5120 0 4800
29700.0 16561 4.9416660826E8 31406.82 544505 8.3614262885E9 31406.82 160 0 150 5280 0 4950
30600.0 16524 5.0858959105E8 32334.37 561029 8.87001587955E9 32334.37 160 0 150 5440 0 5100
31500.0 16460 5.2243610594E8 33261.37 577489 9.3924519855E9 33261.37 160 0 150 5600 0 5250
32400.0 16452 5.3740853194E8 34188.91 593941 9.92986051743E9 34188.91 160 0 150 5760 0 5400
33300.0 16561 5.5423898265E8 35115.9 610502 1.048409950008E10 35115.9 160 0 150 5920 0 5550
34200.0 16524 5.6859521992E8 36043.46 627026 1.105269471999E10 36043.46 160 0 150 6080 0 5700
35100.0 16452 5.8230819865E8 36970.45 643478 1.163500291864E10 36970.45 160 0 150 6240 0 5850
36000.0 16452 5.9728062464E8 37898.0 659930 1.223228354328E10 37898.0 160 0 150 6400 0 6000
36900.0 16560 6.1431136609E8 38824.99 676490 1.284659490937E10 38824.99 160 0 150 6560 0 6150
37800.0 16525 6.2860085173E8 39752.55 693015 1.34751957611E10 39752.55 160 0 150 6720 0 6300
38700.0 16460 6.4218029146E8 40679.54 709475 1.411737605256E10 40679.54 160 0 150 6880 0 6450
39600.0 16452 6.5715271746E8 41607.09 725927 1.477452877002E10 41607.09 160 0 150 7040 0 6600
40500.0 16561 6.7438374963E8 42534.08 742488 1.544891251965E10 42534.08 160 0 150 7200 0 6750
41400.0 16524 6.886064598E8 43461.64 759012 1.613751897945E10 43461.64 160 0 150 7360 0 6900
42300.0 16452 7.0205238428E8 44388.63 775464 1.683957136373E10 44388.63 160 0 150 7520 0 7050
43200.0 16452 7.1702481027E8 45316.18 791916 1.7556596174E10 45316.18 160 0 150 7680 0 7200
44100.0 16560 7.3445612418E8 46243.17 808476 1.829105229819E10 46243.17 160 0 150 7840 0 7350
45000.0 16525 7.4861207977E8 47170.72 825001 1.903966437796E10 47170.72 160 0 150 8000 0 7500
45900.0 16460 7.6192447715E8 48097.72 841461 1.98015888551E10 48097.72 160 0 150 8160 0 7650
46800.0 16452 7.7689690314E8 49025.26 857913 2.057848575824E10 49025.26 160 0 150 8320 0 7800
47700.0 16561 7.9454097906E8 49952.25 874474 2.137302673731E10 49952.25 160 0 150 8480 0 7950
48600.0 16524 8.086176909E8 50879.81 890998 2.218164442821E10 50879.81 160 0 150 8640 0 8100
49500.0 16452 8.2179657012E8 51806.8 907450 2.300344099833E10 51806.8 160 0 150 8800 0 8250
50400.0 16452 8.3676899612E8 52734.35 923902 2.384020999445E10 52734.35 160 0 150 8960 0 8400
51300.0 16560 8.5460090049E8 53661.34 940462 2.469481089495E10 53661.34 160 0 150 9120 0 8550
52200.0 16524 8.6862332003E8 54588.9 956986 2.556343421498E10 54588.9 160 0 150 9280 0 8700
53100.0 16461 8.816686631E8 55515.89 973447 2.644510287808E10 55515.89 160 0 150 9440 0 8850
54000.0 16452 8.9664108909E8 56443.44 989899 2.734174396718E10 56443.44 160 0 150 9600 0 9000
54900.0 16561 9.1467328421E8 57370.43 1006460 2.825641725138E10 57370.43 160 0 150 9760 0 9150
55800.0 16524 9.2862894011E8 58297.99 1022984 2.918504619149E10 58297.99 160 0 150 9920 0 9300
56700.0 16452 9.4154075602E8 59224.98 1039436 3.012658694752E10 59224.98 160 0 150 10080 0 9450
57600.0 16452 9.565131245E8 60152.52 1055888 3.108310007202E10 60152.52 160 0 150 10240 0 9600
58500.0 16560 9.7474566676E8 61079.52 1072448 3.205784573878E10 61079.52 160 0 150 10400 0 9750
59400.0 16525 9.8863435875E8 62007.06 1088973 3.304648009752E10 62007.06 160 0 150 10560 0 9900
60300.0 16458 1.00141284502E9 62934.07 1105431 3.404789294254E10 62934.07 160 0 150 10720 0 10050
61200.0 16454 1.01638438411E9 63861.51 1121885 3.506427732665E10 63861.51 160 0 150 10880 0 10200
62100.0 16560 1.0348173549E9 64788.6 1138445 3.609909468155E10 64788.6 160 0 150 11040 0 10350
63000.0 16525 1.04863760931E9 65715.86 1154970 3.714773229086E10 65715.86 160 0 150 11200 0 10500
63900.0 16452 1.06128248088E9 66643.14 1171422 3.820901477174E10 66643.14 160 0 150 11360 0 10650
64800.0 16452 1.07625319272E9 67570.19 1187874 3.928526796447E10 67570.19 160 0 150 11520 0 10800
65700.0 16560 1.09489856524E9 68497.68 1204434 4.038016652971E10 68497.68 160 0 150 11680 0 10950
66600.0 16525 1.10864113547E9 69424.68 1220959 4.148880766519E10 69424.68 160 0 150 11840 0 11100
67500.0 16452 1.12115219583E9 70352.23 1237411 4.260995986101E10 70352.23 160 0 150 12000 0 11250
68400.0 16460 1.13612480178E9 71279.22 1253871 4.37460846628E10 71279.22 160 0 150 12160 0 11400
69300.0 16560 1.15495796112E9 72206.76 1270431 4.490104262392E10 72206.76 160 0 150 12320 0 11550
70200.0 16525 1.16864674654E9 73133.76 1286956 4.606968937046E10 73133.76 160 0 150 12480 0 11700
71100.0 16452 1.18102428874E9 74061.31 1303408 4.72507136592E10 74061.31 160 0 150 12640 0 11850
72000.0 16452 1.19599689469E9 74988.3 1319860 4.84467105539E10 74988.3 160 0 150 12800 0 12000
72900.0 16560 1.21503035377E9 75915.85 1336420 4.966174090766E10 75915.85 160 0 150 12960 0 12150
73800.0 16525 1.22865237561E9 76842.85 1352945 5.089039328328E10 76842.85 160 0 150 13120 0 12300
74700.0 16452 1.24089638166E9 77770.4 1369397 5.213128966493E10 77770.4 160 0 150 13280 0 12450
75600.0 16460 1.25586898761E9 78697.39 1385857 5.338715865254E10 78697.39 160 0 150 13440 0 12600
76500.0 16560 1.2751151943E9 79624.94 1402417 5.466227384684E10 79624.94 160 0 150 13600 0 12750
77400.0 16525 1.28865799568E9 80551.94 1418942 5.595093184252E10 80551.94 160 0 150 13760 0 12900
78300.0 16452 1.30076847457E9 81479.49 1435394 5.725170031709E10 81479.49 160 0 150 13920 0 13050
79200.0 16452 1.31574108052E9 82406.48 1451846 5.856744139761E10 82406.48 160 0 150 14080 0 13200
80100.0 16560 1.33517511206E9 83334.03 1468406 5.990261650967E10 83334.03 160 0 150 14240 0 13350
81000.0 16525 1.34866422634E9 84261.03 1484931 6.125128073601E10 84261.03 160 0 150 14400 0 13500
81900.0 16452 1.36064056743E9 85188.58 1501383 6.261192130344E10 85188.58 160 0 150 14560 0 13650
82800.0 16460 1.37561317338E9 86115.57 1517843 6.398753447681E10 86115.57 160 0 150 14720 0 13800
83700.0 16560 1.39525997054E9 87043.12 1534403 6.538279444736E10 87043.12 160 0 150 14880 0 13950
84600.0 16525 1.40866923576E9 87970.12 1550928 6.679146368312E10 87970.12 160 0 150 15040 0 14100
85500.0 16452 1.42051266029E9 88897.66 1567380 6.821197634341E10 88897.66 160 0 150 15200 0 14250
86400.0 16452 1.43548526624E9 89824.66 1583832 6.964746160964E10 89824.66 160 0 150 15360 0 14400
87300.0 16560 1.45531987024E9 90752.2 1600392 7.110278147989E10 90752.2 160 0 150 15520 0 14550
88200.0 16525 1.46867545737E9 91679.2 1616917 7.257145693725E10 91679.2 160 0 150 15680 0 14700
89100.0 16452 1.48038475315E9 92606.75 1633369 7.40518416904E10 92606.75 160 0 150 15840 0 14850
90000.0 16460 1.4953573591E9 93533.74 1649829 7.55471990495E10 93533.74 160 0 150 16000 0 15000
90900.0 16560 1.51540472873E9 94461.29 1666389 7.706260377822E10 94461.29 160 0 150 16160 0 15150
91800.0 16525 1.52868046685E9 95388.29 1682914 7.859128424507E10 95388.29 160 0 150 16320 0 15300
92700.0 16452 1.54025684606E9 96315.84 1699366 8.013154109113E10 96315.84 160 0 150 16480 0 15450
93600.0 16452 1.55522945201E9 97242.83 1715818 8.168677054314E10 97242.83 160 0 150 16640 0 15600
94500.0 16560 1.57546464648E9 98170.38 1732378 8.326223518962E10 98170.38 160 0 150 16800 0 15750
95400.0 16524 1.5886866975E9 99097.38 1748902 8.485092188712E10 99097.38 160 0 150 16960 0 15900
96300.0 16452 1.60012893897E9 100024.93 1765354 8.64510508261E10 100024.93 160 0 150 17120 0 16050
97200.0 16461 1.61510154492E9 100951.92 1781815 8.806615237102E10 100951.92 160 0 150 17280 0 16200
98100.0 16560 1.63553703013E9 101879.47 1798375 8.970168940115E10 101879.47 160 0 150 17440 0 16350
99000.0 16525 1.64869170698E9 102806.47 1814900 9.135038110813E10 102806.47 160 0 150 17600 0 16500
99900.0 16452 1.66000103188E9 103734.01 1831352 9.301038214001E10 103734.01 160 0 150 17760 0 16650
100800.0 16452 1.67497363783E9 104661.01 1847804 9.468535577785E10 104661.01 160 0 150 17920 0 16800
101700.0 16560 1.69560941378E9 105588.55 1864364 9.638096519163E10 105588.55 160 0 150 18080 0 16950
102600.0 16524 1.70869733605E9 106515.55 1880888 9.808966252768E10 106515.55 160 0 150 18240 0 17100
103500.0 16453 1.7198731248E9 107443.1 1897341 9.980953565247E10 107443.1 160 0 150 18400 0 17250
104400.0 16460 1.73484573075E9 108370.09 1913801 1.0154438138322E11 108370.09 160 0 150 18560 0 17400
105300.0 16560 1.75568180642E9 109297.64 1930361 1.0330006318965E11 109297.64 160 0 150 18720 0 17550
106200.0 16525 1.76870294712E9 110224.64 1946886 1.0506876613677E11 110224.64 160 0 150 18880 0 17700
107100.0 16452 1.77974521771E9 111152.19 1963338 1.0684851135448E11 111152.19 160 0 150 19040 0 17850
108000.0 16452 1.79471782366E9 112079.18 1979790 1.0864322917814E11 112079.18 160 0 150 19200 0 18000
108900.0 16560 1.81575418107E9 113006.73 1996350 1.1045898335921E11 113006.73 160 0 150 19360 0 18150
109800.0 16524 1.82870857624E9 113933.73 2012874 1.1228769193545E11 113933.73 160 0 150 19520 0 18300
110700.0 16453 1.83961731073E9 114861.28 2029327 1.1412730924618E11 114861.28 160 0 150 19680 0 18450
111600.0 16460 1.85458991668E9 115788.27 2045787 1.1598189916286E11 115788.27 160 0 150 19840 0 18600
112500.0 16560 1.87582657382E9 116715.82 2062347 1.1785772573669E11 116715.82 160 0 150 20000 0 18750
113400.0 16525 1.88871418742E9 117642.82 2078872 1.1974643992411E11 117642.82 160 0 150 20160 0 18900
114300.0 16452 1.89948940375E9 118570.37 2095324 1.2164592932786E11 118570.37 160 0 150 20320 0 19050
115200.0 16452 1.9144620097E9 119497.36 2111776 1.2356039133756E11 119497.36 160 0 150 20480 0 19200
116100.0 16560 1.93589893958E9 120424.9 2128336 1.2549629027714E11 120424.9 160 0 150 20640 0 19350
117000.0 16524 1.9487198166E9 121351.9 2144860 1.2744501009374E11 121351.9 160 0 150 20800 0 19500
117900.0 16453 1.95936143926E9 122279.45 2161313 1.29404371533E11 122279.45 160 0 150 20960 0 19650
118800.0 16458 1.97433410162E9 123206.44 2177771 1.3137870563462E11 123206.44 160 0 150 21120 0 19800
119700.0 16562 1.99597114854E9 124133.98 2194333 1.3337467678316E11 124133.98 160 0 150 21280 0 19950
120600.0 16524 2.00872542375E9 125060.99 2210857 1.3538340220691E11 125060.99 160 0 150 21440 0 20100
121500.0 16453 2.01923264242E9 125988.44 2227310 1.3740263484932E11 125988.44 160 0 150 21600 0 20250
122400.0 16452 2.03420549324E9 126915.53 2243762 1.3943684034257E11 126915.53 160 0 150 21760 0 20400
123300.0 16560 2.05604113459E9 127842.78 2260322 1.4149288147716E11 127842.78 160 0 150 21920 0 20550
124200.0 16524 2.0687285962E9 128770.07 2276846 1.4356161007336E11 128770.07 160 0 150 22080 0 20700
125100.0 16453 2.07910150201E9 129697.11 2293299 1.4564071157537E11 129697.11 160 0 150 22240 0 20850
126000.0 16452 2.09407394537E9 130624.6 2309751 1.4773478552074E11 130624.6 160 0 150 22400 0 21000
126900.0 16568 2.11611149923E9 131551.59 2326319 1.4985089701997E11 131551.59 160 0 150 22560 0 21150
127800.0 16524 2.12873182591E9 132479.15 2342843 1.5197962884589E11 132479.15 160 0 150 22720 0 21300
128700.0 16453 2.13897311989E9 133406.14 2359296 1.5411860196578E11 133406.14 160 0 150 22880 0 21450
129600.0 16452 2.15394554588E9 134333.69 2375748 1.5627254751165E11 134333.69 160 0 150 23040 0 21600
130500.0 16560 2.17618382363E9 135260.68 2392308 1.5844873133528E11 135260.68 160 0 150 23200 0 21750
131400.0 16524 2.18873743709E9 136188.24 2408832 1.6063746877237E11 136188.24 160 0 150 23360 0 21900
132300.0 16452 2.19884521291E9 137115.23 2425284 1.6283631398528E11 137115.23 160 0 150 23520 0 22050
133200.0 16452 2.2138176389E9 138042.78 2441736 1.6505013162418E11 138042.78 160 0 150 23680 0 22200
134100.0 16569 2.23625619838E9 138969.77 2458305 1.6728638782256E11 138969.77 160 0 150 23840 0 22350
135000.0 16524 2.24874306627E9 139897.33 2474829 1.6953513088883E11 139897.33 160 0 150 24000 0 22500
135900.0 16453 2.25871730593E9 140824.32 2491282 1.7179384819476E11 140824.32 160 0 150 24160 0 22650
136800.0 16452 2.27368973192E9 141751.87 2507734 1.7406753792669E11 141751.87 160 0 150 24320 0 22800
137700.0 16560 2.29632857314E9 142678.86 2524294 1.7636386649983E11 142678.86 160 0 150 24480 0 22950
138600.0 16524 2.30874867745E9 143606.41 2540818 1.7867261517728E11 143606.41 160 0 150 24640 0 23100
139500.0 16453 2.31858939896E9 144533.41 2557271 1.8099120457623E11 144533.41 160 0 150 24800 0 23250
140400.0 16452 2.33356182495E9 145460.95 2573723 1.8332476640118E11 145460.95 160 0 150 24960 0 23400
141300.0 16568 2.3564009659E9 146387.95 2590291 1.8568116736707E11 146387.95 160 0 150 25120 0 23550
142200.0 16524 2.36875430663E9 147315.5 2606815 1.880499216737E11 147315.5 160 0 150 25280 0 23700
143100.0 16453 2.37846149198E9 148242.49 2623268 1.9042838316568E11 148242.49 160 0 150 25440 0 23850
144000.0 16452 2.39343391797E9 149170.04 2639720 1.9282181708365E11 149170.04 160 0 150 25600 0 24000
144900.0 16560 2.41647334965E9 150097.03 2656280 1.9523829043331E11 150097.03 160 0 150 25760 0 24150
145800.0 16524 2.42875991781E9 151024.59 2672804 1.9766705035111E11 151024.59 160 0 150 25920 0 24300
146700.0 16453 2.438333585E9 151951.58 2689257 2.0010538393612E11 151951.58 160 0 150 26080 0 24450
147600.0 16452 2.45330601099E9 152879.13 2705709 2.0255868994711E11 152879.13 160 0 150 26240 0 24600
148500.0 16568 2.47654573341E9 153806.12 2722277 2.0503523568052E11 153806.12 160 0 150 26400 0 24750
149400.0 16524 2.48876554699E9 154733.68 2738801 2.0752400122751E11 154733.68 160 0 150 26560 0 24900
150300.0 16453 2.49820567803E9 155660.67 2755254 2.1002220690553E11 155660.67 160 0 150 26720 0 25050
151200.0 16452 2.51317810402E9 156588.22 2771706 2.1253538500955E11 156588.22 160 0 150 26880 0 25200
152100.0 16560 2.53661810817E9 157515.21 2788266 2.1507200311772E11 157515.21 160 0 150 27040 0 25350
153000.0 16524 2.54877115822E9 158442.77 2804790 2.1762077427594E11 158442.77 160 0 150 27200 0 25500
153900.0 16452 2.5580777711E9 159369.76 2821242 2.2017885204704E11 159369.76 160 0 150 27360 0 25650
154800.0 16452 2.5730501971E9 160297.3 2837694 2.2275190224414E11 160297.3 160 0 150 27520 0 25800
155700.0 16569 2.59669050098E9 161224.3 2854263 2.2534859274512E11 161224.3 160 0 150 27680 0 25950
156600.0 16524 2.60877678745E9 162151.85 2870787 2.2795736953257E11 162151.85 160 0 150 27840 0 26100
157500.0 16453 2.61794986413E9 163078.84 2887240 2.305753193967E11 163078.84 160 0 150 28000 0 26250
158400.0 16452 2.63292229012E9 164006.39 2903692 2.3320824168682E11 164006.39 160 0 150 28160 0 26400
159300.0 16560 2.65677533801E9 164933.38 2920252 2.3586501702483E11 164933.38 160 0 150 28320 0 26550
160200.0 16524 2.66878239863E9 165860.94 2936776 2.3853379942347E11 165860.94 160 0 150 28480 0 26700
161100.0 16452 2.67782195715E9 166787.93 2953228 2.4121162138062E11 166787.93 160 0 150 28640 0 26850
162000.0 16453 2.69279438314E9 167715.48 2969681 2.4390441576376E11 167715.48 160 0 150 28800 0 27000
162900.0 16568 2.71683525949E9 168642.47 2986249 2.4662125102325E11 168642.47 160 0 150 28960 0 27150
163800.0 16524 2.7287886003E9 169570.03 3002773 2.4935003962355E11 169570.03 160 0 150 29120 0 27300
164700.0 16453 2.73769405007E9 170497.02 3019226 2.5208773367362E11 170497.02 160 0 150 29280 0 27450
165600.0 16452 2.75266647606E9 171424.57 3035678 2.5484040014967E11 171424.57 160 0 150 29440 0 27600
166500.0 16560 2.77692010542E9 172351.56 3052238 2.5761732025509E11 172351.56 160 0 150 29600 0 27750
167400.0 16524 2.78879364778E9 173279.12 3068762 2.6040611390287E11 173279.12 160 0 150 29760 0 27900
168300.0 16452 2.79756614298E9 174206.11 3085214 2.6320368004585E11 174206.11 160 0 150 29920 0 28050
169200.0 16452 2.81253856897E9 175133.66 3101666 2.6601621861483E11 175133.66 160 0 150 30080 0 28200
170100.0 16569 2.83698002679E9 176060.65 3118235 2.6885319864162E11 176060.65 160 0 150 30240 0 28350
171000.0 16524 2.84879983144E9 176988.2 3134759 2.7170199847306E11 176988.2 160 0 150 30400 0 28500
171900.0 16453 2.8574382359E9 177915.2 3151212 2.7455943670895E11 177915.2 160 0 150 30560 0 28650
172800.0 16452 2.87241066189E9 178842.74 3167664 2.7743184737084E11 178842.74 160 0 150 30720 0 28800
173700.0 16560 2.89705241044E9 179769.73 3184224 2.8032889978128E11 179769.73 160 0 150 30880 0 28950
174600.0 16524 2.90880488792E9 180697.29 3200748 2.832377046692E11 180697.29 160 0 150 31040 0 29100
175500.0 16452 2.91731032881E9 181624.28 3217200 2.8615501499801E11 181624.28 160 0 150 31200 0 29250
176400.0 16453 2.9322827548E9 182551.83 3233653 2.8908729775282E11 182551.83 160 0 150 31360 0 29400
177300.0 16565 2.95712480309E9 183478.82 3250218 2.920444225559E11 183478.82 160 0 150 31520 0 29550
178200.0 16527 2.96881045038E9 184406.38 3266745 2.9501323300629E11 184406.38 160 0 150 31680 0 29700
179100.0 16453 2.97718242062E9 185333.37 3283198 2.9799041542691E11 185333.37 160 0 150 31840 0 29850
180000.0 16452 2.99215464661E9 186260.91 3299650 3.0098257007353E11 186260.91 160 0 150 32000 0 30000
180900.0 16560 3.01719719181E9 187187.91 3316210 3.0399976726533E11 187187.91 160 0 150 32160 0 30150
181800.0 16524 3.02881521123E9 188115.37 3332734 3.0702858247656E11 188115.37 160 0 150 32320 0 30300
182700.0 16452 3.03705381388E9 189042.46 3349186 3.1006563629045E11 189042.46 160 0 150 32480 0 30450
183600.0 16452 3.05202437321E9 189969.7 3365638 3.1311766066366E11 189969.7 160 0 150 32640 0 30600
184500.0 16560 3.07726709659E9 190896.99 3382198 3.1619492776025E11 190896.99 160 0 150 32800 0 30750
185400.0 16533 3.08881756737E9 191824.04 3398731 3.1928374532762E11 191824.04 160 0 150 32960 0 30900
186300.0 16452 3.0969222754E9 192751.53 3415183 3.2238066760301E11 192751.53 160 0 150 33120 0 31050
187200.0 16453 3.11189438592E9 193678.52 3431636 3.2549256198894E11 193678.52 160 0 150 33280 0 31200
188100.0 16560 3.137337114E9 194606.07 3448196 3.2862989910293E11 194606.07 160 0 150 33440 0 31350
189000.0 16524 3.14882270294E9 195533.07 3464720 3.3177872180588E11 195533.07 160 0 150 33600 0 31500
189900.0 16452 3.15679386113E9 196460.62 3481172 3.34935515667E11 196460.62 160 0 150 33760 0 31650
190800.0 16453 3.17176646708E9 197387.61 3497625 3.3810728213408E11 197387.61 160 0 150 33920 0 31800
191700.0 16560 3.19740948859E9 198315.16 3514185 3.4130469162267E11 198315.16 160 0 150 34080 0 31950
192600.0 16532 3.20882832296E9 199242.16 3530717 3.4451351994563E11 199242.16 160 0 150 34240 0 32100
193500.0 16452 3.21666595399E9 200169.71 3547169 3.4773018589962E11 200169.71 160 0 150 34400 0 32250
194400.0 16453 3.23163855994E9 201096.7 3563622 3.5096182445956E11 201096.7 160 0 150 34560 0 32400
195300.0 16560 3.25748186319E9 202024.24 3580182 3.5421930632275E11 202024.24 160 0 150 34720 0 32550
196200.0 16524 3.26883394298E9 202951.24 3596706 3.5748814026572E11 202951.24 160 0 150 34880 0 32700
197100.0 16452 3.27653804685E9 203878.79 3613158 3.6076467831257E11 203878.79 160 0 150 35040 0 32850
198000.0 16453 3.2915106528E9 204805.78 3629611 3.6405618896537E11 204805.78 160 0 150 35200 0 33000
198900.0 16560 3.31755425578E9 205733.33 3646171 3.6737374322115E11 205733.33 160 0 150 35360 0 33150
199800.0 16532 3.32883956299E9 206660.33 3662703 3.7070258278415E11 206660.33 160 0 150 35520 0 33300
200700.0 16452 3.33641013971E9 207587.88 3679155 3.7403899292386E11 207587.88 160 0 150 35680 0 33450
201600.0 16453 3.35138274566E9 208514.87 3695608 3.7739037566952E11 208514.87 160 0 150 35840 0 33600
202500.0 16560 3.37762664838E9 209442.42 3712168 3.8076800231789E11 209442.42 160 0 150 36000 0 33750
203400.0 16524 3.38884518301E9 210369.42 3728692 3.841568475009E11 210369.42 160 0 150 36160 0 33900
204300.0 16452 3.39628223257E9 211296.97 3745144 3.8755312973347E11 211296.97 160 0 150 36320 0 34050
205200.0 16453 3.41125483852E9 212223.96 3761597 3.90964384572E11 212223.96 160 0 150 36480 0 34200
206100.0 16560 3.43769900497E9 213151.51 3778157 3.9440208357697E11 213151.51 160 0 150 36640 0 34350
207000.0 16532 3.44885080292E9 214078.51 3794689 3.9785093437989E11 214078.51 160 0 150 36800 0 34500
207900.0 16452 3.45615432532E9 215006.06 3811141 4.0130708870521E11 215006.06 160 0 150 36960 0 34650
208800.0 16453 3.47112693128E9 215933.05 3827594 4.0477821563649E11 215933.05 160 0 150 37120 0 34800
209700.0 16560 3.49777141546E9 216860.59 3844154 4.0827598705194E11 216860.59 160 0 150 37280 0 34950
210600.0 16524 3.50885642272E9 217787.6 3860678 4.1178484347466E11 217787.6 160 0 150 37440 0 35100
211500.0 16452 3.51602641797E9 218715.14 3877130 4.1530086989263E11 218715.14 160 0 150 37600 0 35250
212400.0 16453 3.53099902392E9 219642.13 3893583 4.1883186891655E11 219642.13 160 0 150 37760 0 35400
213300.0 16560 3.55784377183E9 220569.68 3910143 4.2238971268839E11 220569.68 160 0 150 37920 0 35550
214200.0 16532 3.56886204252E9 221496.68 3926675 4.2595857473091E11 221496.68 160 0 150 38080 0 35700
215100.0 16452 3.57589851061E9 222424.23 3943127 4.2953447324152E11 222424.23 160 0 150 38240 0 35850
216000.0 16453 3.59087111657E9 223351.22 3959580 4.3312534435809E11 223351.22 160 0 150 38400 0 36000
216900.0 16560 3.61791618221E9 224278.77 3976140 4.367432605403E11 224278.77 160 0 150 38560 0 36150
217800.0 16524 3.62886766232E9 225205.77 3992664 4.4037212820262E11 225205.77 160 0 150 38720 0 36300
218700.0 16452 3.63577060326E9 226133.32 4009116 4.4400789880588E11 226133.32 160 0 150 38880 0 36450
219600.0 16452 3.65074320921E9 227060.31 4025568 4.4765864201509E11 227060.31 160 0 150 39040 0 36600
220500.0 16561 3.67798854759E9 227987.86 4042129 4.5133663056268E11 227987.86 160 0 150 39200 0 36750
221400.0 16532 3.68887328212E9 228914.86 4058661 4.550255038448E11 228914.86 160 0 150 39360 0 36900
222300.0 16452 3.69564269585E9 229842.41 4075113 4.5872114654065E11 229842.41 160 0 150 39520 0 37050
223200.0 16453 3.7106153018E9 230769.4 4091566 4.6243176184245E11 230769.4 160 0 150 39680 0 37200
224100.0 16560 3.73806093991E9 231696.95 4108126 4.6616982278236E11 231696.95 160 0 150 39840 0 37350
225000.0 16524 3.74887890187E9 232623.95 4124650 4.6991870168423E11 232623.95 160 0 150 40000 0 37500
225900.0 16452 3.75551478844E9 233551.49 4141102 4.7367421647267E11 233551.49 160 0 150 40160 0 37650
226800.0 16452 3.77048739439E9 234478.49 4157554 4.7744470386706E11 234478.49 160 0 150 40320 0 37800
227700.0 16561 3.79813331423E9 235406.03 4174115 4.812428371813E11 235406.03 160 0 150 40480 0 37950
228600.0 16532 3.80888452161E9 236333.03 4190647 4.8505172170291E11 236333.03 160 0 150 40640 0 38100
229500.0 16452 3.81538688103E9 237260.58 4207099 4.8886710858395E11 237260.58 160 0 150 40800 0 38250
230400.0 16453 3.83035948698E9 238187.57 4223552 4.9269746807093E11 238187.57 160 0 150 40960 0 38400
231300.0 16560 3.85820570656E9 239115.12 4240112 4.9655567377749E11 239115.12 160 0 150 41120 0 38550
232200.0 16524 3.86889014136E9 240042.12 4256636 5.0042456391885E11 240042.12 160 0 150 41280 0 38700
233100.0 16452 3.87525897362E9 240969.67 4273088 5.0429982289247E11 240969.67 160 0 150 41440 0 38850
234000.0 16452 3.89023157957E9 241896.66 4289540 5.0819005447204E11 241896.66 160 0 150 41600 0 39000
234900.0 16561 3.91827808088E9 242824.21 4306101 5.1210833255293E11 242824.21 160 0 150 41760 0 39150
235800.0 16532 3.92889576111E9 243751.21 4322633 5.1603722831403E11 243751.21 160 0 150 41920 0 39300
236700.0 16452 3.93513106621E9 244678.76 4339085 5.1997235938025E11 244678.76 160 0 150 42080 0 39450
237600.0 16453 3.95010367217E9 245605.75 4355538 5.2392246305241E11 245605.75 160 0 150 42240 0 39600
238500.0 16560 3.9783504155E9 246533.29 4372098 5.2790081346791E11 246533.29 160 0 150 42400 0 39750
239400.0 16524 3.9889013798E9 247460.3 4388622 5.318897148477E11 247460.3 160 0 150 42560 0 39900
240300.0 16452 3.9950029577E9 248387.83 4405074 5.358847178054E11 248387.83 160 0 150 42720 0 40050
241200.0 16452 4.00997576083E9 249314.84 4421526 5.3989469356623E11 249314.84 160 0 150 42880 0 40200
242100.0 16561 4.038421949E9 250242.29 4438087 5.4393311551523E11 250242.29 160 0 150 43040 0 40350
243000.0 16524 4.04890630784E9 251169.38 4454611 5.4798202182307E11 251169.38 160 0 150 43200 0 40500
243900.0 16460 4.054872685E9 252096.63 4471071 5.5203689450807E11 252096.63 160 0 150 43360 0 40650
244800.0 16452 4.06984540477E9 253023.91 4487523 5.5610673991284E11 253023.91 160 0 150 43520 0 40800
245700.0 16561 4.09849107295E9 253950.96 4504084 5.6020523098579E11 253950.96 160 0 150 43680 0 40950
246600.0 16524 4.10890829754E9 254878.46 4520608 5.6431413928333E11 254878.46 160 0 150 43840 0 41100
247500.0 16452 4.11474268706E9 255805.45 4537060 5.6842888197039E11 255805.45 160 0 150 44000 0 41250
248400.0 16452 4.12971511305E9 256733.0 4553512 5.7255859708344E11 256733.0 160 0 150 44160 0 41400
249300.0 16561 4.15856294418E9 257659.99 4570073 5.7671716002761E11 257659.99 160 0 150 44320 0 41550
250200.0 16524 4.16891338783E9 258587.54 4586597 5.8088607341545E11 258587.54 160 0 150 44480 0 41700
251100.0 16460 4.17461477959E9 259514.54 4603057 5.8506068819504E11 259514.54 160 0 150 44640 0 41850
252000.0 16452 4.18958720558E9 260442.08 4619509 5.8925027540063E11 260442.08 160 0 150 44800 0 42000
252900.0 16561 4.21863531844E9 261369.07 4636070 5.9346891071907E11 261369.07 160 0 150 44960 0 42150
253800.0 16524 4.22891900758E9 262296.63 4652594 5.9769782972665E11 262296.63 160 0 150 45120 0 42300
254700.0 16452 4.23448687218E9 263223.62 4669046 6.0193231659884E11 263223.62 160 0 150 45280 0 42450
255600.0 16452 4.24945929818E9 264151.17 4685498 6.0618177589701E11 264151.17 160 0 150 45440 0 42600
256500.0 16561 4.27870771077E9 265078.16 4702059 6.1046048360778E11 265078.16 160 0 150 45600 0 42750
257400.0 16524 4.28892462733E9 266005.72 4718583 6.1474940823511E11 266005.72 160 0 150 45760 0 42900
258300.0 16460 4.29435896478E9 266932.71 4735043 6.1904376719988E11 266932.71 160 0 150 45920 0 43050
259200.0 16452 4.30933139077E9 267860.26 4751495 6.2335309859065E11 267860.26 160 0 150 46080 0 43200
260100.0 16561 4.33878008509E9 268787.25 4768056 6.2769187867574E11 268787.25 160 0 150 46240 0 43350
261000.0 16524 4.34893024697E9 269714.81 4784580 6.3204080892271E11 269714.81 160 0 150 46400 0 43500
261900.0 16452 4.35423105726E9 270641.8 4801032 6.3639503997997E11 270641.8 160 0 150 46560 0 43650
262800.0 16452 4.36920348325E9 271569.35 4817484 6.4076424346322E11 271569.35 160 0 150 46720 0 43800
263700.0 16561 4.39886493963E9 272496.34 4834045 6.4516310840284E11 272496.34 160 0 150 46880 0 43950
264600.0 16524 4.40893586666E9 273423.89 4850569 6.495720442695E11 273423.89 160 0 150 47040 0 44100
265500.0 16460 4.4141031498E9 274350.89 4867029 6.5398614741931E11 274350.89 160 0 150 47200 0 44250
266400.0 16452 4.4290755758E9 275278.43 4883481 6.5841522299511E11 275278.43 160 0 150 47360 0 44400
267300.0 16561 4.4589248516E9 276205.42 4900042 6.6287414784671E11 276205.42 160 0 150 47520 0 44550
268200.0 16524 4.46894205914E9 277132.98 4916566 6.6734308990585E11 277132.98 160 0 150 47680 0 44700
269100.0 16452 4.47397524254E9 278059.97 4933018 6.7181706514839E11 278059.97 160 0 150 47840 0 44850
270000.0 16452 4.48894766854E9 278987.52 4949470 6.7630601281692E11 278987.52 160 0 150 48000 0 45000
270900.0 16561 4.51900971539E9 279914.51 4966031 6.8082502253231E11 279914.51 160 0 150 48160 0 45150
271800.0 16524 4.52894709743E9 280842.07 4982555 6.8535396962975E11 280842.07 160 0 150 48320 0 45300
272700.0 16460 4.53384733527E9 281769.06 4999015 6.8988781696502E11 281769.06 160 0 150 48480 0 45450
273600.0 16452 4.54881976127E9 282696.61 5015467 6.9443663672629E11 282696.61 160 0 150 48640 0 45600
274500.0 16561 4.57906960953E9 283623.6 5032028 6.9901570633583E11 283623.6 160 0 150 48800 0 45750
275400.0 16524 4.58895329892E9 284551.16 5048552 7.0360465963474E11 284551.16 160 0 150 48960 0 45900
276300.0 16452 4.59371942801E9 285478.15 5065004 7.0819837906275E11 285478.15 160 0 150 49120 0 46050
277200.0 16452 4.60869185401E9 286405.7 5081456 7.1280707091675E11 286405.7 160 0 150 49280 0 46200
278100.0 16560 4.63914202E9 287332.69 5098016 7.1744621293676E11 287332.69 160 0 150 49440 0 46350
279000.0 16525 4.6489583498E9 288260.24 5114541 7.2209517128656E11 288260.24 160 0 150 49600 0 46500
279900.0 16460 4.65359152074E9 289187.24 5131001 7.267487628073E11 289187.24 160 0 150 49760 0 46650
280800.0 16452 4.66856394674E9 290114.78 5147453 7.3141732675404E11 290114.78 160 0 150 49920 0 46800
281700.0 16561 4.69922684779E9 291041.78 5164014 7.3611655360183E11 291041.78 160 0 150 50080 0 46950
282600.0 16524 4.7089639661E9 291969.33 5180538 7.4082551756793E11 291969.33 160 0 150 50240 0 47100
283500.0 16452 4.71346361347E9 292896.32 5196990 7.4553898118141E11 292896.32 160 0 150 50400 0 47250
284400.0 16452 4.72843603948E9 293823.87 5213442 7.5026741722088E11 293823.87 160 0 150 50560 0 47400
285300.0 16560 4.75928677794E9 294750.86 5230002 7.5502670399882E11 294750.86 160 0 150 50720 0 47550
286200.0 16525 4.76897014964E9 295678.42 5246527 7.5979567414846E11 295678.42 160 0 150 50880 0 47700
287100.0 16460 4.77333570626E9 296605.41 5262987 7.6456900985472E11 296605.41 160 0 150 51040 0 47850
288000.0 16452 4.78830813226E9 297532.96 5279439 7.6935731798698E11 297532.96 160 0 150 51200 0 48000
288900.0 16561 4.81937163278E9 298459.95 5296000 7.7417668961976E11 298459.95 160 0 150 51360 0 48150
289800.0 16524 4.82897520604E9 299387.51 5312524 7.790056648258E11 299387.51 160 0 150 51520 0 48300
290700.0 16452 4.83320779911E9 300314.5 5328976 7.8383887262491E11 300314.5 160 0 150 51680 0 48450
291600.0 16452 4.84818022511E9 301242.05 5345428 7.8868705285001E11 301242.05 160 0 150 51840 0 48600
292500.0 16560 4.87943154503E9 302169.04 5361988 7.9356648439505E11 302169.04 160 0 150 52000 0 48750
293400.0 16525 4.88898139863E9 303096.59 5378513 7.9845546579368E11 303096.59 160 0 150 52160 0 48900
294300.0 16460 4.89307989195E9 304023.59 5394973 8.0334854568563E11 304023.59 160 0 150 52320 0 49050
295200.0 16452 4.90805231795E9 304951.13 5411425 8.0825659800358E11 304951.13 160 0 150 52480 0 49200
296100.0 16561 4.93950391961E9 305878.13 5427986 8.1319610192319E11 305878.13 160 0 150 52640 0 49350
297000.0 16524 4.94898643704E9 306805.68 5444510 8.1814508836022E11 306805.68 160 0 150 52800 0 49500
297900.0 16452 4.95295198479E9 307732.67 5460962 8.2309804034501E11 307732.67 160 0 150 52960 0 49650
298800.0 16452 4.96792435328E9 308660.22 5477414 8.2806596469829E11 308660.22 160 0 150 53120 0 49800
299700.0 16560 4.99957631108E9 309587.21 5493974 8.3306554100937E11 309587.21 160 0 150 53280 0 49950
300600.0 16525 5.00899186459E9 310514.76 5510499 8.3807453287396E11 310514.76 160 0 150 53440 0 50100
301500.0 16458 5.0128240737E9 311441.76 5526957 8.4308735694766E11 311441.76 160 0 150 53600 0 50250
302400.0 16454 5.02779568151E9 312369.22 5543411 8.4811515262917E11 312369.22 160 0 150 53760 0 50400
303300.0 16560 5.05964799325E9 313296.3 5559971 8.5317480062242E11 313296.3 160 0 150 53920 0 50550
304200.0 16525 5.06899510673E9 314223.56 5576496 8.5824379572915E11 314223.56 160 0 150 54080 0 50700
305100.0 16452 5.0726937173E9 315150.84 5592948 8.6331648944645E11 315150.84 160 0 150 54240 0 50850
306000.0 16452 5.08766444502E9 316077.89 5609400 8.6840415389147E11 316077.89 160 0 150 54400 0 51000
306900.0 16560 5.1197167582E9 317005.37 5625960 8.7352387064968E11 317005.37 160 0 150 54560 0 51150
307800.0 16525 5.1289986401E9 317932.37 5642485 8.7865286928978E11 317932.37 160 0 150 54720 0 51300
308700.0 16452 5.1325634233E9 318859.92 5658937 8.8378543271308E11 318859.92 160 0 150 54880 0 51450
309600.0 16460 5.14753602927E9 319786.91 5675397 8.8893296874235E11 319786.91 160 0 150 55040 0 51600
310500.0 16560 5.17978861324E9 320714.46 5691957 8.9411275735558E11 320714.46 160 0 150 55200 0 51750
311400.0 16525 5.18900425126E9 321641.46 5708482 8.9930176160685E11 321641.46 160 0 150 55360 0 51900
312300.0 16452 5.19243551631E9 322569.01 5724934 9.0449419712316E11 322569.01 160 0 150 55520 0 52050
313200.0 16452 5.20740812227E9 323496.0 5741386 9.0970160524543E11 323496.0 160 0 150 55680 0 52200
314100.0 16560 5.23986097898E9 324423.55 5757946 9.149414662244E11 324423.55 160 0 150 55840 0 52350
315000.0 16525 5.24900988042E9 325350.55 5774471 9.2019047610482E11 325350.55 160 0 150 56000 0 52500
315900.0 16452 5.25230760931E9 326278.1 5790923 9.2544278371414E11 326278.1 160 0 150 56160 0 52650
316800.0 16460 5.26728021527E9 327205.09 5807383 9.3071006392941E11 327205.09 160 0 150 56320 0 52800
317700.0 16560 5.29993338071E9 328132.64 5823943 9.3600999731013E11 328132.64 160 0 150 56480 0 52950
318600.0 16525 5.30901611122E9 329059.64 5840468 9.4131901342135E11 329059.64 160 0 150 56640 0 53100
319500.0 16452 5.31217970237E9 329987.18 5856920 9.4663119312372E11 329987.18 160 0 150 56800 0 53250
320400.0 16452 5.32715230833E9 330914.18 5873372 9.5195834543206E11 330914.18 160 0 150 56960 0 53400
321300.0 16560 5.36000574651E9 331841.72 5889932 9.5731835117856E11 331841.72 160 0 150 57120 0 53550
322200.0 16524 5.36902112085E9 332768.72 5906456 9.6268737229942E11 332768.72 160 0 150 57280 0 53700
323100.0 16452 5.37205179543E9 333696.27 5922908 9.6805942409485E11 333696.27 160 0 150 57440 0 53850
324000.0 16461 5.38702440139E9 334623.26 5939369 9.7344644849624E11 334623.26 160 0 150 57600 0 54000
324900.0 16560 5.4200781483E9 335550.81 5955929 9.7886652664454E11 335550.81 160 0 150 57760 0 54150
325800.0 16525 5.42902673212E9 336477.81 5972454 9.8429555337666E11 336477.81 160 0 150 57920 0 54300
326700.0 16452 5.43192388854E9 337405.36 5988906 9.897274772652E11 337405.36 160 0 150 58080 0 54450
327600.0 16452 5.4468964945E9 338332.35 6005358 9.9517437375971E11 338332.35 160 0 150 58240 0 54600
328500.0 16560 5.48015050515E9 339259.9 6021918 1.00065452426485E12 339259.9 160 0 150 58400 0 54750
329400.0 16525 5.48903235239E9 340186.9 6038443 1.00614355661724E12 340186.9 160 0 150 58560 0 54900
330300.0 16452 5.49179598166E9 341114.45 6054895 1.0116353525989E12 341114.45 160 0 150 58720 0 55050
331200.0 16460 5.50676858762E9 342041.44 6071355 1.01714212118652E12 342041.44 160 0 150 58880 0 55200
332100.0 16560 5.54023538184E9 342968.99 6087915 1.02268235656836E12 342968.99 160 0 150 59040 0 55350
333000.0 16525 5.54903859225E9 343895.99 6104440 1.0282313951606E12 343895.99 160 0 150 59200 0 55500
333900.0 16452 5.55166807477E9 344823.54 6120892 1.03378306323537E12 344823.54 160 0 150 59360 0 55650
334800.0 16452 5.56664068073E9 345750.53 6137344 1.0393497039161E12 345750.53 160 0 150 59520 0 55800
335700.0 16560 5.60029529084E9 346678.07 6153904 1.04494999920694E12 346678.07 160 0 150 59680 0 55950
336600.0 16524 5.60904360193E9 347605.07 6170428 1.05055904280887E12 347605.07 160 0 150 59840 0 56100
337500.0 16452 5.61154016788E9 348532.62 6186880 1.05617058297675E12 348532.62 160 0 150 60000 0 56250
338400.0 16461 5.62651277384E9 349459.61 6203341 1.0617970957506E12 349459.61 160 0 150 60160 0 56400
339300.0 16560 5.66036766569E9 350387.16 6219901 1.06745746341628E12 350387.16 160 0 150 60320 0 56550
340200.0 16525 5.66904982384E9 351314.16 6236426 1.07312651324012E12 351314.16 160 0 150 60480 0 56700
341100.0 16452 5.67141226105E9 352241.71 6252878 1.07879792550117E12 352241.71 160 0 150 60640 0 56850
342000.0 16452 5.68638486701E9 353168.7 6269330 1.08448431036818E12 353168.7 160 0 150 60800 0 57000
342900.0 16560 5.72045254243E9 354096.25 6285890 1.09020476291061E12 354096.25 160 0 150 60960 0 57150
343800.0 16524 5.72905484257E9 355023.25 6302414 1.09593381775318E12 355023.25 160 0 150 61120 0 57300
344700.0 16453 5.73128435422E9 355950.8 6318867 1.1016651021074E12 355950.8 160 0 150 61280 0 57450
345600.0 16460 5.74625696018E9 356877.79 6335327 1.10741135906758E12 356877.79 160 0 150 61440 0 57600

