# seed = 1, gamma = 0.25, beta = 0.25, dee = 100.0, dcc = 200.0, dec = 600.0, dsc = 20.0, dLocalhost = 0.015, hostBroker = EDGE, numOfCloud = 1, numOfEdge = 1, numOfSmartphone = 75 
#
# The columns have the following meaning: 
# instant[SECONDS] delayCountPartial delaySumPartial[SECONDS] delayMaxPartial[SECONDS] delayCountTot delaySumTot[SECONDS] delayMaxTot[SECONDS] runOnCloudPartial runOnEdgePartial runOnSmartphonePartial runOnCloudTot runOnEdgeTot runOnSmartphoneTot
0.0 0 0.0 0.0 0 0.0 0.0 0 0 0 0 0 0
900.0 16560 7.625408259E7 9438.78 16560 7.625408259E7 9438.78 233 2 75 233 2 75
1800.0 16524 2.179523456E8 18218.9 33084 2.942064282E8 18218.9 233 2 75 466 4 150
2700.0 16453 3.5926981946E8 26998.56 49537 6.5347624766E8 26998.56 233 2 75 699 6 225
3600.0 16452 5.0099055426E8 35778.2 65989 1.15446680191E9 35778.2 233 2 75 932 8 300
4500.0 16560 6.4510900462E8 44557.85 82549 1.79957580653E9 44557.85 233 2 75 1165 10 375
5400.0 16524 7.8610808385E8 53337.5 99073 2.58568389037E9 53337.5 233 2 75 1398 12 450
6300.0 16452 9.2615406632E8 62117.14 115525 3.51183795669E9 62117.14 233 2 75 1631 14 525
7200.0 16452 1.06787480112E9 70896.79 131977 4.57971275781E9 70896.79 233 2 75 1864 16 600
8100.0 16560 1.21382378635E9 79676.43 148537 5.79353654415E9 79676.43 233 2 75 2097 18 675
9000.0 16524 1.35425315442E9 88456.09 165061 7.14778969857E9 88456.09 233 2 75 2330 20 750
9900.0 16458 1.49303831345E9 97235.73 181519 8.64082801202E9 97235.73 233 2 75 2563 22 825
10800.0 16454 1.63476250931E9 106015.8 197973 1.027559052133E10 106015.8 233 2 75 2796 24 900
11700.0 16560 1.78267836008E9 114795.59 214533 1.205826888141E10 114795.59 233 2 75 3029 26 975
12600.0 16524 1.92241436781E9 123575.25 231057 1.398068324922E10 123575.25 233 2 75 3262 28 1050
13500.0 16452 2.05993179137E9 132354.89 247509 1.604061504058E10 132354.89 233 2 75 3495 30 1125
14400.0 16452 2.20165252616E9 141134.54 263961 1.824226756674E10 141134.54 233 2 75 3728 32 1200
15300.0 16560 2.35139434077E9 149914.18 280521 2.059366190751E10 149914.18 233 2 75 3961 34 1275
16200.0 16524 2.49055943838E9 158693.84 297045 2.308422134589E10 158693.84 233 2 75 4194 36 1350
17100.0 16452 2.62681603848E9 167473.48 313497 2.571103738437E10 167473.48 233 2 75 4427 38 1425
18000.0 16452 2.76853677327E9 176253.12 329949 2.847957415764E10 176253.12 233 2 75 4660 40 1500
18900.0 16560 2.92017499163E9 185032.77 346509 3.139974914927E10 185032.77 233 2 75 4893 42 1575
19800.0 16525 3.05870794566E9 193812.42 363034 3.445845709493E10 193812.42 233 2 75 5126 44 1650
20700.0 16452 3.19370473451E9 202592.63 379486 3.765216182944E10 202592.63 233 2 75 5359 46 1725
21600.0 16452 3.33543029147E9 211372.29 395938 4.098759212091E10 211372.29 233 2 75 5592 48 1800
22500.0 16560 3.4889649356E9 220151.93 412498 4.447655705651E10 220151.93 233 2 75 5825 50 1875
23400.0 16524 3.6268657627E9 228931.59 429022 4.810342281921E10 228931.59 233 2 75 6058 52 1950
24300.0 16452 3.76059380379E9 237711.23 445474 5.1864016623E10 237711.23 233 2 75 6291 54 2025
25200.0 16452 3.90231453859E9 246490.87 461926 5.576633116158E10 246490.87 233 2 75 6524 56 2100
26100.0 16560 4.05781150934E9 255270.52 478486 5.982414267092E10 255270.52 233 2 75 6757 58 2175
27000.0 16524 4.1950142793E9 264050.17 495010 6.401915695023E10 264050.17 233 2 75 6990 60 2250
27900.0 16452 4.32747805123E9 272829.82 511462 6.834663500146E10 272829.82 233 2 75 7223 62 2325
28800.0 16452 4.46919878602E9 281609.46 527914 7.281583378748E10 281609.46 233 2 75 7456 64 2400
29700.0 16560 4.62652625569E9 290389.11 544474 7.744236004317E10 290389.11 233 2 75 7689 66 2475
30600.0 16524 4.76316730444E9 299169.33 560998 8.220552734762E10 299169.33 233 2 75 7922 68 2550
31500.0 16452 4.89437156992E9 307948.98 577450 8.709989891754E10 307948.98 233 2 75 8155 70 2625
32400.0 16452 5.03609230471E9 316728.63 593902 9.213599122225E10 316728.63 233 2 75 8388 72 2700
33300.0 16560 5.19531620015E9 325508.27 610462 9.733130742239E10 325508.27 233 2 75 8621 74 2775
34200.0 16524 5.33132060466E9 334287.92 626986 1.0266262802705E11 334287.92 233 2 75 8854 76 2850
35100.0 16452 5.46125581757E9 343067.57 643438 1.0812388384462E11 343067.57 233 2 75 9087 78 2925
36000.0 16452 5.60297655236E9 351847.21 659890 1.1372686039699E11 351847.21 233 2 75 9320 80 3000
36900.0 16560 5.76409685155E9 360626.86 676450 1.1949095724854E11 360626.86 233 2 75 9553 82 3075
37800.0 16524 5.89946912153E9 369406.51 692974 1.2539042637007E11 369406.51 233 2 75 9786 84 3150
38700.0 16452 6.02814006533E9 378186.16 709426 1.3141856643541E11 378186.16 233 2 75 10019 86 3225
39600.0 16452 6.16986131869E9 386965.87 725878 1.3758842775409E11 386965.87 233 2 75 10252 88 3300
40500.0 16560 6.33288244392E9 395746.01 742438 1.4392131019801E11 395746.01 233 2 75 10485 90 3375
41400.0 16524 6.46762690707E9 404525.67 758962 1.5038893710508E11 404525.67 233 2 75 10718 92 3450
42300.0 16452 6.59503356108E9 413305.32 775414 1.5698397066616E11 413305.32 233 2 75 10951 94 3525
43200.0 16452 6.73675429587E9 422084.96 791866 1.6372072496204E11 422084.96 233 2 75 11184 96 3600
44100.0 16560 6.90166742451E9 430864.61 808426 1.7062239238655E11 430864.61 233 2 75 11417 98 3675
45000.0 16524 7.03577542401E9 439644.26 824950 1.7765816781055E11 439644.26 233 2 75 11650 100 3750
45900.0 16452 7.1619178089E9 448423.91 841402 1.8482008561945E11 448423.91 233 2 75 11883 102 3825
46800.0 16452 7.30363854369E9 457203.55 857854 1.9212372416314E11 457203.55 233 2 75 12116 104 3900
47700.0 16560 7.47051399891E9 465983.19 874414 1.9959423816206E11 465983.19 233 2 75 12349 106 3975
48600.0 16530 7.6039239321E9 474762.85 890944 2.0719816209415E11 474762.85 233 2 75 12582 108 4050
49500.0 16455 7.72880536987E9 483542.89 907399 2.1492696746402E11 483542.89 233 2 75 12815 110 4125
50400.0 16452 7.87053054242E9 492322.71 923851 2.2279749800643E11 492322.71 233 2 75 13048 112 4200
51300.0 16560 8.0392379899E9 501102.35 940411 2.3083673599633E11 501102.35 233 2 75 13281 114 4275
52200.0 16524 8.17208170106E9 509882.01 956935 2.390088176974E11 509882.01 233 2 75 13514 116 4350
53100.0 16452 8.29569552707E9 518661.65 973387 2.4730451322446E11 518661.65 233 2 75 13747 118 4425
54000.0 16452 8.43741626188E9 527441.3 989839 2.5574192948634E11 527441.3 233 2 75 13980 120 4500
54900.0 16560 8.60801864164E9 536220.94 1006399 2.6434994812798E11 536220.94 233 2 75 14213 122 4575
55800.0 16524 8.74023021816E9 545000.6 1022923 2.7309017834614E11 545000.6 233 2 75 14446 124 4650
56700.0 16452 8.862579775E9 553780.24 1039375 2.8195275812114E11 553780.24 233 2 75 14679 126 4725
57600.0 16452 9.00430050981E9 562559.89 1055827 2.9095705863095E11 562559.89 233 2 75 14912 128 4800
58500.0 16561 9.17679929332E9 571339.53 1072388 3.0013385792427E11 571339.53 233 2 75 15145 130 4875
59400.0 16524 9.30838325263E9 580119.75 1088912 3.0944224117689E11 580119.75 233 2 75 15378 132 4950
60300.0 16452 9.429473294E9 588899.4 1105364 3.188717144709E11 588899.4 233 2 75 15611 134 5025
61200.0 16452 9.57119402881E9 597679.05 1121816 3.2844290849971E11 597679.05 233 2 75 15844 136 5100
62100.0 16560 9.74558924709E9 606458.69 1138376 3.381884977468E11 606458.69 233 2 75 16077 138 5175
63000.0 16524 9.87653654411E9 615238.35 1154900 3.4806503429091E11 615238.35 233 2 75 16310 140 5250
63900.0 16452 9.99635754193E9 624017.99 1171352 3.5806139183284E11 624017.99 233 2 75 16543 142 5325
64800.0 16452 1.013807827674E10 632797.64 1187804 3.6819947010958E11 632797.64 233 2 75 16776 144 5400
65700.0 16560 1.031443581261E10 641577.28 1204364 3.7851390592219E11 641577.28 233 2 75 17009 146 5475
66600.0 16524 1.044468506121E10 650356.93 1220888 3.889585909834E11 650356.93 233 2 75 17242 148 5550
67500.0 16452 1.056324178986E10 659136.58 1237340 3.9952183277327E11 659136.58 233 2 75 17475 150 5625
68400.0 16452 1.070496252467E10 667916.22 1253792 4.1022679529794E11 667916.22 233 2 75 17708 152 5700
69300.0 16560 1.088315498684E10 676696.43 1270352 4.2110995028477E11 676696.43 233 2 75 17941 154 5775
70200.0 16524 1.101284286106E10 685476.1 1286876 4.3212279314583E11 685476.1 233 2 75 18174 156 5850
71100.0 16452 1.113013530887E10 694255.74 1303328 4.432529284547E11 694255.74 233 2 75 18407 158 5925
72000.0 16452 1.127185604367E10 703035.39 1319780 4.5452478449837E11 703035.39 233 2 75 18640 160 6000
72900.0 16560 1.145194050423E10 711815.03 1336340 4.659767250026E11 711815.03 233 2 75 18873 162 6075
73800.0 16524 1.158099138716E10 720594.68 1352864 4.7755771638976E11 720594.68 233 2 75 19106 164 6150
74700.0 16452 1.16970195568E10 729374.33 1369316 4.8925473594656E11 729374.33 233 2 75 19339 166 6225
75600.0 16452 1.18387402916E10 738153.97 1385768 5.0109347623816E11 738153.97 233 2 75 19572 168 6300
76500.0 16560 1.202078706075E10 746933.62 1402328 5.1311426329891E11 746933.62 233 2 75 19805 170 6375
77400.0 16524 1.214913990426E10 755713.27 1418852 5.2526340320317E11 755713.27 233 2 75 20038 172 6450
78300.0 16452 1.226390408988E10 764492.95 1435304 5.3752730729306E11 764492.95 233 2 75 20271 174 6525
79200.0 16452 1.240562928837E10 773273.13 1451756 5.4993293658143E11 773273.13 233 2 75 20504 176 6600
80100.0 16561 1.258951108821E10 782052.78 1468317 5.6252244766964E11 782052.78 233 2 75 20737 178 6675
81000.0 16524 1.271730114635E10 790832.43 1484841 5.7523974881599E11 790832.43 233 2 75 20970 180 6750
81900.0 16452 1.283079731124E10 799612.08 1501293 5.8807054612723E11 799612.08 233 2 75 21203 182 6825
82800.0 16452 1.297251804605E10 808391.72 1517745 6.0104306417328E11 808391.72 233 2 75 21436 184 6900
83700.0 16560 1.315835766268E10 817171.37 1534305 6.1420142183596E11 817171.37 233 2 75 21669 186 6975
84600.0 16524 1.328544621769E10 825951.02 1550829 6.2748686805365E11 825951.02 233 2 75 21902 188 7050
85500.0 16452 1.339768155912E10 834730.67 1567281 6.4088454961277E11 834730.67 233 2 75 22135 190 7125
86400.0 16452 1.353940229393E10 843510.31 1583733 6.5442395190669E11 843510.31 233 2 75 22368 192 7200
87300.0 16566 1.372707238247E10 852289.96 1600299 6.6815102428916E11 852289.96 233 2 75 22601 194 7275
88200.0 16526 1.385360078198E10 861069.98 1616825 6.8200462507114E11 861069.98 233 2 75 22834 196 7350
89100.0 16452 1.396457338116E10 869849.82 1633277 6.9596919845231E11 869849.82 233 2 75 23067 198 7425
90000.0 16452 1.410629576018E10 878629.47 1649729 7.1007549421248E11 878629.47 233 2 75 23300 200 7500
90900.0 16560 1.429592820615E10 887409.12 1666289 7.2437142241863E11 887409.12 233 2 75 23533 202 7575
91800.0 16524 1.442175248177E10 896188.77 1682813 7.3879317490039E11 896188.77 233 2 75 23766 204 7650
92700.0 16452 1.45314592733E10 904968.41 1699265 7.5332463417369E11 904968.41 233 2 75 23999 206 7725
93600.0 16452 1.467318000811E10 913748.06 1715717 7.679978141818E11 913748.06 233 2 75 24232 208 7800
94500.0 16560 1.486464294399E10 922527.7 1732277 7.8286245712579E11 922527.7 233 2 75 24465 210 7875
95400.0 16524 1.498990444457E10 931307.36 1748801 7.9785236157036E11 931307.36 233 2 75 24698 212 7950
96300.0 16452 1.509834352123E10 940087.0 1765253 8.1295070509159E11 940087.0 233 2 75 24931 214 8025
97200.0 16453 1.524006425604E10 948866.65 1781706 8.2819076934763E11 948866.65 233 2 75 25164 216 8100
98100.0 16560 1.543342804106E10 957646.86 1798266 8.4362419738868E11 957646.86 233 2 75 25397 218 8175
99000.0 16524 1.555805880771E10 966426.52 1814790 8.591822561964E11 966426.52 233 2 75 25630 220 8250
99900.0 16452 1.566523704023E10 975206.17 1831242 8.7484749323663E11 975206.17 233 2 75 25863 222 8325
100800.0 16452 1.580695777504E10 983985.81 1847694 8.9065445101167E11 983985.81 233 2 75 26096 224 8400
101700.0 16560 1.600221354945E10 992765.45 1864254 9.0665666456112E11 992765.45 233 2 75 26329 226 8475
102600.0 16524 1.612620733382E10 1001545.11 1880778 9.2278287189493E11 1001545.11 233 2 75 26562 228 8550
103500.0 16452 1.623212128816E10 1010324.75 1897230 9.390149931831E11 1010324.75 233 2 75 26795 230 8625
104400.0 16452 1.637384202297E10 1019104.4 1913682 9.5538883520607E11 1019104.4 233 2 75 27028 232 8700
105300.0 16560 1.657099421014E10 1027884.04 1930242 9.7195982941621E11 1027884.04 233 2 75 27261 234 8775
106200.0 16524 1.669435584192E10 1036663.7 1946766 9.8865418525812E11 1036663.7 233 2 75 27494 236 8850
107100.0 16452 1.67990055361E10 1045443.34 1963218 1.00545319079422E12 1045443.34 233 2 75 27727 238 8925
108000.0 16452 1.694073072269E10 1054223.55 1979670 1.02239392151691E12 1054223.55 233 2 75 27960 240 9000
108900.0 16560 1.713978415491E10 1063003.2 1996230 1.03953370567181E12 1063003.2 233 2 75 28193 242 9075
109800.0 16524 1.726251365982E10 1071782.86 2012754 1.05679621933164E12 1071782.86 233 2 75 28426 244 9150
110700.0 16452 1.736589905521E10 1080562.5 2029206 1.07416211838684E12 1080562.5 233 2 75 28659 246 9225
111600.0 16452 1.750761979002E10 1089342.15 2045658 1.09166973817686E12 1089342.15 233 2 75 28892 248 9300
112500.0 16560 1.77085648157E10 1098121.79 2062218 1.10937830299256E12 1098121.79 233 2 75 29125 250 9375
113400.0 16524 1.783066216803E10 1106901.45 2078742 1.1272089651606E12 1106901.45 233 2 75 29358 252 9450
114300.0 16452 1.793278330325E10 1115681.09 2095194 1.14514174846384E12 1115681.09 233 2 75 29591 254 9525
115200.0 16452 1.807450403806E10 1124460.74 2111646 1.1632162525019E12 1124460.74 233 2 75 29824 256 9600
116100.0 16560 1.82773454495E10 1133240.38 2128206 1.1814935979514E12 1133240.38 233 2 75 30057 258 9675
117000.0 16524 1.839881076943E10 1142020.04 2144730 1.19989240872083E12 1142020.04 233 2 75 30290 260 9750
117900.0 16452 1.849967201507E10 1150800.24 2161182 1.2183920807359E12 1150800.24 233 2 75 30523 262 9825
118800.0 16452 1.864139755637E10 1159579.9 2177634 1.23703347829228E12 1159579.9 233 2 75 30756 264 9900
119700.0 16560 1.884613542958E10 1168359.54 2194194 1.25587961372185E12 1168359.54 233 2 75 30989 266 9975
120600.0 16524 1.89669684934E10 1177139.2 2210718 1.27484658221525E12 1177139.2 233 2 75 31222 268 10050
121500.0 16452 1.90665610696E10 1185918.84 2227170 1.29391314328485E12 1185918.84 233 2 75 31455 270 10125
122400.0 16452 1.920828180441E10 1194698.49 2243622 1.31312142508927E12 1194698.49 233 2 75 31688 272 10200
123300.0 16560 1.941491606337E10 1203478.13 2260182 1.33253634115264E12 1203478.13 233 2 75 31921 274 10275
124200.0 16524 1.953511701961E10 1212257.78 2276706 1.35207145817225E12 1212257.78 233 2 75 32154 276 10350
125100.0 16452 1.963344531764E10 1221037.43 2293158 1.37170490348989E12 1221037.43 233 2 75 32387 278 10425
126000.0 16458 1.977516605245E10 1229817.07 2309616 1.39148006954234E12 1229817.07 233 2 75 32620 280 10500
126900.0 16563 1.998369950868E10 1238597.06 2326179 1.41146376905103E12 1238597.06 233 2 75 32853 282 10575
127800.0 16524 2.010327272465E10 1247376.94 2342703 1.43156704177568E12 1247376.94 233 2 75 33086 284 10650
128700.0 16452 2.020033878539E10 1256156.59 2359155 1.45176738056108E12 1256156.59 233 2 75 33319 286 10725
129600.0 16452 2.03420595202E10 1264936.23 2375607 1.47210944008128E12 1264936.23 233 2 75 33552 288 10800
130500.0 16560 2.055248663551E10 1273715.88 2392167 1.49266192671679E12 1273715.88 233 2 75 33785 290 10875
131400.0 16524 2.06714232853E10 1282495.53 2408691 1.51333335000209E12 1282495.53 233 2 75 34018 292 10950
132300.0 16452 2.076722303344E10 1291275.18 2425143 1.53410057303553E12 1291275.18 233 2 75 34251 294 11025
133200.0 16452 2.090894376824E10 1300054.82 2441595 1.55500951680377E12 1300054.82 233 2 75 34484 296 11100
134100.0 16560 2.112126727831E10 1308834.47 2458155 1.57613078408208E12 1308834.47 233 2 75 34717 298 11175
135000.0 16524 2.123957181151E10 1317614.12 2474679 1.59737035589359E12 1317614.12 233 2 75 34950 300 11250
135900.0 16453 2.133410728148E10 1326393.77 2491132 1.61870446317506E12 1326393.77 233 2 75 35183 302 11325
136800.0 16452 2.147583246807E10 1335173.97 2507584 1.64018029564313E12 1335173.97 233 2 75 35416 304 11400
137700.0 16560 2.169005722319E10 1343953.63 2524144 1.66187035286632E12 1343953.63 233 2 75 35649 306 11475
138600.0 16524 2.180772961147E10 1352733.28 2540668 1.68367808247778E12 1352733.28 233 2 75 35882 308 11550
139500.0 16452 2.190100080059E10 1361512.93 2557120 1.70557908327837E12 1361512.93 233 2 75 36115 310 11625
140400.0 16452 2.20427215354E10 1370292.57 2573572 1.72762180481377E12 1370292.57 233 2 75 36348 312 11700
141300.0 16560 2.225883788398E10 1379072.22 2590132 1.74988064269775E12 1379072.22 233 2 75 36581 314 11775
142200.0 16524 2.237587813768E10 1387851.87 2606656 1.77225652083543E12 1387851.87 233 2 75 36814 316 11850
143100.0 16452 2.246788504863E10 1396631.52 2623108 1.79472440588406E12 1396631.52 233 2 75 37047 318 11925
144000.0 16452 2.260960578344E10 1405411.16 2639560 1.8173340116675E12 1405411.16 233 2 75 37280 320 12000
144900.0 16560 2.282761853578E10 1414190.8 2656120 1.84016163020327E12 1414190.8 233 2 75 37513 322 12075
145800.0 16524 2.294402664589E10 1422970.46 2672644 1.86310565684916E12 1422970.46 233 2 75 37746 324 12150
146700.0 16452 2.303477374558E10 1431750.67 2689096 1.88614043059474E12 1431750.67 233 2 75 37979 326 12225
147600.0 16452 2.317649930255E10 1440530.32 2705548 1.90931692989729E12 1440530.32 233 2 75 38212 328 12300
148500.0 16560 2.339640848966E10 1449309.97 2722108 1.93271333838695E12 1449309.97 233 2 75 38445 330 12375
149400.0 16524 2.351218446385E10 1458089.62 2738632 1.95622552285079E12 1458089.62 233 2 75 38678 332 12450
150300.0 16452 2.360166281578E10 1466869.27 2755084 1.97982718566658E12 1466869.27 233 2 75 38911 334 12525
151200.0 16452 2.374338355059E10 1475648.91 2771536 2.00357056921717E12 1475648.91 233 2 75 39144 336 12600
152100.0 16560 2.396518913245E10 1484428.55 2788096 2.02753575834962E12 1484428.55 233 2 75 39377 338 12675
153000.0 16524 2.408033297211E10 1493208.21 2804620 2.05161609132173E12 1493208.21 233 2 75 39610 340 12750
153900.0 16452 2.416854706388E10 1501987.85 2821072 2.07578463838561E12 1501987.85 233 2 75 39843 342 12825
154800.0 16452 2.431026779869E10 1510767.5 2837524 2.10009490618429E12 1510767.5 233 2 75 40076 344 12900
155700.0 16560 2.45339697933E10 1519547.14 2854084 2.12462887597759E12 1519547.14 233 2 75 40309 346 12975
156600.0 16524 2.464848601574E10 1528327.36 2870608 2.14927736199333E12 1528327.36 233 2 75 40542 348 13050
157500.0 16453 2.473544058299E10 1537107.02 2887061 2.17401280257632E12 1537107.02 233 2 75 40775 350 13125
158400.0 16452 2.48771613178E10 1545886.66 2903513 2.19888996389412E12 1545886.66 233 2 75 41008 352 13200
159300.0 16560 2.510282565202E10 1554666.31 2920073 2.22399278954614E12 1554666.31 233 2 75 41241 354 13275
160200.0 16524 2.521663929833E10 1563445.96 2936597 2.24920942884447E12 1563445.96 233 2 75 41474 356 13350
161100.0 16452 2.530232483103E10 1572225.6 2953049 2.2745117536755E12 1572225.6 233 2 75 41707 358 13425
162000.0 16452 2.544404556584E10 1581005.25 2969501 2.29995579924134E12 1581005.25 233 2 75 41940 360 13500
162900.0 16560 2.567154038998E10 1589784.89 2986061 2.32562733963132E12 1589784.89 233 2 75 42173 362 13575
163800.0 16524 2.578479127914E10 1598564.55 3002585 2.35141213091046E12 1598564.55 233 2 75 42406 364 13650
164700.0 16458 2.586920907896E10 1607344.19 3019043 2.37728133998943E12 1607344.19 233 2 75 42639 366 13725
165600.0 16454 2.601093223775E10 1616124.15 3035497 2.40329227222718E12 1616124.15 233 2 75 42872 368 13800
166500.0 16560 2.624039408941E10 1624904.05 3052057 2.42953266631659E12 1624904.05 233 2 75 43105 370 13875
167400.0 16524 2.635294557967E10 1633683.71 3068581 2.45588561189626E12 1633683.71 233 2 75 43338 372 13950
168300.0 16452 2.643610254447E10 1642463.35 3085033 2.48232171444072E12 1642463.35 233 2 75 43571 374 14025
169200.0 16452 2.657782327928E10 1651243.0 3101485 2.50889953772E12 1651243.0 233 2 75 43804 376 14100
170100.0 16560 2.680911094176E10 1660022.64 3118045 2.53570864866176E12 1660022.64 233 2 75 44037 378 14175
171000.0 16524 2.692109754248E10 1668802.29 3134569 2.56262974620423E12 1668802.29 233 2 75 44270 380 14250
171900.0 16452 2.70029867924E10 1677581.94 3151021 2.58963273299663E12 1677581.94 233 2 75 44503 382 14325
172800.0 16452 2.714470752721E10 1686361.58 3167473 2.61677744052384E12 1686361.58 233 2 75 44736 384 14400
173700.0 16560 2.737789159344E10 1695141.23 3184033 2.64415533211728E12 1695141.23 233 2 75 44969 386 14475
174600.0 16525 2.748924261387E10 1703920.88 3200558 2.67164457473115E12 1703920.88 233 2 75 45202 388 14550
175500.0 16452 2.756987548924E10 1712701.09 3217010 2.69921445022039E12 1712701.09 233 2 75 45435 390 14625
176400.0 16452 2.771160104621E10 1721480.75 3233462 2.72692605126661E12 1721480.75 233 2 75 45668 392 14700
177300.0 16560 2.794668155621E10 1730260.39 3250022 2.75487273282282E12 1730260.39 233 2 75 45901 394 14775
178200.0 16524 2.805740042272E10 1739040.04 3266546 2.78293013324554E12 1739040.04 233 2 75 46134 396 14850
179100.0 16452 2.813676455934E10 1747819.69 3282998 2.81106689780488E12 1747819.69 233 2 75 46367 398 14925
180000.0 16452 2.827848529415E10 1756599.33 3299450 2.83934538309902E12 1756599.33 233 2 75 46600 400 15000
180900.0 16560 2.85154622169E10 1765378.98 3316010 2.86786084531592E12 1765378.98 233 2 75 46833 402 15075
181800.0 16524 2.862554893977E10 1774158.63 3332534 2.89648639425569E12 1774158.63 233 2 75 47066 404 15150
182700.0 16452 2.870364880722E10 1782938.28 3348986 2.9251900430629E12 1782938.28 233 2 75 47299 406 15225
183600.0 16452 2.884536954202E10 1791717.92 3365438 2.95403541260493E12 1791717.92 233 2 75 47532 408 15300
184500.0 16560 2.908424284153E10 1800497.57 3381998 2.98311965544646E12 1800497.57 233 2 75 47765 410 15375
185400.0 16524 2.919370197418E10 1809277.79 3398522 3.01231335742064E12 1809277.79 233 2 75 47998 412 15450
186300.0 16452 2.927054232617E10 1818057.44 3414974 3.0415838997468E12 1818057.44 233 2 75 48231 414 15525
187200.0 16452 2.941226306097E10 1826837.08 3431426 3.07099616280778E12 1826837.08 233 2 75 48464 416 15600
188100.0 16560 2.965303282225E10 1835616.73 3447986 3.10064919563003E12 1835616.73 233 2 75 48697 418 15675
189000.0 16524 2.976185526561E10 1844396.38 3464510 3.13041105089564E12 1844396.38 233 2 75 48930 420 15750
189900.0 16452 2.983742657404E10 1853176.03 3480962 3.16024847746968E12 1853176.03 233 2 75 49163 422 15825
190800.0 16452 2.997914730885E10 1861955.67 3497414 3.19022762477854E12 1861955.67 233 2 75 49396 424 15900
191700.0 16560 3.022181346488E10 1870735.32 3513974 3.22044943824342E12 1870735.32 233 2 75 49629 426 15975
192600.0 16524 3.033000378266E10 1879514.97 3530498 3.25077944202607E12 1879514.97 233 2 75 49862 428 16050
193500.0 16452 3.040431082192E10 1888294.62 3546950 3.281183752848E12 1888294.62 233 2 75 50095 430 16125
194400.0 16452 3.054603155673E10 1897074.26 3563402 3.31172978440473E12 1897074.26 233 2 75 50328 432 16200
195300.0 16560 3.079059855289E10 1905854.47 3579962 3.34252038295762E12 1905854.47 233 2 75 50561 434 16275
196200.0 16525 3.089816159145E10 1914634.13 3596487 3.37341854454907E12 1914634.13 233 2 75 50794 436 16350
197100.0 16452 3.097120434087E10 1923413.78 3612939 3.40438974888995E12 1923413.78 233 2 75 51027 438 16425
198000.0 16452 3.111292507568E10 1932193.42 3629391 3.43550267396563E12 1932193.42 233 2 75 51260 440 16500
198900.0 16560 3.135938407023E10 1940973.07 3645951 3.46686205803586E12 1940973.07 233 2 75 51493 442 16575
199800.0 16524 3.14663101085E10 1949752.72 3662475 3.49832836814436E12 1949752.72 233 2 75 51726 444 16650
200700.0 16452 3.153808858871E10 1958532.37 3678927 3.52986645673307E12 1958532.37 233 2 75 51959 446 16725
201600.0 16452 3.167980932346E10 1967312.01 3695379 3.56154626605654E12 1967312.01 233 2 75 52192 448 16800
202500.0 16560 3.19281647307E10 1976091.66 3711939 3.59347443078724E12 1976091.66 233 2 75 52425 450 16875
203400.0 16530 3.203445862533E10 1984871.31 3728469 3.62550888941257E12 1984871.31 233 2 75 52658 452 16950
204300.0 16454 3.21049749968E10 1993651.23 3744923 3.65761386440937E12 1993651.23 233 2 75 52891 454 17025
205200.0 16452 3.224670040696E10 2002431.16 3761375 3.68986056481632E12 2002431.16 233 2 75 53124 456 17100
206100.0 16560 3.249695459996E10 2011210.81 3777935 3.72235751941629E12 2011210.81 233 2 75 53357 458 17175
207000.0 16524 3.260261637662E10 2019990.47 3794459 3.75496013579291E12 2019990.47 233 2 75 53590 460 17250
207900.0 16452 3.267186629793E10 2028770.11 3810911 3.78763200209084E12 2028770.11 233 2 75 53823 462 17325
208800.0 16452 3.281358703267E10 2037549.76 3827363 3.82044558912351E12 2037549.76 233 2 75 54056 464 17400
209700.0 16560 3.306573527825E10 2046329.4 3843923 3.85351132440176E12 2046329.4 233 2 75 54289 466 17475
210600.0 16524 3.317076489321E10 2055109.06 3860447 3.88668208929497E12 2055109.06 233 2 75 54522 468 17550
211500.0 16452 3.323875054535E10 2063888.7 3876899 3.91992083984031E12 2063888.7 233 2 75 54755 470 17625
212400.0 16452 3.33804712801E10 2072668.35 3893351 3.95330131112041E12 2072668.35 233 2 75 54988 472 17700
213300.0 16561 3.363451590242E10 2081447.99 3909912 3.98693582702283E12 2081447.99 233 2 75 55221 474 17775
214200.0 16524 3.373891792719E10 2090228.21 3926436 4.02067474495002E12 2090228.21 233 2 75 55454 476 17850
215100.0 16452 3.380564406389E10 2099007.86 3942888 4.05448038901391E12 2099007.86 233 2 75 55687 478 17925
216000.0 16452 3.394736479864E10 2107787.51 3959340 4.08842775381255E12 2107787.51 233 2 75 55920 480 18000
216900.0 16560 3.420330588273E10 2116567.15 3975900 4.12263105969529E12 2116567.15 233 2 75 56153 482 18075
217800.0 16524 3.430707121819E10 2125346.81 3992424 4.15693813091348E12 2125346.81 233 2 75 56386 484 18150
218700.0 16452 3.437252831132E10 2134126.45 4008876 4.19131065922479E12 2134126.45 233 2 75 56619 486 18225
219600.0 16452 3.451424904606E10 2142906.1 4025328 4.22582490827086E12 2142906.1 233 2 75 56852 488 18300
220500.0 16560 3.47720865159E10 2151685.74 4041888 4.26059699478676E12 2151685.74 233 2 75 57085 490 18375
221400.0 16524 3.487521973478E10 2160465.39 4058412 4.29547221452154E12 2160465.39 233 2 75 57318 492 18450
222300.0 16452 3.493941255868E10 2169245.04 4074864 4.33041162708022E12 2169245.04 233 2 75 57551 494 18525
223200.0 16452 3.508113329343E10 2178024.68 4091316 4.36549276037365E12 2178024.68 233 2 75 57784 496 18600
224100.0 16560 3.534087162143E10 2186804.89 4107876 4.40083363199508E12 2186804.89 233 2 75 58017 498 18675
225000.0 16524 3.544337754312E10 2195584.56 4124400 4.4362770095382E12 2195584.56 233 2 75 58250 500 18750
225900.0 16452 3.550630607718E10 2204364.2 4140852 4.47178331561537E12 2204364.2 233 2 75 58483 502 18825
226800.0 16452 3.564802681192E10 2213143.85 4157304 4.5074313424273E12 2213143.85 233 2 75 58716 504 18900
227700.0 16560 3.590965712028E10 2221923.49 4173864 4.54334099954758E12 2221923.49 233 2 75 58949 506 18975
228600.0 16524 3.601152605965E10 2230703.15 4190388 4.57935252560723E12 2230703.15 233 2 75 59182 508 19050
229500.0 16452 3.607319032454E10 2239482.79 4206840 4.61542571593178E12 2239482.79 233 2 75 59415 510 19125
230400.0 16452 3.621491105929E10 2248262.43 4223292 4.65164062699107E12 2248262.43 233 2 75 59648 512 19200
231300.0 16560 3.64784377804E10 2257042.08 4239852 4.68811906477147E12 2257042.08 233 2 75 59881 514 19275
232200.0 16524 3.657967457619E10 2265821.73 4256376 4.72469873934765E12 2265821.73 233 2 75 60114 516 19350
233100.0 16452 3.664007457191E10 2274601.38 4272828 4.76133881391956E12 2274601.38 233 2 75 60347 518 19425
234000.0 16452 3.678179975847E10 2283381.59 4289280 4.79812061367803E12 2283381.59 233 2 75 60580 520 19500
234900.0 16561 3.704722772466E10 2292161.24 4305841 4.83516784140269E12 2292161.24 233 2 75 60813 522 19575
235800.0 16524 3.714783238452E10 2300940.9 4322365 4.87231567378721E12 2300940.9 233 2 75 61046 524 19650
236700.0 16452 3.72069680904E10 2309720.54 4338817 4.90952264187762E12 2309720.54 233 2 75 61279 526 19725
237600.0 16452 3.734868882515E10 2318500.18 4355269 4.94687133070277E12 2318500.18 233 2 75 61512 528 19800
238500.0 16560 3.761600838478E10 2327279.83 4371829 4.98448733908755E12 2327279.83 233 2 75 61745 530 19875
239400.0 16524 3.771598090106E10 2336059.48 4388353 5.02220331998861E12 2336059.48 233 2 75 61978 532 19950
240300.0 16452 3.777385233777E10 2344839.13 4404805 5.05997717232638E12 2344839.13 233 2 75 62211 534 20025
241200.0 16452 3.791557307252E10 2353618.77 4421257 5.0978927453989E12 2353618.77 233 2 75 62444 536 20100
242100.0 16566 3.81847890269E10 2362398.42 4437823 5.1360775344258E12 2362398.42 233 2 75 62677 538 20175
243000.0 16526 3.82841313931E10 2371178.33 4454349 5.1743616658189E12 2371178.33 233 2 75 62910 540 20250
243900.0 16452 3.834074326252E10 2379958.28 4470801 5.21270240908141E12 2379958.28 233 2 75 63143 542 20325
244800.0 16452 3.848246653998E10 2388737.93 4487253 5.2511848756214E12 2388737.93 233 2 75 63376 544 20400
245700.0 16560 3.875357893796E10 2397517.58 4503813 5.28993845455935E12 2397517.58 233 2 75 63609 546 20475
246600.0 16524 3.885228717479E10 2406297.23 4520337 5.32879074173414E12 2406297.23 233 2 75 63842 548 20550
247500.0 16452 3.89076300526E10 2415076.88 4536789 5.36769837178674E12 2415076.88 233 2 75 64075 550 20625
248400.0 16452 3.904935078735E10 2423856.52 4553241 5.40674772257408E12 2423856.52 233 2 75 64308 552 20700
249300.0 16560 3.932235958903E10 2432636.16 4569801 5.44607008216311E12 2432636.16 233 2 75 64541 554 20775
250200.0 16524 3.942043569127E10 2441415.82 4586325 5.48549051785438E12 2441415.82 233 2 75 64774 556 20850
251100.0 16452 3.947451429991E10 2450195.46 4602777 5.52496503215429E12 2450195.46 233 2 75 65007 558 20925
252000.0 16453 3.961623503466E10 2458975.11 4619230 5.56458126718895E12 2458975.11 233 2 75 65240 560 21000
252900.0 16560 3.989114464513E10 2467755.32 4635790 5.60447241183408E12 2467755.32 233 2 75 65473 562 21075
253800.0 16524 3.99885934989E10 2476534.98 4652314 5.64446100533298E12 2476534.98 233 2 75 65706 564 21150
254700.0 16452 4.004140781841E10 2485314.63 4668766 5.68450241315138E12 2485314.63 233 2 75 65939 566 21225
255600.0 16452 4.018312855315E10 2494094.27 4685218 5.72468554170453E12 2494094.27 233 2 75 66172 568 21300
256500.0 16560 4.045993019336E10 2502873.91 4701778 5.76514547189789E12 2502873.91 233 2 75 66405 570 21375
257400.0 16524 4.055674201614E10 2511653.57 4718302 5.80570221391403E12 2511653.57 233 2 75 66638 572 21450
258300.0 16452 4.060829206577E10 2520433.21 4734754 5.8463105059798E12 2520433.21 233 2 75 66871 574 21525
259200.0 16452 4.075001280052E10 2529212.86 4751206 5.88706051878032E12 2529212.86 233 2 75 67104 576 21600
260100.0 16560 4.102871083548E10 2537992.5 4767766 5.9280892296158E12 2537992.5 233 2 75 67337 578 21675
261000.0 16524 4.112489053257E10 2546772.16 4784290 5.96921412014837E12 2546772.16 233 2 75 67570 580 21750
261900.0 16452 4.117517631303E10 2555551.8 4800742 6.0103892964614E12 2555551.8 233 2 75 67803 582 21825
262800.0 16452 4.131690149959E10 2564332.01 4817194 6.05170619796099E12 2564332.01 233 2 75 68036 584 21900
263700.0 16560 4.15975667115E10 2573111.67 4833754 6.09330376467249E12 2573111.67 233 2 75 68269 586 21975
264600.0 16524 4.169304834085E10 2581891.32 4850278 6.13499681301334E12 2581891.32 233 2 75 68502 588 22050
265500.0 16452 4.174206983147E10 2590670.96 4866730 6.17673888284481E12 2590670.96 233 2 75 68735 590 22125
266400.0 16452 4.188379056622E10 2599450.61 4883182 6.21862267341103E12 2599450.61 233 2 75 68968 592 22200
267300.0 16560 4.216628143969E10 2608230.25 4899742 6.26078895485072E12 2608230.25 233 2 75 69201 594 22275
268200.0 16524 4.22612003122E10 2617009.91 4916266 6.30305015516292E12 2617009.91 233 2 75 69434 596 22350
269100.0 16452 4.230895407894E10 2625789.55 4932718 6.34535910924187E12 2625789.55 233 2 75 69667 598 22425
270000.0 16452 4.245067481369E10 2634569.2 4949170 6.38780978405556E12 2634569.2 233 2 75 69900 600 22500
270900.0 16560 4.273512802279E10 2643348.84 4965730 6.43054491207836E12 2643348.84 233 2 75 70133 602 22575
271800.0 16524 4.282934536513E10 2652128.5 4982254 6.47337425744349E12 2652128.5 233 2 75 70366 604 22650
272700.0 16452 4.287584277536E10 2660908.71 4998706 6.51625010021884E12 2660908.71 233 2 75 70599 606 22725
273600.0 16452 4.30175683323E10 2669688.36 5015158 6.55926766855114E12 2669688.36 233 2 75 70832 608 22800
274500.0 16560 4.330385203529E10 2678468.0 5031718 6.60257152058643E12 2678468.0 233 2 75 71065 610 22875
275400.0 16524 4.339750663729E10 2687247.66 5048242 6.64596902722372E12 2687247.66 233 2 75 71298 612 22950
276300.0 16452 4.344273184502E10 2696027.3 5064694 6.68941175906874E12 2696027.3 233 2 75 71531 614 23025
277200.0 16452 4.358445257977E10 2704806.95 5081146 6.73299621164851E12 2704806.95 233 2 75 71764 616 23100
278100.0 16560 4.387263271351E10 2713586.59 5097706 6.77686884436202E12 2713586.59 233 2 75 71997 618 23175
279000.0 16524 4.396565169022E10 2722366.25 5114230 6.82083449605224E12 2722366.25 233 2 75 72230 620 23250
279900.0 16452 4.40096160925E10 2731145.89 5130682 6.86484411214474E12 2731145.89 233 2 75 72463 622 23325
280800.0 16459 4.415133682725E10 2739925.54 5147141 6.90899544897198E12 2739925.54 233 2 75 72696 624 23400
281700.0 16562 4.44414809392E10 2748705.41 5163703 6.95343692991119E12 2748705.41 233 2 75 72929 626 23475
282600.0 16524 4.453380675305E10 2757485.4 5180227 6.99797073666424E12 2757485.4 233 2 75 73162 628 23550
283500.0 16452 4.457650956741E10 2766265.05 5196679 7.04254724623164E12 2766265.05 233 2 75 73395 630 23625
284400.0 16452 4.471823030215E10 2775044.69 5213131 7.0872654765338E12 2775044.69 233 2 75 73628 632 23700
285300.0 16560 4.501020326527E10 2783824.34 5229691 7.13227567979907E12 2783824.34 233 2 75 73861 634 23775
286200.0 16524 4.510196142628E10 2792603.99 5246215 7.17737764122535E12 2792603.99 233 2 75 74094 636 23850
287100.0 16452 4.514339381493E10 2801383.64 5262667 7.22252103504029E12 2801383.64 233 2 75 74327 638 23925
288000.0 16452 4.528511454968E10 2810163.28 5279119 7.26780614958997E12 2810163.28 233 2 75 74560 640 24000
288900.0 16560 4.557904983943E10 2818942.93 5295679 7.3133851994294E12 2818942.93 233 2 75 74793 642 24075
289800.0 16524 4.567010649732E10 2827722.58 5312203 7.35905530592672E12 2827722.58 233 2 75 75026 644 24150
290700.0 16453 4.571027806252E10 2836502.23 5328656 7.40476558398924E12 2836502.23 233 2 75 75259 646 24225
291600.0 16452 4.585200310113E10 2845282.42 5345108 7.45061758709037E12 2845282.42 233 2 75 75492 648 24300
292500.0 16560 4.614777370954E10 2854062.09 5361668 7.49676536079991E12 2854062.09 233 2 75 75725 650 24375
293400.0 16524 4.623826775504E10 2862841.74 5378192 7.54300362855495E12 2862841.74 233 2 75 75958 652 24450
294300.0 16452 4.627717157569E10 2871621.39 5394644 7.58928080013064E12 2871621.39 233 2 75 76191 654 24525
295200.0 16452 4.641889231044E10 2880401.03 5411096 7.63569969244108E12 2880401.03 233 2 75 76424 656 24600
296100.0 16560 4.671655450681E10 2889180.68 5427656 7.68241624694789E12 2889180.68 233 2 75 76657 658 24675
297000.0 16524 4.680641280808E10 2897960.33 5444180 7.72922265975597E12 2897960.33 233 2 75 76890 660 24750
297900.0 16452 4.684405582328E10 2906739.98 5460632 7.77606671557925E12 2906739.98 233 2 75 77123 662 24825
298800.0 16452 4.698577655802E10 2915519.62 5477084 7.82305249213727E12 2915519.62 233 2 75 77356 664 24900
299700.0 16560 4.728533516714E10 2924299.27 5493644 7.87033782730442E12 2924299.27 233 2 75 77589 666 24975
300600.0 16524 4.737456133383E10 2933078.92 5510168 7.91771238863825E12 2933078.92 233 2 75 77822 668 25050
301500.0 16452 4.741094451979E10 2941859.13 5526620 7.96512333315804E12 2941859.13 233 2 75 78055 670 25125
302400.0 16452 4.755267007673E10 2950638.78 5543072 8.01267600323477E12 2950638.78 233 2 75 78288 672 25200
303300.0 16560 4.785412510266E10 2959418.43 5559632 8.06053012833744E12 2959418.43 233 2 75 78521 674 25275
304200.0 16524 4.794271913344E10 2968198.08 5576156 8.10847284747088E12 2968198.08 233 2 75 78754 676 25350
305100.0 16452 4.797783358962E10 2976977.73 5592608 8.1564506810605E12 2976977.73 233 2 75 78987 678 25425
306000.0 16452 4.811955432437E10 2985757.37 5609060 8.20457023538487E12 2985757.37 233 2 75 79220 680 25500
306900.0 16560 4.842290577205E10 2994537.02 5625620 8.25299314115692E12 2994537.02 233 2 75 79453 682 25575
307800.0 16524 4.85108676593E10 3003316.67 5642144 8.30150400881623E12 3003316.67 233 2 75 79686 684 25650
308700.0 16452 4.854471783731E10 3012096.31 5658596 8.35004872665354E12 3012096.31 233 2 75 79919 686 25725
309600.0 16452 4.868643857206E10 3020875.96 5675048 8.3987351652256E12 3020875.96 233 2 75 80152 688 25800
310500.0 16560 4.899168642328E10 3029655.6 5691608 8.44772685164888E12 3029655.6 233 2 75 80385 690 25875
311400.0 16524 4.907902068461E10 3038435.82 5708132 8.49680587233349E12 3038435.82 233 2 75 80618 692 25950
312300.0 16453 4.911161135619E10 3047215.48 5724585 8.54591748368967E12 3047215.48 233 2 75 80851 694 26025
313200.0 16452 4.925333209093E10 3055995.12 5741037 8.59517081578061E12 3055995.12 233 2 75 81084 696 26100
314100.0 16560 4.956047635892E10 3064774.77 5757597 8.64473129213953E12 3064774.77 233 2 75 81317 698 26175
315000.0 16524 4.964717398493E10 3073554.42 5774121 8.69437846612446E12 3073554.42 233 2 75 81550 700 26250
315900.0 16452 4.967849560393E10 3082334.07 5790573 8.74405696172839E12 3082334.07 233 2 75 81783 702 26325
316800.0 16452 4.982021633868E10 3091113.71 5807025 8.79387717806707E12 3091113.71 233 2 75 82016 704 26400
317700.0 16560 5.012925702842E10 3099893.35 5823585 8.84400643509549E12 3099893.35 233 2 75 82249 706 26475
318600.0 16524 5.021532594761E10 3108673.01 5840109 8.89422176104309E12 3108673.01 233 2 75 82482 708 26550
319500.0 16458 5.024537985173E10 3117452.65 5856567 8.94446714089482E12 3117452.65 233 2 75 82715 710 26625
320400.0 16454 5.038710211444E10 3126232.5 5873021 8.99485424300927E12 3126232.5 233 2 75 82948 712 26700
321300.0 16560 5.06980439411E10 3135012.51 5889581 9.04555228695037E12 3135012.51 233 2 75 83181 714 26775
322200.0 16524 5.078348027494E10 3143792.17 5906105 9.09633576722531E12 3143792.17 233 2 75 83414 716 26850
323100.0 16452 5.081227333501E10 3152571.81 5922557 9.14714804056031E12 3152571.81 233 2 75 83647 718 26925
324000.0 16452 5.095399406975E10 3161351.46 5939009 9.19810203463007E12 3161351.46 233 2 75 83880 720 27000
324900.0 16560 5.126682759789E10 3170131.1 5955569 9.24936886222796E12 3170131.1 233 2 75 84113 722 27075
325800.0 16524 5.135162878296E10 3178910.76 5972093 9.30072049101093E12 3178910.76 233 2 75 84346 724 27150
326700.0 16452 5.137915758286E10 3187690.4 5988545 9.35209964859378E12 3187690.4 233 2 75 84579 726 27225
327600.0 16452 5.152087831761E10 3196470.05 6004997 9.40362052691139E12 3196470.05 233 2 75 84812 728 27300
328500.0 16560 5.18356082225E10 3205249.69 6021557 9.45545613513389E12 3205249.69 233 2 75 85045 730 27375
329400.0 16525 5.191977729998E10 3214029.34 6038082 9.50737591243388E12 3214029.34 233 2 75 85278 732 27450
330300.0 16452 5.19460459022E10 3222809.51 6054534 9.55932195833607E12 3222809.51 233 2 75 85511 734 27525
331200.0 16452 5.208777142759E10 3231589.21 6070986 9.61140972976366E12 3231589.21 233 2 75 85744 736 27600
332100.0 16560 5.24044641026E10 3240368.85 6087546 9.66381419386627E12 3240368.85 233 2 75 85977 738 27675
333000.0 16524 5.248793854884E10 3249148.51 6104070 9.7163021324151E12 3249148.51 233 2 75 86210 740 27750
333900.0 16452 5.251293533504E10 3257928.15 6120522 9.76881506775014E12 3257928.15 233 2 75 86443 742 27825
334800.0 16452 5.265465606979E10 3266707.8 6136974 9.82146972381993E12 3266707.8 233 2 75 86676 744 27900
335700.0 16560 5.297317883116E10 3275487.44 6153534 9.87444290265109E12 3275487.44 233 2 75 86909 746 27975
336600.0 16524 5.305608362015E10 3284267.09 6170058 9.92749898627124E12 3284267.09 233 2 75 87142 748 28050
337500.0 16452 5.30798195829E10 3293046.74 6186510 9.98057880585414E12 3293046.74 233 2 75 87375 750 28125
338400.0 16452 5.322154031764E10 3301826.38 6202962 1.003380034617178E13 3301826.38 233 2 75 87608 752 28200
339300.0 16560 5.354195947376E10 3310606.03 6219522 1.008734230564554E13 3310606.03 233 2 75 87841 754 28275
340200.0 16524 5.362423973602E10 3319386.25 6236046 1.014096654538156E13 3319386.25 233 2 75 88074 756 28350
341100.0 16452 5.364671310193E10 3328165.9 6252498 1.019461325848349E13 3328165.9 233 2 75 88307 758 28425
342000.0 16452 5.378843383668E10 3336945.55 6268950 1.024840169232017E13 3336945.55 233 2 75 88540 760 28500
342900.0 16560 5.411081536862E10 3345725.19 6285510 1.030251250768879E13 3345725.19 233 2 75 88773 762 28575
343800.0 16524 5.419238994611E10 3354504.84 6302034 1.035670489763489E13 3354504.84 233 2 75 89006 764 28650
344700.0 16452 5.421359734984E10 3363284.49 6318486 1.041091849498473E13 3363284.49 233 2 75 89239 766 28725
345600.0 16452 5.435531808459E10 3372064.13 6334938 1.046527381306932E13 3372064.13 233 2 75 89472 768 28800

