# seed = 1, gamma = 0.25, beta = 0.75, dee = 10.0, dcc = 50.0, dec = 15.0, dsc = 20.0, dLocalhost = 0.015, hostBroker = EDGE, numOfCloud = 1, numOfEdge = 1, numOfSmartphone = 225 
#
# The columns have the following meaning: 
# instant[SECONDS] delayCountPartial delaySumPartial[SECONDS] delayMaxPartial[SECONDS] delayCountTot delaySumTot[SECONDS] delayMaxTot[SECONDS] runOnCloudPartial runOnEdgePartial runOnSmartphonePartial runOnCloudTot runOnEdgeTot runOnSmartphoneTot
0.0 0 0.0 0.0 0 0.0 0.0 0 0 0 0 0 0
900.0 16566 3499614.15 449.58 16566 3499614.15 449.58 83 2 225 83 2 225
1800.0 16528 3496806.58 449.58 33094 6996420.73 449.58 83 2 225 166 4 450
2700.0 16452 3494199.33 449.58 49546 1.049062006E7 449.58 83 2 225 249 6 675
3600.0 16452 3493758.64 449.58 65998 1.39843787E7 449.58 83 2 225 332 8 900
4500.0 16566 3502838.71 449.58 82564 1.748721741E7 449.58 83 2 225 415 10 1125
5400.0 16528 3496966.21 449.58 99092 2.098418361E7 449.58 83 2 225 498 12 1350
6300.0 16452 3494199.33 449.58 115544 2.447838294E7 449.58 83 2 225 581 14 1575
7200.0 16452 3493758.64 449.58 131996 2.797214158E7 449.58 83 2 225 664 16 1800
8100.0 16566 3499621.71 449.58 148562 3.147176329E7 449.58 83 2 225 747 18 2025
9000.0 16528 3496806.58 449.58 165090 3.496856987E7 449.58 83 2 225 830 20 2250
9900.0 16452 3494199.33 449.58 181542 3.84627692E7 449.58 83 2 225 913 22 2475
10800.0 16452 3493758.64 449.58 197994 4.195652784E7 449.58 83 2 225 996 24 2700
11700.0 16566 3502856.71 449.58 214560 4.545938455E7 449.58 83 2 225 1079 26 2925
12600.0 16528 3496966.21 449.58 231088 4.895635075E7 449.58 83 2 225 1162 28 3150
13500.0 16452 3494199.33 449.58 247540 5.245055008E7 449.58 83 2 225 1245 30 3375
14400.0 16452 3493758.64 449.58 263992 5.594430873E7 449.58 83 2 225 1328 32 3600
15300.0 16566 3499612.71 449.58 280558 5.944392144E7 449.58 83 2 225 1411 34 3825
16200.0 16528 3496806.58 449.58 297086 6.294072801E7 449.58 83 2 225 1494 36 4050
17100.0 16452 3494199.33 449.58 313538 6.643492734E7 449.58 83 2 225 1577 38 4275
18000.0 16452 3493758.64 449.58 329990 6.992868598E7 449.58 83 2 225 1660 40 4500
18900.0 16566 3499621.71 449.58 346556 7.342830769E7 449.58 83 2 225 1743 42 4725
19800.0 16528 3496806.58 449.58 363084 7.692511427E7 449.58 83 2 225 1826 44 4950
20700.0 16452 3494199.33 449.58 379536 8.04193136E7 449.58 83 2 225 1909 46 5175
21600.0 16452 3493758.64 449.58 395988 8.391307224E7 449.58 83 2 225 1992 48 5400
22500.0 16566 3499603.71 449.58 412554 8.741267595E7 449.58 83 2 225 2075 50 5625
23400.0 16528 3496806.58 449.58 429082 9.090948253E7 449.58 83 2 225 2158 52 5850
24300.0 16452 3494199.33 449.58 445534 9.440368186E7 449.58 83 2 225 2241 54 6075
25200.0 16452 3493758.64 449.58 461986 9.78974405E7 449.58 83 2 225 2324 56 6300
26100.0 16566 3502865.71 449.58 478552 1.0140030621E8 449.58 83 2 225 2407 58 6525
27000.0 16528 3496806.58 449.58 495080 1.0489711279E8 449.58 83 2 225 2490 60 6750
27900.0 16452 3494199.33 449.58 511532 1.0839131212E8 449.58 83 2 225 2573 62 6975
28800.0 16452 3493758.64 449.58 527984 1.1188507076E8 449.58 83 2 225 2656 64 7200
29700.0 16566 3499621.71 449.58 544550 1.1538469246E8 449.58 83 2 225 2739 66 7425
30600.0 16528 3496806.58 449.58 561078 1.1888149904E8 449.58 83 2 225 2822 68 7650
31500.0 16452 3494199.33 449.58 577530 1.2237569837E8 449.58 83 2 225 2905 70 7875
32400.0 16452 3493758.64 449.58 593982 1.2586945701E8 449.58 83 2 225 2988 72 8100
33300.0 16566 3499612.71 449.58 610548 1.2936906972E8 449.58 83 2 225 3071 74 8325
34200.0 16528 3496806.58 449.58 627076 1.328658763E8 449.58 83 2 225 3154 76 8550
35100.0 16452 3494199.33 449.58 643528 1.3636007563E8 449.58 83 2 225 3237 78 8775
36000.0 16452 3493758.64 449.58 659980 1.3985383427E8 449.58 83 2 225 3320 80 9000
36900.0 16566 3499621.71 449.58 676546 1.4335345597E8 449.58 83 2 225 3403 82 9225
37800.0 16528 3496806.58 449.58 693074 1.4685026255E8 449.58 83 2 225 3486 84 9450
38700.0 16452 3494199.33 449.58 709526 1.5034446188E8 449.58 83 2 225 3569 86 9675
39600.0 16452 3493758.64 449.58 725978 1.5383822052E8 449.58 83 2 225 3652 88 9900
40500.0 16566 3499612.71 449.58 742544 1.5733783323E8 449.58 83 2 225 3735 90 10125
41400.0 16528 3496806.58 449.58 759072 1.6083463981E8 449.58 83 2 225 3818 92 10350
42300.0 16452 3494199.33 449.58 775524 1.6432883914E8 449.58 83 2 225 3901 94 10575
43200.0 16452 3493758.64 449.58 791976 1.6782259778E8 449.58 83 2 225 3984 96 10800
44100.0 16566 3499612.71 449.58 808542 1.7132221048E8 449.58 83 2 225 4067 98 11025
45000.0 16528 3496806.58 449.58 825070 1.7481901706E8 449.58 83 2 225 4150 100 11250
45900.0 16452 3494199.33 449.58 841522 1.7831321639E8 449.58 83 2 225 4233 102 11475
46800.0 16452 3493758.64 449.58 857974 1.8180697503E8 449.58 83 2 225 4316 104 11700
47700.0 16566 3502856.71 449.58 874540 1.8530983174E8 449.58 83 2 225 4399 106 11925
48600.0 16528 3496806.58 449.58 891068 1.8880663832E8 449.58 83 2 225 4482 108 12150
49500.0 16452 3494199.33 449.58 907520 1.9230083765E8 449.58 83 2 225 4565 110 12375
50400.0 16452 3493758.64 449.58 923972 1.9579459629E8 449.58 83 2 225 4648 112 12600
51300.0 16566 3499621.71 449.58 940538 1.99294218E8 449.58 83 2 225 4731 114 12825
52200.0 16528 3496806.58 449.58 957066 2.0279102457E8 449.58 83 2 225 4814 116 13050
53100.0 16452 3494199.33 449.58 973518 2.062852239E8 449.58 83 2 225 4897 118 13275
54000.0 16452 3493758.64 449.58 989970 2.0977898254E8 449.58 83 2 225 4980 120 13500
54900.0 16566 3499612.71 449.58 1006536 2.1327859525E8 449.58 83 2 225 5063 122 13725
55800.0 16528 3496806.58 449.58 1023064 2.1677540183E8 449.58 83 2 225 5146 124 13950
56700.0 16452 3494199.33 449.58 1039516 2.2026960116E8 449.58 83 2 225 5229 126 14175
57600.0 16452 3493758.64 449.58 1055968 2.237633598E8 449.58 83 2 225 5312 128 14400
58500.0 16566 3499621.71 449.58 1072534 2.2726298151E8 449.58 83 2 225 5395 130 14625
59400.0 16528 3496806.58 449.58 1089062 2.3075978808E8 449.58 83 2 225 5478 132 14850
60300.0 16452 3494199.33 449.58 1105514 2.3425398741E8 449.58 83 2 225 5561 134 15075
61200.0 16452 3493758.64 449.58 1121966 2.3774774605E8 449.58 83 2 225 5644 136 15300
62100.0 16566 3499612.71 449.58 1138532 2.4124735876E8 449.58 83 2 225 5727 138 15525
63000.0 16528 3496806.58 449.58 1155060 2.4474416534E8 449.58 83 2 225 5810 140 15750
63900.0 16452 3494199.33 449.58 1171512 2.4823836467E8 449.58 83 2 225 5893 142 15975
64800.0 16452 3493758.64 449.58 1187964 2.5173212331E8 449.58 83 2 225 5976 144 16200
65700.0 16566 3502865.71 449.58 1204530 2.5523498902E8 449.58 83 2 225 6059 146 16425
66600.0 16528 3496806.58 449.58 1221058 2.5873179559E8 449.58 83 2 225 6142 148 16650
67500.0 16452 3494199.33 449.58 1237510 2.6222599492E8 449.58 83 2 225 6225 150 16875
68400.0 16452 3493758.64 449.58 1253962 2.6571975357E8 449.58 83 2 225 6308 152 17100
69300.0 16566 3499603.71 449.58 1270528 2.6921935727E8 449.58 83 2 225 6391 154 17325
70200.0 16528 3496806.58 449.58 1287056 2.7271616385E8 449.58 83 2 225 6474 156 17550
71100.0 16452 3494199.33 449.58 1303508 2.7621036318E8 449.58 83 2 225 6557 158 17775
72000.0 16452 3493758.64 449.58 1319960 2.7970412182E8 449.58 83 2 225 6640 160 18000
72900.0 16566 3499621.71 449.58 1336526 2.8320374353E8 449.58 83 2 225 6723 162 18225
73800.0 16528 3496806.58 449.58 1353054 2.867005501E8 449.58 83 2 225 6806 164 18450
74700.0 16452 3494199.33 449.58 1369506 2.9019474943E8 449.58 83 2 225 6889 166 18675
75600.0 16452 3493758.64 449.58 1385958 2.9368850808E8 449.58 83 2 225 6972 168 18900
76500.0 16566 3502847.71 449.58 1402524 2.9719135578E8 449.58 83 2 225 7055 170 19125
77400.0 16528 3496806.58 449.58 1419052 3.0068816236E8 449.58 83 2 225 7138 172 19350
78300.0 16452 3494199.33 449.58 1435504 3.0418236169E8 449.58 83 2 225 7221 174 19575
79200.0 16452 3493758.64 449.58 1451956 3.0767612033E8 449.58 83 2 225 7304 176 19800
80100.0 16566 3499621.71 449.58 1468522 3.1117574204E8 449.58 83 2 225 7387 178 20025
81000.0 16528 3496966.21 449.58 1485050 3.1467270825E8 449.58 83 2 225 7470 180 20250
81900.0 16452 3494199.33 449.58 1501502 3.1816690757E8 449.58 83 2 225 7553 182 20475
82800.0 16452 3493758.64 449.58 1517954 3.2166066622E8 449.58 83 2 225 7636 184 20700
83700.0 16566 3502856.71 449.58 1534520 3.2516352292E8 449.58 83 2 225 7719 186 20925
84600.0 16528 3496806.58 449.58 1551048 3.286603295E8 449.58 83 2 225 7802 188 21150
85500.0 16452 3494199.33 449.58 1567500 3.3215452883E8 449.58 83 2 225 7885 190 21375
86400.0 16452 3493758.64 449.58 1583952 3.3564828747E8 449.58 83 2 225 7968 192 21600
87300.0 16566 3499612.71 449.58 1600518 3.3914790018E8 449.58 83 2 225 8051 194 21825
88200.0 16528 3496957.21 449.58 1617046 3.4264485739E8 449.58 83 2 225 8134 196 22050
89100.0 16452 3494199.33 449.58 1633498 3.4613905671E8 449.58 83 2 225 8217 198 22275
90000.0 16452 3493758.64 449.58 1649950 3.4963281536E8 449.58 83 2 225 8300 200 22500
90900.0 16566 3502847.71 449.58 1666516 3.5313566306E8 449.58 83 2 225 8383 202 22725
91800.0 16528 3496806.58 449.58 1683044 3.5663246964E8 449.58 83 2 225 8466 204 22950
92700.0 16452 3494199.33 449.58 1699496 3.6012666897E8 449.58 83 2 225 8549 206 23175
93600.0 16452 3493758.64 449.58 1715948 3.6362042761E8 449.58 83 2 225 8632 208 23400
94500.0 16566 3499612.71 449.58 1732514 3.6712004032E8 449.58 83 2 225 8715 210 23625
95400.0 16528 3496957.21 449.58 1749042 3.7061699753E8 449.58 83 2 225 8798 212 23850
96300.0 16452 3494199.33 449.58 1765494 3.7411119685E8 449.58 83 2 225 8881 214 24075
97200.0 16452 3493758.64 449.58 1781946 3.776049555E8 449.58 83 2 225 8964 216 24300
98100.0 16566 3499603.71 449.58 1798512 3.811045592E8 449.58 83 2 225 9047 218 24525
99000.0 16528 3496806.58 449.58 1815040 3.8460136578E8 449.58 83 2 225 9130 220 24750
99900.0 16452 3494199.33 449.58 1831492 3.8809556511E8 449.58 83 2 225 9213 222 24975
100800.0 16452 3493758.64 449.58 1847944 3.9158932375E8 449.58 83 2 225 9296 224 25200
101700.0 16566 3499612.71 449.58 1864510 3.9508893646E8 449.58 83 2 225 9379 226 25425
102600.0 16528 3496806.58 449.58 1881038 3.9858574304E8 449.58 83 2 225 9462 228 25650
103500.0 16452 3494199.33 449.58 1897490 4.0207994237E8 449.58 83 2 225 9545 230 25875
104400.0 16452 3493758.64 449.58 1913942 4.0557370101E8 449.58 83 2 225 9628 232 26100
105300.0 16566 3499612.71 449.58 1930508 4.0907331371E8 449.58 83 2 225 9711 234 26325
106200.0 16528 3496806.58 449.58 1947036 4.1257012029E8 449.58 83 2 225 9794 236 26550
107100.0 16452 3494199.33 449.58 1963488 4.1606431962E8 449.58 83 2 225 9877 238 26775
108000.0 16452 3493758.64 449.58 1979940 4.1955807826E8 449.58 83 2 225 9960 240 27000
108900.0 16566 3499612.71 449.58 1996506 4.2305769097E8 449.58 83 2 225 10043 242 27225
109800.0 16528 3496806.58 449.58 2013034 4.2655449755E8 449.58 83 2 225 10126 244 27450
110700.0 16452 3494199.33 449.58 2029486 4.3004869688E8 449.58 83 2 225 10209 246 27675
111600.0 16452 3493758.64 449.58 2045938 4.3354245552E8 449.58 83 2 225 10292 248 27900
112500.0 16566 3499612.71 449.58 2062504 4.3704206822E8 449.58 83 2 225 10375 250 28125
113400.0 16528 3496806.58 449.58 2079032 4.405388748E8 449.58 83 2 225 10458 252 28350
114300.0 16452 3494199.33 449.58 2095484 4.4403307413E8 449.58 83 2 225 10541 254 28575
115200.0 16452 3493758.64 449.58 2111936 4.4752683277E8 449.58 83 2 225 10624 256 28800
116100.0 16566 3499603.71 449.58 2128502 4.5102643648E8 449.58 83 2 225 10707 258 29025
117000.0 16528 3496806.58 449.58 2145030 4.5452324306E8 449.58 83 2 225 10790 260 29250
117900.0 16452 3494199.33 449.58 2161482 4.5801744239E8 449.58 83 2 225 10873 262 29475
118800.0 16452 3493758.64 449.58 2177934 4.6151120103E8 449.58 83 2 225 10956 264 29700
119700.0 16566 3499621.71 449.58 2194500 4.6501082273E8 449.58 83 2 225 11039 266 29925
120600.0 16528 3496806.58 449.58 2211028 4.6850762931E8 449.58 83 2 225 11122 268 30150
121500.0 16452 3494199.33 449.58 2227480 4.7200182864E8 449.58 83 2 225 11205 270 30375
122400.0 16452 3493758.64 449.58 2243932 4.7549558728E8 449.58 83 2 225 11288 272 30600
123300.0 16566 3499603.71 449.58 2260498 4.7899519099E8 449.58 83 2 225 11371 274 30825
124200.0 16528 3496806.58 449.58 2277026 4.8249199757E8 449.58 83 2 225 11454 276 31050
125100.0 16452 3494199.33 449.58 2293478 4.859861969E8 449.58 83 2 225 11537 278 31275
126000.0 16452 3493758.64 449.58 2309930 4.8947995554E8 449.58 83 2 225 11620 280 31500
126900.0 16566 3499621.71 449.58 2326496 4.9297957724E8 449.58 83 2 225 11703 282 31725
127800.0 16528 3496806.58 449.58 2343024 4.9647638382E8 449.58 83 2 225 11786 284 31950
128700.0 16452 3494199.33 449.58 2359476 4.9997058315E8 449.58 83 2 225 11869 286 32175
129600.0 16452 3493758.64 449.58 2375928 5.0346434179E8 449.58 83 2 225 11952 288 32400
130500.0 16566 3499621.71 449.58 2392494 5.069639635E8 449.58 83 2 225 12035 290 32625
131400.0 16528 3496806.58 449.58 2409022 5.1046077008E8 449.58 83 2 225 12118 292 32850
132300.0 16452 3494199.33 449.58 2425474 5.1395496941E8 449.58 83 2 225 12201 294 33075
133200.0 16452 3493758.64 449.58 2441926 5.1744872805E8 449.58 83 2 225 12284 296 33300
134100.0 16566 3499612.71 449.58 2458492 5.2094834075E8 449.58 83 2 225 12367 298 33525
135000.0 16528 3496806.58 449.58 2475020 5.2444514733E8 449.58 83 2 225 12450 300 33750
135900.0 16452 3494199.33 449.58 2491472 5.2793934666E8 449.58 83 2 225 12533 302 33975
136800.0 16452 3493758.64 449.58 2507924 5.314331053E8 449.58 83 2 225 12616 304 34200
137700.0 16566 3499612.71 449.58 2524490 5.3493271801E8 449.58 83 2 225 12699 306 34425
138600.0 16528 3496806.58 449.58 2541018 5.3842952458E8 449.58 83 2 225 12782 308 34650
139500.0 16452 3494199.33 449.58 2557470 5.4192372391E8 449.58 83 2 225 12865 310 34875
140400.0 16452 3493758.64 449.58 2573922 5.4541748255E8 449.58 83 2 225 12948 312 35100
141300.0 16566 3499612.71 449.58 2590488 5.4891709526E8 449.58 83 2 225 13031 314 35325
142200.0 16528 3496806.58 449.58 2607016 5.5241390184E8 449.58 83 2 225 13114 316 35550
143100.0 16452 3494199.33 449.58 2623468 5.5590810117E8 449.58 83 2 225 13197 318 35775
144000.0 16452 3493758.64 449.58 2639920 5.5940185981E8 449.58 83 2 225 13280 320 36000
144900.0 16566 3499612.71 449.58 2656486 5.6290147251E8 449.58 83 2 225 13363 322 36225
145800.0 16528 3496806.58 449.58 2673014 5.6639827909E8 449.58 83 2 225 13446 324 36450
146700.0 16452 3494199.33 449.58 2689466 5.6989247842E8 449.58 83 2 225 13529 326 36675
147600.0 16452 3493758.64 449.58 2705918 5.7338623706E8 449.58 83 2 225 13612 328 36900
148500.0 16566 3499621.71 449.58 2722484 5.7688585877E8 449.58 83 2 225 13695 330 37125
149400.0 16528 3496806.58 449.58 2739012 5.8038266534E8 449.58 83 2 225 13778 332 37350
150300.0 16452 3494199.33 449.58 2755464 5.8387686467E8 449.58 83 2 225 13861 334 37575
151200.0 16452 3493758.64 449.58 2771916 5.8737062331E8 449.58 83 2 225 13944 336 37800
152100.0 16566 3499603.71 449.58 2788482 5.9087022702E8 449.58 83 2 225 14027 338 38025
153000.0 16528 3496806.58 449.58 2805010 5.943670336E8 449.58 83 2 225 14110 340 38250
153900.0 16452 3494199.33 449.58 2821462 5.9786123293E8 449.58 83 2 225 14193 342 38475
154800.0 16452 3493758.64 449.58 2837914 6.0135499157E8 449.58 83 2 225 14276 344 38700
155700.0 16566 3499621.71 449.58 2854480 6.0485461327E8 449.58 83 2 225 14359 346 38925
156600.0 16528 3496806.58 449.58 2871008 6.0835141985E8 449.58 83 2 225 14442 348 39150
157500.0 16452 3494199.33 449.58 2887460 6.1184561918E8 449.58 83 2 225 14525 350 39375
158400.0 16452 3493758.64 449.58 2903912 6.1533937782E8 449.58 83 2 225 14608 352 39600
159300.0 16566 3502847.71 449.58 2920478 6.1884222553E8 449.58 83 2 225 14691 354 39825
160200.0 16528 3496806.58 449.58 2937006 6.223390321E8 449.58 83 2 225 14774 356 40050
161100.0 16452 3494199.33 449.58 2953458 6.2583323143E8 449.58 83 2 225 14857 358 40275
162000.0 16452 3493758.64 449.58 2969910 6.2932699007E8 449.58 83 2 225 14940 360 40500
162900.0 16566 3499621.71 449.58 2986476 6.3282661178E8 449.58 83 2 225 15023 362 40725
163800.0 16528 3496966.21 449.58 3003004 6.3632357799E8 449.58 83 2 225 15106 364 40950
164700.0 16452 3494199.33 449.58 3019456 6.3981777732E8 449.58 83 2 225 15189 366 41175
165600.0 16452 3493758.64 449.58 3035908 6.4331153596E8 449.58 83 2 225 15272 368 41400
166500.0 16566 3502847.71 449.58 3052474 6.4681438366E8 449.58 83 2 225 15355 370 41625
167400.0 16528 3496806.58 449.58 3069002 6.5031119024E8 449.58 83 2 225 15438 372 41850
168300.0 16452 3494199.33 449.58 3085454 6.5380538957E8 449.58 83 2 225 15521 374 42075
169200.0 16452 3493758.64 449.58 3101906 6.5729914821E8 449.58 83 2 225 15604 376 42300
170100.0 16566 3499621.71 449.58 3118472 6.6079876992E8 449.58 83 2 225 15687 378 42525
171000.0 16528 3496966.21 449.58 3135000 6.6429573612E8 449.58 83 2 225 15770 380 42750
171900.0 16452 3494199.33 449.58 3151452 6.6778993545E8 449.58 83 2 225 15853 382 42975
172800.0 16452 3493758.64 449.58 3167904 6.7128369409E8 449.58 83 2 225 15936 384 43200
173700.0 16566 3499603.71 449.58 3184470 6.747832978E8 449.58 83 2 225 16019 386 43425
174600.0 16528 3496806.58 449.58 3200998 6.7828010438E8 449.58 83 2 225 16102 388 43650
175500.0 16452 3494199.33 449.58 3217450 6.817743037E8 449.58 83 2 225 16185 390 43875
176400.0 16452 3493758.64 449.58 3233902 6.8526806235E8 449.58 83 2 225 16268 392 44100
177300.0 16566 3499621.71 449.58 3250468 6.8876768405E8 449.58 83 2 225 16351 394 44325
178200.0 16528 3496806.58 449.58 3266996 6.9226449063E8 449.58 83 2 225 16434 396 44550
179100.0 16452 3494199.33 449.58 3283448 6.9575868996E8 449.58 83 2 225 16517 398 44775
180000.0 16452 3493758.64 449.58 3299900 6.992524486E8 449.58 83 2 225 16600 400 45000
180900.0 16566 3499621.71 449.58 3316466 7.027520703E8 449.58 83 2 225 16683 402 45225
181800.0 16528 3496806.58 449.58 3332994 7.0624887688E8 449.58 83 2 225 16766 404 45450
182700.0 16452 3494199.33 449.58 3349446 7.0974307621E8 449.58 83 2 225 16849 406 45675
183600.0 16452 3493758.64 449.58 3365898 7.1323683485E8 449.58 83 2 225 16932 408 45900
184500.0 16566 3499603.71 449.58 3382464 7.1673643856E8 449.58 83 2 225 17015 410 46125
185400.0 16528 3496806.58 449.58 3398992 7.2023324513E8 449.58 83 2 225 17098 412 46350
186300.0 16452 3494199.33 449.58 3415444 7.2372744446E8 449.58 83 2 225 17181 414 46575
187200.0 16452 3493758.64 449.58 3431896 7.272212031E8 449.58 83 2 225 17264 416 46800
188100.0 16566 3499621.71 449.58 3448462 7.3072082481E8 449.58 83 2 225 17347 418 47025
189000.0 16528 3496806.58 449.58 3464990 7.3421763139E8 449.58 83 2 225 17430 420 47250
189900.0 16452 3494199.33 449.58 3481442 7.3771183072E8 449.58 83 2 225 17513 422 47475
190800.0 16452 3493758.64 449.58 3497894 7.4120558936E8 449.58 83 2 225 17596 424 47700
191700.0 16566 3499621.71 449.58 3514460 7.4470521106E8 449.58 83 2 225 17679 426 47925
192600.0 16528 3496806.58 449.58 3530988 7.4820201764E8 449.58 83 2 225 17762 428 48150
193500.0 16452 3494199.33 449.58 3547440 7.5169621697E8 449.58 83 2 225 17845 430 48375
194400.0 16452 3493758.64 449.58 3563892 7.5518997561E8 449.58 83 2 225 17928 432 48600
195300.0 16566 3499603.71 449.58 3580458 7.5868957932E8 449.58 83 2 225 18011 434 48825
196200.0 16528 3496806.58 449.58 3596986 7.6218638589E8 449.58 83 2 225 18094 436 49050
197100.0 16452 3494199.33 449.58 3613438 7.6568058522E8 449.58 83 2 225 18177 438 49275
198000.0 16452 3493758.64 449.58 3629890 7.6917434386E8 449.58 83 2 225 18260 440 49500
198900.0 16566 3499621.71 449.58 3646456 7.7267396557E8 449.58 83 2 225 18343 442 49725
199800.0 16528 3496806.58 449.58 3662984 7.7617077215E8 449.58 83 2 225 18426 444 49950
200700.0 16452 3494199.33 449.58 3679436 7.7966497147E8 449.58 83 2 225 18509 446 50175
201600.0 16452 3493758.64 449.58 3695888 7.8315873012E8 449.58 83 2 225 18592 448 50400
202500.0 16566 3499621.71 449.58 3712454 7.8665835182E8 449.58 83 2 225 18675 450 50625
203400.0 16528 3496806.58 449.58 3728982 7.901551584E8 449.58 83 2 225 18758 452 50850
204300.0 16452 3494199.33 449.58 3745434 7.9364935773E8 449.58 83 2 225 18841 454 51075
205200.0 16452 3493758.64 449.58 3761886 7.9714311637E8 449.58 83 2 225 18924 456 51300
206100.0 16566 3499603.71 449.58 3778452 8.0064272008E8 449.58 83 2 225 19007 458 51525
207000.0 16528 3496806.58 449.58 3794980 8.0413952665E8 449.58 83 2 225 19090 460 51750
207900.0 16452 3494199.33 449.58 3811432 8.0763372598E8 449.58 83 2 225 19173 462 51975
208800.0 16452 3493758.64 449.58 3827884 8.1112748462E8 449.58 83 2 225 19256 464 52200
209700.0 16566 3499621.71 449.58 3844450 8.1462710633E8 449.58 83 2 225 19339 466 52425
210600.0 16528 3496806.58 449.58 3860978 8.181239129E8 449.58 83 2 225 19422 468 52650
211500.0 16452 3494199.33 449.58 3877430 8.2161811223E8 449.58 83 2 225 19505 470 52875
212400.0 16452 3493758.64 449.58 3893882 8.2511187087E8 449.58 83 2 225 19588 472 53100
213300.0 16566 3499603.71 449.58 3910448 8.2861147458E8 449.58 83 2 225 19671 474 53325
214200.0 16528 3496806.58 449.58 3926976 8.3210828116E8 449.58 83 2 225 19754 476 53550
215100.0 16452 3494199.33 449.58 3943428 8.3560248049E8 449.58 83 2 225 19837 478 53775
216000.0 16452 3493758.64 449.58 3959880 8.3909623913E8 449.58 83 2 225 19920 480 54000
216900.0 16566 3499621.71 449.58 3976446 8.4259586083E8 449.58 83 2 225 20003 482 54225
217800.0 16528 3496806.58 449.58 3992974 8.4609266741E8 449.58 83 2 225 20086 484 54450
218700.0 16452 3494199.33 449.58 4009426 8.4958686674E8 449.58 83 2 225 20169 486 54675
219600.0 16452 3493758.64 449.58 4025878 8.5308062538E8 449.58 83 2 225 20252 488 54900
220500.0 16566 3499603.71 449.58 4042444 8.5658022909E8 449.58 83 2 225 20335 490 55125
221400.0 16528 3496806.58 449.58 4058972 8.6007703566E8 449.58 83 2 225 20418 492 55350
222300.0 16452 3494199.33 449.58 4075424 8.6357123499E8 449.58 83 2 225 20501 494 55575
223200.0 16452 3493758.64 449.58 4091876 8.6706499363E8 449.58 83 2 225 20584 496 55800
224100.0 16566 3499621.71 449.58 4108442 8.7056461534E8 449.58 83 2 225 20667 498 56025
225000.0 16528 3496806.58 449.58 4124970 8.7406142192E8 449.58 83 2 225 20750 500 56250
225900.0 16452 3494199.33 449.58 4141422 8.7755562124E8 449.58 83 2 225 20833 502 56475
226800.0 16452 3493758.64 449.58 4157874 8.8104937989E8 449.58 83 2 225 20916 504 56700
227700.0 16566 3499603.71 449.58 4174440 8.8454898359E8 449.58 83 2 225 20999 506 56925
228600.0 16528 3496806.58 449.58 4190968 8.8804579017E8 449.58 83 2 225 21082 508 57150
229500.0 16452 3494199.33 449.58 4207420 8.915399895E8 449.58 83 2 225 21165 510 57375
230400.0 16452 3493758.64 449.58 4223872 8.9503374814E8 449.58 83 2 225 21248 512 57600
231300.0 16566 3499621.71 449.58 4240438 8.9853336984E8 449.58 83 2 225 21331 514 57825
232200.0 16528 3496806.58 449.58 4256966 9.0203017642E8 449.58 83 2 225 21414 516 58050
233100.0 16452 3494199.33 449.58 4273418 9.0552437575E8 449.58 83 2 225 21497 518 58275
234000.0 16452 3493758.64 449.58 4289870 9.0901813439E8 449.58 83 2 225 21580 520 58500
234900.0 16566 3499603.71 449.58 4306436 9.125177381E8 449.58 83 2 225 21663 522 58725
235800.0 16528 3496806.58 449.58 4322964 9.1601454467E8 449.58 83 2 225 21746 524 58950
236700.0 16452 3494199.33 449.58 4339416 9.19508744E8 449.58 83 2 225 21829 526 59175
237600.0 16452 3493758.64 449.58 4355868 9.2300250264E8 449.58 83 2 225 21912 528 59400
238500.0 16566 3499621.71 449.58 4372434 9.2650212435E8 449.58 83 2 225 21995 530 59625
239400.0 16528 3496806.58 449.58 4388962 9.2999893093E8 449.58 83 2 225 22078 532 59850
240300.0 16452 3494199.33 449.58 4405414 9.3349313026E8 449.58 83 2 225 22161 534 60075
241200.0 16452 3493758.64 449.58 4421866 9.369868889E8 449.58 83 2 225 22244 536 60300
242100.0 16566 3499603.71 449.58 4438432 9.404864926E8 449.58 83 2 225 22327 538 60525
243000.0 16528 3496806.58 449.58 4454960 9.4398329918E8 449.58 83 2 225 22410 540 60750
243900.0 16452 3494199.33 449.58 4471412 9.4747749851E8 449.58 83 2 225 22493 542 60975
244800.0 16452 3493758.64 449.58 4487864 9.5097125715E8 449.58 83 2 225 22576 544 61200
245700.0 16566 3499621.71 449.58 4504430 9.5447087886E8 449.58 83 2 225 22659 546 61425
246600.0 16528 3496806.58 449.58 4520958 9.5796768543E8 449.58 83 2 225 22742 548 61650
247500.0 16452 3494199.33 449.58 4537410 9.6146188476E8 449.58 83 2 225 22825 550 61875
248400.0 16452 3493758.64 449.58 4553862 9.649556434E8 449.58 83 2 225 22908 552 62100
249300.0 16566 3499612.71 449.58 4570428 9.6845525611E8 449.58 83 2 225 22991 554 62325
250200.0 16528 3496806.58 449.58 4586956 9.7195206269E8 449.58 83 2 225 23074 556 62550
251100.0 16452 3494199.33 449.58 4603408 9.7544626202E8 449.58 83 2 225 23157 558 62775
252000.0 16452 3493758.64 449.58 4619860 9.7894002066E8 449.58 83 2 225 23240 560 63000
252900.0 16566 3499612.71 449.58 4636426 9.8243963337E8 449.58 83 2 225 23323 562 63225
253800.0 16528 3496806.58 449.58 4652954 9.8593643995E8 449.58 83 2 225 23406 564 63450
254700.0 16452 3494199.33 449.58 4669406 9.8943063927E8 449.58 83 2 225 23489 566 63675
255600.0 16452 3493758.64 449.58 4685858 9.9292439792E8 449.58 83 2 225 23572 568 63900
256500.0 16566 3499612.71 449.58 4702424 9.9642401063E8 449.58 83 2 225 23655 570 64125
257400.0 16528 3496806.58 449.58 4718952 9.999208172E8 449.58 83 2 225 23738 572 64350
258300.0 16452 3494199.33 449.58 4735404 1.00341501653E9 449.58 83 2 225 23821 574 64575
259200.0 16452 3493758.64 449.58 4751856 1.00690877517E9 449.58 83 2 225 23904 576 64800
260100.0 16566 3499612.71 449.58 4768422 1.01040838788E9 449.58 83 2 225 23987 578 65025
261000.0 16528 3496806.58 449.58 4784950 1.01390519446E9 449.58 83 2 225 24070 580 65250
261900.0 16452 3494199.33 449.58 4801402 1.01739939379E9 449.58 83 2 225 24153 582 65475
262800.0 16452 3493758.64 449.58 4817854 1.02089315243E9 449.58 83 2 225 24236 584 65700
263700.0 16566 3502856.71 449.58 4834420 1.02439600914E9 449.58 83 2 225 24319 586 65925
264600.0 16528 3496806.58 449.58 4850948 1.02789281571E9 449.58 83 2 225 24402 588 66150
265500.0 16452 3494199.33 449.58 4867400 1.03138701504E9 449.58 83 2 225 24485 590 66375
266400.0 16452 3493758.64 449.58 4883852 1.03488077368E9 449.58 83 2 225 24568 592 66600
267300.0 16566 3499612.71 449.58 4900418 1.03838038639E9 449.58 83 2 225 24651 594 66825
268200.0 16528 3496966.21 449.58 4916946 1.0418773526E9 449.58 83 2 225 24734 596 67050
269100.0 16452 3494199.33 449.58 4933398 1.04537155193E9 449.58 83 2 225 24817 598 67275
270000.0 16452 3493758.64 449.58 4949850 1.04886531057E9 449.58 83 2 225 24900 600 67500
270900.0 16566 3502865.71 449.58 4966416 1.05236817628E9 449.58 83 2 225 24983 602 67725
271800.0 16528 3496806.58 449.58 4982944 1.05586498286E9 449.58 83 2 225 25066 604 67950
272700.0 16452 3494199.33 449.58 4999396 1.05935918218E9 449.58 83 2 225 25149 606 68175
273600.0 16452 3493758.64 449.58 5015848 1.06285294083E9 449.58 83 2 225 25232 608 68400
274500.0 16566 3499603.71 449.58 5032414 1.06635254454E9 449.58 83 2 225 25315 610 68625
275400.0 16528 3496966.21 449.58 5048942 1.06984951074E9 449.58 83 2 225 25398 612 68850
276300.0 16452 3494199.33 449.58 5065394 1.07334371007E9 449.58 83 2 225 25481 614 69075
277200.0 16452 3493758.64 449.58 5081846 1.07683746871E9 449.58 83 2 225 25564 616 69300
278100.0 16566 3499621.71 449.58 5098412 1.08033709042E9 449.58 83 2 225 25647 618 69525
279000.0 16528 3496806.58 449.58 5114940 1.083833897E9 449.58 83 2 225 25730 620 69750
279900.0 16452 3494199.33 449.58 5131392 1.08732809633E9 449.58 83 2 225 25813 622 69975
280800.0 16452 3493758.64 449.58 5147844 1.09082185497E9 449.58 83 2 225 25896 624 70200
281700.0 16566 3502856.71 449.58 5164410 1.09432471168E9 449.58 83 2 225 25979 626 70425
282600.0 16528 3496806.58 449.58 5180938 1.09782151826E9 449.58 83 2 225 26062 628 70650
283500.0 16452 3494199.33 449.58 5197390 1.10131571759E9 449.58 83 2 225 26145 630 70875
284400.0 16452 3493758.64 449.58 5213842 1.10480947623E9 449.58 83 2 225 26228 632 71100
285300.0 16566 3499612.71 449.58 5230408 1.10830908894E9 449.58 83 2 225 26311 634 71325
286200.0 16528 3496966.21 449.58 5246936 1.11180605514E9 449.58 83 2 225 26394 636 71550
287100.0 16452 3494199.33 449.58 5263388 1.11530025447E9 449.58 83 2 225 26477 638 71775
288000.0 16452 3493758.64 449.58 5279840 1.11879401311E9 449.58 83 2 225 26560 640 72000
288900.0 16566 3502865.71 449.58 5296406 1.12229687882E9 449.58 83 2 225 26643 642 72225
289800.0 16528 3496806.58 449.58 5312934 1.1257936854E9 449.58 83 2 225 26726 644 72450
290700.0 16452 3494199.33 449.58 5329386 1.12928788473E9 449.58 83 2 225 26809 646 72675
291600.0 16452 3493758.64 449.58 5345838 1.13278164337E9 449.58 83 2 225 26892 648 72900
292500.0 16566 3499621.71 449.58 5362404 1.13628126508E9 449.58 83 2 225 26975 650 73125
293400.0 16528 3496966.21 449.58 5378932 1.13977823129E9 449.58 83 2 225 27058 652 73350
294300.0 16452 3494199.33 449.58 5395384 1.14327243061E9 449.58 83 2 225 27141 654 73575
295200.0 16452 3493758.64 449.58 5411836 1.14676618926E9 449.58 83 2 225 27224 656 73800
296100.0 16566 3499603.71 449.58 5428402 1.15026579297E9 449.58 83 2 225 27307 658 74025
297000.0 16528 3496806.58 449.58 5444930 1.15376259954E9 449.58 83 2 225 27390 660 74250
297900.0 16452 3494199.33 449.58 5461382 1.15725679887E9 449.58 83 2 225 27473 662 74475
298800.0 16452 3493758.64 449.58 5477834 1.16075055752E9 449.58 83 2 225 27556 664 74700
299700.0 16566 3499621.71 449.58 5494400 1.16425017923E9 449.58 83 2 225 27639 666 74925
300600.0 16528 3496806.58 449.58 5510928 1.1677469858E9 449.58 83 2 225 27722 668 75150
301500.0 16452 3494199.33 449.58 5527380 1.17124118513E9 449.58 83 2 225 27805 670 75375
302400.0 16452 3493758.64 449.58 5543832 1.17473494377E9 449.58 83 2 225 27888 672 75600
303300.0 16566 3499603.71 449.58 5560398 1.17823454748E9 449.58 83 2 225 27971 674 75825
304200.0 16528 3496806.58 449.58 5576926 1.18173135406E9 449.58 83 2 225 28054 676 76050
305100.0 16452 3494199.33 449.58 5593378 1.18522555339E9 449.58 83 2 225 28137 678 76275
306000.0 16452 3493758.64 449.58 5609830 1.18871931203E9 449.58 83 2 225 28220 680 76500
306900.0 16566 3499621.71 449.58 5626396 1.19221893373E9 449.58 83 2 225 28303 682 76725
307800.0 16528 3496806.58 449.58 5642924 1.19571574031E9 449.58 83 2 225 28386 684 76950
308700.0 16452 3494199.33 449.58 5659376 1.19920993964E9 449.58 83 2 225 28469 686 77175
309600.0 16452 3493758.64 449.58 5675828 1.20270369828E9 449.58 83 2 225 28552 688 77400
310500.0 16566 3499621.75 449.58 5692394 1.20620332003E9 449.58 83 2 225 28635 690 77625
311400.0 16528 3496806.58 449.58 5708922 1.20970012661E9 449.58 83 2 225 28718 692 77850
312300.0 16452 3494199.33 449.58 5725374 1.21319432594E9 449.58 83 2 225 28801 694 78075
313200.0 16452 3493758.64 449.58 5741826 1.21668808458E9 449.58 83 2 225 28884 696 78300
314100.0 16566 3499603.75 449.58 5758392 1.22018768833E9 449.58 83 2 225 28967 698 78525
315000.0 16528 3496806.58 449.58 5774920 1.2236844949E9 449.58 83 2 225 29050 700 78750
315900.0 16452 3494199.33 449.58 5791372 1.22717869423E9 449.58 83 2 225 29133 702 78975
316800.0 16452 3493758.64 449.58 5807824 1.23067245287E9 449.58 83 2 225 29216 704 79200
317700.0 16566 3499621.75 449.58 5824390 1.23417207462E9 449.58 83 2 225 29299 706 79425
318600.0 16528 3496966.21 449.58 5840918 1.23766904083E9 449.58 83 2 225 29382 708 79650
319500.0 16452 3494199.33 449.58 5857370 1.24116324016E9 449.58 83 2 225 29465 710 79875
320400.0 16452 3493758.64 449.58 5873822 1.2446569988E9 449.58 83 2 225 29548 712 80100
321300.0 16566 3499603.75 449.58 5890388 1.24815660255E9 449.58 83 2 225 29631 714 80325
322200.0 16528 3496806.58 449.58 5906916 1.25165340913E9 449.58 83 2 225 29714 716 80550
323100.0 16452 3494199.33 449.58 5923368 1.25514760845E9 449.58 83 2 225 29797 718 80775
324000.0 16452 3493758.64 449.58 5939820 1.2586413671E9 449.58 83 2 225 29880 720 81000
324900.0 16566 3499621.75 449.58 5956386 1.26214098885E9 449.58 83 2 225 29963 722 81225
325800.0 16528 3496806.58 449.58 5972914 1.26563779542E9 449.58 83 2 225 30046 724 81450
326700.0 16452 3494199.33 449.58 5989366 1.26913199475E9 449.58 83 2 225 30129 726 81675
327600.0 16452 3493758.64 449.58 6005818 1.27262575339E9 449.58 83 2 225 30212 728 81900
328500.0 16566 3499594.75 449.58 6022384 1.27612534814E9 449.58 83 2 225 30295 730 82125
329400.0 16528 3496806.58 449.58 6038912 1.27962215472E9 449.58 83 2 225 30378 732 82350
330300.0 16452 3494199.33 449.58 6055364 1.28311635405E9 449.58 83 2 225 30461 734 82575
331200.0 16452 3493758.64 449.58 6071816 1.28661011269E9 449.58 83 2 225 30544 736 82800
332100.0 16566 3502865.71 449.58 6088382 1.2901129784E9 449.58 83 2 225 30627 738 83025
333000.0 16528 3496966.21 449.58 6104910 1.2936099446E9 449.58 83 2 225 30710 740 83250
333900.0 16452 3494199.33 449.58 6121362 1.29710414393E9 449.58 83 2 225 30793 742 83475
334800.0 16452 3493758.64 449.58 6137814 1.30059790257E9 449.58 83 2 225 30876 744 83700
335700.0 16566 3499612.75 449.58 6154380 1.30409751532E9 449.58 83 2 225 30959 746 83925
336600.0 16528 3496806.58 449.58 6170908 1.3075943219E9 449.58 83 2 225 31042 748 84150
337500.0 16452 3494199.33 449.58 6187360 1.31108852123E9 449.58 83 2 225 31125 750 84375
338400.0 16452 3493758.64 449.58 6203812 1.31458227987E9 449.58 83 2 225 31208 752 84600
339300.0 16566 3499603.75 449.58 6220378 1.31808188362E9 449.58 83 2 225 31291 754 84825
340200.0 16528 3496966.21 449.58 6236906 1.32157884982E9 449.58 83 2 225 31374 756 85050
341100.0 16452 3494199.33 449.58 6253358 1.32507304915E9 449.58 83 2 225 31457 758 85275
342000.0 16452 3493758.64 449.58 6269810 1.3285668078E9 449.58 83 2 225 31540 760 85500
342900.0 16566 3502865.71 449.58 6286376 1.3320696735E9 449.58 83 2 225 31623 762 85725
343800.0 16528 3496806.58 449.58 6302904 1.33556648008E9 449.58 83 2 225 31706 764 85950
344700.0 16452 3494199.33 449.58 6319356 1.33906067941E9 449.58 83 2 225 31789 766 86175
345600.0 16452 3493758.64 449.58 6335808 1.34255443805E9 449.58 83 2 225 31872 768 86400

