# seed = 1, gamma = 0.25, beta = 0.25, dee = 10.0, dcc = 50.0, dec = 150.0, dsc = 200.0, dLocalhost = 0.015, hostBroker = CLOUD, numOfCloud = 1, numOfEdge = 1, numOfSmartphone = 75 
#
# The columns have the following meaning: 
# instant[SECONDS] delayCountPartial delaySumPartial[SECONDS] delayMaxPartial[SECONDS] delayCountTot delaySumTot[SECONDS] delayMaxTot[SECONDS] runOnCloudPartial runOnEdgePartial runOnSmartphonePartial runOnCloudTot runOnEdgeTot runOnSmartphoneTot
0.0 0 0.0 0.0 0 0.0 0.0 0 0 0 0 0 0
900.0 16561 1.031392149E7 1324.08 16561 1.031392149E7 1324.08 233 2 75 233 2 75
1800.0 16532 1.849853992E7 1831.84 33093 2.881246141E7 1831.84 233 2 75 466 4 150
2700.0 16452 2.667139327E7 2340.12 49545 5.548385467E7 2340.12 233 2 75 699 6 225
3600.0 16453 3.486909198E7 2847.84 65998 9.035294665E7 2847.84 233 2 75 932 8 300
4500.0 16560 4.323566153E7 3356.12 82558 1.3358860818E8 3356.12 233 2 75 1165 10 375
5400.0 16524 5.137756261E7 3864.42 99082 1.8496617079E8 3864.42 233 2 75 1398 12 450
6300.0 16452 5.947697506E7 4372.15 115534 2.4444314585E8 4372.15 233 2 75 1631 14 525
7200.0 16461 6.76744097E7 4880.43 131995 3.1211755555E8 4880.43 233 2 75 1864 16 600
8100.0 16560 7.614595396E7 5388.71 148555 3.8826350951E8 5388.71 233 2 75 2097 18 675
9000.0 16525 8.425580174E7 5896.45 165080 4.7251931125E8 5896.45 233 2 75 2330 20 750
9900.0 16452 9.228229018E7 6404.73 181532 5.6480160143E8 6404.73 233 2 75 2563 22 825
10800.0 16452 1.0048440501E8 6913.01 197984 6.6528600644E8 6913.01 233 2 75 2796 24 900
11700.0 16561 1.0907083245E8 7420.74 214545 7.7435683889E8 7420.74 233 2 75 3029 26 975
12600.0 16524 1.1713478566E8 7929.03 231069 8.9149162455E8 7929.03 233 2 75 3262 28 1050
13500.0 16460 1.2508793989E8 8436.75 247529 1.01657956443E9 8436.75 233 2 75 3495 30 1125
14400.0 16453 1.3328530689E8 8945.03 263982 1.14986487132E9 8945.03 233 2 75 3728 32 1200
15300.0 16560 1.4197633097E8 9453.32 280542 1.29184120228E9 9453.32 233 2 75 3961 34 1275
16200.0 16524 1.500130248E8 9961.05 297066 1.44185422708E9 9961.05 233 2 75 4194 36 1350
17100.0 16452 1.5789318737E8 10469.34 313518 1.59974741445E9 10469.34 233 2 75 4427 38 1425
18000.0 16452 1.6609539102E8 10977.62 329970 1.76584280547E9 10977.62 233 2 75 4660 40 1500
18900.0 16569 1.7489165021E8 11485.35 346539 1.94073445568E9 11485.35 233 2 75 4893 42 1575
19800.0 16525 1.8289150238E8 11993.64 363064 2.12362595806E9 11993.64 233 2 75 5126 44 1650
20700.0 16452 1.907032715E8 12501.93 379516 2.31432922957E9 12501.93 233 2 75 5359 46 1725
21600.0 16452 1.9890097022E8 13009.65 395968 2.51323019978E9 13009.65 233 2 75 5592 48 1800
22500.0 16560 2.0780670797E8 13517.93 412528 2.72103690775E9 13517.93 233 2 75 5825 50 1875
23400.0 16525 2.1577224956E8 14025.93 429053 2.93680915732E9 14025.93 233 2 75 6058 52 1950
24300.0 16460 2.2350636883E8 14533.94 445513 3.16031552614E9 14533.94 233 2 75 6291 54 2025
25200.0 16452 2.3170623143E8 15042.23 461965 3.39202175757E9 15042.23 233 2 75 6524 56 2100
26100.0 16561 2.4073157238E8 15549.95 478526 3.63275332995E9 15549.95 233 2 75 6757 58 2175
27000.0 16524 2.4864867786E8 16058.24 495050 3.88140200781E9 16058.24 233 2 75 6990 60 2250
27900.0 16452 2.5631411224E8 16566.53 511502 4.13771612005E9 16566.53 233 2 75 7223 62 2325
28800.0 16453 2.6451181095E8 17074.25 527955 4.402227931E9 17074.25 233 2 75 7456 64 2400
29700.0 16568 2.7363705532E8 17582.53 544523 4.67586498633E9 17582.53 233 2 75 7689 66 2475
30600.0 16524 2.8153192676E8 18090.83 561047 4.95739691309E9 18090.83 233 2 75 7922 68 2550
31500.0 16453 2.8911969479E8 18598.56 577500 5.24651660788E9 18598.56 233 2 75 8155 70 2625
32400.0 16452 2.9731712943E8 19106.84 593952 5.54383373731E9 19106.84 233 2 75 8388 72 2700
33300.0 16560 3.0655665261E8 19615.11 610512 5.85039038992E9 19615.11 233 2 75 8621 74 2775
34200.0 16525 3.1441062991E8 20122.86 627037 6.16480101983E9 20122.86 233 2 75 8854 76 2850
35100.0 16452 3.2192501045E8 20631.14 643489 6.48672603029E9 20631.14 233 2 75 9087 78 2925
36000.0 16460 3.3012270917E8 21138.86 659949 6.81684873945E9 21138.86 233 2 75 9320 80 3000
36900.0 16561 3.3946743336E8 21647.14 676510 7.15631617281E9 21647.14 233 2 75 9553 82 3075
37800.0 16524 3.4728915996E8 22155.44 693034 7.50360533277E9 22155.44 233 2 75 9786 84 3150
38700.0 16452 3.5473059317E8 22663.16 709486 7.85833592594E9 22663.16 233 2 75 10019 86 3225
39600.0 16452 3.629280278E8 23171.44 725938 8.22126395374E9 23171.44 233 2 75 10252 88 3300
40500.0 16560 3.7238727806E8 23679.73 742498 8.5936512318E9 23679.73 233 2 75 10485 90 3375
41400.0 16533 3.801678971E8 24187.47 759031 8.97381912889E9 24187.47 233 2 75 10718 92 3450
42300.0 16453 3.8753590894E8 24695.75 775484 9.36135503783E9 24695.75 233 2 75 10951 94 3525
43200.0 16452 3.9573811259E8 25204.03 791936 9.75709315042E9 25204.03 233 2 75 11184 96 3600
44100.0 16560 4.0530258899E8 25711.76 808496 1.016239573941E10 25711.76 233 2 75 11417 98 3675
45000.0 16524 4.1304638433E8 26220.05 825020 1.057544212374E10 26220.05 233 2 75 11650 100 3750
45900.0 16453 4.2034149171E8 26727.77 841473 1.099578361545E10 26727.77 233 2 75 11883 102 3825
46800.0 16460 4.2853892634E8 27236.05 857933 1.142432254179E10 27236.05 233 2 75 12116 104 3900
47700.0 16560 4.3822726176E8 27744.34 874493 1.186254980355E10 27744.34 233 2 75 12349 106 3975
48600.0 16525 4.4592511262E8 28252.07 891018 1.230847491617E10 28252.07 233 2 75 12582 108 4050
49500.0 16452 4.5314680764E8 28760.35 907470 1.27616217238E10 28760.35 233 2 75 12815 110 4125
50400.0 16452 4.6134901129E8 29268.64 923922 1.322297073509E10 29268.64 233 2 75 13048 112 4200
51300.0 16561 4.7113298551E8 29776.37 940483 1.369410372061E10 29776.37 233 2 75 13281 114 4275
52200.0 16532 4.7880360901E8 30284.66 957015 1.417290732962E10 30284.66 233 2 75 13514 116 4350
53100.0 16452 4.8595689258E8 30792.94 973467 1.46588642222E10 30792.94 233 2 75 13747 118 4425
54000.0 16453 4.941545913E8 31300.67 989920 1.51530188135E10 31300.67 233 2 75 13980 120 4500
54900.0 16560 5.0404805304E8 31808.95 1006480 1.565706686654E10 31808.95 233 2 75 14213 122 4575
55800.0 16524 5.1168535616E8 32317.07 1023004 1.61687522227E10 32317.07 233 2 75 14446 124 4650
56700.0 16453 5.1876103874E8 32824.97 1039457 1.668751326144E10 32824.97 233 2 75 14679 126 4725
57600.0 16452 5.2695986439E8 33333.25 1055909 1.721447312583E10 33333.25 233 2 75 14912 128 4800
58500.0 16568 5.3696332728E8 33840.97 1072477 1.775143645311E10 33840.97 233 2 75 15145 130 4875
59400.0 16525 5.4456078784E8 34349.26 1089002 1.829599724095E10 34349.26 233 2 75 15378 132 4950
60300.0 16452 5.5156774563E8 34857.55 1105454 1.884756498658E10 34857.55 233 2 75 15611 134 5025
61200.0 16452 5.5976544434E8 35365.27 1121906 1.940733043093E10 35365.27 233 2 75 15844 136 5100
62100.0 16560 5.6987839476E8 35873.55 1138466 1.997720882568E10 35873.55 233 2 75 16077 138 5175
63000.0 16525 5.7744404601E8 36381.85 1154991 2.055465287169E10 36381.85 233 2 75 16310 140 5250
63900.0 16460 5.8437332846E8 36889.58 1171451 2.113902620015E10 36889.58 233 2 75 16543 142 5325
64800.0 16453 5.9257076309E8 37397.86 1187904 2.173159696324E10 37397.86 233 2 75 16776 144 5400
65700.0 16560 6.0280768465E8 37906.13 1204464 2.233440464788E10 37906.13 233 2 75 17009 146 5475
66600.0 16524 6.1032274265E8 38413.88 1220988 2.294472739054E10 38413.88 233 2 75 17242 148 5550
67500.0 16452 6.1717864433E8 38922.16 1237440 2.356190603487E10 38922.16 233 2 75 17475 150 5625
68400.0 16453 6.2537634304E8 39429.88 1253893 2.418728237791E10 39429.88 233 2 75 17708 152 5700
69300.0 16568 6.3570877328E8 39938.16 1270461 2.482299115119E10 39938.16 233 2 75 17941 154 5775
70200.0 16524 6.4320126159E8 40446.46 1286985 2.546619241278E10 40446.46 233 2 75 18174 156 5850
71100.0 16453 6.4998422716E8 40954.18 1303438 2.611617663994E10 40954.18 233 2 75 18407 158 5925
72000.0 16452 6.5818166179E8 41462.46 1319890 2.677435830173E10 41462.46 233 2 75 18640 160 6000
72900.0 16560 6.6862862709E8 41970.75 1336450 2.744298692881E10 41970.75 233 2 75 18873 162 6075
73800.0 16524 6.7608000783E8 42478.48 1352974 2.811906693664E10 42478.48 233 2 75 19106 164 6150
74700.0 16461 6.8278954303E8 42986.77 1369435 2.880185647967E10 42986.77 233 2 75 19339 166 6225
75600.0 16452 6.9099174668E8 43495.05 1385887 2.949284822636E10 43495.05 233 2 75 19572 168 6300
76500.0 16561 7.0155353123E8 44002.78 1402448 3.019440175758E10 44002.78 233 2 75 19805 170 6375
77400.0 16524 7.0895849517E8 44511.07 1418972 3.090336025275E10 44511.07 233 2 75 20038 172 6450
78300.0 16452 7.1559603817E8 45018.91 1435424 3.161895629092E10 45018.91 233 2 75 20271 174 6525
79200.0 16453 7.2379358336E8 45527.07 1451877 3.234274987429E10 45527.07 233 2 75 20504 176 6600
80100.0 16560 7.3445897045E8 46035.36 1468437 3.307720884474E10 46035.36 233 2 75 20737 178 6675
81000.0 16532 7.418377048E8 46543.09 1484969 3.381904654954E10 46543.09 233 2 75 20970 180 6750
81900.0 16453 7.4840040664E8 47051.37 1501422 3.456744695618E10 47051.37 233 2 75 21203 182 6825
82800.0 16452 7.5660261029E8 47559.66 1517874 3.532404956646E10 47559.66 233 2 75 21436 184 6900
83700.0 16560 7.6738389254E8 48067.38 1534434 3.6091433459E10 48067.38 233 2 75 21669 186 6975
84600.0 16524 7.7471568458E8 48575.67 1550958 3.686614914358E10 48575.67 233 2 75 21902 188 7050
85500.0 16453 7.8121049148E8 49083.96 1567411 3.764735963505E10 49083.96 233 2 75 22135 190 7125
86400.0 16460 7.8940819019E8 49591.69 1583871 3.843676782524E10 49591.69 233 2 75 22368 192 7200
87300.0 16560 8.0028934886E8 50099.97 1600431 3.92370571741E10 50099.97 233 2 75 22601 194 7275
88200.0 16525 8.0759892215E8 50608.22 1616956 4.004465609626E10 50608.22 233 2 75 22834 196 7350
89100.0 16452 8.1401579866E8 51115.99 1633408 4.085867189492E10 51115.99 233 2 75 23067 198 7425
90000.0 16452 8.2221349806E8 51624.27 1649860 4.168088539298E10 51624.27 233 2 75 23300 200 7500
90900.0 16561 8.3321426009E8 52131.99 1666421 4.251409965307E10 52131.99 233 2 75 23533 202 7575
91800.0 16532 8.4047288926E8 52640.28 1682953 4.335457254232E10 52640.28 233 2 75 23766 204 7650
92700.0 16452 8.4682137929E8 53148.57 1699405 4.420139392162E10 53148.57 233 2 75 23999 206 7725
93600.0 16453 8.5501907801E8 53656.29 1715858 4.505641299962E10 53656.29 233 2 75 24232 208 7800
94500.0 16560 8.6611973446E8 54164.57 1732418 4.592253273408E10 54164.57 233 2 75 24465 210 7875
95400.0 16524 8.7335664476E8 54672.87 1748942 4.679588937884E10 54672.87 233 2 75 24698 212 7950
96300.0 16453 8.7962696211E8 55180.59 1765395 4.767551634095E10 55180.59 233 2 75 24931 214 8025
97200.0 16458 8.8782439674E8 55688.87 1781853 4.85633407377E10 55688.87 233 2 75 25164 216 8100
98100.0 16562 8.9903949013E8 56197.16 1798415 4.946238022783E10 56197.16 233 2 75 25397 218 8175
99000.0 16525 9.0623488288E8 56704.9 1814940 5.036861511072E10 56704.9 233 2 75 25630 220 8250
99900.0 16452 9.1243227798E8 57213.18 1831392 5.128104738869E10 57213.18 233 2 75 25863 222 8325
100800.0 16452 9.2062997669E8 57720.9 1847844 5.220167736538E10 57720.9 233 2 75 26096 224 8400
101700.0 16560 9.3195012196E8 58229.18 1864404 5.313362748735E10 58229.18 233 2 75 26329 226 8475
102600.0 16524 9.3911338098E8 58737.48 1880928 5.407274086832E10 58737.48 233 2 75 26562 228 8550
103500.0 16461 9.452378608E8 59245.2 1897389 5.501797872912E10 59245.2 233 2 75 26795 230 8625
104400.0 16453 9.5343529543E8 59753.48 1913842 5.597141402455E10 59753.48 233 2 75 27028 232 8700
105300.0 16560 9.6486997576E8 60261.77 1930402 5.693628400031E10 60261.77 233 2 75 27261 234 8775
106200.0 16524 9.7199210921E8 60769.5 1946926 5.790827610952E10 60769.5 233 2 75 27494 236 8850
107100.0 16452 9.7804317666E8 61277.78 1963378 5.888631928618E10 61277.78 233 2 75 27727 238 8925
108000.0 16453 9.8624538031E8 61786.07 1979831 5.987256466649E10 61786.07 233 2 75 27960 240 9000
108900.0 16568 9.977852868E8 62293.8 1996399 6.087034995329E10 62293.8 233 2 75 28193 242 9075
109800.0 16524 1.0048706056E9 62802.09 2012923 6.187522055889E10 62802.09 233 2 75 28426 244 9150
110700.0 16453 1.01085064418E9 63310.06 2029376 6.288607120307E10 63310.06 233 2 75 28659 246 9225
111600.0 16452 1.01904837472E9 63818.09 2045828 6.390511957779E10 63818.09 233 2 75 28892 248 9300
112500.0 16560 1.03070031189E9 64326.38 2062388 6.493581988968E10 64326.38 233 2 75 29125 250 9375
113400.0 16525 1.03774928251E9 64834.11 2078913 6.59735691722E10 64834.11 233 2 75 29358 252 9450
114300.0 16460 1.04365402425E9 65342.39 2095373 6.701722319645E10 65342.39 233 2 75 29591 254 9525
115200.0 16452 1.0518562279E9 65850.68 2111825 6.806907942435E10 65850.68 233 2 75 29824 256 9600
116100.0 16561 1.06361561404E9 66358.4 2128386 6.913269503838E10 66358.4 233 2 75 30057 258 9675
117000.0 16524 1.07062777895E9 66866.69 2144910 7.020332281733E10 66866.69 233 2 75 30290 260 9750
117900.0 16452 1.07646410924E9 67374.98 2161362 7.127978692658E10 67374.98 233 2 75 30523 262 9825
118800.0 16452 1.08466180795E9 67882.7 2177814 7.236444873453E10 67882.7 233 2 75 30756 264 9900
119700.0 16567 1.09653070861E9 68390.98 2194381 7.346097944314E10 68390.98 233 2 75 30989 266 9975
120600.0 16526 1.10351076233E9 68899.26 2210907 7.456449020547E10 68899.26 233 2 75 31222 268 10050
121500.0 16453 1.10926964428E9 69407.01 2227360 7.567375984975E10 69407.01 233 2 75 31455 270 10125
122400.0 16452 1.1174671268E9 69915.29 2243812 7.679122697655E10 69915.29 233 2 75 31688 272 10200
123300.0 16560 1.12944601076E9 70423.01 2260372 7.792067298731E10 70423.01 233 2 75 31921 274 10275
124200.0 16524 1.13638500373E9 70931.3 2276896 7.905705799104E10 70931.3 233 2 75 32154 276 10350
125100.0 16453 1.14207500814E9 71439.59 2293349 8.019913299918E10 71439.59 233 2 75 32387 278 10425
126000.0 16460 1.15027270685E9 71947.31 2309809 8.134940570603E10 71947.31 233 2 75 32620 280 10500
126900.0 16561 1.16236108733E9 72455.59 2326370 8.251176679336E10 72455.59 233 2 75 32853 282 10575
127800.0 16524 1.169268262E9 72963.89 2342894 8.368103505536E10 72963.89 233 2 75 33086 284 10650
128700.0 16452 1.17488059107E9 73471.61 2359346 8.485591564643E10 73471.61 233 2 75 33319 286 10725
129600.0 16452 1.1830780257E9 73979.89 2375798 8.603899367213E10 73979.89 233 2 75 33552 288 10800
130500.0 16560 1.19528094124E9 74488.18 2392358 8.723427461337E10 74488.18 233 2 75 33785 290 10875
131400.0 16533 1.20214699034E9 74995.92 2408891 8.843642160371E10 74995.92 233 2 75 34018 292 10950
132300.0 16452 1.20768590704E9 75504.2 2425343 8.964410751075E10 75504.2 233 2 75 34251 294 11025
133200.0 16453 1.21588363007E9 76011.92 2441796 9.085999114082E10 76011.92 233 2 75 34484 296 11100
134100.0 16560 1.22819147505E9 76520.2 2458356 9.208818261587E10 76520.2 233 2 75 34717 298 11175
135000.0 16524 1.23502548678E9 77028.5 2474880 9.332320810265E10 77028.5 233 2 75 34950 300 11250
135900.0 16453 1.24049148997E9 77536.22 2491333 9.456369959262E10 77536.22 233 2 75 35183 302 11325
136800.0 16460 1.2486889246E9 78044.5 2507793 9.581238851722E10 78044.5 233 2 75 35416 304 11400
137700.0 16560 1.26111131096E9 78552.79 2524353 9.707349982818E10 78552.79 233 2 75 35649 306 11475
138600.0 16525 1.26790421512E9 79060.52 2540878 9.83414040433E10 79060.52 233 2 75 35882 308 11550
139500.0 16452 1.27329680594E9 79568.8 2557330 9.961470084924E10 79568.8 233 2 75 36115 310 11625
140400.0 16452 1.28149900959E9 80077.09 2573782 1.0089619985883E11 80077.09 233 2 75 36348 312 11700
141300.0 16560 1.29402664011E9 80584.82 2590342 1.0219022649894E11 80584.82 233 2 75 36581 314 11775
142200.0 16524 1.30078271156E9 81093.11 2606866 1.034910092105E11 81093.11 233 2 75 36814 316 11850
143100.0 16461 1.30610535151E9 81601.21 2623327 1.0479711456201E11 81601.21 233 2 75 37047 318 11925
144000.0 16453 1.31430306881E9 82109.11 2639780 1.0611141763081E11 82109.11 233 2 75 37280 320 12000
144900.0 16560 1.32694165849E9 82617.39 2656340 1.074383592893E11 82617.39 233 2 75 37513 322 12075
145800.0 16524 1.33366139076E9 83125.13 2672864 1.0877202068007E11 83125.13 233 2 75 37746 324 12150
146700.0 16452 1.33890765581E9 83633.41 2689316 1.1011092833588E11 83633.41 233 2 75 37979 326 12225
147600.0 16453 1.34710986704E9 84141.7 2705769 1.1145803820292E11 84141.7 233 2 75 38212 328 12300
148500.0 16568 1.35985697864E9 84649.42 2722337 1.1281789518155E11 84649.42 233 2 75 38445 330 12375
149400.0 16525 1.3665398872E9 85157.71 2738862 1.1418443506876E11 85157.71 233 2 75 38678 332 12450
150300.0 16452 1.3717177408E9 85666.0 2755314 1.1555615280956E11 85666.0 233 2 75 38911 334 12525
151200.0 16452 1.37991543951E9 86173.72 2771766 1.1693606824907E11 86173.72 233 2 75 39144 336 12600
152100.0 16560 1.39277203721E9 86682.0 2788326 1.1832884028628E11 86682.0 233 2 75 39377 338 12675
153000.0 16525 1.39942292981E9 87190.29 2804851 1.1972826321609E11 87190.29 233 2 75 39610 340 12750
153900.0 16460 1.40452331476E9 87698.03 2821311 1.2113278653085E11 87698.03 233 2 75 39843 342 12825
154800.0 16452 1.41272075841E9 88206.3 2837763 1.2254550728926E11 88206.3 233 2 75 40076 344 12900
155700.0 16561 1.42568736641E9 88714.03 2854324 1.2397119465567E11 88714.03 233 2 75 40309 346 12975
156600.0 16524 1.43229711209E9 89222.32 2870848 1.2540349176776E11 89222.32 233 2 75 40542 348 13050
157500.0 16452 1.43732863976E9 89730.61 2887300 1.2684082040752E11 89730.61 233 2 75 40775 350 13125
158400.0 16453 1.44552633847E9 90238.33 2903753 1.2828634674598E11 90238.33 233 2 75 41008 352 13200
159300.0 16568 1.45861202133E9 90746.61 2920321 1.2974495876732E11 90746.61 233 2 75 41241 354 13275
160200.0 16524 1.46518036136E9 91254.91 2936845 1.3121013912868E11 91254.91 233 2 75 41474 356 13350
161100.0 16453 1.47013422268E9 91762.63 2953298 1.3268027335136E11 91762.63 233 2 75 41707 358 13425
162000.0 16452 1.47833165731E9 92270.91 2969750 1.3415860500867E11 92270.91 233 2 75 41940 360 13500
162900.0 16560 1.49152226989E9 92779.2 2986310 1.3565012727856E11 92779.2 233 2 75 42173 362 13575
163800.0 16525 1.4980596241E9 93286.93 3002835 1.3714818690267E11 93286.93 233 2 75 42406 364 13650
164700.0 16452 1.50293953855E9 93795.22 3019287 1.3865112644122E11 93795.22 233 2 75 42639 366 13725
165600.0 16460 1.51113809734E9 94303.05 3035747 1.4016226453856E11 94303.05 233 2 75 42872 368 13800
166500.0 16561 1.52444333693E9 94811.22 3052308 1.4168670787548E11 94811.22 233 2 75 43105 370 13875
167400.0 16524 1.53093756663E9 95319.51 3068832 1.4321764544212E11 95319.51 233 2 75 43338 372 13950
168300.0 16452 1.53574509314E9 95827.24 3085284 1.4475339053526E11 95827.24 233 2 75 43571 374 14025
169200.0 16452 1.54394252777E9 96335.52 3101736 1.4629733306302E11 96335.52 233 2 75 43804 376 14100
170100.0 16561 1.55735262907E9 96843.81 3118297 1.478546856921E11 96843.81 233 2 75 44037 378 14175
171000.0 16532 1.56381681138E9 97351.54 3134829 1.4941850250347E11 97351.54 233 2 75 44270 380 14250
171900.0 16453 1.568550409E9 97859.82 3151282 1.5098705291248E11 97859.82 233 2 75 44503 382 14325
172800.0 16452 1.57675261265E9 98368.11 3167734 1.5256380552513E11 98368.11 233 2 75 44736 384 14400
173700.0 16560 1.59026794911E9 98875.83 3184294 1.5415407347424E11 98875.83 233 2 75 44969 386 14475
174600.0 16524 1.5966947912E9 99384.12 3200818 1.5575076826544E11 99384.12 233 2 75 45202 388 14550
175500.0 16453 1.60135983143E9 99892.35 3217271 1.5735212809687E11 99892.35 233 2 75 45435 390 14625
176400.0 16460 1.6095577554E9 100400.13 3233731 1.5896168585227E11 100400.13 233 2 75 45668 392 14700
177300.0 16560 1.62318300616E9 100908.41 3250291 1.6058486885843E11 100908.41 233 2 75 45901 394 14775
178200.0 16525 1.62957350903E9 101416.15 3266816 1.6221444236746E11 101416.15 233 2 75 46134 396 14850
179100.0 16452 1.63416128833E9 101924.43 3283268 1.638486036558E11 101924.43 233 2 75 46367 398 14925
180000.0 16452 1.64236349198E9 102432.72 3299720 1.6549096714778E11 102432.72 233 2 75 46600 400 15000
180900.0 16561 1.6560983352E9 102940.44 3316281 1.6714706548298E11 102940.44 233 2 75 46833 402 15075
181800.0 16532 1.66245199631E9 103448.73 3332813 1.6880951747929E11 103448.73 233 2 75 47066 404 15150
182700.0 16452 1.66697137317E9 103957.02 3349265 1.7047648885246E11 103957.02 233 2 75 47299 406 15225
183600.0 16453 1.67516907188E9 104464.74 3365718 1.7215165792433E11 104464.74 233 2 75 47532 408 15300
184500.0 16560 1.68901337561E9 104973.02 3382278 1.7384067129995E11 104973.02 233 2 75 47765 410 15375
185400.0 16524 1.69533516018E9 105481.31 3398802 1.7553600646013E11 105481.31 233 2 75 47998 412 15450
186300.0 16453 1.69977694904E9 105989.04 3415255 1.7723578340916E11 105989.04 233 2 75 48231 414 15525
187200.0 16452 1.70797439056E9 106497.32 3431707 1.7894375779973E11 106497.32 233 2 75 48464 416 15600
188100.0 16568 1.72192877663E9 107005.05 3448275 1.8066568657635E11 107005.05 233 2 75 48697 418 15675
189000.0 16525 1.72820922077E9 107513.34 3464800 1.8239389579713E11 107513.34 233 2 75 48930 420 15750
189900.0 16452 1.73258227175E9 108021.63 3481252 1.8412647806887E11 108021.63 233 2 75 49163 422 15825
190800.0 16452 1.74077997046E9 108529.35 3497704 1.8586725803933E11 108529.35 233 2 75 49396 424 15900
191700.0 16560 1.75484378101E9 109037.63 3514264 1.8762210182034E11 109037.63 233 2 75 49629 426 15975
192600.0 16525 1.76109247888E9 109545.93 3530789 1.8938319429923E11 109545.93 233 2 75 49862 428 16050
193500.0 16460 1.76538785451E9 110053.65 3547249 1.9114858215374E11 110053.65 233 2 75 50095 430 16125
194400.0 16453 1.77358528914E9 110561.93 3563702 1.9292216744289E11 110561.93 233 2 75 50328 432 16200
195300.0 16560 1.78776361676E9 111070.22 3580262 1.9470993105965E11 111070.22 233 2 75 50561 434 16275
196200.0 16524 1.79397121606E9 111577.95 3596786 1.9650390227572E11 111577.95 233 2 75 50794 436 16350
197100.0 16452 1.79819317033E9 112086.23 3613238 1.9830209544604E11 112086.23 233 2 75 51027 438 16425
198000.0 16453 1.80639273436E9 112594.2 3629691 2.0010848818041E11 112594.2 233 2 75 51260 440 16500
198900.0 16568 1.82067634073E9 113102.24 3646259 2.0192916452113E11 113102.24 233 2 75 51493 442 16575
199800.0 16524 1.82684965317E9 113610.53 3662783 2.0375601417431E11 113610.53 233 2 75 51726 444 16650
200700.0 16453 1.83099870303E9 114118.26 3679236 2.0558701287734E11 114118.26 233 2 75 51959 446 16725
201600.0 16452 1.83919613766E9 114626.54 3695688 2.07426209015E11 114626.54 233 2 75 52192 448 16800
202500.0 16560 1.85359397193E9 115134.83 3712248 2.0927980298693E11 115134.83 233 2 75 52425 450 16875
203400.0 16525 1.85972839035E9 115642.56 3728773 2.1113953137729E11 115642.56 233 2 75 52658 452 16950
204300.0 16460 1.86380401885E9 116150.84 3745233 2.1300333539613E11 116150.84 233 2 75 52891 454 17025
205200.0 16452 1.8720062225E9 116659.13 3761685 2.1487534161863E11 116659.13 233 2 75 53124 456 17100
206100.0 16561 1.88650926492E9 117166.85 3778246 2.1676185088355E11 117166.85 233 2 75 53357 458 17175
207000.0 16524 1.89260687753E9 117675.14 3794770 2.1865445776107E11 117675.14 233 2 75 53590 460 17250
207900.0 16452 1.89661386626E9 118183.41 3811222 2.2055107162733E11 118183.41 233 2 75 53823 462 17325
208800.0 16453 1.90481179153E9 118691.15 3827675 2.2245588341886E11 118691.15 233 2 75 54056 464 17400
209700.0 16560 1.91942435922E9 119199.43 3844235 2.2437530777809E11 119199.43 233 2 75 54289 466 17475
210600.0 16532 1.92548561449E9 119707.17 3860767 2.2630079339258E11 119707.17 233 2 75 54522 468 17550
211500.0 16453 1.9294149171E9 120215.45 3877220 2.2823020830968E11 120215.45 233 2 75 54755 470 17625
212400.0 16452 1.93761712075E9 120723.74 3893672 2.3016782543044E11 120723.74 233 2 75 54988 472 17700
213300.0 16560 1.95233965199E9 121231.46 3910232 2.3212016508243E11 121231.46 233 2 75 55221 474 17775
214200.0 16524 1.95836410155E9 121739.75 3926756 2.3407852918398E11 121739.75 233 2 75 55454 476 17850
215100.0 16453 1.96222500172E9 122248.04 3943209 2.360407541857E11 122248.04 233 2 75 55687 478 17925
216000.0 16460 1.97042270043E9 122755.76 3959669 2.3801117688613E11 122755.76 233 2 75 55920 480 18000
216900.0 16561 1.98525474619E9 123264.04 3976230 2.3999643163232E11 123264.04 233 2 75 56153 482 18075
217800.0 16524 1.99124735945E9 123772.34 3992754 2.4198767899177E11 123772.34 233 2 75 56386 484 18150
218700.0 16452 1.99503058427E9 124280.06 4009206 2.4398270957604E11 124280.06 233 2 75 56619 486 18225
219600.0 16452 2.0032280189E9 124788.34 4025658 2.4598593759494E11 124788.34 233 2 75 56852 488 18300
220500.0 16561 2.01817004796E9 125296.07 4042219 2.480041076429E11 125296.07 233 2 75 57085 490 18375
221400.0 16532 2.02412132558E9 125804.36 4058751 2.5002822896848E11 125804.36 233 2 75 57318 492 18450
222300.0 16452 2.02783589981E9 126312.65 4075203 2.5205606486829E11 126312.65 233 2 75 57551 494 18525
223200.0 16453 2.03603359853E9 126820.37 4091656 2.5409209846682E11 126820.37 233 2 75 57784 496 18600
224100.0 16560 2.0510851241E9 127328.65 4108216 2.5614318359092E11 127328.65 233 2 75 58017 498 18675
225000.0 16524 2.05700458342E9 127836.95 4124740 2.5820018817434E11 127836.95 233 2 75 58250 500 18750
225900.0 16453 2.06064148231E9 128344.67 4141193 2.6026082965665E11 128344.67 233 2 75 58483 502 18825
226800.0 16460 2.06883891694E9 128852.95 4157653 2.623296685736E11 128852.95 233 2 75 58716 504 18900
227700.0 16560 2.08400495958E9 129361.24 4174213 2.6441367353318E11 129361.24 233 2 75 58949 506 18975
228600.0 16525 2.08988332033E9 129868.97 4190738 2.6650355685351E11 129868.97 233 2 75 59182 508 19050
229500.0 16452 2.09344679785E9 130377.25 4207190 2.6859700365136E11 130377.25 233 2 75 59415 510 19125
230400.0 16452 2.10164739099E9 130885.35 4223642 2.7069865104235E11 130885.35 233 2 75 59648 512 19200
231300.0 16561 2.11691871746E9 131393.26 4240203 2.7281556975981E11 131393.26 233 2 75 59881 514 19275
232200.0 16524 2.12276175612E9 131901.55 4256727 2.7493833151593E11 131901.55 233 2 75 60114 516 19350
233100.0 16460 2.12625232925E9 132409.28 4273187 2.7706458384518E11 132409.28 233 2 75 60347 518 19425
234000.0 16453 2.13444976388E9 132917.56 4289640 2.7919903360906E11 132917.56 233 2 75 60580 520 19500
234900.0 16560 2.14983529517E9 133425.84 4306200 2.8134886890423E11 133425.84 233 2 75 60813 522 19575
235800.0 16524 2.15564049303E9 133933.58 4322724 2.8350450939726E11 133933.58 233 2 75 61046 524 19650
236700.0 16452 2.15905764479E9 134441.86 4339176 2.8566356704206E11 134441.86 233 2 75 61279 526 19725
237600.0 16453 2.16725984844E9 134950.15 4355629 2.878308268905E11 134950.15 233 2 75 61512 528 19800
238500.0 16568 2.18275062388E9 135457.87 4372197 2.9001357751438E11 135457.87 233 2 75 61745 530 19875
239400.0 16525 2.18851898004E9 135966.16 4388722 2.9220209649442E11 135966.16 233 2 75 61978 532 19950
240300.0 16452 2.19186756527E9 136474.44 4405174 2.943939640597E11 136474.44 233 2 75 62211 534 20025
241200.0 16452 2.20006541904E9 136982.17 4421626 2.9659402947874E11 136982.17 233 2 75 62444 536 20100
242100.0 16560 2.21566568203E9 137490.45 4438186 2.9880969516076E11 137490.45 233 2 75 62677 538 20175
243000.0 16525 2.22139771695E9 137998.18 4454711 3.0103109287771E11 137998.18 233 2 75 62910 540 20250
243900.0 16460 2.22466854283E9 138506.47 4471171 3.0325576142055E11 138506.47 233 2 75 63143 542 20325
244800.0 16452 2.23287074648E9 139014.75 4487623 3.0548863216703E11 139014.75 233 2 75 63376 544 20400
245700.0 16561 2.24858101074E9 139522.48 4504184 3.0773721317777E11 139522.48 233 2 75 63609 546 20475
246600.0 16524 2.25427620396E9 140030.77 4520708 3.0999148938173E11 140030.77 233 2 75 63842 548 20550
247500.0 16452 2.2574786274E9 140539.06 4537160 3.1224896800913E11 140539.06 233 2 75 64075 550 20625
248400.0 16452 2.26567632611E9 141046.78 4553612 3.1451464433524E11 141046.78 233 2 75 64308 552 20700
249300.0 16569 2.28149607789E9 141555.06 4570181 3.1679614041312E11 141555.06 233 2 75 64541 554 20775
250200.0 16524 2.28715946175E9 142063.36 4586705 3.1908329987487E11 142063.36 233 2 75 64774 556 20850
251100.0 16453 2.29028420984E9 142571.08 4603158 3.2137358408471E11 142571.08 233 2 75 65007 558 20925
252000.0 16452 2.29848164447E9 143079.36 4619610 3.2367206572918E11 143079.36 233 2 75 65240 560 21000
252900.0 16560 2.31441216158E9 143587.18 4636170 3.2598647789076E11 143587.18 233 2 75 65473 562 21075
253800.0 16525 2.32003427306E9 144095.37 4652695 3.2830651216382E11 144095.37 233 2 75 65706 564 21150
254700.0 16452 2.3230894942E9 144603.66 4669147 3.3062960165802E11 144603.66 233 2 75 65939 566 21225
255600.0 16460 2.33128719292E9 145111.39 4685607 3.3296088885094E11 145111.39 233 2 75 66172 568 21300
256500.0 16561 2.34732643341E9 145619.67 4702168 3.3530821528435E11 145619.67 233 2 75 66405 570 21375
257400.0 16524 2.35291665442E9 146127.96 4718692 3.3766113193876E11 146127.96 233 2 75 66638 572 21450
258300.0 16452 2.3558950767E9 146635.69 4735144 3.4001702701546E11 146635.69 233 2 75 66871 574 21525
259200.0 16452 2.36409251133E9 147143.97 4751596 3.4238111952679E11 147143.97 233 2 75 67104 576 21600
260100.0 16560 2.38024626889E9 147652.26 4768156 3.4476136579568E11 147652.26 233 2 75 67337 578 21675
261000.0 16533 2.38579539123E9 148159.99 4784689 3.4714716118691E11 148159.99 233 2 75 67570 580 21750
261900.0 16452 2.38870039214E9 148668.27 4801141 3.4953586157904E11 148668.27 233 2 75 67803 582 21825
262800.0 16453 2.39690189266E9 149176.49 4817594 3.519327634717E11 149176.49 233 2 75 68036 584 21900
263700.0 16560 2.41317075352E9 149684.28 4834154 3.5434593422523E11 149684.28 233 2 75 68269 586 21975
264600.0 16524 2.41867386278E9 150192.57 4850678 3.5676460808801E11 150192.57 233 2 75 68502 588 22050
265500.0 16453 2.42150595921E9 150700.29 4867131 3.5918611404722E11 150700.29 233 2 75 68735 590 22125
266400.0 16460 2.42970339385E9 151208.57 4883591 3.6161581744107E11 151208.57 233 2 75 68968 592 22200
267300.0 16560 2.44607664017E9 151716.86 4900151 3.6406189408123E11 151716.86 233 2 75 69201 594 22275
268200.0 16525 2.4515531163E9 152224.6 4916676 3.6651344719753E11 152224.6 233 2 75 69434 596 22350
269100.0 16452 2.45431127487E9 152732.88 4933128 3.689677584724E11 152732.88 233 2 75 69667 598 22425
270000.0 16452 2.46251347852E9 153241.17 4949580 3.7143027195092E11 153241.17 233 2 75 69900 600 22500
270900.0 16561 2.47900157108E9 153748.89 4966141 3.73909273522E11 153748.89 233 2 75 70133 602 22575
271800.0 16530 2.48443107791E9 154257.18 4982671 3.7639370459991E11 154257.18 233 2 75 70366 604 22650
272700.0 16454 2.4871212488E9 154765.46 4999125 3.788808258487E11 154765.46 233 2 75 70599 606 22725
273600.0 16453 2.49531905101E9 155273.19 5015578 3.8137614489971E11 155273.19 233 2 75 70832 608 22800
274500.0 16560 2.51190701824E9 155781.47 5032138 3.8388805191796E11 155781.47 233 2 75 71065 610 22875
275400.0 16524 2.51731034044E9 156289.2 5048662 3.8640536225839E11 156289.2 233 2 75 71298 612 22950
276300.0 16452 2.51992217312E9 156797.48 5065114 3.8892528443151E11 156797.48 233 2 75 71531 614 23025
277200.0 16453 2.52812437677E9 157305.77 5081567 3.9145340880829E11 157305.77 233 2 75 71764 616 23100
278100.0 16568 2.54482236502E9 157813.5 5098135 3.9399823117331E11 157813.5 233 2 75 71997 618 23175
279000.0 16525 2.55018830204E9 158321.79 5114660 3.9654841947535E11 158321.79 233 2 75 72230 620 23250
279900.0 16452 2.55273225779E9 158830.08 5131112 3.9910115173314E11 158830.08 233 2 75 72463 622 23325
280800.0 16452 2.56092995651E9 159337.8 5147564 4.0166208168965E11 159337.8 233 2 75 72696 624 23400
281700.0 16560 2.57774701066E9 159846.08 5164124 4.0423982870031E11 159846.08 233 2 75 72929 626 23475
282600.0 16525 2.58307156899E9 160354.38 5180649 4.068229002693E11 160354.38 233 2 75 73162 628 23550
283500.0 16460 2.5855378404E9 160862.1 5197109 4.094084381097E11 160862.1 233 2 75 73395 630 23625
284400.0 16452 2.59373527503E9 161370.38 5213561 4.1200217338473E11 161370.38 233 2 75 73628 632 23700
285300.0 16561 2.61065451253E9 161878.34 5230122 4.1461282789726E11 161878.34 233 2 75 73861 634 23775
286200.0 16524 2.61594807416E9 162386.39 5246646 4.1722877597141E11 162386.39 233 2 75 74094 636 23850
287100.0 16452 2.61834311001E9 162894.68 5263098 4.1984711908143E11 162894.68 233 2 75 74327 638 23925
288000.0 16453 2.62654080872E9 163402.4 5279551 4.2247365989015E11 163402.4 233 2 75 74560 640 24000
288900.0 16568 2.64357736954E9 163910.68 5296119 4.2511723725969E11 163910.68 233 2 75 74793 642 24075
289800.0 16524 2.64882874709E9 164418.98 5312643 4.2776606600679E11 164418.98 233 2 75 75026 644 24150
290700.0 16453 2.65114869272E9 164926.71 5329096 4.3041721469951E11 164926.71 233 2 75 75259 646 24225
291600.0 16452 2.65934612736E9 165434.99 5345548 4.3307656082687E11 165434.99 233 2 75 75492 648 24300
292500.0 16560 2.6764876089E9 165943.27 5362108 4.3575304843576E11 165943.27 233 2 75 75725 650 24375
293400.0 16525 2.68170800073E9 166451.01 5378633 4.3843475643649E11 166451.01 233 2 75 75958 652 24450
294300.0 16458 2.68395400849E9 166959.29 5395091 4.4111871044498E11 166959.29 233 2 75 76191 654 24525
295200.0 16454 2.69215595195E9 167467.56 5411545 4.4381086639693E11 167467.56 233 2 75 76424 656 24600
296100.0 16561 2.70940287189E9 167975.3 5428106 4.4652026926882E11 167975.3 233 2 75 76657 658 24675
297000.0 16524 2.71458596244E9 168483.59 5444630 4.4923485523126E11 168483.59 233 2 75 76890 660 24750
297900.0 16452 2.7167595912E9 168991.31 5461082 4.5195161482246E11 168991.31 233 2 75 77123 662 24825
298800.0 16452 2.72495702583E9 169499.59 5477534 4.5467657184829E11 169499.59 233 2 75 77356 664 24900
299700.0 16561 2.74231799619E9 170007.88 5494095 4.5741888984448E11 170007.88 233 2 75 77589 666 24975
300600.0 16532 2.74746470857E9 170515.62 5510627 4.6016635455305E11 170515.62 233 2 75 77822 668 25050
301500.0 16453 2.74956490696E9 171023.9 5527080 4.6291591946001E11 171023.9 233 2 75 78055 670 25125
302400.0 16452 2.75776711061E9 171532.18 5543532 4.6567368657061E11 171532.18 233 2 75 78288 672 25200
303300.0 16560 2.77523329811E9 172039.91 5560092 4.6844891986873E11 172039.91 233 2 75 78521 674 25275
304200.0 16524 2.78034318685E9 172548.2 5576616 4.7122926305558E11 172548.2 233 2 75 78754 676 25350
305100.0 16453 2.78237499179E9 173056.49 5593069 4.7401163804737E11 173056.49 233 2 75 78987 678 25425
306000.0 16460 2.7905726905E9 173564.21 5609529 4.7680221073787E11 173564.21 233 2 75 79220 680 25500
306900.0 16560 2.80814838353E9 174072.49 5626089 4.796103591214E11 174072.49 233 2 75 79453 682 25575
307800.0 16525 2.81322195513E9 174580.22 5642614 4.8242358107653E11 174580.22 233 2 75 79686 684 25650
308700.0 16452 2.81517580559E9 175088.5 5659066 4.8523875688212E11 175088.5 233 2 75 79919 686 25725
309600.0 16452 2.82337800924E9 175596.79 5675518 4.8806213489136E11 175596.79 233 2 75 80152 688 25800
310500.0 16561 2.84106370335E9 176104.52 5692079 4.9090319859472E11 176104.52 233 2 75 80385 690 25875
311400.0 16532 2.84610041147E9 176612.81 5708611 4.9374929900619E11 176612.81 233 2 75 80618 692 25950
312300.0 16452 2.84798589053E9 177121.09 5725063 4.9659728489673E11 177121.09 233 2 75 80851 694 26025
313200.0 16453 2.85618358925E9 177628.82 5741516 4.9945346848597E11 177628.82 233 2 75 81084 696 26100
314100.0 16560 2.87397875313E9 178137.1 5758076 5.023274472391E11 178137.1 233 2 75 81317 698 26175
315000.0 16524 2.87898367869E9 178645.4 5774600 5.052064309178E11 178645.4 233 2 75 81550 700 26250
315900.0 16453 2.88079147341E9 179153.12 5791053 5.0808722239121E11 179153.12 233 2 75 81783 702 26325
316800.0 16452 2.88898890804E9 179661.4 5807505 5.1097621129924E11 179661.4 233 2 75 82016 704 26400
317700.0 16568 2.90689699119E9 180169.49 5824073 5.1388310829044E11 180169.49 233 2 75 82249 706 26475
318600.0 16525 2.91186132275E9 180677.42 5840598 5.1679496961319E11 180677.42 233 2 75 82482 708 26550
319500.0 16452 2.91359673629E9 181185.7 5857050 5.1970856634948E11 181185.7 233 2 75 82715 710 26625
320400.0 16452 2.921794435E9 181693.42 5873502 5.2263036078448E11 181693.42 233 2 75 82948 712 26700
321300.0 16560 2.93980908753E9 182201.7 5890062 5.2557016987202E11 182201.7 233 2 75 83181 714 26775
322200.0 16525 2.94474085514E9 182710.0 5906587 5.2851491072715E11 182710.0 233 2 75 83414 716 26850
323100.0 16460 2.94640231922E9 183217.73 5923047 5.3146131304637E11 183217.73 233 2 75 83647 718 26925
324000.0 16453 2.95459975385E9 183726.0 5939500 5.3441591280022E11 183726.0 233 2 75 83880 720 27000
324900.0 16560 2.97272895045E9 184234.29 5956060 5.3738864175067E11 184234.29 233 2 75 84113 722 27075
325800.0 16524 2.97761957866E9 184742.03 5972584 5.4036626132933E11 184742.03 233 2 75 84346 724 27150
326700.0 16452 2.97920763525E9 185250.31 5989036 5.4334546896458E11 185250.31 233 2 75 84579 726 27225
327600.0 16453 2.98740967482E9 185758.58 6005489 5.4633287863939E11 185758.58 233 2 75 84812 728 27300
328500.0 16568 3.00564423436E9 186266.32 6022057 5.4933852287376E11 186266.32 233 2 75 85045 730 27375
329400.0 16524 3.01049806616E9 186774.61 6038581 5.5234902093991E11 186774.61 233 2 75 85278 732 27450
330300.0 16453 3.01201321823E9 187282.33 6055034 5.5536103415815E11 187282.33 233 2 75 85511 734 27525
331200.0 16452 3.02021065286E9 187790.61 6071486 5.5838124481101E11 187790.61 233 2 75 85744 736 27600
332100.0 16560 3.03856893458E9 188298.9 6088046 5.6141981374559E11 188298.9 233 2 75 85977 738 27675
333000.0 16525 3.04337732006E9 188806.63 6104571 5.6446319106565E11 188806.63 233 2 75 86210 740 27750
333900.0 16460 3.04481853426E9 189314.92 6121031 5.6750800959992E11 189314.92 233 2 75 86443 742 27825
334800.0 16452 3.05302073791E9 189823.2 6137483 5.7056103033783E11 189823.2 233 2 75 86676 744 27900
335700.0 16561 3.07147464922E9 190330.93 6154044 5.7363250498705E11 190330.93 233 2 75 86909 746 27975
336600.0 16524 3.07625530005E9 190839.22 6170568 5.767087602871E11 190839.22 233 2 75 87142 748 28050
337500.0 16452 3.07762861931E9 191347.51 6187020 5.7978638890642E11 191347.51 233 2 75 87375 750 28125
338400.0 16453 3.08582631802E9 191855.23 6203473 5.8287221522444E11 191855.23 233 2 75 87608 752 28200
339300.0 16560 3.10438970811E9 192363.51 6220033 5.8597660493255E11 192363.51 233 2 75 87841 754 28275
340200.0 16532 3.1091351614E9 192871.32 6236565 5.8908574009395E11 192871.32 233 2 75 88074 756 28350
341100.0 16453 3.11043007721E9 193379.52 6253018 5.9219617017116E11 193379.52 233 2 75 88307 758 28425
342000.0 16452 3.11863161093E9 193887.81 6269470 5.9531480178209E11 193887.81 233 2 75 88540 760 28500
342900.0 16560 3.13731462229E9 194395.53 6286030 5.9845211640438E11 194395.53 233 2 75 88773 762 28575
343800.0 16524 3.14201249895E9 194903.82 6302554 6.0159412890332E11 194903.82 233 2 75 89006 764 28650
344700.0 16453 3.14323949239E9 195412.11 6319007 6.0473736839571E11 195412.11 233 2 75 89239 766 28725
345600.0 16460 3.15143719111E9 195919.84 6335467 6.0788880558682E11 195919.84 233 2 75 89472 768 28800

