# seed = 1, gamma = 0.0, beta = 1.0, dee = 100.0, dcc = 5.0, dec = 600.0, dsc = 200.0, dLocalhost = 0.015, hostBroker = CLOUD, numOfCloud = 1, numOfEdge = 1, numOfSmartphone = 300 
#
# The columns have the following meaning: 
# instant[SECONDS] delayCountPartial delaySumPartial[SECONDS] delayMaxPartial[SECONDS] delayCountTot delaySumTot[SECONDS] delayMaxTot[SECONDS] runOnCloudPartial runOnEdgePartial runOnSmartphonePartial runOnCloudTot runOnEdgeTot runOnSmartphoneTot
0.0 0 0.0 0.0 0 0.0 0.0 0 0 0 0 0 0
900.0 16561 2.382529678E7 2989.75 16561 2.382529678E7 2989.75 10 0 300 10 0 300
1800.0 16524 5.947877341E7 5199.58 33085 8.330407018E7 5199.58 10 0 300 20 0 600
2700.0 16452 9.504010283E7 7409.11 49537 1.7834417301E8 7409.11 10 0 300 30 0 900
3600.0 16460 1.3070598758E8 9618.63 65997 3.0905016059E8 9618.63 10 0 300 40 0 1200
4500.0 16560 1.6700028917E8 11828.73 82557 4.7605044975E8 11828.73 10 0 300 50 0 1500
5400.0 16524 2.0247454878E8 14038.27 99081 6.7852499853E8 14038.27 10 0 300 60 0 1800
6300.0 16453 2.377142892E8 16247.8 115534 9.1623928773E8 16247.8 10 0 300 70 0 2100
7200.0 16452 2.7338463227E8 18457.89 131986 1.18962392001E9 18457.89 10 0 300 80 0 2400
8100.0 16560 3.1013536484E8 20667.43 148546 1.49975928484E9 20667.43 10 0 300 90 0 2700
9000.0 16524 3.4546584806E8 22876.97 165070 1.84522513291E9 22876.97 10 0 300 100 0 3000
9900.0 16452 3.8038847585E8 25086.49 181522 2.22561360875E9 25086.49 10 0 300 110 0 3300
10800.0 16452 4.160589078E8 27296.59 197974 2.64167251655E9 27296.59 10 0 300 120 0 3600
11700.0 16560 4.5330799602E8 29506.12 214534 3.09498051258E9 29506.12 10 0 300 130 0 3900
12600.0 16524 4.8845930797E8 31715.66 231058 3.58343982055E9 31715.66 10 0 300 140 0 4200
13500.0 16452 5.2306720683E8 33925.75 247510 4.10650702738E9 33925.75 10 0 300 150 0 4500
14400.0 16452 5.5873781832E8 36135.29 263962 4.6652448457E9 36135.29 10 0 300 160 0 4800
15300.0 16560 5.9643830971E8 38344.82 280522 5.26168315541E9 38344.82 10 0 300 170 0 5100
16200.0 16533 6.3145060727E8 40554.35 297055 5.89313376268E9 40554.35 10 0 300 180 0 5400
17100.0 16452 6.6574139347E8 42764.45 313507 6.55887515615E9 42764.45 10 0 300 190 0 5700
18000.0 16452 7.0141200496E8 44973.98 329959 7.26028716111E9 44973.98 10 0 300 200 0 6000
18900.0 16561 7.3958978579E8 47183.51 346520 7.9998769469E9 47183.51 10 0 300 210 0 6300
19800.0 16524 7.7444753068E8 49393.61 363044 8.77432447759E9 49393.61 10 0 300 220 0 6600
20700.0 16452 8.0842030686E8 51603.15 379496 9.58274478445E9 51603.15 10 0 300 230 0 6900
21600.0 16452 8.4408619161E8 53812.68 395948 1.042683097606E10 53812.68 10 0 300 240 0 7200
22500.0 16560 8.8274125287E8 56022.2 412508 1.130957222893E10 56022.2 10 0 300 250 0 7500
23400.0 16524 9.1743991929E8 58232.3 429032 1.222701214821E10 58232.3 10 0 300 260 0 7800
24300.0 16452 9.5109449351E8 60441.84 445484 1.317810664172E10 60441.84 10 0 300 270 0 8100
25200.0 16452 9.8676037825E8 62651.37 461936 1.416486701997E10 62651.37 10 0 300 280 0 8400
26100.0 16561 1.02591848347E9 64861.46 478497 1.519078550344E10 64861.46 10 0 300 290 0 8700
27000.0 16524 1.06043703815E9 67071.01 495021 1.62512225416E10 67071.01 10 0 300 300 0 9000
27900.0 16452 1.09376868047E9 69280.53 511473 1.734499122207E10 69280.53 10 0 300 310 0 9300
28800.0 16460 1.12943476062E9 71490.06 527933 1.847442598269E10 71490.06 10 0 300 320 0 9600
29700.0 16560 1.16904878508E9 73700.15 544493 1.964347476777E10 73700.15 10 0 300 330 0 9900
30600.0 16524 1.20342940924E9 75909.7 561017 2.084690417702E10 75909.7 10 0 300 340 0 10200
31500.0 16453 1.2364428676E9 78119.23 577470 2.208334704462E10 78119.23 10 0 300 350 0 10500
32400.0 16452 1.27211329956E9 80329.32 593922 2.335546034418E10 80329.32 10 0 300 360 0 10800
33300.0 16560 1.31220499306E9 82538.86 610482 2.466766533725E10 82538.86 10 0 300 370 0 11100
34200.0 16524 1.34642179839E9 84748.39 627006 2.601408713563E10 84748.39 10 0 300 380 0 11400
35100.0 16452 1.37911893194E9 86958.17 643458 2.739320606757E10 86958.17 10 0 300 390 0 11700
36000.0 16452 1.41478966543E9 89168.01 659910 2.8807995733E10 89168.01 10 0 300 400 0 12000
36900.0 16560 1.45535641847E9 91377.55 676470 3.026335215147E10 91377.55 10 0 300 410 0 12300
37800.0 16524 1.48941412743E9 93587.08 692994 3.17527662789E10 93587.08 10 0 300 420 0 12600
38700.0 16452 1.52179573538E9 95797.18 709446 3.327456201428E10 95797.18 10 0 300 430 0 12900
39600.0 16452 1.55746634687E9 98006.71 725898 3.483202836115E10 98006.71 10 0 300 440 0 13200
40500.0 16566 1.5985078952E9 100216.24 742464 3.643053625635E10 100216.24 10 0 300 450 0 13500
41400.0 16527 1.6324109495E9 102426.34 758991 3.806294720585E10 102426.34 10 0 300 460 0 13800
42300.0 16452 1.66447464735E9 104635.88 775443 3.972742185319E10 104635.88 10 0 300 470 0 14100
43200.0 16452 1.70014053415E9 106845.41 791895 4.142756238734E10 106845.41 10 0 300 480 0 14400
44100.0 16561 1.74165936292E9 109054.93 808456 4.316922175026E10 109054.93 10 0 300 490 0 14700
45000.0 16524 1.77540344073E9 111265.04 824980 4.494462519099E10 111265.04 10 0 300 500 0 15000
45900.0 16452 1.80714883674E9 113474.57 841432 4.675177402773E10 113474.57 10 0 300 510 0 15300
46800.0 16452 1.84281472148E9 115684.1 857884 4.859458874922E10 115684.1 10 0 300 520 0 15600
47700.0 16560 1.88483659418E9 117894.19 874444 5.047942534339E10 117894.19 10 0 300 530 0 15900
48600.0 16524 1.91840055107E9 120103.74 890968 5.239782589446E10 120103.74 10 0 300 540 0 16200
49500.0 16452 1.94982302418E9 122313.27 907420 5.434764891864E10 122313.27 10 0 300 550 0 16500
50400.0 16452 1.98548890893E9 124522.79 923872 5.633313782757E10 124522.79 10 0 300 560 0 16800
51300.0 16561 2.02796690693E9 126732.89 940433 5.83611047345E10 126732.89 10 0 300 570 0 17100
52200.0 16524 2.06139294047E9 128942.43 956957 6.042249767497E10 128942.43 10 0 300 580 0 17400
53100.0 16460 2.09249721163E9 131151.96 973417 6.25149948866E10 131151.96 10 0 300 590 0 17700
54000.0 16452 2.12816764358E9 133362.05 989869 6.464316253018E10 133362.05 10 0 300 600 0 18000
54900.0 16560 2.17112310456E9 135571.59 1006429 6.681428563473E10 135571.59 10 0 300 610 0 18300
55800.0 16524 2.20438532082E9 137781.12 1022953 6.901867095555E10 137781.12 10 0 300 620 0 18600
56700.0 16453 2.23517139901E9 139990.65 1039406 7.125384235457E10 139990.65 10 0 300 630 0 18900
57600.0 16452 2.27084183097E9 142200.74 1055858 7.352468418554E10 142200.74 10 0 300 640 0 19200
58500.0 16560 2.31427458138E9 144410.28 1072418 7.583895876692E10 144410.28 10 0 300 650 0 19500
59400.0 16524 2.34737770117E9 146619.82 1088942 7.818633646809E10 146619.82 10 0 300 660 0 19800
60300.0 16452 2.37785013074E9 148829.91 1105394 8.056418659883E10 148829.91 10 0 300 670 0 20100
61200.0 16452 2.41352074223E9 151039.45 1121846 8.297770734106E10 151039.45 10 0 300 680 0 20400
62100.0 16560 2.45742605821E9 153248.97 1138406 8.543513339927E10 153248.97 10 0 300 690 0 20700
63000.0 16525 2.49037008151E9 155458.51 1154931 8.792550348079E10 155458.51 10 0 300 700 0 21000
63900.0 16452 2.52052431813E9 157668.6 1171383 9.044602779892E10 157668.6 10 0 300 710 0 21300
64800.0 16452 2.55619492962E9 159878.14 1187835 9.300222272854E10 159878.14 10 0 300 720 0 21600
65700.0 16568 2.60059871539E9 162087.67 1204403 9.560282144393E10 162087.67 10 0 300 730 0 21900
66600.0 16524 2.63336701468E9 164297.77 1220927 9.823618845861E10 164297.77 10 0 300 740 0 22200
67500.0 16452 2.66320323227E9 166507.31 1237379 1.0089939169088E11 166507.31 10 0 300 750 0 22500
68400.0 16452 2.69886911701E9 168716.83 1253831 1.0359826080789E11 168716.83 10 0 300 760 0 22800
69300.0 16561 2.74373063846E9 170926.58 1270392 1.0634199144634E11 170926.58 10 0 300 770 0 23100
70200.0 16524 2.77636130677E9 173136.46 1286916 1.0911835275311E11 173136.46 10 0 300 780 0 23400
71100.0 16452 2.80587737715E9 175346.0 1303368 1.1192423013027E11 175346.0 10 0 300 790 0 23700
72000.0 16452 2.8415432619E9 177555.52 1319820 1.1476577339216E11 177555.52 10 0 300 800 0 24000
72900.0 16560 2.88688500773E9 179765.62 1336380 1.176526583999E11 179765.62 10 0 300 810 0 24300
73800.0 16524 2.91935647172E9 181975.16 1352904 1.2057201487162E11 181975.16 10 0 300 820 0 24600
74700.0 16452 2.94855156454E9 184184.69 1369356 1.2352056643617E11 184184.69 10 0 300 830 0 24900
75600.0 16453 2.9842218857E9 186394.78 1385809 1.2650478832186E11 186394.78 10 0 300 840 0 25200
76500.0 16560 3.03006239427E9 188604.32 1402369 1.2953485071614E11 188604.32 10 0 300 850 0 25500
77400.0 16524 3.06234885207E9 190813.86 1418893 1.3259719956821E11 190813.86 10 0 300 860 0 25800
78300.0 16460 3.09122575193E9 193023.38 1435353 1.3568842532014E11 193023.38 10 0 300 870 0 26100
79200.0 16452 3.12689618389E9 195233.48 1451805 1.3881532150403E11 195233.48 10 0 300 880 0 26400
80100.0 16560 3.17319269281E9 197443.01 1468365 1.4198851419683E11 197443.01 10 0 300 890 0 26700
81000.0 16525 3.20534231273E9 199652.55 1484890 1.4519385650956E11 199652.55 10 0 300 900 0 27000
81900.0 16452 3.23390448361E9 201862.64 1501342 1.4842776099317E11 201862.64 10 0 300 910 0 27300
82800.0 16452 3.2695750951E9 204072.18 1517794 1.5169733608827E11 204072.18 10 0 300 920 0 27600
83700.0 16560 3.31636535893E9 206281.71 1534354 1.550137014472E11 206281.71 10 0 300 930 0 27900
84600.0 16524 3.34833361272E9 208491.24 1550878 1.5836203505991E11 208491.24 10 0 300 940 0 28200
85500.0 16452 3.37657867094E9 210701.34 1567330 1.6173861373086E11 210701.34 10 0 300 950 0 28500
86400.0 16452 3.41224928243E9 212910.87 1583782 1.6515086301329E11 212910.87 10 0 300 960 0 28800
87300.0 16560 3.45949563735E9 215120.4 1600342 1.6861035865065E11 215120.4 10 0 300 970 0 29100
88200.0 16524 3.49133161735E9 217330.5 1616866 1.72101690268E11 217330.5 10 0 300 980 0 29400
89100.0 16452 3.51925758502E9 219540.04 1633318 1.7562094785302E11 219540.04 10 0 300 990 0 29700
90000.0 16452 3.55492346977E9 221749.57 1649770 1.7917587132279E11 221749.57 10 0 300 1000 0 30000
90900.0 16569 3.60266830348E9 223959.09 1666339 1.8277853962628E11 223959.09 10 0 300 1010 0 30300
91800.0 16524 3.63432291718E9 226169.19 1682863 1.8641286254345E11 226169.19 10 0 300 1020 0 30600
92700.0 16452 3.66193177241E9 228378.73 1699315 1.9007479431587E11 228378.73 10 0 300 1030 0 30900
93600.0 16453 3.69759765716E9 230588.26 1715768 1.9377239197303E11 230588.26 10 0 300 1040 0 31200
94500.0 16560 3.74580316164E9 232798.35 1732328 1.9751819513467E11 232798.35 10 0 300 1050 0 31500
95400.0 16524 3.77732111678E9 235007.9 1748852 2.0129551625145E11 235007.9 10 0 300 1060 0 31800
96300.0 16452 3.8046059598E9 237217.42 1765304 2.0510012221125E11 237217.42 10 0 300 1070 0 32100
97200.0 16452 3.84027184455E9 239426.95 1781756 2.089403940558E11 239426.95 10 0 300 1080 0 32400
98100.0 16560 3.88895463847E9 241637.04 1798316 2.1282934869427E11 241637.04 10 0 300 1090 0 32700
99000.0 16524 3.92031241682E9 243846.59 1814840 2.1674966111109E11 243846.59 10 0 300 1100 0 33000
99900.0 16452 3.94728014719E9 246056.12 1831292 2.2069694125828E11 246056.12 10 0 300 1110 0 33300
100800.0 16453 3.98295057915E9 248266.21 1847745 2.2467989183743E11 248266.21 10 0 300 1120 0 33600
101700.0 16560 4.03211085571E9 250475.75 1864305 2.2871200269315E11 250475.75 10 0 300 1130 0 33900
102600.0 16524 4.06330480617E9 252685.28 1880829 2.3277530749932E11 252685.28 10 0 300 1140 0 34200
103500.0 16460 4.08995576405E9 254895.0 1897289 2.3686526326337E11 254895.0 10 0 300 1150 0 34500
104400.0 16452 4.12562642045E9 257104.9 1913741 2.4099088968381E11 257104.9 10 0 300 1160 0 34800
105300.0 16560 4.17526230703E9 259314.44 1930301 2.4516615199084E11 259314.44 10 0 300 1170 0 35100
106200.0 16525 4.20629714304E9 261523.97 1946826 2.4937244913389E11 261523.97 10 0 300 1180 0 35400
107100.0 16452 4.23263303192E9 263734.07 1963278 2.5360508216581E11 263734.07 10 0 300 1190 0 35700
108000.0 16452 4.26830364341E9 265943.6 1979730 2.5787338580921E11 265943.6 10 0 300 1200 0 36000
108900.0 16560 4.31841377486E9 268153.13 1996290 2.6219179958407E11 268153.13 10 0 300 1210 0 36300
109800.0 16524 4.34929393007E9 270363.22 2012814 2.6654109351415E11 270363.22 10 0 300 1220 0 36600
110700.0 16452 4.37531188572E9 272572.77 2029266 2.7091640539987E11 272572.77 10 0 300 1230 0 36900
111600.0 16452 4.41097782808E9 274782.3 2045718 2.7532738322795E11 274782.3 10 0 300 1240 0 37200
112500.0 16560 4.46156525796E9 276991.82 2062278 2.797889484859E11 276991.82 10 0 300 1250 0 37500
113400.0 16525 4.49228645389E9 279201.93 2078803 2.8428123493979E11 279201.93 10 0 300 1260 0 37800
114300.0 16452 4.51798613083E9 281411.46 2095255 2.8879922107062E11 281411.46 10 0 300 1270 0 38100
115200.0 16460 4.55365201557E9 283620.99 2111715 2.933528730862E11 283620.99 10 0 300 1280 0 38400
116100.0 16560 4.60472127858E9 285831.08 2128275 2.9795759436478E11 285831.08 10 0 300 1290 0 38700
117000.0 16524 4.63528358229E9 288040.63 2144799 3.0259287794706E11 288040.63 10 0 300 1300 0 39000
117900.0 16452 4.66066031833E9 290250.16 2161251 3.0725353826539E11 290250.16 10 0 300 1310 0 39300
118800.0 16453 4.69632620307E9 292459.68 2177704 3.1194986446846E11 292459.68 10 0 300 1320 0 39600
119700.0 16560 4.74787278252E9 294669.78 2194264 3.1669773725098E11 294669.78 10 0 300 1330 0 39900
120600.0 16524 4.77827595375E9 296879.32 2210788 3.2147601320473E11 296879.32 10 0 300 1340 0 40200
121500.0 16452 4.80333450583E9 299088.85 2227240 3.2627934771055E11 299088.85 10 0 300 1350 0 40500
122400.0 16452 4.83900493778E9 301298.94 2243692 3.3111835264834E11 301298.94 10 0 300 1360 0 40800
123300.0 16560 4.89102898187E9 303508.48 2260252 3.360093816302E11 303508.48 10 0 300 1370 0 41100
124200.0 16524 4.9212683432E9 305718.02 2276776 3.4093064997341E11 305718.02 10 0 300 1380 0 41400
125100.0 16452 4.94600869332E9 307927.54 2293228 3.4587665866673E11 307927.54 10 0 300 1390 0 41700
126000.0 16453 4.98167912528E9 310137.64 2309681 3.5085833779201E11 310137.64 10 0 300 1400 0 42000
126900.0 16560 5.03418046781E9 312347.17 2326241 3.5589251825982E11 312347.17 10 0 300 1410 0 42300
127800.0 16532 5.06426072366E9 314556.71 2342773 3.6095677898348E11 314556.71 10 0 300 1420 0 42600
128700.0 16452 5.08868742516E9 316766.8 2359225 3.6604546640865E11 316766.8 10 0 300 1430 0 42900
129600.0 16452 5.12435803665E9 318976.34 2375677 3.711698244453E11 318976.34 10 0 300 1440 0 43200
130500.0 16560 5.17733195374E9 321185.87 2392237 3.7634715639904E11 321185.87 10 0 300 1450 0 43500
131400.0 16525 5.20725310803E9 323395.4 2408762 3.8155440950708E11 323395.4 10 0 300 1460 0 43800
132300.0 16452 5.23136161266E9 325605.5 2425214 3.8678577111974E11 325605.5 10 0 300 1470 0 44100
133200.0 16452 5.26703222415E9 327815.03 2441666 3.9205280334389E11 327815.03 10 0 300 1480 0 44400
134100.0 16560 5.32048342168E9 330024.56 2458226 3.9737328676557E11 330024.56 10 0 300 1490 0 44700
135000.0 16524 5.35025003739E9 332234.66 2474750 4.0272353680296E11 332234.66 10 0 300 1500 0 45000
135900.0 16452 5.3740405269E9 334444.2 2491202 4.0809757732987E11 334444.2 10 0 300 1510 0 45300
136800.0 16452 5.40970641165E9 336653.72 2507654 4.1350728374151E11 336653.72 10 0 300 1520 0 45600
137700.0 16561 5.46363606063E9 338863.41 2524215 4.1897091980214E11 338863.41 10 0 300 1530 0 45900
138600.0 16524 5.4932437706E9 341073.35 2540739 4.2446416357274E11 341073.35 10 0 300 1540 0 46200
139500.0 16452 5.51671468118E9 343282.89 2557191 4.2998087825392E11 343282.89 10 0 300 1550 0 46500
140400.0 16460 5.55238056593E9 345492.42 2573651 4.3553325881985E11 345492.42 10 0 300 1560 0 46800
141300.0 16560 5.60679090391E9 347702.51 2590211 4.4114004972376E11 347702.51 10 0 300 1570 0 47100
142200.0 16524 5.63623950396E9 349912.05 2606735 4.4677628922772E11 349912.05 10 0 300 1580 0 47400
143100.0 16453 5.65938886868E9 352121.58 2623188 4.524356780964E11 352121.58 10 0 300 1590 0 47700
144000.0 16452 5.69505880741E9 354331.62 2639640 4.5813073690381E11 354331.62 10 0 300 1600 0 48000
144900.0 16560 5.74994677527E9 356541.21 2656200 4.6388068367907E11 356541.21 10 0 300 1610 0 48300
145800.0 16524 5.77923185728E9 358750.75 2672724 4.6965991553635E11 358750.75 10 0 300 1620 0 48600
146700.0 16452 5.80206303808E9 360960.27 2689176 4.7546197857443E11 360960.27 10 0 300 1630 0 48900
147600.0 16452 5.83773347004E9 363170.37 2705628 4.8129971204447E11 363170.37 10 0 300 1640 0 49200
148500.0 16560 5.89309858004E9 365379.9 2722188 4.8719281062451E11 365379.9 10 0 300 1650 0 49500
149400.0 16524 5.92222424674E9 367589.44 2738712 4.9311503487125E11 367589.44 10 0 300 1660 0 49800
150300.0 16453 5.94474176992E9 369799.53 2755165 4.9905977664117E11 369799.53 10 0 300 1670 0 50100
151200.0 16452 5.98041238141E9 372009.07 2771617 5.0504018902258E11 372009.07 10 0 300 1680 0 50400
152100.0 16560 6.03625004798E9 374218.6 2788177 5.1107643907056E11 374218.6 10 0 300 1690 0 50700
153000.0 16532 6.06521661825E9 376428.13 2804709 5.171416556888E11 376428.13 10 0 300 1700 0 51000
153900.0 16452 6.08741595747E9 378638.23 2821161 5.2322907164628E11 378638.23 10 0 300 1710 0 51300
154800.0 16452 6.12308656896E9 380847.76 2837613 5.2935215821524E11 380847.76 10 0 300 1720 0 51600
155700.0 16561 6.17940153397E9 383057.29 2854174 5.3553155974921E11 383057.29 10 0 300 1730 0 51900
156600.0 16524 6.20821356058E9 385267.39 2870698 5.4173977330979E11 385267.39 10 0 300 1740 0 52200
157500.0 16452 6.23009487173E9 387476.93 2887150 5.4796986818152E11 387476.93 10 0 300 1750 0 52500
158400.0 16452 6.26576075649E9 389686.46 2903602 5.5423562893801E11 389686.46 10 0 300 1760 0 52800
159300.0 16560 6.32257418231E9 391895.98 2920162 5.6055820312032E11 391895.98 10 0 300 1770 0 53100
160200.0 16524 6.35120593209E9 394106.08 2936686 5.6690940905241E11 394106.08 10 0 300 1780 0 53400
161100.0 16452 6.37276905928E9 396315.62 2953138 5.7328217811168E11 396315.62 10 0 300 1790 0 53700
162000.0 16452 6.40843494403E9 398525.15 2969590 5.7969061305572E11 398525.15 10 0 300 1800 0 54000
162900.0 16560 6.46570904061E9 400735.24 2986150 5.8615632209633E11 400735.24 10 0 300 1810 0 54300
163800.0 16524 6.49420414973E9 402944.79 3002674 5.9265052624606E11 402944.79 10 0 300 1820 0 54600
164700.0 16452 6.51544324671E9 405154.32 3019126 5.9916596949277E11 405154.32 10 0 300 1830 0 54900
165600.0 16461 6.55110918226E9 407363.84 3035587 6.0571707867504E11 407363.84 10 0 300 1840 0 55200
166500.0 16560 6.60888170129E9 409573.94 3052147 6.1232596037633E11 409573.94 10 0 300 1850 0 55500
167400.0 16524 6.63719544082E9 411783.48 3068671 6.1896315581715E11 411783.48 10 0 300 1860 0 55800
168300.0 16453 6.65811743415E9 413993.01 3085124 6.256212732513E11 413993.01 10 0 300 1870 0 56100
169200.0 16452 6.69378786611E9 416203.1 3101576 6.3231506111742E11 416203.1 10 0 300 1880 0 56400
170100.0 16560 6.75201673478E9 418412.64 3118136 6.3906707785219E11 418412.64 10 0 300 1890 0 56700
171000.0 16524 6.78018890152E9 420622.17 3134660 6.4584726675372E11 420622.17 10 0 300 1900 0 57000
171900.0 16452 6.80079257693E9 422831.83 3151112 6.5264805933064E11 422831.83 10 0 300 1910 0 57300
172800.0 16452 6.83646310173E9 425041.79 3167564 6.5948452243238E11 425041.79 10 0 300 1920 0 57600
173700.0 16560 6.89516817673E9 427251.33 3184124 6.6637969060911E11 427251.33 10 0 300 1930 0 57900
174600.0 16524 6.92318016673E9 429460.87 3200648 6.7330287077584E11 429460.87 10 0 300 1940 0 58200
175500.0 16453 6.94347031856E9 431670.96 3217101 6.802463410944E11 431670.96 10 0 300 1950 0 58500
176400.0 16452 6.97914093005E9 433880.49 3233553 6.8722548202445E11 433880.49 10 0 300 1960 0 58800
177300.0 16566 7.03831966261E9 436090.02 3250119 6.9426380168706E11 436090.02 10 0 300 1970 0 59100
178200.0 16526 7.06617647253E9 438300.04 3266645 7.0132997815959E11 438300.04 10 0 300 1980 0 59400
179100.0 16452 7.08614857677E9 440509.66 3283097 7.0841612673636E11 440509.66 10 0 300 1990 0 59700
180000.0 16452 7.12181508547E9 442719.19 3299549 7.1553794182183E11 442719.19 10 0 300 2000 0 60000
180900.0 16561 7.18147111636E9 444928.71 3316110 7.2271941293818E11 444928.71 10 0 300 2010 0 60300
181800.0 16524 7.20916944819E9 447138.82 3332634 7.2992858238638E11 447138.82 10 0 300 2020 0 60600
182700.0 16452 7.22882338809E9 449348.35 3349086 7.3715740577447E11 449348.35 10 0 300 2030 0 60900
183600.0 16452 7.26448927285E9 451557.88 3365538 7.4442189504733E11 451557.88 10 0 300 2040 0 61200
184500.0 16560 7.32462712786E9 453767.97 3382098 7.5174652217518E11 453767.97 10 0 300 2050 0 61500
185400.0 16524 7.35216656747E9 455977.52 3398622 7.5909868874266E11 455977.52 10 0 300 2060 0 61800
186300.0 16452 7.37149757548E9 458187.05 3415074 7.6647018631813E11 458187.05 10 0 300 2070 0 62100
187200.0 16452 7.40716346024E9 460396.57 3431526 7.7387734977837E11 460396.57 10 0 300 2080 0 62400
188100.0 16561 7.46777863168E9 462606.67 3448087 7.8134512841005E11 462606.67 10 0 300 2090 0 62700
189000.0 16524 7.49515894782E9 464816.21 3464611 7.8884028735786E11 464816.21 10 0 300 2100 0 63000
189900.0 16460 7.51417176286E9 467025.74 3481071 7.9635445912073E11 467025.74 10 0 300 2110 0 63300
190800.0 16452 7.54984219483E9 469235.83 3497523 8.0390430131555E11 469235.83 10 0 300 2120 0 63600
191700.0 16560 7.61093483991E9 471445.37 3514083 8.1151523615546E11 471445.37 10 0 300 2130 0 63900
192600.0 16524 7.63815132816E9 473654.9 3530607 8.1915338748362E11 473654.9 10 0 300 2140 0 64200
193500.0 16453 7.65684595024E9 475864.43 3547060 8.2681023343386E11 475864.43 10 0 300 2150 0 64500
194400.0 16452 7.69251638221E9 478074.52 3563512 8.3450274981607E11 478074.52 10 0 300 2160 0 64800
195300.0 16560 7.75408630773E9 480284.06 3580072 8.422568361238E11 480284.06 10 0 300 2170 0 65100
196200.0 16524 7.7811437085E9 482493.6 3596596 8.500379798323E11 482493.6 10 0 300 2180 0 65400
197100.0 16452 7.79952468196E9 484703.69 3613048 8.5783750451427E11 484703.69 10 0 300 2190 0 65700
198000.0 16452 7.83519529346E9 486913.23 3629500 8.6567269980772E11 486913.23 10 0 300 2200 0 66000
198900.0 16560 7.89723779355E9 489122.75 3646060 8.7356993760128E11 489122.75 10 0 300 2210 0 66300
199800.0 16525 7.92413608884E9 491332.29 3662585 8.8149407369012E11 491332.29 10 0 300 2220 0 66600
200700.0 16452 7.94219886935E9 493542.38 3679037 8.8943627255947E11 493542.38 10 0 300 2230 0 66900
201600.0 16452 7.97786948084E9 495751.92 3695489 8.9741414204031E11 495751.92 10 0 300 2240 0 67200
202500.0 16568 8.04038927938E9 497961.45 3712057 9.0545453131968E11 497961.45 10 0 300 2250 0 67500
203400.0 16524 8.067133022E9 500171.55 3728581 9.1352166434168E11 500171.55 10 0 300 2260 0 67800
204300.0 16452 8.08487778347E9 502381.09 3745033 9.2160654212515E11 502381.09 10 0 300 2270 0 68100
205200.0 16452 8.12054366823E9 504590.61 3761485 9.2972708579337E11 504590.61 10 0 300 2280 0 68400
206100.0 16561 8.18354150491E9 506800.24 3778046 9.3791062729828E11 506800.24 10 0 300 2290 0 68700
207000.0 16524 8.21012622825E9 509010.24 3794570 9.4612075352653E11 509010.24 10 0 300 2300 0 69000
207900.0 16452 8.22755193956E9 511219.78 3811022 9.5434830546609E11 511219.78 10 0 300 2310 0 69300
208800.0 16452 8.26321782432E9 513429.3 3827474 9.6261152329041E11 513429.3 10 0 300 2320 0 69600
209700.0 16560 8.3266967633E9 515639.4 3844034 9.7093822005371E11 515639.4 10 0 300 2330 0 69900
210600.0 16524 8.35312249004E9 517848.94 3860558 9.7929134254376E11 517848.94 10 0 300 2340 0 70200
211500.0 16452 8.37022612673E9 520058.47 3877010 9.8766156867048E11 520058.47 10 0 300 2350 0 70500
212400.0 16453 8.40589562446E9 522268.46 3893463 9.9606746429494E11 522268.46 10 0 300 2360 0 70800
213300.0 16560 8.46985211413E9 524478.1 3910023 1.00453731640907E12 524478.1 10 0 300 2370 0 71100
214200.0 16524 8.49611483376E9 526687.63 3926547 1.01303343124283E12 526687.63 10 0 300 2380 0 71400
215100.0 16460 8.51290027757E9 528897.16 3943007 1.0215463315204E12 528897.16 10 0 300 2390 0 71700
216000.0 16452 8.54857070953E9 531107.25 3959459 1.03009490222994E12 531107.25 10 0 300 2400 0 72000
216900.0 16560 8.61300442048E9 533316.79 3976019 1.03870790665041E12 533316.79 10 0 300 2410 0 72300
217800.0 16525 8.63910721389E9 535526.33 3992544 1.0473470138643E12 535526.33 10 0 300 2420 0 72600
218700.0 16452 8.65557900907E9 537736.42 4008996 1.05600259287337E12 537736.42 10 0 300 2430 0 72900
219600.0 16452 8.69124962057E9 539945.96 4025448 1.06469384249394E12 539945.96 10 0 300 2440 0 73200
220500.0 16560 8.75615587908E9 542155.48 4042008 1.07344999837302E12 542155.48 10 0 300 2450 0 73500
221400.0 16524 8.78209959401E9 544365.02 4058532 1.08223209796703E12 544365.02 10 0 300 2460 0 73800
222300.0 16452 8.79825319618E9 546575.11 4074984 1.09103035116322E12 546575.11 10 0 300 2470 0 74100
223200.0 16452 8.83392380768E9 548784.65 4091436 1.0998642749709E12 548784.65 10 0 300 2480 0 74400
224100.0 16560 8.89930736463E9 550994.18 4107996 1.10876358233553E12 550994.18 10 0 300 2490 0 74700
225000.0 16524 8.9250965269E9 553204.28 4124520 1.11768867886242E12 553204.28 10 0 300 2500 0 75000
225900.0 16452 8.94093211003E9 555413.82 4140972 1.12662961097246E12 555413.82 10 0 300 2510 0 75300
226800.0 16452 8.97659799479E9 557623.34 4157424 1.13560620896725E12 557623.34 10 0 300 2520 0 75600
227700.0 16569 9.04245883218E9 559832.87 4173993 1.14464866779943E12 559832.87 10 0 300 2530 0 75900
228600.0 16524 9.06808890697E9 562042.97 4190517 1.1537167567064E12 562042.97 10 0 300 2540 0 76200
229500.0 16452 9.08360629715E9 564252.51 4206969 1.16280036300355E12 564252.51 10 0 300 2550 0 76500
230400.0 16453 9.11927218191E9 566462.04 4223422 1.17191963518546E12 566462.04 10 0 300 2560 0 76800
231300.0 16560 9.18561487941E9 568672.13 4239982 1.18110525006487E12 568672.13 10 0 300 2570 0 77100
232200.0 16524 9.21108602598E9 570881.67 4256506 1.19031633609084E12 570881.67 10 0 300 2580 0 77400
233100.0 16452 9.22628048426E9 573091.2 4272958 1.1995426165751E12 573091.2 10 0 300 2590 0 77700
234000.0 16452 9.26194636902E9 575300.73 4289410 1.20880456294412E12 575300.73 10 0 300 2600 0 78000
234900.0 16560 9.32876634696E9 577510.82 4305970 1.21813332929108E12 577510.82 10 0 300 2610 0 78300
235800.0 16524 9.35407840605E9 579720.37 4322494 1.22748740769713E12 579720.37 10 0 300 2620 0 78600
236700.0 16452 9.36895467137E9 581929.9 4338946 1.23685636236851E12 581929.9 10 0 300 2630 0 78900
237600.0 16453 9.40462510334E9 584139.99 4355399 1.24626098747184E12 584139.99 10 0 300 2640 0 79200
238500.0 16560 9.47192257292E9 586349.52 4371959 1.25573291004477E12 586349.52 10 0 300 2650 0 79500
239400.0 16524 9.49707078612E9 588559.06 4388483 1.26522998083089E12 588559.06 10 0 300 2660 0 79800
240300.0 16460 9.51162939895E9 590768.66 4404943 1.27474161022984E12 590768.66 10 0 300 2670 0 80100
241200.0 16452 9.54729986742E9 592978.68 4421395 1.28428891009726E12 592978.68 10 0 300 2680 0 80400
242100.0 16560 9.61507401643E9 595188.22 4437955 1.29390398411368E12 595188.22 10 0 300 2690 0 80700
243000.0 16525 9.64006314217E9 597397.75 4454480 1.30354404725586E12 597397.75 10 0 300 2700 0 81000
243900.0 16452 9.65430756597E9 599607.85 4470932 1.31319835482182E12 599607.85 10 0 300 2710 0 81300
244800.0 16452 9.68997817746E9 601817.38 4487384 1.32288833299929E12 601817.38 10 0 300 2720 0 81600
245700.0 16560 9.75822550198E9 604026.91 4503944 1.33264655850126E12 604026.91 10 0 300 2730 0 81900
246600.0 16524 9.78305888405E9 606236.87 4520468 1.34242961738531E12 606236.87 10 0 300 2740 0 82200
247500.0 16452 9.79698537299E9 608446.54 4536920 1.3522266027583E12 608446.54 10 0 300 2750 0 82500
248400.0 16452 9.83265232796E9 610656.07 4553372 1.36205925508627E12 610656.07 10 0 300 2760 0 82800
249300.0 16560 9.90137694175E9 612865.6 4569932 1.37196063202801E12 612865.6 10 0 300 2770 0 83100
250200.0 16525 9.92605241838E9 615075.7 4586457 1.38188668444639E12 615075.7 10 0 300 2780 0 83400
251100.0 16452 9.93966063026E9 617285.24 4602909 1.39182634507665E12 617285.24 10 0 300 2790 0 83700
252000.0 16458 9.97532651502E9 619494.77 4619367 1.40180167159168E12 619494.77 10 0 300 2800 0 84000
252900.0 16562 1.004453297097E10 621704.86 4635929 1.41184620456264E12 621704.86 10 0 300 2810 0 84300
253800.0 16524 1.006904953739E10 623914.41 4652453 1.42191525410003E12 623914.41 10 0 300 2820 0 84600
254700.0 16452 1.008233481738E10 626123.93 4668905 1.43199758891741E12 626123.93 10 0 300 2830 0 84900
255600.0 16453 1.011800070213E10 628333.46 4685358 1.44211558961954E12 628333.46 10 0 300 2840 0 85200
256500.0 16560 1.018768445652E10 630543.55 4701918 1.45230327407606E12 630543.55 10 0 300 2850 0 85500
257400.0 16524 1.021204191746E10 632753.1 4718442 1.46251531599352E12 632753.1 10 0 300 2860 0 85800
258300.0 16452 1.022500900449E10 634962.63 4734894 1.47274032499801E12 634962.63 10 0 300 2870 0 86100
259200.0 16452 1.026067943645E10 637172.72 4751346 1.48300100443446E12 637172.72 10 0 300 2880 0 86400
260100.0 16560 1.033084066443E10 639382.26 4767906 1.49333184509889E12 639382.26 10 0 300 2890 0 86700
261000.0 16524 1.035503429743E10 641591.79 4784430 1.50368687939632E12 641591.79 10 0 300 2900 0 87000
261900.0 16452 1.036768319149E10 643801.32 4800882 1.51405456258781E12 643801.32 10 0 300 2910 0 87300
262800.0 16452 1.040335362346E10 646011.41 4817334 1.52445791621127E12 646011.41 10 0 300 2920 0 87600
263700.0 16560 1.047401333027E10 648220.95 4833894 1.53493192954154E12 648220.95 10 0 300 2930 0 87900
264600.0 16533 1.049802667744E10 650430.48 4850427 1.54542995621899E12 650430.48 10 0 300 2940 0 88200
265500.0 16452 1.051036192289E10 652640.58 4866879 1.55594031814187E12 652640.58 10 0 300 2950 0 88500
266400.0 16452 1.054603253438E10 654850.11 4883331 1.56648635067626E12 654850.11 10 0 300 2960 0 88800
267300.0 16560 1.061714361737E10 657059.64 4899891 1.57710349429363E12 657059.64 10 0 300 2970 0 89100
268200.0 16525 1.064102014692E10 659269.18 4916416 1.58774451444055E12 659269.18 10 0 300 2980 0 89400
269100.0 16452 1.065303611011E10 661479.27 4932868 1.59839755055066E12 661479.27 10 0 300 2990 0 89700
270000.0 16452 1.068870672161E10 663688.81 4949320 1.60908625727227E12 663688.81 10 0 300 3000 0 90000
270900.0 16560 1.076031629243E10 665898.34 4965880 1.61984657356469E12 665898.34 10 0 300 3010 0 90300
271800.0 16524 1.078401598161E10 668108.44 4982404 1.6306305895463E12 668108.44 10 0 300 3020 0 90600
272700.0 16452 1.079571502407E10 670317.97 4998856 1.64142630457037E12 670317.97 10 0 300 3030 0 90900
273600.0 16452 1.083138090883E10 672527.5 5015308 1.65225768547919E12 672527.5 10 0 300 3040 0 91200
274500.0 16561 1.090344682913E10 674737.06 5031869 1.66316113230832E12 674737.06 10 0 300 3050 0 91500
275400.0 16524 1.092700974752E10 676947.13 5048393 1.67408814205584E12 676947.13 10 0 300 3060 0 91800
276300.0 16452 1.093838919979E10 679156.67 5064845 1.68502653125563E12 679156.67 10 0 300 3070 0 92100
277200.0 16460 1.097405508455E10 681366.19 5081305 1.69600058634017E12 681366.19 10 0 300 3080 0 92400
278100.0 16560 1.104660261553E10 683576.29 5097865 1.70704718895571E12 683576.29 10 0 300 3090 0 92700
279000.0 16524 1.107000546938E10 685785.83 5114389 1.71811719442508E12 685785.83 10 0 300 3100 0 93000
279900.0 16453 1.108106338701E10 687995.36 5130842 1.72919825781209E12 687995.36 10 0 300 3110 0 93300
280800.0 16452 1.111673246436E10 690205.29 5147294 1.74031499027645E12 690205.29 10 0 300 3120 0 93600
281700.0 16560 1.118977867144E10 692414.98 5163854 1.75150476894789E12 692414.98 10 0 300 3130 0 93900
282600.0 16524 1.121299781517E10 694624.52 5180378 1.76271776676306E12 694624.52 10 0 300 3140 0 94200
283500.0 16452 1.122373753094E10 696834.05 5196830 1.773941504294E12 696834.05 10 0 300 3150 0 94500
284400.0 16452 1.12594079629E10 699044.14 5213282 1.78520091225691E12 699044.14 10 0 300 3160 0 94800
285300.0 16560 1.133291025678E10 701253.68 5229842 1.79653382251369E12 701253.68 10 0 300 3170 0 95100
286200.0 16524 1.135599127571E10 703463.22 5246366 1.8078898137894E12 703463.22 10 0 300 3180 0 95400
287100.0 16452 1.136641626255E10 705673.31 5262818 1.81925623005195E12 705673.31 10 0 300 3190 0 95700
288000.0 16452 1.140208687405E10 707882.85 5279270 1.830658316926E12 707882.85 10 0 300 3200 0 96000
288900.0 16560 1.147608292289E10 710092.37 5295830 1.84213439984889E12 710092.37 10 0 300 3210 0 96300
289800.0 16533 1.149898257569E10 712301.91 5312363 1.85363338242458E12 712301.91 10 0 300 3220 0 96600
290700.0 16452 1.150909044988E10 714512.0 5328815 1.86514247287446E12 714512.0 10 0 300 3230 0 96900
291600.0 16452 1.154476106138E10 716721.54 5345267 1.87668723393584E12 716721.54 10 0 300 3240 0 97200
292500.0 16561 1.161921321026E10 718931.07 5361828 1.8883064471461E12 718931.07 10 0 300 3250 0 97500
293400.0 16524 1.164198059832E10 721141.17 5378352 1.89994842774442E12 721141.17 10 0 300 3260 0 97800
294300.0 16452 1.165176936395E10 723350.7 5394804 1.91160019710836E12 723350.7 10 0 300 3270 0 98100
295200.0 16452 1.16874352487E10 725560.23 5411256 1.92328763235707E12 725560.23 10 0 300 3280 0 98400
296100.0 16560 1.176236467803E10 727769.76 5427816 1.9350499970351E12 727769.76 10 0 300 3290 0 98700
297000.0 16524 1.178497188008E10 729979.86 5444340 1.94683496891518E12 729979.86 10 0 300 3300 0 99000
297900.0 16452 1.179444355128E10 732189.4 5460792 1.95862941246645E12 732189.4 10 0 300 3310 0 99300
298800.0 16452 1.183010943603E10 734398.93 5477244 1.97045952190249E12 734398.93 10 0 300 3320 0 99600
299700.0 16561 1.190552072552E10 736609.02 5493805 1.98236504262801E12 736609.02 10 0 300 3330 0 99900
300600.0 16524 1.19279690083E10 738818.56 5510329 1.99429301163631E12 738818.56 10 0 300 3340 0 100200
301500.0 16452 1.19371177386E10 741028.09 5526781 2.00623012937492E12 741028.09 10 0 300 3350 0 100500
302400.0 16460 1.197278362336E10 743237.62 5543241 2.01820291299828E12 743237.62 10 0 300 3360 0 100800
303300.0 16560 1.204867218429E10 745447.71 5559801 2.03025158518257E12 745447.71 10 0 300 3370 0 101100
304200.0 16524 1.207096137965E10 747657.26 5576325 2.04232254656221E12 747657.26 10 0 300 3380 0 101400
305100.0 16453 1.207979192599E10 749866.78 5592778 2.0544023384882E12 749866.78 10 0 300 3390 0 101700
306000.0 16452 1.211546235795E10 752076.88 5609230 2.06651780084616E12 752076.88 10 0 300 3400 0 102000
306900.0 16560 1.219182841952E10 754286.41 5625790 2.07870962926567E12 754286.41 10 0 300 3410 0 102300
307800.0 16524 1.221395376904E10 756495.95 5642314 2.09092358303472E12 756495.95 10 0 300 3420 0 102600
308700.0 16452 1.222246611343E10 758705.48 5658766 2.10314604914814E12 758705.48 10 0 300 3430 0 102900
309600.0 16452 1.225813654539E10 760915.57 5675218 2.11540418569353E12 760915.57 10 0 300 3440 0 103200
310500.0 16560 1.233497989618E10 763125.11 5691778 2.12773916558971E12 763125.11 10 0 300 3450 0 103500
311400.0 16524 1.235694614049E10 765334.64 5708302 2.1400961117302E12 765334.64 10 0 300 3460 0 103800
312300.0 16452 1.236514484525E10 767544.74 5724754 2.15246125657545E12 767544.74 10 0 300 3470 0 104100
313200.0 16452 1.240081545675E10 769754.27 5741206 2.1648620720322E12 769754.27 10 0 300 3480 0 104400
314100.0 16567 1.247813135511E10 771963.8 5757773 2.17734020338731E12 771963.8 10 0 300 3490 0 104700
315000.0 16526 1.249994151835E10 774173.71 5774299 2.18984014490566E12 774173.71 10 0 300 3500 0 105000
315900.0 16452 1.25078222143E10 776383.43 5790751 2.20234796711996E12 776383.43 10 0 300 3510 0 105300
316800.0 16452 1.254348959147E10 778592.96 5807203 2.21489145671142E12 778592.96 10 0 300 3520 0 105600
317700.0 16561 1.262128279709E10 780802.49 5823764 2.22751273950851E12 780802.49 10 0 300 3530 0 105900
318600.0 16524 1.264293649089E10 783012.59 5840288 2.24015567599941E12 783012.59 10 0 300 3540 0 106200
319500.0 16452 1.265049789425E10 785222.13 5856740 2.25280617389366E12 785222.13 10 0 300 3550 0 106500
320400.0 16452 1.268616377901E10 787431.66 5873192 2.26549233767268E12 787431.66 10 0 300 3560 0 106800
321300.0 16560 1.276443876024E10 789641.74 5889752 2.27825677643291E12 789641.74 10 0 300 3570 0 107100
322200.0 16524 1.278593252876E10 791851.29 5906276 2.29104270896167E12 791851.29 10 0 300 3580 0 107400
323100.0 16452 1.27931720818E10 794060.82 5922728 2.30383588104347E12 794060.82 10 0 300 3590 0 107700
324000.0 16452 1.282883796656E10 796270.35 5939180 2.31666471901003E12 796270.35 10 0 300 3600 0 108000
324900.0 16561 1.290759031299E10 798480.44 5955741 2.32957230932303E12 798480.44 10 0 300 3610 0 108300
325800.0 16524 1.292892490137E10 800689.99 5972265 2.3425012342244E12 800689.99 10 0 300 3620 0 108600
326700.0 16460 1.29358462694E10 802899.52 5988725 2.3554370804938E12 802899.52 10 0 300 3630 0 108900
327600.0 16452 1.297151670136E10 805109.61 6005177 2.36840859719516E12 805109.61 10 0 300 3640 0 109200
328500.0 16560 1.305074650318E10 807319.14 6021737 2.38145934369835E12 807319.14 10 0 300 3650 0 109500
329400.0 16524 1.307191728193E10 809528.68 6038261 2.39453126098028E12 809528.68 10 0 300 3660 0 109800
330300.0 16453 1.3078520457E10 811738.21 6054714 2.40760978143728E12 811738.21 10 0 300 3670 0 110100
331200.0 16452 1.311419088896E10 813948.3 6071166 2.42072397232624E12 813948.3 10 0 300 3680 0 110400
332100.0 16560 1.319391918779E10 816157.84 6087726 2.43391789151403E12 816157.84 10 0 300 3690 0 110700
333000.0 16524 1.321491075179E10 818367.37 6104250 2.44713280226583E12 818367.37 10 0 300 3700 0 111000
333900.0 16452 1.322119918893E10 820577.47 6120702 2.46035400145476E12 820577.47 10 0 300 3710 0 111300
334800.0 16452 1.325686980043E10 822787.0 6137154 2.47361087125519E12 822787.0 10 0 300 3720 0 111600
335700.0 16560 1.333704947526E10 824996.53 6153714 2.48694792073045E12 824996.53 10 0 300 3730 0 111900
336600.0 16525 1.335790205205E10 827206.07 6170239 2.5003058227825E12 827206.07 10 0 300 3740 0 112200
337500.0 16452 1.336387337653E10 829416.16 6186691 2.51366969615903E12 829416.16 10 0 300 3750 0 112500
338400.0 16452 1.339954398803E10 831625.7 6203143 2.52706924014706E12 831625.7 10 0 300 3760 0 112800
339300.0 16568 1.34802009433E10 833835.22 6219711 2.54054944109036E12 833835.22 10 0 300 3770 0 113100
340200.0 16524 1.3500900057E10 836045.33 6236235 2.55405034114736E12 836045.33 10 0 300 3780 0 113400
341100.0 16452 1.350655229092E10 838254.86 6252687 2.56755689343828E12 838254.86 10 0 300 3790 0 113700
342000.0 16452 1.354221817568E10 840464.39 6269139 2.58109911161396E12 840464.39 10 0 300 3800 0 114000
342900.0 16561 1.362337368137E10 842673.92 6285700 2.59472248529534E12 842673.92 10 0 300 3810 0 114300
343800.0 16524 1.364389136609E10 844884.02 6302224 2.60836637666142E12 844884.02 10 0 300 3820 0 114600
344700.0 16452 1.364922647858E10 847093.56 6318676 2.62201560314E12 847093.56 10 0 300 3830 0 114900
345600.0 16452 1.368489236333E10 849303.08 6335128 2.63570049550333E12 849303.08 10 0 300 3840 0 115200

