# seed = 1, gamma = 1.0, beta = 0.5, dee = 100.0, dcc = 200.0, dec = 600.0, dsc = 20.0, dLocalhost = 0.015, hostBroker = CLOUD, numOfCloud = 1, numOfEdge = 1, numOfSmartphone = 150 
#
# The columns have the following meaning: 
# instant[SECONDS] delayCountPartial delaySumPartial[SECONDS] delayMaxPartial[SECONDS] delayCountTot delaySumTot[SECONDS] delayMaxTot[SECONDS] runOnCloudPartial runOnEdgePartial runOnSmartphonePartial runOnCloudTot runOnEdgeTot runOnSmartphoneTot
0.0 0 0.0 0.0 0 0.0 0.0 0 0 0 0 0 0
900.0 16561 1.255800563E7 1607.85 16561 1.255800563E7 1607.85 150 10 150 150 10 150
1800.0 16532 2.547199976E7 2408.31 33093 3.803000539E7 2408.31 150 10 150 300 20 300
2700.0 16452 3.834942282E7 3209.26 49545 7.637942821E7 3209.26 150 10 150 450 30 450
3600.0 16453 5.127829345E7 4009.66 65998 1.2765772167E8 4009.66 150 10 150 600 40 600
4500.0 16560 6.444138905E7 4810.62 82558 1.9209911072E8 4810.62 150 10 150 750 50 750
5400.0 16524 7.728647901E7 5611.03 99082 2.6938558973E8 5611.03 150 10 150 900 60 900
6300.0 16452 9.004781899E7 6411.99 115534 3.5943340873E8 6411.99 150 10 150 1050 70 1050
7200.0 16452 1.0297668962E8 7212.39 131986 4.6241009835E8 7212.39 150 10 150 1200 80 1200
8100.0 16560 1.1630117825E8 8013.35 148546 5.787112766E8 8013.35 150 10 150 1350 90 1350
9000.0 16533 1.2909961252E8 8813.76 165079 7.0781088912E8 8813.76 150 10 150 1500 100 1500
9900.0 16452 1.4174621543E8 9614.72 181531 8.4955710455E8 9614.72 150 10 150 1650 110 1650
10800.0 16453 1.5467508606E8 10415.12 197984 1.00423219062E9 10415.12 150 10 150 1800 120 1800
11700.0 16560 1.6818409402E8 11216.07 214544 1.17241628464E9 11216.07 150 10 150 1950 130 1950
12600.0 16524 1.8091386812E8 12016.48 231068 1.35333015276E9 12016.48 150 10 150 2100 140 2100
13500.0 16452 1.9344461187E8 12817.44 247520 1.54677476463E9 12817.44 150 10 150 2250 150 2250
14400.0 16453 2.063734825E8 13617.84 263973 1.75314824713E9 13617.84 150 10 150 2400 160 2400
15300.0 16560 2.2004385649E8 14418.8 280533 1.97319210363E9 14418.8 150 10 150 2550 170 2550
16200.0 16532 2.3273055535E8 15219.66 297065 2.20592265897E9 15219.66 150 10 150 2700 180 2700
17100.0 16453 2.4514695673E8 16020.17 313518 2.45106961571E9 16020.17 150 10 150 2850 190 2850
18000.0 16452 2.5807639145E8 16821.13 329970 2.70914600716E9 16821.13 150 10 150 3000 200 3000
18900.0 16560 2.7191990116E8 17621.53 346530 2.98106590831E9 17621.53 150 10 150 3150 210 3150
19800.0 16524 2.8454520524E8 18422.5 363054 3.26561111356E9 18422.5 150 10 150 3300 220 3300
20700.0 16452 2.9684609679E8 19222.9 379506 3.56245721034E9 19222.9 150 10 150 3450 230 3450
21600.0 16452 3.0977478789E8 20023.86 395958 3.87223199823E9 20023.86 150 10 150 3600 240 3600
22500.0 16569 3.2379123578E8 20824.26 412527 4.19602323401E9 20824.26 150 10 150 3750 250 3750
23400.0 16524 3.363589088E8 21625.22 429051 4.53238214281E9 21625.22 150 10 150 3900 260 3900
24300.0 16453 3.4854449323E8 22425.62 445504 4.88092663604E9 22425.62 150 10 150 4050 270 4050
25200.0 16452 3.6147318432E8 23226.58 461956 5.24239982036E9 23226.58 150 10 150 4200 280 4200
26100.0 16560 3.7567418379E8 24026.98 478516 5.61807400415E9 24026.98 150 10 150 4350 290 4350
27000.0 16524 3.8817260369E8 24827.95 495040 6.00624660783E9 24827.95 150 10 150 4500 300 4500
27900.0 16453 4.0024288999E8 25628.35 511493 6.40648949782E9 25628.35 150 10 150 4650 310 4650
28800.0 16452 4.1317158109E8 26429.31 527945 6.81966107891E9 26429.31 150 10 150 4800 320 4800
29700.0 16568 4.2753394139E8 27229.71 544513 7.2471950203E9 27229.71 150 10 150 4950 330 4950
30600.0 16524 4.3998628973E8 28030.67 561037 7.68718131003E9 28030.67 150 10 150 5100 340 5100
31500.0 16453 4.5194442322E8 28831.48 577490 8.13912573326E9 28831.48 150 10 150 5250 350 5250
32400.0 16452 4.6487348357E8 29632.04 593942 8.60399921683E9 29632.04 150 10 150 5400 360 5400
33300.0 16560 4.7940980347E8 30433.0 610502 9.0834090203E9 30433.0 150 10 150 5550 370 5550
34200.0 16524 4.918046936E8 31233.41 627026 9.5752137139E9 31233.41 150 10 150 5700 380 5700
35100.0 16453 5.0364418915E8 32034.36 643479 1.007885790304E10 32034.36 150 10 150 5850 390 5850
36000.0 16460 5.1657305978E8 32834.77 659939 1.059543096282E10 32834.77 150 10 150 6000 400 6000
36900.0 16560 5.3128114763E8 33635.72 676499 1.112671211045E10 33635.72 150 10 150 6150 410 6150
37800.0 16525 5.4361838875E8 34436.13 693024 1.16703304992E10 34436.13 150 10 150 6300 420 6300
38700.0 16452 5.5534258623E8 35237.09 709476 1.222567308544E10 35237.09 150 10 150 6450 430 6450
39600.0 16452 5.6827145686E8 36037.49 725928 1.27939445423E10 36037.49 150 10 150 6600 440 6600
40500.0 16560 5.831524919E8 36838.45 742488 1.33770970342E10 36838.45 150 10 150 6750 450 6750
41400.0 16525 5.9543208396E8 37638.86 759013 1.397252911817E10 37638.86 150 10 150 6900 460 6900
42300.0 16452 6.0704098332E8 38439.82 775465 1.457957010149E10 38439.82 150 10 150 7050 470 7050
43200.0 16460 6.1996985395E8 39240.22 791925 1.519953995544E10 39240.22 150 10 150 7200 480 7200
44100.0 16560 6.3502382717E8 40041.17 808485 1.583456378261E10 40041.17 150 10 150 7350 490 7350
45000.0 16525 6.4724577918E8 40841.58 825010 1.648180956179E10 40841.58 150 10 150 7500 500 7500
45900.0 16452 6.5873938046E8 41642.54 841462 1.714054894225E10 41642.54 150 10 150 7650 510 7650
46800.0 16452 6.7167105958E8 42443.3 857914 1.781222000183E10 42443.3 150 10 150 7800 520 7800
47700.0 16560 6.8690989029E8 43243.9 874474 1.849912989212E10 43243.9 150 10 150 7950 530 7950
48600.0 16524 6.9906396448E8 44044.87 890998 1.91981938566E10 44044.87 150 10 150 8100 540 8100
49500.0 16461 7.104424507E8 44845.27 907459 1.99086363073E10 44845.27 150 10 150 8250 550 8250
50400.0 16452 7.2337114179E8 45646.23 923911 2.063200744909E10 45646.23 150 10 150 8400 560 8400
51300.0 16561 7.387712069E8 46446.63 940472 2.137077865599E10 46446.63 150 10 150 8550 570 8550
52200.0 16524 7.5087766886E8 47247.6 956996 2.212165632485E10 47247.6 150 10 150 8700 580 8700
53100.0 16452 7.6214084794E8 48048.0 973448 2.288379717279E10 48048.0 150 10 150 8850 590 8850
54000.0 16452 7.7506953904E8 48848.96 989900 2.365886671183E10 48848.96 150 10 150 9000 600 9000
54900.0 16561 7.9064255134E8 49649.36 1006461 2.444950926317E10 49649.36 150 10 150 9150 610 9150
55800.0 16524 8.0269136418E8 50450.32 1022985 2.525220062735E10 50450.32 150 10 150 9300 620 9300
56700.0 16460 8.1383924514E8 51250.72 1039445 2.606603987249E10 51250.72 150 10 150 9450 630 9450
57600.0 16452 8.2676793624E8 52051.68 1055897 2.689280780873E10 52051.68 150 10 150 9600 640 9600
58500.0 16561 8.4251389572E8 52852.08 1072458 2.773532170444E10 52852.08 150 10 150 9750 650 9750
59400.0 16524 8.5450505949E8 53653.05 1088982 2.858982676394E10 53653.05 150 10 150 9900 660 9900
60300.0 16452 8.6553764234E8 54453.45 1105434 2.945536440627E10 54453.45 150 10 150 10050 670 10050
61200.0 16452 8.7846633344E8 55254.41 1121886 3.033383073971E10 55254.41 150 10 150 10200 680 10200
62100.0 16561 8.9438767265E8 56055.12 1138447 3.122821841235E10 56055.12 150 10 150 10350 690 10350
63000.0 16532 9.063214971E8 56855.78 1154979 3.213453990945E10 56855.78 150 10 150 10500 700 10500
63900.0 16452 9.1724053096E8 57656.74 1171431 3.305178044041E10 57656.74 150 10 150 10650 710 10650
64800.0 16453 9.3016940159E8 58457.14 1187884 3.398194984201E10 58457.14 150 10 150 10800 720 10800
65700.0 16560 9.4627269673E8 59258.1 1204444 3.492822253874E10 59258.1 150 10 150 10950 730 10950
66600.0 16524 9.5813713604E8 60058.5 1220968 3.588635967478E10 60058.5 150 10 150 11100 740 11100
67500.0 16452 9.6893892816E8 60859.46 1237420 3.685529860294E10 60859.46 150 10 150 11250 750 11250
68400.0 16452 9.8186779879E8 61659.86 1253872 3.783716640173E10 61659.86 150 10 150 11400 760 11400
69300.0 16561 9.9813243296E8 62460.82 1270433 3.883529883469E10 62460.82 150 10 150 11550 770 11550
70200.0 16532 1.00995082236E9 63261.23 1286965 3.984524965706E10 63261.23 150 10 150 11700 780 11700
71100.0 16452 1.02063732536E9 64062.19 1303417 4.086588698241E10 64062.19 150 10 150 11850 790 11850
72000.0 16453 1.03356619598E9 64862.59 1319870 4.18994531784E10 64862.59 150 10 150 12000 800 12000
72900.0 16560 1.05000378633E9 65663.55 1336430 4.294945696473E10 65663.55 150 10 150 12150 810 12150
73800.0 16524 1.06176452668E9 66463.96 1352954 4.40112214914E10 66463.96 150 10 150 12300 820 12300
74700.0 16452 1.07233572254E9 67264.91 1369406 4.508355721395E10 67264.91 150 10 150 12450 830 12450
75600.0 16453 1.08526459317E9 68065.31 1385859 4.616882180712E10 68065.31 150 10 150 12600 840 12600
76500.0 16560 1.10188672086E9 68866.27 1402419 4.727070852797E10 68866.27 150 10 150 12750 850 12750
77400.0 16532 1.1135802022E9 69666.94 1418951 4.838428873017E10 69666.94 150 10 150 12900 860 12900
78300.0 16453 1.12403637847E9 70467.64 1435404 4.950832510865E10 70467.64 150 10 150 13050 870 13050
79200.0 16452 1.13696748216E9 71268.6 1451856 5.064529259081E10 71268.6 150 10 150 13200 880 13200
80100.0 16560 1.15375114639E9 72069.0 1468416 5.17990437372E10 72069.0 150 10 150 13350 890 13350
81000.0 16524 1.16539697583E9 72869.97 1484940 5.296444071303E10 72869.97 150 10 150 13500 900 13500
81900.0 16452 1.1757371882E9 73670.37 1501392 5.414017790123E10 73670.37 150 10 150 13650 910 13650
82800.0 16453 1.18866587929E9 74471.33 1517845 5.532884378052E10 74471.33 150 10 150 13800 920 13800
83700.0 16568 1.20563409505E9 75271.73 1534413 5.653447787557E10 75271.73 150 10 150 13950 930 13950
84600.0 16524 1.21721010984E9 76072.7 1550937 5.775168798541E10 76072.7 150 10 150 14100 940 14100
85500.0 16453 1.22743558533E9 76873.1 1567390 5.897912357074E10 76873.1 150 10 150 14250 950 14250
86400.0 16452 1.24036427642E9 77674.05 1583842 6.021948784716E10 77674.05 150 10 150 14400 960 14400
87300.0 16560 1.25749382602E9 78474.45 1600402 6.147698167318E10 78474.45 150 10 150 14550 970 14550
88200.0 16524 1.26902435734E9 79275.42 1616926 6.274600603053E10 79275.42 150 10 150 14700 980 14700
89100.0 16452 1.27913398246E9 80075.82 1633378 6.402514001298E10 80075.82 150 10 150 14850 990 14850
90000.0 16452 1.29206267355E9 80876.78 1649830 6.531720268654E10 80876.78 150 10 150 15000 1000 15000
90900.0 16569 1.30937677468E9 81677.18 1666399 6.662657946122E10 81677.18 150 10 150 15150 1010 15150
91800.0 16524 1.3208374914E9 82478.15 1682923 6.794741695262E10 82478.15 150 10 150 15300 1020 15300
92700.0 16453 1.33083407469E9 83278.77 1699376 6.927825102732E10 83278.77 150 10 150 15450 1030 15450
93600.0 16452 1.34376300343E9 84079.51 1715828 7.062201403075E10 84079.51 150 10 150 15600 1040 15600
94500.0 16560 1.36124104605E9 84880.47 1732388 7.19832550768E10 84880.47 150 10 150 15750 1050 15750
95400.0 16524 1.37265644289E9 85680.88 1748912 7.335591151968E10 85680.88 150 10 150 15900 1060 15900
96300.0 16453 1.38253527747E9 86481.84 1765365 7.473844679715E10 86481.84 150 10 150 16050 1070 16050
97200.0 16460 1.3954641481E9 87282.24 1781825 7.613391094525E10 87282.24 150 10 150 16200 1080 16200
98100.0 16560 1.41311239042E9 88083.19 1798385 7.754702333567E10 88083.19 150 10 150 16350 1090 16350
99000.0 16525 1.42446957716E9 88883.6 1814910 7.897149291283E10 88883.6 150 10 150 16500 1100 16500
99900.0 16452 1.43423367466E9 89684.56 1831362 8.040572658748E10 89684.56 150 10 150 16650 1110 16650
100800.0 16452 1.44716254528E9 90484.96 1847814 8.185288913277E10 90484.96 150 10 150 16800 1120 16800
101700.0 16560 1.46498373479E9 91285.92 1864374 8.331787286756E10 91285.92 150 10 150 16950 1130 16950
102600.0 16525 1.47628328147E9 92086.33 1880899 8.479415614902E10 92086.33 150 10 150 17100 1140 17100
103500.0 16452 1.48593207184E9 92887.29 1897351 8.628008822087E10 92887.29 150 10 150 17250 1150 17250
104400.0 16460 1.49886094247E9 93687.69 1913811 8.777894916334E10 93687.69 150 10 150 17400 1160 17400
105300.0 16560 1.51685508816E9 94488.64 1930371 8.92958042515E10 94488.64 150 10 150 17550 1170 17550
106200.0 16525 1.52809696777E9 95289.06 1946896 9.082390121927E10 95289.06 150 10 150 17700 1180 17700
107100.0 16452 1.53763046903E9 96090.01 1963348 9.23615316883E10 96090.01 150 10 150 17850 1190 17850
108000.0 16452 1.55056059695E9 96890.58 1979800 9.391209228525E10 96890.58 150 10 150 18000 1200 18000
108900.0 16560 1.56872788501E9 97691.37 1996360 9.548082017026E10 97691.37 150 10 150 18150 1210 18150
109800.0 16525 1.57991513437E9 98492.34 2012885 9.706073530463E10 98492.34 150 10 150 18300 1220 18300
110700.0 16460 1.58933355921E9 99292.75 2029345 9.865006886384E10 99292.75 150 10 150 18450 1230 18450
111600.0 16452 1.60226225132E9 100093.7 2045797 1.0025233111516E11 100093.7 150 10 150 18600 1240 18600
112500.0 16561 1.62060247997E9 100894.1 2062358 1.0187293359514E11 100894.1 150 10 150 18750 1250 18750
113400.0 16524 1.63172887847E9 101695.07 2078882 1.035046624736E11 101695.07 150 10 150 18900 1260 18900
114300.0 16452 1.64103195752E9 102495.47 2095334 1.0514569443113E11 102495.47 150 10 150 19050 1270 19050
115200.0 16452 1.65396064862E9 103296.43 2111786 1.0679965507974E11 103296.43 150 10 150 19200 1280 19200
116100.0 16561 1.67247380645E9 104096.83 2128347 1.084721288862E11 104096.83 150 10 150 19350 1290 19350
117000.0 16524 1.68354258288E9 104897.8 2144871 1.1015567146908E11 104897.8 150 10 150 19500 1300 19500
117900.0 16460 1.69273035482E9 105698.2 2161331 1.118484018239E11 105698.2 150 10 150 19650 1310 19650
118800.0 16452 1.70565904591E9 106499.15 2177783 1.1355406086981E11 106499.15 150 10 150 19800 1320 19800
119700.0 16561 1.72434517793E9 107299.55 2194344 1.1527840604774E11 107299.55 150 10 150 19950 1330 19950
120600.0 16524 1.7353562693E9 108100.52 2210868 1.1701376231704E11 108100.52 150 10 150 20100 1340 20100
121500.0 16452 1.74442875211E9 108900.92 2227320 1.1875819106915E11 108900.92 150 10 150 20250 1350 20250
122400.0 16452 1.75735744321E9 109701.88 2243772 1.2051554851235E11 109701.88 150 10 150 20400 1360 20400
123300.0 16560 1.77621733783E9 110502.39 2260332 1.2229176585018E11 110502.39 150 10 150 20550 1370 20550
124200.0 16531 1.78717087282E9 111303.25 2276863 1.24078936723E11 111303.25 150 10 150 20700 1380 20700
125100.0 16454 1.79613160363E9 112104.21 2293317 1.2587506832663E11 112104.21 150 10 150 20850 1390 20850
126000.0 16453 1.80906053081E9 112904.61 2309770 1.2768412885744E11 112904.61 150 10 150 21000 1400 21000
126900.0 16560 1.82809239143E9 113705.57 2326330 1.2951222124887E11 113705.57 150 10 150 21150 1410 21150
127800.0 16524 1.83898837546E9 114505.98 2342854 1.3135120962433E11 114505.98 150 10 150 21300 1420 21300
128700.0 16452 1.8478300585E9 115306.94 2359306 1.3319903968282E11 115306.94 150 10 150 21450 1430 21450
129600.0 16452 1.86075892913E9 116107.34 2375758 1.3505979861195E11 116107.34 150 10 150 21600 1440 21600
130500.0 16561 1.8799637449E9 116908.29 2392319 1.3693976235685E11 116908.29 150 10 150 21750 1450 21750
131400.0 16532 1.89080206188E9 117708.7 2408851 1.3883056441873E11 117708.7 150 10 150 21900 1460 21900
132300.0 16452 1.89952845579E9 118509.66 2425303 1.4073009287452E11 118509.66 150 10 150 22050 1470 22050
133200.0 16453 1.91245732642E9 119310.06 2441756 1.4264255020094E11 119310.06 150 10 150 22200 1480 22200
134100.0 16560 1.93183508038E9 120111.02 2458316 1.4457438528132E11 120111.02 150 10 150 22350 1490 22350
135000.0 16524 1.94261576629E9 120911.43 2474840 1.4651700104762E11 120911.43 150 10 150 22500 1500 22500
135900.0 16452 1.95122685308E9 121712.39 2491292 1.484682279007E11 121712.39 150 10 150 22650 1510 22650
136800.0 16453 1.96415572371E9 122512.79 2507745 1.5043238362442E11 122512.79 150 10 150 22800 1520 22800
137700.0 16560 1.98370641586E9 123313.75 2524305 1.5241609004028E11 123313.75 150 10 150 22950 1530 22950
138600.0 16532 1.99442984075E9 124114.21 2540837 1.5441051988102E11 124114.21 150 10 150 23100 1540 23100
139500.0 16453 2.00292567589E9 124915.11 2557290 1.5641344555691E11 124915.11 150 10 150 23250 1550 23250
140400.0 16452 2.01585856175E9 125716.07 2573742 1.5842930411867E11 125716.07 150 10 150 23400 1560 23400
141300.0 16560 2.0355824859E9 126516.48 2590302 1.6046488660456E11 126516.48 150 10 150 23550 1570 23550
142200.0 16524 2.04624769233E9 127317.45 2606826 1.6251113429689E11 127317.45 150 10 150 23700 1580 23700
143100.0 16452 2.05462835684E9 128117.85 2623278 1.6456576265373E11 128117.85 150 10 150 23850 1590 23850
144000.0 16452 2.06755704793E9 128918.8 2639730 1.6663331970166E11 128918.8 150 10 150 24000 1600 24000
144900.0 16569 2.08745383209E9 129719.21 2656299 1.6872077353375E11 129719.21 150 10 150 24150 1610 24150
145800.0 16524 2.09806137875E9 130520.17 2672823 1.708188349125E11 130520.17 150 10 150 24300 1620 24300
146700.0 16453 2.10632675413E9 131320.57 2689276 1.7292516166664E11 131320.57 150 10 150 24450 1630 24450
147600.0 16452 2.11925544523E9 132121.53 2705728 1.7504441711186E11 132121.53 150 10 150 24600 1640 24600
148500.0 16560 2.13932517657E9 132921.93 2722288 1.7718374228844E11 132921.93 150 10 150 24750 1650 24750
149400.0 16524 2.14987508317E9 133722.9 2738812 1.793336173716E11 133722.9 150 10 150 24900 1660 24900
150300.0 16453 2.15802515143E9 134523.3 2755265 1.8149164252303E11 134523.3 150 10 150 25050 1670 25050
151200.0 16452 2.17095384253E9 135324.26 2771717 1.8366259636556E11 135324.26 150 10 150 25200 1680 25200
152100.0 16568 2.19119651205E9 136124.66 2788285 1.8585379287761E11 136124.66 150 10 150 25350 1690 25350
153000.0 16524 2.20168876964E9 136925.62 2804809 1.8805548164725E11 136925.62 150 10 150 25500 1700 25500
153900.0 16453 2.2097235788E9 137726.02 2821262 1.9026520522605E11 137726.02 150 10 150 25650 1710 25650
154800.0 16452 2.22265223988E9 138526.98 2837714 1.9248785746593E11 138526.98 150 10 150 25800 1720 25800
155700.0 16560 2.2430723206E9 139327.94 2854274 1.9473092978652E11 139327.94 150 10 150 25950 1730 25950
156600.0 16524 2.25350721094E9 140128.36 2870798 1.9698443699746E11 140128.36 150 10 150 26100 1740 26100
157500.0 16452 2.26142649042E9 140929.32 2887250 1.9924586348787E11 140929.32 150 10 150 26250 1750 26250
158400.0 16461 2.27435536105E9 141729.72 2903711 2.0152021884892E11 141729.72 150 10 150 26400 1760 26400
159300.0 16560 2.29495536641E9 142530.67 2920271 2.0381517421533E11 142530.67 150 10 150 26550 1770 26550
160200.0 16525 2.30532089947E9 143331.08 2936796 2.0612049511481E11 143331.08 150 10 150 26700 1780 26700
161100.0 16452 2.31312488771E9 144132.04 2953248 2.0843362000252E11 144132.04 150 10 150 26850 1790 26850
162000.0 16452 2.32605375834E9 144932.44 2969700 2.1075967376086E11 144932.44 150 10 150 27000 1800 27000
162900.0 16560 2.34681511174E9 145733.4 2986260 2.131064888726E11 145733.4 150 10 150 27150 1810 27150
163800.0 16525 2.35713517382E9 146533.81 3002785 2.1546362404642E11 146533.81 150 10 150 27300 1820 27300
164700.0 16452 2.3648232849E9 147334.77 3019237 2.1782844733132E11 147334.77 150 10 150 27450 1830 27450
165600.0 16460 2.37775215553E9 148135.17 3035697 2.2020619948685E11 148135.17 150 10 150 27600 1840 27600
166500.0 16560 2.39869805526E9 148936.12 3052257 2.2260489754211E11 148936.12 150 10 150 27750 1850 27750
167400.0 16525 2.4089482991E9 149736.53 3068782 2.2501384584121E11 149736.53 150 10 150 27900 1860 27900
168300.0 16452 2.41652168209E9 150537.49 3085234 2.274303675233E11 150537.49 150 10 150 28050 1870 28050
169200.0 16452 2.42945055272E9 151337.89 3101686 2.2985981807602E11 151337.89 150 10 150 28200 1880 28200
170100.0 16560 2.45055780048E9 152138.85 3118246 2.323103758765E11 152138.85 150 10 150 28350 1890 28350
171000.0 16524 2.46076692028E9 152939.81 3134770 2.3477114279678E11 152939.81 150 10 150 28500 1900 28500
171900.0 16461 2.46822480256E9 153740.23 3151231 2.3723936759933E11 153740.23 150 10 150 28650 1910 28650
172800.0 16452 2.48115349712E9 154541.18 3167683 2.3972052109645E11 154541.18 150 10 150 28800 1920 28800
173700.0 16561 2.50243388076E9 155341.58 3184244 2.4222295497722E11 155341.58 150 10 150 28950 1930 28950
174600.0 16524 2.51258024254E9 156142.55 3200768 2.4473553521976E11 156142.55 150 10 150 29100 1940 29100
175500.0 16452 2.51992320321E9 156942.95 3217220 2.4725545842296E11 156942.95 150 10 150 29250 1950 29250
176400.0 16452 2.5328518943E9 157743.91 3233672 2.4978831031727E11 157743.91 150 10 150 29400 1960 29400
177300.0 16561 2.55430523414E9 158544.31 3250233 2.5234261555141E11 158544.31 150 10 150 29550 1970 29550
178200.0 16524 2.56439393785E9 159345.28 3266757 2.5490700948926E11 159345.28 150 10 150 29700 1980 29700
179100.0 16460 2.5716216004E9 160145.68 3283217 2.5747863108965E11 160145.68 150 10 150 29850 1990 29850
180000.0 16452 2.58455029149E9 160946.64 3299669 2.6006318138115E11 160946.64 150 10 150 30000 2000 30000
180900.0 16561 2.60617658751E9 161747.04 3316230 2.6266935796866E11 161747.04 150 10 150 30150 2010 30150
181800.0 16524 2.61620763311E9 162548.0 3332754 2.6528556560176E11 162548.0 150 10 150 30300 2020 30300
182700.0 16452 2.62331999753E9 163348.4 3349206 2.6790888559929E11 163348.4 150 10 150 30450 2030 30450
183600.0 16452 2.63624868863E9 164149.36 3365658 2.7054513428792E11 164149.36 150 10 150 30600 2040 30600
184500.0 16561 2.65804790483E9 164949.76 3382219 2.7320318219275E11 164949.76 150 10 150 30750 2050 30750
185400.0 16530 2.66802132836E9 165750.73 3398749 2.7587120352111E11 165750.73 150 10 150 30900 2060 30900
186300.0 16454 2.67502273777E9 166551.68 3415203 2.7854622625888E11 166551.68 150 10 150 31050 2070 31050
187200.0 16453 2.68795180579E9 167352.1 3431656 2.8123417806467E11 167352.1 150 10 150 31200 2080 31200
188100.0 16560 2.70992384233E9 168153.05 3448216 2.83944101907E11 168153.05 150 10 150 31350 2090 31350
189000.0 16524 2.71983976256E9 168953.46 3464740 2.8666394166957E11 168953.46 150 10 150 31500 2100 31500
189900.0 16452 2.72672133614E9 169754.42 3481192 2.893906630057E11 169754.42 150 10 150 31650 2110 31650
190800.0 16452 2.73965020677E9 170554.82 3497644 2.9213031321247E11 170554.82 150 10 150 31800 2120 31800
191700.0 16561 2.76179518702E9 171355.78 3514205 2.9489210839949E11 171355.78 150 10 150 31950 2130 31950
192600.0 16532 2.77165345782E9 172156.19 3530737 2.9766376185731E11 172156.19 150 10 150 32100 2140 32100
193500.0 16452 2.77841973327E9 172957.15 3547189 3.0044218159058E11 172957.15 150 10 150 32250 2150 32250
194400.0 16453 2.7913486039E9 173757.55 3563642 3.0323353019449E11 173757.55 150 10 150 32400 2160 32400
195300.0 16560 2.81366651297E9 174558.5 3580202 3.0604719670746E11 174558.5 150 10 150 32550 2170 32550
196200.0 16524 2.82346715307E9 175358.91 3596726 3.0887066386053E11 175358.91 150 10 150 32700 2180 32700
197100.0 16452 2.83011813041E9 176159.87 3613178 3.1170078199094E11 176159.87 150 10 150 32850 2190 32850
198000.0 16453 2.84304700104E9 176960.27 3629631 3.1454382899197E11 176960.27 150 10 150 33000 2200 33000
198900.0 16560 2.86553786629E9 177761.23 3646191 3.1740936685826E11 177761.23 150 10 150 33150 2210 33150
199800.0 16532 2.87528091638E9 178561.64 3662723 3.2028464777464E11 178561.64 150 10 150 33300 2220 33300
200700.0 16453 2.88181652754E9 179362.6 3679176 3.2316646430218E11 179362.6 150 10 150 33450 2230 33450
201600.0 16452 2.89474969964E9 180163.55 3695628 3.2606121400183E11 180163.55 150 10 150 33600 2240 33600
202500.0 16560 2.91741395033E9 180963.96 3712188 3.2897862795216E11 180963.96 150 10 150 33750 2250 33750
203400.0 16524 2.92709909641E9 181764.93 3728712 3.3190572704857E11 181764.93 150 10 150 33900 2260 33900
204300.0 16452 2.93351965142E9 182565.33 3745164 3.3483924669999E11 182565.33 150 10 150 34050 2270 34050
205200.0 16453 2.94644834252E9 183366.29 3761617 3.377856950425E11 183366.29 150 10 150 34200 2280 34200
206100.0 16568 2.96928527284E9 184166.69 3778185 3.4075498031534E11 184166.69 150 10 150 34350 2290 34350
207000.0 16524 2.97891279156E9 184967.66 3794709 3.437338931069E11 184967.66 150 10 150 34500 2300 34500
207900.0 16453 2.98521804844E9 185768.06 3811162 3.4671911115534E11 185768.06 150 10 150 34650 2310 34650
208800.0 16452 2.99814673954E9 186569.01 3827614 3.4971725789488E11 186569.01 150 10 150 34800 2320 34800
209700.0 16560 3.02115664404E9 187369.42 3844174 3.5273841453893E11 187369.42 150 10 150 34950 2330 34950
210600.0 16524 3.0307264866E9 188170.38 3860698 3.5576914102553E11 188170.38 150 10 150 35100 2340 35100
211500.0 16453 3.03691644536E9 188970.78 3877151 3.5880605747089E11 188970.78 150 10 150 35250 2350 35250
212400.0 16452 3.04984513646E9 189771.74 3893603 3.6185590260735E11 189771.74 150 10 150 35400 2360 35400
213300.0 16568 3.07302796115E9 190572.14 3910171 3.6492893056849E11 190572.14 150 10 150 35550 2370 35550
214200.0 16524 3.08254018164E9 191373.11 3926695 3.6801147075013E11 191373.11 150 10 150 35700 2380 35700
215100.0 16453 3.0886148472E9 192173.51 3943148 3.7110008559733E11 192173.51 150 10 150 35850 2390 35850
216000.0 16452 3.10154353338E9 192974.47 3959600 3.7420162913071E11 192974.47 150 10 150 36000 2400 36000
216900.0 16560 3.12490360002E9 193775.41 3976160 3.7732653273072E11 193775.41 150 10 150 36150 2410 36150
217800.0 16524 3.13435860977E9 194575.84 3992684 3.804608913405E11 194575.84 150 10 150 36300 2420 36300
218700.0 16453 3.14031778354E9 195376.8 4009137 3.8360120912404E11 195376.8 150 10 150 36450 2430 36450
219600.0 16460 3.15324665417E9 196177.2 4025597 3.867544557782E11 196177.2 150 10 150 36600 2440 36600
220500.0 16560 3.17677522454E9 196978.16 4042157 3.8993123100274E11 196978.16 150 10 150 36750 2450 36750
221400.0 16525 3.18617231066E9 197778.57 4058682 3.931174033134E11 197778.57 150 10 150 36900 2460 36900
222300.0 16452 3.1920161804E9 198579.53 4075134 3.963094194938E11 198579.53 150 10 150 37050 2470 37050
223200.0 16452 3.20494505103E9 199379.93 4091586 3.9951436454483E11 199379.93 150 10 150 37200 2480 37200
224100.0 16560 3.22864657758E9 200180.88 4108146 4.0274301112242E11 200180.88 150 10 150 37350 2490 37350
225000.0 16525 3.23798600565E9 200981.29 4124671 4.0598099712806E11 200981.29 150 10 150 37500 2500 37500
225900.0 16452 3.24371457727E9 201782.25 4141123 4.0922471170533E11 201782.25 150 10 150 37650 2510 37650
226800.0 16460 3.2566434479E9 202582.65 4157583 4.1248135515322E11 202582.65 150 10 150 37800 2520 37800
227700.0 16560 3.28051791263E9 203383.61 4174143 4.1576187306585E11 203383.61 150 10 150 37950 2530 37950
228600.0 16525 3.28979970063E9 204184.02 4190668 4.1905167276648E11 204184.02 150 10 150 38100 2540 38100
229500.0 16452 3.29541297413E9 204984.98 4207120 4.2234708574061E11 204984.98 150 10 150 38250 2550 38250
230400.0 16452 3.30834184476E9 205785.38 4223572 4.2565542758537E11 205785.38 150 10 150 38400 2560 38400
231300.0 16560 3.33238926568E9 206586.33 4240132 4.2898781685105E11 206586.33 150 10 150 38550 2570 38550
232200.0 16525 3.34161761754E9 207387.29 4256657 4.3232943446859E11 207387.29 150 10 150 38700 2580 38700
233100.0 16460 3.34711608109E9 208187.71 4273117 4.3567655054968E11 208187.71 150 10 150 38850 2590 38850
234000.0 16452 3.36004478843E9 208988.67 4289569 4.3903659533811E11 208988.67 150 10 150 39000 2600 39000
234900.0 16561 3.38426533622E9 209789.07 4306130 4.4242086067433E11 209789.07 150 10 150 39150 2610 39150
235800.0 16524 3.39343164301E9 210590.04 4322654 4.4581429231735E11 210590.04 150 10 150 39300 2620 39300
236700.0 16452 3.39881449419E9 211390.44 4339106 4.4921310681154E11 211390.44 150 10 150 39450 2630 39450
237600.0 16452 3.41174318529E9 212191.39 4355558 4.5262484999683E11 212191.39 150 10 150 39600 2640 39600
238500.0 16560 3.43613668927E9 212991.79 4372118 4.560609866861E11 212991.79 150 10 150 39750 2650 39750
239400.0 16525 3.445245338E9 213792.76 4388643 4.595062320241E11 213792.76 150 10 150 39900 2660 39900
240300.0 16460 3.45051289106E9 214593.16 4405103 4.6295674491516E11 214593.16 150 10 150 40050 2670 40050
241200.0 16452 3.46344158215E9 215394.12 4421555 4.6642018649731E11 215394.12 150 10 150 40200 2680 40200
242100.0 16561 3.48800802432E9 216194.52 4438116 4.6990819452163E11 216194.52 150 10 150 40350 2690 40350
243000.0 16524 3.49705903299E9 216995.49 4454640 4.7340525355461E11 216995.49 150 10 150 40500 2700 40500
243900.0 16452 3.50221128792E9 217795.89 4471092 4.7690746484253E11 217795.89 150 10 150 40650 2710 40650
244800.0 16452 3.51513997902E9 218596.85 4487544 4.8042260482155E11 218596.85 150 10 150 40800 2720 40800
245700.0 16561 3.53987937736E9 219397.25 4504105 4.8396248419891E11 219397.25 150 10 150 40950 2730 40950
246600.0 16524 3.54887272797E9 220198.21 4520629 4.8751135692688E11 220198.21 150 10 150 41100 2740 41100
247500.0 16460 3.55391365986E9 220999.13 4537089 4.9106527058674E11 220999.13 150 10 150 41250 2750 41250
248400.0 16453 3.56684282564E9 221799.58 4553542 4.9463211341238E11 221799.58 150 10 150 41400 2760 41400
249300.0 16560 3.59175527379E9 222600.54 4570102 4.9822386868617E11 222600.54 150 10 150 41550 2770 41550
250200.0 16524 3.60069114804E9 223400.95 4586626 5.0182455983421E11 223400.95 150 10 150 41700 2780 41700
251100.0 16452 3.60561261216E9 224201.9 4603078 5.0543017244637E11 224201.9 150 10 150 41850 2790 41850
252000.0 16452 3.61854148279E9 225002.3 4619530 5.0904871392916E11 225002.3 150 10 150 42000 2800 42000
252900.0 16561 3.64362660878E9 225803.26 4636091 5.1269234053794E11 225803.26 150 10 150 42150 2810 42150
253800.0 16532 3.65250484303E9 226603.67 4652623 5.1634484538096E11 226603.67 150 10 150 42300 2820 42300
254700.0 16452 3.65731100902E9 227404.63 4669075 5.2000215638999E11 227404.63 150 10 150 42450 2830 42450
255600.0 16453 3.67023987965E9 228205.03 4685528 5.2367239626964E11 228205.03 150 10 150 42600 2840 42600
256500.0 16560 3.69549796183E9 229005.99 4702088 5.2736789423147E11 229005.99 150 10 150 42750 2850 42750
257400.0 16524 3.70431853801E9 229806.4 4718612 5.3107221276948E11 229806.4 150 10 150 42900 2860 42900
258300.0 16452 3.70900940589E9 230607.36 4735064 5.3478122217537E11 230607.36 150 10 150 43050 2870 43050
259200.0 16453 3.72193827652E9 231407.76 4751517 5.3850316045189E11 231407.76 150 10 150 43200 2880 43200
260100.0 16560 3.74736929687E9 232208.71 4768077 5.4225052974876E11 232208.71 150 10 150 43350 2890 43350
261000.0 16532 3.7561322329E9 233009.12 4784609 5.4600666198165E11 233009.12 150 10 150 43500 2900 43500
261900.0 16452 3.76070780264E9 233810.08 4801061 5.497673697843E11 233810.08 150 10 150 43650 2910 43650
262800.0 16453 3.77364017562E9 234610.93 4817514 5.5354100995992E11 234610.93 150 10 150 43800 2920 43800
263700.0 16560 3.79925616698E9 235411.44 4834074 5.573402661269E11 235411.44 150 10 150 43950 2930 43950
264600.0 16524 3.80795044551E9 236212.41 4850598 5.6114821657241E11 236212.41 150 10 150 44100 2940 44100
265500.0 16452 3.81241089115E9 237012.81 4867050 5.6496062746356E11 237012.81 150 10 150 44250 2950 44250
266400.0 16453 3.82533958224E9 237813.77 4883503 5.687859670458E11 237813.77 150 10 150 44400 2960 44400
267300.0 16568 3.8511166855E9 238614.17 4900071 5.726370837313E11 238614.17 150 10 150 44550 2970 44550
268200.0 16524 3.85976471086E9 239415.14 4916595 5.7649684844216E11 239415.14 150 10 150 44700 2980 44700
269100.0 16453 3.86410928812E9 240215.54 4933048 5.8036095773027E11 240215.54 150 10 150 44850 2990 44850
270000.0 16452 3.87703797921E9 241016.5 4949500 5.8423799570949E11 241016.5 150 10 150 45000 3000 45000
270900.0 16560 3.90299964304E9 241816.9 4966060 5.8814099535253E11 241816.9 150 10 150 45150 3010 45150
271800.0 16524 3.9115778267E9 242617.86 4982584 5.9205257317922E11 242617.86 150 10 150 45300 3020 45300
272700.0 16453 3.91580768509E9 243418.26 4999037 5.9596838086431E11 243418.26 150 10 150 45450 3030 45450
273600.0 16452 3.92873637619E9 244219.22 5015489 5.998971172405E11 244219.22 150 10 150 45600 3040 45600
274500.0 16568 3.95485936481E9 245019.62 5032057 6.0385197660531E11 245019.62 150 10 150 45750 3050 45750
275400.0 16524 3.96339210105E9 245820.59 5048581 6.0781536870635E11 245820.59 150 10 150 45900 3060 45900
276300.0 16453 3.96750608206E9 246620.99 5065034 6.1178287478841E11 246620.99 150 10 150 46050 3070 46050
277200.0 16452 3.98043477316E9 247421.95 5081486 6.1576330956157E11 247421.95 150 10 150 46200 3080 46200
278100.0 16560 4.00673384417E9 248222.75 5098046 6.1977004340574E11 248222.75 150 10 150 46350 3090 46350
279000.0 16524 4.01520869834E9 249023.32 5114570 6.2378525210407E11 249023.32 150 10 150 46500 3100 46500
279900.0 16453 4.01920898308E9 249824.28 5131023 6.2780446108716E11 249824.28 150 10 150 46650 3110 46650
280800.0 16460 4.03213785371E9 250624.68 5147483 6.3183659894087E11 250624.68 150 10 150 46800 3120 46800
281700.0 16560 4.05861818708E9 251425.64 5164043 6.3589521712795E11 251425.64 150 10 150 46950 3130 46950
282600.0 16525 4.06702361954E9 252226.05 5180568 6.3996224074749E11 252226.05 150 10 150 47100 3140 47100
283500.0 16452 4.07090738005E9 253027.0 5197020 6.4403314812754E11 253027.0 150 10 150 47250 3150 47250
284400.0 16452 4.08383625068E9 253827.4 5213472 6.4811698437823E11 253827.4 150 10 150 47400 3160 47400
285300.0 16560 4.11047794109E9 254628.36 5230032 6.5222746231932E11 254628.36 150 10 150 47550 3170 47550
286200.0 16525 4.11883787574E9 255428.77 5246557 6.5634630019506E11 255428.77 150 10 150 47700 3180 47700
287100.0 16452 4.1226057771E9 256229.73 5263009 6.6046890597216E11 256229.73 150 10 150 47850 3190 47850
288000.0 16460 4.13553464774E9 257030.13 5279469 6.6460444061991E11 257030.13 150 10 150 48000 3200 48000
288900.0 16560 4.16236089349E9 257831.09 5296029 6.6876680151339E11 257831.09 150 10 150 48150 3210 48150
289800.0 16525 4.17065100994E9 258631.5 5312554 6.7293745252333E11 258631.5 150 10 150 48300 3220 48300
290700.0 16452 4.17430417422E9 259432.46 5329006 6.7711175669755E11 259432.46 150 10 150 48450 3230 48450
291600.0 16452 4.18723304486E9 260232.86 5345458 6.8129898974241E11 260232.86 150 10 150 48600 3240 48600
292500.0 16560 4.21422062963E9 261033.81 5362018 6.8551321037204E11 261033.81 150 10 150 48750 3250 48750
293400.0 16525 4.22246804226E9 261834.58 5378543 6.897356784143E11 261834.58 150 10 150 48900 3260 48900
294300.0 16460 4.22600564595E9 262635.18 5395003 6.9396168406025E11 262635.18 150 10 150 49050 3270 49050
295200.0 16452 4.23893593631E9 263436.14 5411455 6.9820061999656E11 263436.14 150 10 150 49200 3280 49200
296100.0 16561 4.26609664775E9 264236.54 5428016 7.0246671664431E11 264236.54 150 10 150 49350 3290 49350
297000.0 16524 4.27428289124E9 265037.51 5444540 7.0674099953555E11 265037.51 150 10 150 49500 3300 49500
297900.0 16452 4.27770564232E9 265837.91 5460992 7.1101870517787E11 265837.91 150 10 150 49650 3310 49650
298800.0 16452 4.29063433343E9 266638.87 5477444 7.153093395113E11 266638.87 150 10 150 49800 3320 49800
299700.0 16560 4.31796800105E9 267439.27 5494004 7.1962730751234E11 267439.27 150 10 150 49950 3330 49950
300600.0 16524 4.32609659548E9 268240.24 5510528 7.2395340410782E11 268240.24 150 10 150 50100 3340 50100
301500.0 16461 4.32940403944E9 269040.64 5526989 7.2828280814726E11 269040.64 150 10 150 50250 3350 50250
302400.0 16452 4.34233273054E9 269841.59 5543441 7.326251408778E11 269841.59 150 10 150 50400 3360 50400
303300.0 16561 4.36983932739E9 270642.0 5560002 7.3699498020518E11 270642.0 150 10 150 50550 3370 50550
304200.0 16524 4.37791028177E9 271442.96 5576526 7.4137289048696E11 271442.96 150 10 150 50700 3380 50700
305100.0 16452 4.3811024366E9 272243.36 5592978 7.4575399292356E11 272243.36 150 10 150 50850 3390 50850
306000.0 16452 4.39403112771E9 273044.32 5609430 7.5014802405127E11 273044.32 150 10 150 51000 3400 51000
306900.0 16561 4.42171068974E9 273844.72 5625991 7.5456973474101E11 273844.72 150 10 150 51150 3410 51150
307800.0 16524 4.42972398612E9 274645.69 5642515 7.5899945872713E11 274645.69 150 10 150 51300 3420 51300
308700.0 16460 4.43280320423E9 275446.4 5658975 7.6343226193136E11 275446.4 150 10 150 51450 3430 51450
309600.0 16453 4.44573219703E9 276247.05 5675428 7.6787799412839E11 276247.05 150 10 150 51600 3440 51600
310500.0 16560 4.47358654671E9 277048.01 5691988 7.723515806751E11 277048.01 150 10 150 51750 3450 51750
311400.0 16524 4.48154235785E9 277848.42 5708512 7.7683312303295E11 277848.42 150 10 150 51900 3460 51900
312300.0 16452 4.48450372196E9 278649.38 5724964 7.8131762675491E11 278649.38 150 10 150 52050 3470 52050
313200.0 16452 4.4974325926E9 279449.78 5741416 7.858150593475E11 279449.78 150 10 150 52200 3480 52200
314100.0 16560 4.52545787318E9 280250.73 5757976 7.9034051722068E11 280250.73 150 10 150 52350 3490 52350
315000.0 16533 4.53335606225E9 281051.14 5774509 7.9487387328293E11 281051.14 150 10 150 52500 3500 52500
315900.0 16452 4.53620211923E9 281852.1 5790961 7.9941007540217E11 281852.1 150 10 150 52650 3510 52650
316800.0 16453 4.54913098987E9 282652.5 5807414 8.0395920639204E11 282652.5 150 10 150 52800 3520 52800
317700.0 16560 4.57732923564E9 283453.46 5823974 8.0853653562768E11 283453.46 150 10 150 52950 3530 52950
318600.0 16524 4.58517031874E9 284253.87 5840498 8.1312170594642E11 284253.87 150 10 150 53100 3540 53100
319500.0 16452 4.58790051657E9 285054.83 5856950 8.1770960646299E11 285054.83 150 10 150 53250 3550 53250
320400.0 16453 4.6008293872E9 285855.23 5873403 8.2231043585019E11 285855.23 150 10 150 53400 3560 53400
321300.0 16560 4.62920056215E9 286656.19 5889963 8.2693963641234E11 286656.19 150 10 150 53550 3570 53550
322200.0 16532 4.63698345316E9 287456.6 5906495 8.3157661986551E11 287456.6 150 10 150 53700 3580 53700
323100.0 16452 4.6395989139E9 288257.55 5922947 8.362162187794E11 288257.55 150 10 150 53850 3590 53850
324000.0 16453 4.65252973346E9 289058.21 5939400 8.4086874851286E11 289058.21 150 10 150 54000 3600 54000
324900.0 16560 4.68107415452E9 289858.91 5955960 8.4554982266738E11 289858.91 150 10 150 54150 3610 54150
325800.0 16524 4.688801639E9 290659.88 5972484 8.5023862430638E11 290659.88 150 10 150 54300 3620 54300
326700.0 16452 4.69130198465E9 291460.29 5988936 8.5492992629103E11 291460.29 150 10 150 54450 3630 54450
327600.0 16453 4.70423067576E9 292261.24 6005389 8.5963415696679E11 292261.24 150 10 150 54600 3640 54600
328500.0 16568 4.73294792434E9 293061.64 6021957 8.6436710489113E11 293061.64 150 10 150 54750 3650 54750
329400.0 16524 4.74061533451E9 293862.61 6038481 8.6910772022563E11 293862.61 150 10 150 54900 3660 54900
330300.0 16453 4.74300038204E9 294663.01 6054934 8.7385072060767E11 294663.01 150 10 150 55050 3670 55050
331200.0 16452 4.75592907314E9 295463.97 6071386 8.7860664968081E11 295463.97 150 10 150 55200 3680 55200
332100.0 16560 4.78483089147E9 296264.37 6087946 8.8339148057228E11 296264.37 150 10 150 55350 3690 55350
333000.0 16524 4.79242960027E9 297065.33 6104470 8.8818391017254E11 297065.33 150 10 150 55500 3700 55500
333900.0 16453 4.79469877942E9 297865.74 6120923 8.9297860895197E11 297865.74 150 10 150 55650 3710 55650
334800.0 16452 4.80762747053E9 298666.69 6137375 8.9778623642249E11 298666.69 150 10 150 55800 3720 55800
335700.0 16568 4.83669063148E9 299467.09 6153943 9.0262292705397E11 299467.09 150 10 150 55950 3730 55950
336600.0 16524 4.84424273452E9 300268.06 6170467 9.074671697885E11 300268.06 150 10 150 56100 3740 56100
337500.0 16453 4.84639717681E9 301068.46 6186920 9.123135669653E11 301068.46 150 10 150 56250 3750 56250
338400.0 16452 4.85932586791E9 301869.42 6203372 9.1717289283322E11 301869.42 150 10 150 56400 3760 56400
339300.0 16560 4.88856362202E9 302670.04 6219932 9.2206145645524E11 302670.04 150 10 150 56550 3770 56550
340200.0 16524 4.89605891166E9 303470.79 6236456 9.269575153669E11 303470.79 150 10 150 56700 3780 56700
341100.0 16453 4.89810007567E9 304271.75 6252909 9.3185561544257E11 304271.75 150 10 150 56850 3790 56850
342000.0 16460 4.91102894631E9 305072.15 6269369 9.3676664438888E11 305072.15 150 10 150 57000 3800 57000
342900.0 16560 4.94044946117E9 305873.11 6285929 9.4170709385005E11 305873.11 150 10 150 57150 3810 57150
343800.0 16525 4.94787482158E9 306673.52 6302454 9.4665496867163E11 306673.52 150 10 150 57300 3820 57300
344700.0 16452 4.94979847311E9 307474.48 6318906 9.5160476714474E11 307474.48 150 10 150 57450 3830 57450
345600.0 16452 4.96272734375E9 308274.88 6335358 9.5656749448848E11 308274.88 150 10 150 57600 3840 57600

