# seed = 1, gamma = 0.25, beta = 0.75, dee = 10.0, dcc = 200.0, dec = 600.0, dsc = 2000.0, dLocalhost = 0.015, hostBroker = EDGE, numOfCloud = 1, numOfEdge = 1, numOfSmartphone = 225 
#
# The columns have the following meaning: 
# instant[SECONDS] delayCountPartial delaySumPartial[SECONDS] delayMaxPartial[SECONDS] delayCountTot delaySumTot[SECONDS] delayMaxTot[SECONDS] runOnCloudPartial runOnEdgePartial runOnSmartphonePartial runOnCloudTot runOnEdgeTot runOnSmartphoneTot
0.0 0 0.0 0.0 0 0.0 0.0 0 0 0 0 0 0
900.0 16560 2.6086751613E8 32145.73 16560 2.6086751613E8 32145.73 83 2 225 83 2 225
1800.0 16524 7.7626401426E8 64081.3 33084 1.03713153039E9 64081.3 83 2 225 166 4 450
2700.0 16452 1.29034417895E9 96016.61 49536 2.32747570934E9 96016.61 83 2 225 249 6 675
3600.0 16452 1.80579823885E9 127951.78 65988 4.13327394819E9 127951.78 83 2 225 332 8 900
4500.0 16560 2.32998899768E9 159886.94 82548 6.46326294587E9 159886.94 83 2 225 415 10 1125
5400.0 16524 2.84286919957E9 191822.12 99072 9.30613214544E9 191822.12 83 2 225 498 12 1350
6300.0 16452 3.35233510376E9 223757.28 115524 1.26584672492E10 223757.28 83 2 225 581 14 1575
7200.0 16452 3.86778810106E9 255692.45 131976 1.652625535026E10 255692.45 83 2 225 664 16 1800
8100.0 16561 4.39865285055E9 287627.61 148537 2.092490820081E10 287627.61 83 2 225 747 18 2025
9000.0 16524 4.90944633217E9 319562.79 165061 2.583435453298E10 319562.79 83 2 225 830 20 2250
9900.0 16452 5.41432496624E9 351497.95 181513 3.124867949922E10 351497.95 83 2 225 913 22 2475
10800.0 16452 5.92977796353E9 383433.12 197965 3.717845746275E10 383433.12 83 2 225 996 24 2700
11700.0 16560 6.4677647325E9 415368.28 214525 4.364622219525E10 415368.28 83 2 225 1079 26 2925
12600.0 16524 6.9760462526E9 447303.45 231049 5.062226844785E10 447303.45 83 2 225 1162 28 3150
13500.0 16452 7.47631482871E9 479238.62 247501 5.809858327656E10 479238.62 83 2 225 1245 30 3375
14400.0 16452 7.99176782601E9 511173.78 263953 6.609035110256E10 511173.78 83 2 225 1328 32 3600
15300.0 16560 8.53642852769E9 543108.95 280513 7.462677963025E10 543108.95 83 2 225 1411 34 3825
16200.0 16524 9.04262338523E9 575044.12 297037 8.366940301548E10 575044.12 83 2 225 1494 36 4050
17100.0 16452 9.53830469122E9 606979.29 313489 9.32077077067E10 606979.29 83 2 225 1577 38 4275
18000.0 16452 1.005375768853E10 638914.45 329941 1.0326146539522E11 638914.45 83 2 225 1660 40 4500
18900.0 16560 1.060531638629E10 670849.62 346501 1.1386678178152E11 670849.62 83 2 225 1743 42 4725
19800.0 16524 1.110921190281E10 702784.79 363025 1.2497599368433E11 702784.79 83 2 225 1826 44 4950
20700.0 16452 1.160029455375E10 734719.95 379477 1.3657628823808E11 734719.95 83 2 225 1909 46 5175
21600.0 16452 1.211574755106E10 766655.12 395929 1.4869203578914E11 766655.12 83 2 225 1992 48 5400
22500.0 16560 1.26742042359E10 798590.28 412489 1.6136624002504E11 798590.28 83 2 225 2075 50 5625
23400.0 16524 1.317580043839E10 830525.46 429013 1.7454204046343E11 830525.46 83 2 225 2158 52 5850
24300.0 16452 1.366228441628E10 862460.62 445465 1.8820432487971E11 862460.62 83 2 225 2241 54 6075
25200.0 16452 1.417773741359E10 894395.79 461917 2.023820622933E11 894395.79 83 2 225 2324 56 6300
26100.0 16560 1.474331618486E10 926330.95 478477 2.1712537847816E11 926330.95 83 2 225 2407 58 6525
27000.0 16524 1.524238896529E10 958266.13 495001 2.3236776744345E11 958266.13 83 2 225 2490 60 6750
27900.0 16452 1.572427427914E10 990201.29 511453 2.480920417226E11 990201.29 83 2 225 2573 62 6975
28800.0 16452 1.623972727645E10 1022136.46 527905 2.6433176899905E11 1022136.46 83 2 225 2656 64 7200
29700.0 16560 1.681197997148E10 1054071.62 544465 2.8114374897052E11 1054071.62 83 2 225 2739 66 7425
30600.0 16524 1.730897748336E10 1086006.79 560989 2.9845272645388E11 1086006.79 83 2 225 2822 68 7650
31500.0 16452 1.778626414216E10 1117941.96 577441 3.1623899059605E11 1117941.96 83 2 225 2905 70 7875
32400.0 16452 1.830171713947E10 1149877.12 593893 3.3454070773552E11 1149877.12 83 2 225 2988 72 8100
33300.0 16566 1.888086945501E10 1181812.29 610459 3.5342157719053E11 1181812.29 83 2 225 3071 74 8325
34200.0 16526 1.937556750395E10 1213747.7 626985 3.7279714469448E11 1213747.7 83 2 225 3154 76 8550
35100.0 16452 1.984826068085E10 1245683.19 643437 3.9264540537533E11 1245683.19 83 2 225 3237 78 8775
36000.0 16452 2.036371622955E10 1277618.36 659889 4.1300912160488E11 1277618.36 83 2 225 3320 80 9000
36900.0 16560 2.094976493859E10 1309553.53 676449 4.3395888654347E11 1309553.53 83 2 225 3403 82 9225
37800.0 16524 2.144216379424E10 1341488.7 692973 4.5540105033771E11 1341488.7 83 2 225 3486 84 9450
38700.0 16452 2.191025309542E10 1373423.87 709425 4.7731130343314E11 1373423.87 83 2 225 3569 86 9675
39600.0 16452 2.242570609273E10 1405359.03 725877 4.9973700952587E11 1405359.03 83 2 225 3652 88 9900
40500.0 16560 2.301865279785E10 1437294.2 742437 5.2275566232371E11 1437294.2 83 2 225 3735 90 10125
41400.0 16524 2.350875232147E10 1469229.37 758961 5.4626441464519E11 1469229.37 83 2 225 3818 92 10350
42300.0 16452 2.397224295861E10 1501164.53 775413 5.702366576038E11 1501164.53 83 2 225 3901 94 10575
43200.0 16452 2.448769595592E10 1533099.7 791865 5.9472435355972E11 1533099.7 83 2 225 3984 96 10800
44100.0 16560 2.50875406481E10 1565034.86 808425 6.1981189420782E11 1565034.86 83 2 225 4067 98 11025
45000.0 16524 2.557534084871E10 1596970.04 824949 6.4538723505653E11 1596970.04 83 2 225 4150 100 11250
45900.0 16452 2.603423282185E10 1628905.2 841401 6.7142146787837E11 1628905.2 83 2 225 4233 102 11475
46800.0 16452 2.654968581916E10 1660840.37 857853 6.9797115369753E11 1660840.37 83 2 225 4316 104 11700
47700.0 16560 2.715665259773E10 1692775.53 874413 7.2512780629526E11 1692775.53 83 2 225 4399 106 11925
48600.0 16524 2.76419293671E10 1724710.71 890937 7.5276973566236E11 1724710.71 83 2 225 4482 108 12150
49500.0 16452 2.809622268519E10 1756645.87 907389 7.8086595834755E11 1756645.87 83 2 225 4565 110 12375
50400.0 16452 2.86116756825E10 1788581.03 923841 8.0947763403006E11 1788581.03 83 2 225 4648 112 12600
51300.0 16560 2.922531637583E10 1820516.2 940401 8.3870295040589E11 1820516.2 83 2 225 4731 114 12825
52200.0 16524 2.97085179035E10 1852451.37 956925 8.6841146830939E11 1852451.37 83 2 225 4814 116 13050
53100.0 16452 3.015821254854E10 1884386.54 973377 8.9856968085793E11 1884386.54 83 2 225 4897 118 13275
54000.0 16452 3.067366554585E10 1916321.7 989829 9.2924334640378E11 1916321.7 83 2 225 4980 120 13500
54900.0 16560 3.129420423525E10 1948256.87 1006389 9.6053755063903E11 1948256.87 83 2 225 5063 122 13725
55800.0 16524 3.177510643084E10 1980192.04 1022913 9.9231265706987E11 1980192.04 83 2 225 5146 124 13950
56700.0 16452 3.222020241183E10 2012127.21 1039365 1.0245328594817E12 2012127.21 83 2 225 5229 126 14175
57600.0 16452 3.273565540914E10 2044062.37 1055817 1.05726851489084E12 2044062.37 83 2 225 5312 128 14400
58500.0 16560 3.336309209462E10 2075997.54 1072377 1.09063160698546E12 2075997.54 83 2 225 5395 130 14625
59400.0 16524 3.384169495817E10 2107932.71 1088901 1.12447330194363E12 2107932.71 83 2 225 5478 132 14850
60300.0 16452 3.428219227506E10 2139867.87 1105353 1.15875549421869E12 2139867.87 83 2 225 5561 134 15075
61200.0 16452 3.479764527231E10 2171803.04 1121805 1.193553139491E12 2171803.04 83 2 225 5644 136 15300
62100.0 16560 3.54319799538E10 2203738.2 1138365 1.2289851194448E12 2203738.2 83 2 225 5727 138 15525
63000.0 16524 3.590828348527E10 2235673.38 1154889 1.26489340293007E12 2235673.38 83 2 225 5810 140 15750
63900.0 16452 3.634418213811E10 2267608.54 1171341 1.30123758506818E12 2267608.54 83 2 225 5893 142 15975
64800.0 16452 3.685963513536E10 2299543.71 1187793 1.33809722020354E12 2299543.71 83 2 225 5976 144 16200
65700.0 16561 3.750109189423E10 2331478.87 1204354 1.37559831209777E12 2331478.87 83 2 225 6059 146 16425
66600.0 16524 3.797487177865E10 2363414.08 1220878 1.41357318387642E12 2363414.08 83 2 225 6142 148 16650
67500.0 16452 3.840617595983E10 2395349.64 1237330 1.45197935983625E12 2395349.64 83 2 225 6225 150 16875
68400.0 16452 3.892163330733E10 2427284.94 1253782 1.49090099314358E12 2427284.94 83 2 225 6308 152 17100
69300.0 16560 3.956976491886E10 2459220.11 1270342 1.53047075806244E12 2459220.11 83 2 225 6391 154 17325
70200.0 16524 4.0041469776E10 2491155.29 1286866 1.57051222783844E12 2491155.29 83 2 225 6474 156 17550
71100.0 16452 4.046817108916E10 2523090.45 1303318 1.6109803989276E12 2523090.45 83 2 225 6557 158 17775
72000.0 16452 4.098362408641E10 2555025.61 1319770 1.65196402301402E12 2555025.61 83 2 225 6640 160 18000
72900.0 16560 4.163865278698E10 2586960.78 1336330 1.693602675801E12 2586960.78 83 2 225 6723 162 18225
73800.0 16524 4.21080583121E10 2618895.95 1352854 1.7357107341131E12 2618895.95 83 2 225 6806 164 18450
74700.0 16452 4.253016095222E10 2650831.12 1369306 1.77824089506531E12 2650831.12 83 2 225 6889 166 18675
75600.0 16452 4.304561394946E10 2682766.28 1385758 1.82128650901477E12 2682766.28 83 2 225 6972 168 18900
76500.0 16560 4.370776471842E10 2714701.45 1402318 1.86499427373319E12 2714701.45 83 2 225 7055 170 19125
77400.0 16524 4.41746468392E10 2746636.62 1418842 1.90916892057239E12 2746636.62 83 2 225 7138 172 19350
78300.0 16452 4.459215081527E10 2778571.79 1435294 1.95376107138766E12 2778571.79 83 2 225 7221 174 19575
79200.0 16452 4.510760381251E10 2810506.95 1451746 1.99886867520017E12 2810506.95 83 2 225 7304 176 19800
80100.0 16560 4.577642849623E10 2842442.12 1468306 2.0446451036964E12 2842442.12 83 2 225 7387 178 20025
81000.0 16524 4.624124676021E10 2874377.29 1484830 2.09088635045661E12 2874377.29 83 2 225 7470 180 20250
81900.0 16452 4.665414067826E10 2906312.45 1501282 2.13754049113487E12 2906312.45 83 2 225 7553 182 20475
82800.0 16452 4.716959367551E10 2938247.62 1517734 2.18471008481038E12 2938247.62 83 2 225 7636 184 20700
83700.0 16560 4.784554044561E10 2970182.78 1534294 2.23255562525599E12 2970182.78 83 2 225 7719 186 20925
84600.0 16524 4.830782389334E10 3002117.96 1550818 2.28086344914933E12 3002117.96 83 2 225 7802 188 21150
85500.0 16452 4.871613054126E10 3034053.12 1567270 2.32957957969059E12 3034053.12 83 2 225 7885 190 21375
86400.0 16452 4.923158353851E10 3065988.29 1583722 2.3788111632291E12 3065988.29 83 2 225 7968 192 21600
87300.0 16560 4.991420420537E10 3097923.45 1600282 2.42872536743447E12 3097923.45 83 2 225 8051 194 21825
88200.0 16524 5.03744238053E10 3129858.63 1616806 2.47909979123977E12 3129858.63 83 2 225 8134 196 22050
89100.0 16452 5.077812040426E10 3161793.79 1633258 2.52987791164402E12 3161793.79 83 2 225 8217 198 22275
90000.0 16452 5.129357340151E10 3193728.95 1649710 2.58117148504553E12 3193728.95 83 2 225 8300 200 22500
90900.0 16560 5.198331615475E10 3225664.12 1666270 2.63315480120028E12 3225664.12 83 2 225 8383 202 22725
91800.0 16524 5.244100093849E10 3257599.29 1682794 2.68559580213876E12 3257599.29 83 2 225 8466 204 22950
92700.0 16452 5.284011026731E10 3289534.46 1699246 2.73843591240607E12 3289534.46 83 2 225 8549 206 23175
93600.0 16452 5.335556326456E10 3321469.62 1715698 2.79179147567063E12 3321469.62 83 2 225 8632 208 23400
94500.0 16560 5.405197993256E10 3353404.79 1732258 2.84584345560319E12 3353404.79 83 2 225 8715 210 23625
95400.0 16524 5.450760085949E10 3385339.96 1748782 2.90035105646268E12 3385339.96 83 2 225 8798 212 23850
96300.0 16452 5.490210013036E10 3417275.13 1765234 2.95525315659304E12 3417275.13 83 2 225 8881 214 24075
97200.0 16452 5.541755312761E10 3449210.29 1781686 3.01067070972065E12 3449210.29 83 2 225 8964 216 24300
98100.0 16560 5.612086779168E10 3481145.46 1798246 3.06679157751233E12 3481145.46 83 2 225 9047 218 24525
99000.0 16524 5.657417799268E10 3513080.63 1814770 3.12336575550502E12 3513080.63 83 2 225 9130 220 24750
99900.0 16452 5.69640922148E10 3545016.05 1831222 3.18032984771982E12 3545016.05 83 2 225 9213 222 24975
100800.0 16452 5.747954986532E10 3576951.52 1847674 3.23780939758514E12 3576951.52 83 2 225 9296 224 25200
101700.0 16560 5.818976490273E10 3608886.69 1864234 3.29599916248787E12 3608886.69 83 2 225 9379 226 25425
102600.0 16524 5.864077577042E10 3640821.87 1880758 3.35463993825829E12 3640821.87 83 2 225 9462 228 25650
103500.0 16452 5.902608907754E10 3672757.03 1897210 3.41366602733583E12 3672757.03 83 2 225 9545 230 25875
104400.0 16452 5.954154207478E10 3704692.2 1913662 3.47320756941061E12 3704692.2 83 2 225 9628 232 26100
105300.0 16560 6.025865277085E10 3736627.36 1930222 3.53346622218147E12 3736627.36 83 2 225 9711 234 26325
106200.0 16524 6.070736428852E10 3768562.54 1946746 3.59417358646999E12 3768562.54 83 2 225 9794 236 26550
107100.0 16452 6.108807894059E10 3800497.7 1963198 3.65526166541058E12 3800497.7 83 2 225 9877 238 26775
108000.0 16452 6.160353193784E10 3832432.87 1979650 3.71686519734841E12 3832432.87 83 2 225 9960 240 27000
108900.0 16560 6.232754062098E10 3864368.03 1996210 3.77919273796939E12 3864368.03 83 2 225 10043 242 27225
109800.0 16524 6.277395282468E10 3896303.2 2012734 3.84196669079407E12 3896303.2 83 2 225 10126 244 27450
110700.0 16452 6.315006880375E10 3928238.37 2029186 3.90511675959781E12 3928238.37 83 2 225 10209 246 27675
111600.0 16452 6.366552180099E10 3960173.53 2045638 3.96878228139881E12 3960173.53 83 2 225 10292 248 27900
112500.0 16560 6.439642848921E10 3992108.7 2062198 4.03317870988802E12 3992108.7 83 2 225 10375 250 28125
113400.0 16524 6.484054134288E10 4024043.87 2078722 4.0980192512309E12 4024043.87 83 2 225 10458 252 28350
114300.0 16452 6.52120586669E10 4055979.04 2095174 4.16323130989781E12 4055979.04 83 2 225 10541 254 28575
115200.0 16452 6.572751166415E10 4087914.2 2111626 4.22895882156196E12 4087914.2 83 2 225 10624 256 28800
116100.0 16560 6.646531633044E10 4119849.37 2128186 4.2954241378924E12 4119849.37 83 2 225 10707 258 29025
117000.0 16524 6.690712987909E10 4151784.54 2144710 4.36233126777149E12 4151784.54 83 2 225 10790 260 29250
117900.0 16452 6.727404853006E10 4183719.71 2161162 4.42960531630156E12 4183719.71 83 2 225 10873 262 29475
118800.0 16452 6.778950152731E10 4215654.87 2177614 4.49739481782887E12 4215654.87 83 2 225 10956 264 29700
119700.0 16560 6.853420421667E10 4247590.03 2194174 4.56592902204554E12 4247590.03 83 2 225 11039 266 29925
120600.0 16524 6.89737183973E10 4279525.21 2210698 4.63490274044285E12 4279525.21 83 2 225 11122 268 30150
121500.0 16452 6.933603839323E10 4311460.37 2227150 4.70423877883607E12 4311460.37 83 2 225 11205 270 30375
122400.0 16452 6.985149139047E10 4343395.54 2243602 4.77409027022655E12 4343395.54 83 2 225 11288 272 30600
123300.0 16560 7.060309205791E10 4375330.7 2260162 4.84469336228446E12 4375330.7 83 2 225 11371 274 30825
124200.0 16524 7.104030693351E10 4407265.88 2276686 4.91573366921797E12 4407265.88 83 2 225 11454 276 31050
125100.0 16452 7.139802825639E10 4439201.04 2293138 4.98713169747436E12 4439201.04 83 2 225 11537 278 31275
126000.0 16452 7.191348125364E10 4471136.21 2309590 5.05904517872799E12 4471136.21 83 2 225 11620 280 31500
126900.0 16560 7.267197992614E10 4503071.37 2326150 5.13171715865414E12 4503071.37 83 2 225 11703 282 31725
127800.0 16524 7.310689546072E10 4535006.54 2342674 5.20482405411486E12 4535006.54 83 2 225 11786 284 31950
128700.0 16452 7.346001811955E10 4566941.71 2359126 5.27828407223441E12 4566941.71 83 2 225 11869 286 32175
129600.0 16452 7.39754711168E10 4598876.87 2375578 5.35225954335121E12 4598876.87 83 2 225 11952 288 32400
130500.0 16560 7.474086779438E10 4630812.04 2392138 5.42700041114559E12 4630812.04 83 2 225 12035 290 32625
131400.0 16524 7.517348397893E10 4662747.21 2408662 5.50217389512453E12 4662747.21 83 2 225 12118 292 32850
132300.0 16452 7.552200860264E10 4694682.43 2425114 5.57769590372716E12 4694682.43 83 2 225 12201 294 33075
133200.0 16452 7.603746513467E10 4726617.98 2441566 5.65373336886183E12 4726617.98 83 2 225 12284 296 33300
134100.0 16560 7.680976414492E10 4758553.28 2458126 5.73054313300675E12 4758553.28 83 2 225 12367 298 33525
135000.0 16524 7.724008175827E10 4790488.45 2474650 5.80778321476502E12 4790488.45 83 2 225 12450 300 33750
135900.0 16452 7.758400706843E10 4822423.62 2491102 5.88536722183345E12 4822423.62 83 2 225 12533 302 33975
136800.0 16452 7.809946006568E10 4854358.78 2507554 5.96346668189912E12 4854358.78 83 2 225 12616 304 34200
137700.0 16560 7.887865274826E10 4886293.95 2524114 6.04234533464738E12 4886293.95 83 2 225 12699 306 34425
138600.0 16524 7.930667027648E10 4918229.12 2540638 6.12165200492386E12 4918229.12 83 2 225 12782 308 34650
139500.0 16452 7.964599693159E10 4950164.29 2557090 6.20129800185545E12 4950164.29 83 2 225 12865 310 34875
140400.0 16452 8.016144992884E10 4982099.45 2573542 6.28145945178429E12 4982099.45 83 2 225 12948 312 35100
141300.0 16560 8.094754061649E10 5014034.61 2590102 6.36240699240078E12 5014034.61 83 2 225 13031 314 35325
142200.0 16524 8.137325881269E10 5045969.79 2606626 6.44378025121347E12 5045969.79 83 2 225 13114 316 35550
143100.0 16452 8.170798679475E10 5077904.95 2623078 6.52548823800822E12 5077904.95 83 2 225 13197 318 35775
144000.0 16452 8.2223439792E10 5109840.12 2639530 6.60771167780022E12 5109840.12 83 2 225 13280 320 36000
144900.0 16560 8.301642847573E10 5141775.28 2656090 6.69072810627595E12 5141775.28 83 2 225 13363 322 36225
145800.0 16524 8.34398473309E10 5173710.46 2672614 6.77416795360685E12 5173710.46 83 2 225 13446 324 36450
146700.0 16452 8.376997665791E10 5205645.62 2689066 6.85793793026477E12 5205645.62 83 2 225 13529 326 36675
147600.0 16452 8.428542965516E10 5237580.79 2705518 6.94222335991993E12 5237580.79 83 2 225 13612 328 36900
148500.0 16560 8.508531633496E10 5269515.95 2722078 7.02730867625489E12 5269515.95 83 2 225 13695 330 37125
149400.0 16524 8.550643586711E10 5301451.12 2738602 7.112815112122E12 5301451.12 83 2 225 13778 332 37350
150300.0 16452 8.583196652108E10 5333386.29 2755054 7.19864707864308E12 5333386.29 83 2 225 13861 334 37575
151200.0 16452 8.634741951833E10 5365321.45 2771506 7.2849944981614E12 5365321.45 83 2 225 13944 336 37800
152100.0 16560 8.71542041852E10 5397256.62 2788066 7.3721487023466E12 5397256.62 83 2 225 14027 338 38025
153000.0 16524 8.757302438538E10 5429191.79 2804590 7.45972172673198E12 5429191.79 83 2 225 14110 340 38250
153900.0 16452 8.789395638429E10 5461126.96 2821042 7.54761568311627E12 5461126.96 83 2 225 14193 342 38475
154800.0 16452 8.840940938154E10 5493062.12 2837494 7.63602509249781E12 5493062.12 83 2 225 14276 344 38700
155700.0 16560 8.922309205349E10 5524997.29 2854054 7.7252481845513E12 5524997.29 83 2 225 14359 346 38925
156600.0 16524 8.963961292164E10 5556932.46 2870578 7.81488779747294E12 5556932.46 83 2 225 14442 348 39150
157500.0 16452 8.995594624746E10 5588867.63 2887030 7.9048437437204E12 5588867.63 83 2 225 14525 350 39375
158400.0 16452 9.04713992447E10 5620802.79 2903482 7.9953151429651E12 5620802.79 83 2 225 14608 352 39600
159300.0 16560 9.129220398504E10 5652737.95 2920042 8.08660734695014E12 5652737.95 83 2 225 14691 354 39825
160200.0 16524 9.170620143985E10 5684673.13 2936566 8.17831354838999E12 5684673.13 83 2 225 14774 356 40050
161100.0 16452 9.201793611062E10 5716608.29 2953018 8.2703314845006E12 5716608.29 83 2 225 14857 358 40275
162000.0 16452 9.253338910787E10 5748543.46 2969470 8.36286487360847E12 5748543.46 83 2 225 14940 360 40500
162900.0 16560 9.336086776296E10 5780478.62 2986030 8.45622574137143E12 5780478.62 83 2 225 15023 362 40725
163800.0 16524 9.377280137887E10 5812413.8 3002554 8.5499985427503E12 5812413.8 83 2 225 15106 364 40950
164700.0 16458 9.407992795981E10 5844348.96 3019012 8.6440784707101E12 5844348.96 83 2 225 15189 366 41175
165600.0 16455 9.459538124787E10 5876284.39 3035467 8.73867385195797E12 5876284.39 83 2 225 15272 368 41400
166500.0 16560 9.542998644802E10 5908219.86 3052027 8.83410383840599E12 5908219.86 83 2 225 15355 370 41625
167400.0 16524 9.583938774219E10 5940155.04 3068551 8.92994322614818E12 5940155.04 83 2 225 15438 372 41850
168300.0 16452 9.614192505529E10 5972090.2 3085003 9.02608515120347E12 5972090.2 83 2 225 15521 374 42075
169200.0 16452 9.665737805254E10 6004025.36 3101455 9.12274252925601E12 6004025.36 83 2 225 15604 376 42300
170100.0 16560 9.749865273062E10 6035960.53 3118015 9.22024118198663E12 6035960.53 83 2 225 15687 378 42525
171000.0 16524 9.79059876632E10 6067895.7 3134539 9.31814716964982E12 6067895.7 83 2 225 15770 380 42750
171900.0 16452 9.820391491835E10 6099830.87 3150991 9.41635108456817E12 6099830.87 83 2 225 15853 382 42975
172800.0 16452 9.87193679156E10 6131766.03 3167443 9.51507045248377E12 6131766.03 83 2 225 15936 384 43200
173700.0 16560 9.956754058974E10 6163701.2 3184003 9.61463799307351E12 6163701.2 83 2 225 16019 386 43425
174600.0 16524 9.997256479639E10 6195636.37 3200527 9.7146105578699E12 6195636.37 83 2 225 16102 388 43650
175500.0 16452 1.002659047814E11 6227571.54 3216979 9.8148764626513E12 6227571.54 83 2 225 16185 390 43875
176400.0 16452 1.0078135777865E11 6259506.7 3233431 9.91565782042995E12 6259506.7 83 2 225 16268 392 44100
177300.0 16560 1.0163642845787E11 6291441.87 3249991 1.001729424888782E13 6291441.87 83 2 225 16351 394 44325
178200.0 16524 1.0203915332349E11 6323377.04 3266515 1.011933340221131E13 6323377.04 83 2 225 16434 396 44550
179100.0 16452 1.0232789464445E11 6355312.2 3282967 1.022166129685577E13 6355312.2 83 2 225 16517 398 44775
180000.0 16452 1.028433476417E11 6387247.37 3299419 1.032450464449747E13 6387247.37 83 2 225 16600 400 45000
180900.0 16560 1.03705316326E11 6419182.53 3315979 1.042820996082347E13 6419182.53 83 2 225 16683 402 45225
181800.0 16524 1.0410574185054E11 6451117.71 3332503 1.053231570267401E13 6451117.71 83 2 225 16766 404 45450
182700.0 16452 1.0438988450745E11 6483052.87 3348955 1.063670558718146E13 6483052.87 83 2 225 16849 406 45675
183600.0 16452 1.049053375047E11 6514988.04 3365407 1.074161092468617E13 6514988.04 83 2 225 16932 408 45900
184500.0 16560 1.0577420415807E11 6546923.2 3381967 1.084738512884424E13 6546923.2 83 2 225 17015 410 46125
185400.0 16524 1.0617233037759E11 6578858.38 3398491 1.095355745922183E13 6578858.38 83 2 225 17098 412 46350
186300.0 16452 1.0645187437045E11 6610793.54 3414943 1.106000933359228E13 6610793.54 83 2 225 17181 414 46575
187200.0 16452 1.069673273677E11 6642728.7 3431395 1.116697666095998E13 6642728.7 83 2 225 17264 416 46800
188100.0 16560 1.0784309204414E11 6674663.87 3447955 1.127481975300413E13 6674663.87 83 2 225 17347 418 47025
189000.0 16524 1.0823891890464E11 6706599.04 3464479 1.138305867190877E13 6706599.04 83 2 225 17430 420 47250
189900.0 16452 1.0851386423345E11 6738534.21 3480931 1.149157253614222E13 6738534.21 83 2 225 17513 422 47475
190800.0 16452 1.090293172307E11 6770469.37 3497383 1.160060185337292E13 6770469.37 83 2 225 17596 424 47700
191700.0 16560 1.0991197989422E11 6802404.54 3513943 1.171051383326714E13 6802404.54 83 2 225 17679 426 47925
192600.0 16524 1.1030550743169E11 6834339.71 3530467 1.182081934069883E13 6834339.71 83 2 225 17762 428 48150
193500.0 16452 1.1057585409645E11 6866274.88 3546919 1.193139519479528E13 6866274.88 83 2 225 17845 430 48375
194400.0 16452 1.110913070937E11 6898210.04 3563371 1.204248650188898E13 6898210.04 83 2 225 17928 432 48600
195300.0 16560 1.1198086774429E11 6930145.21 3579931 1.215446736963327E13 6930145.21 83 2 225 18011 434 48825
196200.0 16524 1.1237209595873E11 6962080.38 3596455 1.226683946559201E13 6962080.38 83 2 225 18094 436 49050
197100.0 16453 1.1263784397816E11 6994015.54 3612908 1.237947730957016E13 6994015.54 83 2 225 18177 438 49275
198000.0 16452 1.1315329777469E11 7025950.78 3629360 1.249263060734485E13 7025950.78 83 2 225 18260 440 49500
198900.0 16560 1.1404976053995E11 7057886.33 3645920 1.26066803678848E13 7057886.33 83 2 225 18343 442 49725
199800.0 16524 1.1443869238855E11 7089821.62 3662444 1.272111906027335E13 7089821.62 83 2 225 18426 444 49950
200700.0 16452 1.1469984304238E11 7121756.78 3678896 1.283581890331572E13 7121756.78 83 2 225 18509 446 50175
201600.0 16452 1.1521529603963E11 7153691.95 3695348 1.295103419935535E13 7153691.95 83 2 225 18592 448 50400
202500.0 16560 1.161186527312E11 7185627.11 3711908 1.306715285208655E13 7185627.11 83 2 225 18675 450 50625
203400.0 16524 1.1650528225332E11 7217562.29 3728432 1.318365813433987E13 7217562.29 83 2 225 18758 452 50850
204300.0 16452 1.1676183290538E11 7249497.45 3744884 1.330041996724525E13 7249497.45 83 2 225 18841 454 51075
205200.0 16452 1.1727728590263E11 7281432.62 3761336 1.341769725314788E13 7281432.62 83 2 225 18924 456 51300
206100.0 16560 1.1818754056327E11 7313367.78 3777896 1.353588479371115E13 7313367.78 83 2 225 19007 458 51525
207000.0 16524 1.1857187078026E11 7345302.95 3794420 1.365445666449141E13 7345302.95 83 2 225 19090 460 51750
207900.0 16452 1.1882382276827E11 7377238.12 3810872 1.377328048725968E13 7377238.12 83 2 225 19173 462 51975
208800.0 16452 1.1933927576552E11 7409173.28 3827324 1.38926197630252E13 7409173.28 83 2 225 19256 464 52200
209700.0 16560 1.2025642844924E11 7441108.45 3843884 1.401287619147444E13 7441108.45 83 2 225 19339 466 52425
210600.0 16524 1.2063845930709E11 7473043.62 3860408 1.413351465078153E13 7473043.62 83 2 225 19422 468 52650
211500.0 16452 1.2088581263105E11 7504978.79 3876860 1.425440046341258E13 7504978.79 83 2 225 19505 470 52875
212400.0 16452 1.214012656283E11 7536913.95 3893312 1.437580172904089E13 7536913.95 83 2 225 19588 472 53100
213300.0 16560 1.2232531628109E11 7568849.12 3909872 1.449812704532198E13 7568849.12 83 2 225 19671 474 53325
214200.0 16524 1.2270504783392E11 7600784.29 3926396 1.46208320931559E13 7600784.29 83 2 225 19754 476 53550
215100.0 16452 1.2294780249384E11 7632719.46 3942848 1.474377989564974E13 7632719.46 83 2 225 19837 478 53775
216000.0 16452 1.2346325549109E11 7664654.62 3959300 1.486724315114083E13 7664654.62 83 2 225 19920 480 54000
216900.0 16560 1.2439420416695E11 7696589.78 3975860 1.499163735530778E13 7696589.78 83 2 225 20003 482 54225
217800.0 16524 1.2477163636076E11 7728524.96 3992384 1.511640899166853E13 7728524.96 83 2 225 20086 484 54450
218700.0 16452 1.2500979235662E11 7760460.12 4008836 1.524141878402515E13 7760460.12 83 2 225 20169 486 54675
219600.0 16452 1.2552524535387E11 7792395.29 4025288 1.536694402937903E13 7792395.29 83 2 225 20252 488 54900
220500.0 16560 1.264630920078E11 7824330.45 4041848 1.549340712138683E13 7824330.45 83 2 225 20335 490 55125
221400.0 16524 1.2683822488759E11 7856265.63 4058372 1.562024534627442E13 7856265.63 83 2 225 20418 492 55350
222300.0 16452 1.2707178221935E11 7888200.79 4074824 1.574731712849377E13 7888200.79 83 2 225 20501 494 55575
223200.0 16452 1.275872352166E11 7920135.96 4091276 1.587490436371037E13 7920135.96 83 2 225 20584 496 55800
224100.0 16560 1.2853197987561E11 7952071.12 4107836 1.600343634358598E13 7952071.12 83 2 225 20667 498 56025
225000.0 16524 1.2890481341436E11 7984006.29 4124360 1.613234115700034E13 7984006.29 83 2 225 20750 500 56250
225900.0 16452 1.2913377208208E11 8015941.46 4140812 1.626147492908242E13 8015941.46 83 2 225 20833 502 56475
226800.0 16452 1.2964922507933E11 8047876.62 4157264 1.639112415416175E13 8047876.62 83 2 225 20916 504 56700
227700.0 16560 1.3060086772541E11 8079811.79 4173824 1.652172502188716E13 8079811.79 83 2 225 20999 506 56925
228600.0 16524 1.3097140194114E11 8111746.96 4190348 1.66526964238283E13 8111746.96 83 2 225 21082 508 57150
229500.0 16452 1.3119576194481E11 8143682.13 4206800 1.678389218577312E13 8143682.13 83 2 225 21165 510 57375
230400.0 16452 1.3171121494206E11 8175617.29 4223252 1.691560340071518E13 8175617.29 83 2 225 21248 512 57600
231300.0 16560 1.3266975786951E11 8207552.73 4239812 1.704827315858469E13 8207552.73 83 2 225 21331 514 57825
232200.0 16524 1.3303799702187E11 8239488.2 4256336 1.718131115560656E13 8239488.2 83 2 225 21414 516 58050
233100.0 16452 1.3325776102298E11 8271423.37 4272788 1.731456891662954E13 8271423.37 83 2 225 21497 518 58275
234000.0 16452 1.3377321402023E11 8303358.53 4289240 1.744834213064977E13 8303358.53 83 2 225 21580 520 58500
234900.0 16560 1.3473865268928E11 8335293.7 4305800 1.758308078333904E13 8335293.7 83 2 225 21663 522 58725
235800.0 16524 1.3510458823071E11 8367228.87 4322324 1.771818537156975E13 8367228.87 83 2 225 21746 524 58950
236700.0 16452 1.3531975088592E11 8399164.03 4338776 1.785350512245567E13 8399164.03 83 2 225 21829 526 59175
237600.0 16452 1.3583520388341E11 8431099.2 4355228 1.798934032633908E13 8431099.2 83 2 225 21912 528 59400
238500.0 16560 1.3680754055776E11 8463034.36 4371788 1.812614786689684E13 8463034.36 83 2 225 21995 530 59625
239400.0 16524 1.3717117675839E11 8494969.54 4388312 1.826331904365523E13 8494969.54 83 2 225 22078 532 59850
240300.0 16452 1.373817407496E11 8526904.7 4404764 1.840070078440483E13 8526904.7 83 2 225 22161 534 60075
241200.0 16452 1.3789719374708E11 8558839.87 4421216 1.853859797815191E13 8558839.87 83 2 225 22244 536 60300
242100.0 16560 1.3887642840852E11 8590775.03 4437776 1.867747440656043E13 8590775.03 83 2 225 22327 538 60525
243000.0 16524 1.3923776528611E11 8622710.21 4454300 1.881671217184654E13 8622710.21 83 2 225 22410 540 60750
243900.0 16452 1.3944373061327E11 8654645.37 4470752 1.895615590245981E13 8654645.37 83 2 225 22493 542 60975
244800.0 16452 1.3995918361076E11 8686580.53 4487204 1.909611508607057E13 8686580.53 83 2 225 22576 544 61200
245700.0 16560 1.4094531627727E11 8718515.7 4503764 1.923706040234784E13 8718515.7 83 2 225 22659 546 61425
246600.0 16524 1.4130435381384E11 8750450.87 4520288 1.937836475616168E13 8750450.87 83 2 225 22742 548 61650
247500.0 16452 1.4150572047695E11 8782386.04 4536740 1.951987047663862E13 8782386.04 83 2 225 22825 550 61875
248400.0 16452 1.4202117347443E11 8814321.2 4553192 1.966189165011306E13 8814321.2 83 2 225 22908 552 62100
249300.0 16560 1.4301420413697E11 8846256.37 4569752 1.980490585425004E13 8846256.37 83 2 225 22991 554 62325
250200.0 16524 1.4337094234151E11 8878191.54 4586276 1.994827679659155E13 8878191.54 83 2 225 23074 556 62550
251100.0 16452 1.4356771034057E11 8910126.71 4602728 2.009184450693212E13 8910126.71 83 2 225 23157 558 62775
252000.0 16452 1.4408316333806E11 8942061.87 4619180 2.023592767027018E13 8942061.87 83 2 225 23240 560 63000
252900.0 16560 1.4508309198767E11 8973997.04 4635740 2.038101076225785E13 8973997.04 83 2 225 23323 562 63225
253800.0 16524 1.4543753086924E11 9005932.21 4652264 2.052644829312708E13 9005932.21 83 2 225 23406 564 63450
254700.0 16452 1.4562970020425E11 9037867.37 4668716 2.067207799333133E13 9037867.37 83 2 225 23489 566 63675
255600.0 16452 1.4614515320173E11 9069802.54 4685168 2.081822314653307E13 9069802.54 83 2 225 23572 568 63900
256500.0 16560 1.4715197985642E11 9101737.7 4701728 2.096537512638948E13 9101737.7 83 2 225 23655 570 64125
257400.0 16524 1.4750411939696E11 9133672.88 4718252 2.111287924578644E13 9133672.88 83 2 225 23738 572 64350
258300.0 16452 1.4769169006792E11 9165608.04 4734704 2.126057093585437E13 9165608.04 83 2 225 23821 574 64575
259200.0 16452 1.4820714306541E11 9197543.21 4751156 2.140877807891978E13 9197543.21 83 2 225 23904 576 64800
260100.0 16560 1.4922086770717E11 9229478.37 4767716 2.155799894662695E13 9229478.37 83 2 225 23987 578 65025
261000.0 16524 1.4957070792458E11 9261413.55 4784240 2.170756965455153E13 9261413.55 83 2 225 24070 580 65250
261900.0 16452 1.4975367993149E11 9293348.71 4800692 2.185732333448302E13 9293348.71 83 2 225 24153 582 65475
262800.0 16452 1.5026913292898E11 9325283.88 4817144 2.2007592467412E13 9325283.88 83 2 225 24236 584 65700
263700.0 16560 1.5128998089603E11 9357219.13 4833704 2.215888244830803E13 9357219.13 83 2 225 24319 586 65925
264600.0 16524 1.5163730104075E11 9389154.68 4850228 2.231051974934878E13 9389154.68 83 2 225 24402 588 66150
265500.0 16452 1.5181567838494E11 9421089.95 4866680 2.246233542773373E13 9421089.95 83 2 225 24485 590 66375
266400.0 16452 1.5233113201143E11 9453025.11 4883132 2.261466655974516E13 9453025.11 83 2 225 24568 592 66600
267300.0 16560 1.5335865267618E11 9484960.28 4899692 2.276802521242135E13 9484960.28 83 2 225 24651 594 66825
268200.0 16524 1.5370390562239E11 9516895.45 4916216 2.292172911804373E13 9516895.45 83 2 225 24734 596 67050
269100.0 16452 1.5387766887773E11 9548830.62 4932668 2.307560678692146E13 9548830.62 83 2 225 24817 598 67275
270000.0 16452 1.5439312187522E11 9580765.78 4949120 2.322999990879668E13 9580765.78 83 2 225 24900 600 67500
270900.0 16561 1.5542776478446E11 9612700.95 4965681 2.338542767358114E13 9612700.95 83 2 225 24983 602 67725
271800.0 16524 1.5577048273831E11 9644636.12 4982205 2.354119815631945E13 9644636.12 83 2 225 25066 604 67950
272700.0 16452 1.5593965874151E11 9676571.29 4998657 2.369713781506096E13 9676571.29 83 2 225 25149 606 68175
273600.0 16452 1.56455111739E11 9708506.45 5015109 2.385359292679996E13 9708506.45 83 2 225 25232 608 68400
274500.0 16560 1.574964283869E11 9740441.62 5031669 2.401108935518687E13 9740441.62 83 2 225 25315 610 68625
275400.0 16524 1.5783708267806E11 9772376.79 5048193 2.416892643786493E13 9772376.79 83 2 225 25398 612 68850
276300.0 16452 1.580016486053E11 9804311.95 5064645 2.432692808647023E13 9804311.95 83 2 225 25481 614 69075
277200.0 16452 1.5851710160278E11 9836247.12 5081097 2.448544518807301E13 9836247.12 83 2 225 25564 616 69300
278100.0 16560 1.5956531627376E11 9868182.28 5097657 2.464501050434677E13 9868182.28 83 2 225 25647 618 69525
279000.0 16524 1.5990365979398E11 9900117.46 5114181 2.480491416414075E13 9900117.46 83 2 225 25730 620 69750
279900.0 16452 1.6006363846908E11 9932052.62 5130633 2.496497780260983E13 9932052.62 83 2 225 25813 622 69975
280800.0 16452 1.6057909146657E11 9963987.79 5147085 2.51255568940764E13 9963987.79 83 2 225 25896 624 70200
281700.0 16560 1.6163442819698E11 9995922.95 5163645 2.528719132227338E13 9995922.95 83 2 225 25979 626 70425
282600.0 16524 1.6197024833081E11 1.002785813E7 5180169 2.544916157060419E13 1.002785813E7 83 2 225 26062 628 70650
283500.0 16452 1.6212562833287E11 1.005979329E7 5196621 2.561128719893706E13 1.005979329E7 83 2 225 26145 630 70875
284400.0 16452 1.6264108133035E11 1.009172845E7 5213073 2.577392828026741E13 1.009172845E7 83 2 225 26228 632 71100
285300.0 16560 1.6370309198448E11 1.012366362E7 5229633 2.593763137225188E13 1.012366362E7 83 2 225 26311 634 71325
286200.0 16524 1.6403684825261E11 1.015559879E7 5246157 2.61016682205045E13 1.015559879E7 83 2 225 26394 636 71550
287100.0 16452 1.641876181967E11 1.018753396E7 5262609 2.62658558387012E13 1.018753396E7 83 2 225 26477 638 71775
288000.0 16452 1.6470307119419E11 1.021946912E7 5279061 2.643055890989539E13 1.021946912E7 83 2 225 26560 640 72000
288900.0 16560 1.6577220393475E11 1.025140429E7 5295621 2.659633111383014E13 1.025140429E7 83 2 225 26643 642 72225
289800.0 16524 1.6610342538664E11 1.028333946E7 5312145 2.676243453921677E13 1.028333946E7 83 2 225 26726 644 72450
290700.0 16452 1.662496080606E11 1.031527463E7 5328597 2.692868414727737E13 1.031527463E7 83 2 225 26809 646 72675
291600.0 16452 1.6676506105808E11 1.034720979E7 5345049 2.709544920833545E13 1.034720979E7 83 2 225 26892 648 72900
292500.0 16560 1.6784086770436E11 1.037914496E7 5361609 2.726329007603981E13 1.037914496E7 83 2 225 26975 650 73125
293400.0 16524 1.6817002531749E11 1.041108013E7 5378133 2.743146010135731E13 1.041108013E7 83 2 225 27058 652 73350
294300.0 16452 1.6831159792449E11 1.044301529E7 5394585 2.75997716992818E13 1.044301529E7 83 2 225 27141 654 73575
295200.0 16452 1.6882705092197E11 1.047495046E7 5411037 2.776859875020377E13 1.047495046E7 83 2 225 27224 656 73800
296100.0 16566 1.6990975800527E11 1.050688562E7 5427603 2.793850850820904E13 1.050688562E7 83 2 225 27307 658 74025
297000.0 16526 1.7023660415041E11 1.053882108E7 5444129 2.810874511235945E13 1.053882108E7 83 2 225 27390 660 74250
297900.0 16452 1.7037359490257E11 1.057075653E7 5460581 2.827911870726202E13 1.057075653E7 83 2 225 27473 662 74475
298800.0 16452 1.7088904999957E11 1.06026917E7 5477033 2.84500077572616E13 1.06026917E7 83 2 225 27556 664 74700
299700.0 16560 1.7197865266882E11 1.063462686E7 5493593 2.862198640993042E13 1.063462686E7 83 2 225 27639 666 74925
300600.0 16524 1.7230320020472E11 1.066656204E7 5510117 2.879428961013514E13 1.066656204E7 83 2 225 27722 668 75150
301500.0 16452 1.7243558686598E11 1.06984972E7 5526569 2.896672519700112E13 1.06984972E7 83 2 225 27805 670 75375
302400.0 16452 1.7295103986346E11 1.073043237E7 5543021 2.913967623686459E13 1.073043237E7 83 2 225 27888 672 75600
303300.0 16560 1.7404754051083E11 1.076236753E7 5559581 2.931372377737542E13 1.076236753E7 83 2 225 27971 674 75825
304200.0 16524 1.7436978872372E11 1.07943027E7 5576105 2.948809356609914E13 1.07943027E7 83 2 225 28054 676 76050
305100.0 16452 1.7449757672992E11 1.082623787E7 5592557 2.966259114282906E13 1.082623787E7 83 2 225 28137 678 76275
306000.0 16452 1.7501302972741E11 1.085817303E7 5609009 2.983760417255647E13 1.085817303E7 83 2 225 28220 680 76500
306900.0 16560 1.7611642838886E11 1.08901082E7 5625569 3.001372060094533E13 1.08901082E7 83 2 225 28303 682 76725
307800.0 16524 1.7643637726077E11 1.092204337E7 5642093 3.019015697820609E13 1.092204337E7 83 2 225 28386 684 76950
308700.0 16452 1.7655956659392E11 1.095397854E7 5658545 3.036671654480002E13 1.095397854E7 83 2 225 28469 686 77175
309600.0 16452 1.7707501959141E11 1.09859137E7 5674997 3.054379156439143E13 1.09859137E7 83 2 225 28552 688 77400
310500.0 16560 1.7818531624871E11 1.101784887E7 5691557 3.072197688064014E13 1.101784887E7 83 2 225 28635 690 77625
311400.0 16524 1.7850296577987E11 1.104978404E7 5708081 3.090047984642002E13 1.104978404E7 83 2 225 28718 692 77850
312300.0 16452 1.7862155645798E11 1.108171921E7 5724533 3.1079101402878E13 1.108171921E7 83 2 225 28801 694 78075
313200.0 16452 1.7913700945546E11 1.111365437E7 5740985 3.125823841233346E13 1.111365437E7 83 2 225 28884 696 78300
314100.0 16560 1.8025420409085E11 1.114558953E7 5757545 3.14384926164243E13 1.114558953E7 83 2 225 28967 698 78525
315000.0 16524 1.8056955431698E11 1.117752471E7 5774069 3.161906217074128E13 1.117752471E7 83 2 225 29050 700 78750
315900.0 16452 1.8068354632203E11 1.120945987E7 5790521 3.179974571706332E13 1.120945987E7 83 2 225 29133 702 78975
316800.0 16452 1.8119899931952E11 1.124139504E7 5806973 3.198094471638284E13 1.124139504E7 83 2 225 29216 704 79200
317700.0 16560 1.8232309196897E11 1.12733302E7 5823533 3.216326780835182E13 1.12733302E7 83 2 225 29299 706 79425
318600.0 16524 1.8263615423905E11 1.130526538E7 5840057 3.234590396259086E13 1.130526538E7 83 2 225 29382 708 79650
319500.0 16452 1.8274553618614E11 1.133720054E7 5856509 3.2528649498777E13 1.133720054E7 83 2 225 29465 710 79875
320400.0 16452 1.8326098918363E11 1.136913571E7 5872961 3.271191048796063E13 1.136913571E7 83 2 225 29548 712 80100
321300.0 16560 1.8439197981116E11 1.140107087E7 5889521 3.289630246777179E13 1.140107087E7 83 2 225 29631 714 80325
322200.0 16524 1.847027313733E11 1.143300604E7 5906045 3.308100519914509E13 1.143300604E7 83 2 225 29714 716 80550
323100.0 16452 1.8480752605025E11 1.146494121E7 5922497 3.326581272519533E13 1.146494121E7 83 2 225 29797 718 80775
324000.0 16452 1.8532297904773E11 1.149687637E7 5938949 3.345113570424307E13 1.149687637E7 83 2 225 29880 720 81000
324900.0 16560 1.8646086768934E11 1.152881154E7 5955509 3.363759657193241E13 1.152881154E7 83 2 225 29963 722 81225
325800.0 16524 1.8676931989251E11 1.156074671E7 5972033 3.382436589182492E13 1.156074671E7 83 2 225 30046 724 81450
326700.0 16452 1.8686951591441E11 1.159268188E7 5988485 3.401123540773934E13 1.159268188E7 83 2 225 30129 726 81675
327600.0 16452 1.873849689119E11 1.162461704E7 6004937 3.419862037665123E13 1.162461704E7 83 2 225 30212 728 81900
328500.0 16561 1.8852975560062E11 1.165655221E7 6021498 3.438715013225186E13 1.165655221E7 83 2 225 30295 730 82125
329400.0 16524 1.8883590887035E11 1.168848748E7 6038022 3.45759860411222E13 1.168848748E7 83 2 225 30378 732 82350
330300.0 16452 1.8893151058679E11 1.172042302E7 6054474 3.4764917551709E13 1.172042302E7 83 2 225 30461 734 82575
331200.0 16452 1.8944696747481E11 1.175235828E7 6070926 3.495436451918381E13 1.175235828E7 83 2 225 30544 736 82800
332100.0 16560 1.9059887674307E11 1.178429345E7 6087486 3.514496339592688E13 1.178429345E7 83 2 225 30627 738 83025
333000.0 16524 1.9090251759328E11 1.181622862E7 6104010 3.533586591352016E13 1.181622862E7 83 2 225 30710 740 83250
333900.0 16452 1.9099350486361E11 1.184816379E7 6120462 3.552685941838376E13 1.184816379E7 83 2 225 30793 742 83475
334800.0 16452 1.9150895786109E11 1.188009895E7 6136914 3.571836837624485E13 1.188009895E7 83 2 225 30876 744 83700
335700.0 16560 1.9266754051278E11 1.191203411E7 6153474 3.591103591675763E13 1.191203411E7 83 2 225 30959 746 83925
336600.0 16524 1.9296909472758E11 1.194396929E7 6169998 3.610400501148521E13 1.194396929E7 83 2 225 31042 748 84150
337500.0 16452 1.9305549472777E11 1.197590445E7 6186450 3.629706050621298E13 1.197590445E7 83 2 225 31125 750 84375
338400.0 16452 1.9357094772525E11 1.200783962E7 6202902 3.649063145393823E13 1.200783962E7 83 2 225 31208 752 84600
339300.0 16560 1.9473642836401E11 1.203977478E7 6219462 3.668536788230225E13 1.203977478E7 83 2 225 31291 754 84825
340200.0 16524 1.9503569464076E11 1.207170996E7 6235986 3.688040357694301E13 1.207170996E7 83 2 225 31374 756 85050
341100.0 16452 1.9511748459198E11 1.210364512E7 6252438 3.707552106153499E13 1.210364512E7 83 2 225 31457 758 85275
342000.0 16452 1.9563293758947E11 1.213558029E7 6268890 3.727115399912447E13 1.213558029E7 83 2 225 31540 760 85500
342900.0 16560 1.9680554033284E11 1.216751545E7 6285450 3.74679595394573E13 1.216751545E7 83 2 225 31623 762 85725
343800.0 16524 1.9710227178412E11 1.219945062E7 6301974 3.766506181124142E13 1.219945062E7 83 2 225 31706 764 85950
344700.0 16452 1.971794744562E11 1.223138579E7 6318426 3.786224128569762E13 1.223138579E7 83 2 225 31789 766 86175
345600.0 16452 1.9769492745369E11 1.226332095E7 6334878 3.805993621315131E13 1.226332095E7 83 2 225 31872 768 86400

