# seed = 1, gamma = 0.25, beta = 0.75, dee = 10.0, dcc = 200.0, dec = 600.0, dsc = 200.0, dLocalhost = 0.015, hostBroker = EDGE, numOfCloud = 1, numOfEdge = 1, numOfSmartphone = 225 
#
# The columns have the following meaning: 
# instant[SECONDS] delayCountPartial delaySumPartial[SECONDS] delayMaxPartial[SECONDS] delayCountTot delaySumTot[SECONDS] delayMaxTot[SECONDS] runOnCloudPartial runOnEdgePartial runOnSmartphonePartial runOnCloudTot runOnEdgeTot runOnSmartphoneTot
0.0 0 0.0 0.0 0 0.0 0.0 0 0 0 0 0 0
900.0 16560 9.413756973E7 11638.38 16560 9.413756973E7 11638.38 83 2 225 83 2 225
1800.0 16524 2.7203657809E8 22661.64 33084 3.6617414782E8 22661.64 83 2 225 166 4 450
2700.0 16452 4.4946451505E8 33684.42 49536 8.1563866287E8 33684.42 83 2 225 249 6 675
3600.0 16453 6.2738967787E8 44707.18 65989 1.44302834074E9 44707.18 83 2 225 332 8 900
4500.0 16560 8.0832620685E8 55729.95 82549 2.25135454759E9 55729.95 83 2 225 415 10 1125
5400.0 16524 9.8535029472E8 66752.72 99073 3.23670484231E9 66752.72 83 2 225 498 12 1350
6300.0 16452 1.16118253407E9 77775.48 115525 4.39788737637E9 77775.48 83 2 225 581 14 1575
7200.0 16452 1.33910760976E9 88798.25 131977 5.73699498614E9 88798.25 83 2 225 664 16 1800
8100.0 16560 1.52234389579E9 99821.01 148537 7.25933888192E9 99821.01 83 2 225 747 18 2025
9000.0 16524 1.69865138053E9 110843.79 165061 8.95799026246E9 110843.79 83 2 225 830 20 2250
9900.0 16452 1.87290055336E9 121866.55 181513 1.083089081581E10 121866.55 83 2 225 913 22 2475
10800.0 16452 2.05082562905E9 132889.32 197965 1.288171644486E10 132889.32 83 2 225 996 24 2700
11700.0 16560 2.2365240985E9 143912.08 214525 1.511824054336E10 143912.08 83 2 225 1079 26 2925
12600.0 16532 2.41196125985E9 154934.86 231057 1.753020180321E10 154934.86 83 2 225 1162 28 3150
13500.0 16452 2.58462306775E9 165958.19 247509 2.011482487096E10 165958.19 83 2 225 1245 30 3375
14400.0 16452 2.76255291941E9 176980.96 263961 2.287737779037E10 176980.96 83 2 225 1328 32 3600
15300.0 16560 2.95055106278E9 188003.72 280521 2.582792885315E10 188003.72 83 2 225 1411 34 3825
16200.0 16524 3.12527126774E9 199026.5 297045 2.895320012089E10 199026.5 83 2 225 1494 36 4050
17100.0 16452 3.29634586299E9 210049.26 313497 3.224954598388E10 210049.26 83 2 225 1577 38 4275
18000.0 16452 3.47427093868E9 221072.03 329949 3.572381692257E10 221072.03 83 2 225 1660 40 4500
18900.0 16560 3.66464999973E9 232094.79 346509 3.93884669223E10 232094.79 83 2 225 1743 42 4725
19800.0 16524 3.83857655646E9 243117.57 363033 4.322704347876E10 243117.57 83 2 225 1826 44 4950
20700.0 16452 4.00806388226E9 254140.33 379485 4.723510736102E10 254140.33 83 2 225 1909 46 5175
21600.0 16452 4.18598895796E9 265163.1 395937 5.142109631898E10 265163.1 83 2 225 1992 48 5400
22500.0 16560 4.37874892767E9 276185.86 412497 5.579984524666E10 276185.86 83 2 225 2075 50 5625
23400.0 16524 4.55188186319E9 287208.63 429021 6.035172710984E10 287208.63 83 2 225 2158 52 5850
24300.0 16453 4.71978190154E9 298231.4 445474 6.507150901138E10 298231.4 83 2 225 2241 54 6075
25200.0 16452 4.89771147522E9 309254.73 461926 6.99692204866E10 309254.73 83 2 225 2324 56 6300
26100.0 16560 5.09293846847E9 320277.5 478486 7.506215895507E10 320277.5 83 2 225 2407 58 6525
27000.0 16524 5.26519645299E9 331300.28 495010 8.032735540807E10 331300.28 83 2 225 2490 60 6750
27900.0 16452 5.43150919222E9 342323.04 511462 8.575886460029E10 342323.04 83 2 225 2573 62 6975
28800.0 16452 5.60943426792E9 353345.81 527914 9.13682988682E10 353345.81 83 2 225 2656 64 7200
29700.0 16560 5.80695612203E9 364368.57 544474 9.717525499024E10 364368.57 83 2 225 2739 66 7425
30600.0 16524 5.9785017422E9 375391.34 560998 1.0315375673244E11 375391.34 83 2 225 2822 68 7650
31500.0 16452 6.14322721198E9 386414.11 577450 1.0929698394442E11 386414.11 83 2 225 2905 70 7875
32400.0 16452 6.32115228768E9 397436.87 593902 1.156181362321E11 397436.87 83 2 225 2988 72 8100
33300.0 16560 6.52105505046E9 408459.64 610462 1.2213919128256E11 408459.64 83 2 225 3071 74 8325
34200.0 16524 6.69180704946E9 419482.41 626986 1.2883099833202E11 419482.41 83 2 225 3154 76 8550
35100.0 16452 6.8549452318E9 430505.18 643438 1.3568594356382E11 430505.18 83 2 225 3237 78 8775
36000.0 16452 7.03287030749E9 441527.94 659890 1.4271881387131E11 441527.94 83 2 225 3320 80 9000
36900.0 16560 7.2351568679E9 452551.07 676450 1.4995397073921E11 452551.07 83 2 225 3403 82 9225
37800.0 16524 7.40511998403E9 463574.05 692974 1.5735909072324E11 463574.05 83 2 225 3486 84 9450
38700.0 16452 7.56667247106E9 474596.82 709426 1.649257631943E11 474596.82 83 2 225 3569 86 9675
39600.0 16452 7.74459754676E9 485619.58 725878 1.7267036074106E11 485619.58 83 2 225 3652 88 9900
40500.0 16560 7.94926217573E9 496642.35 742438 1.8061962291679E11 496642.35 83 2 225 3735 90 10125
41400.0 16524 8.11842688606E9 507665.12 758962 1.8873804980285E11 507665.12 83 2 225 3818 92 10350
42300.0 16452 8.27839049101E9 518687.88 775414 1.9701644029386E11 518687.88 83 2 225 3901 94 10575
43200.0 16452 8.45631556672E9 529710.65 791866 2.0547275586057E11 529710.65 83 2 225 3984 96 10800
44100.0 16560 8.66336110438E9 540733.41 808426 2.1413611696495E11 540733.41 83 2 225 4067 98 11025
45000.0 16524 8.83173218449E9 551756.19 824950 2.2296784914944E11 551756.19 83 2 225 4150 100 11250
45900.0 16452 8.99010851104E9 562778.95 841402 2.3195795766048E11 562778.95 83 2 225 4233 102 11475
46800.0 16452 9.16803358675E9 573801.72 857854 2.4112599124724E11 573801.72 83 2 225 4316 104 11700
47700.0 16560 9.3775413438E9 584824.48 874414 2.5050353259104E11 584824.48 83 2 225 4399 106 11925
48600.0 16524 9.54503800038E9 595847.35 890938 2.6004857059142E11 595847.35 83 2 225 4482 108 12150
49500.0 16452 9.70183176004E9 606870.58 907390 2.6975040235146E11 606870.58 83 2 225 4565 110 12375
50400.0 16452 9.87976085225E9 617893.36 923842 2.7963016320371E11 617893.36 83 2 225 4648 112 12600
51300.0 16560 1.009156826519E10 628916.12 940402 2.8972173146889E11 628916.12 83 2 225 4731 114 12825
52200.0 16524 1.025835204765E10 639938.9 956926 2.9998008351654E11 639938.9 83 2 225 4814 116 13050
53100.0 16452 1.041355379668E10 650961.66 973378 3.1039363731323E11 650961.66 83 2 225 4897 118 13275
54000.0 16452 1.059147887239E10 661984.43 989830 3.2098511618562E11 661984.43 83 2 225 4980 120 13500
54900.0 16560 1.0805667203E10 673007.19 1006390 3.3179078338862E11 673007.19 83 2 225 5063 122 13725
55800.0 16524 1.097165734619E10 684029.96 1022914 3.4276244073481E11 684029.96 83 2 225 5146 124 13950
56700.0 16452 1.112527181677E10 695052.73 1039366 3.5388771255158E11 695052.73 83 2 225 5229 126 14175
57600.0 16452 1.130319689248E10 706075.49 1055818 3.6519090944407E11 706075.49 83 2 225 5312 128 14400
58500.0 16560 1.151976614077E10 717098.26 1072378 3.7671067558483E11 717098.26 83 2 225 5395 130 14625
59400.0 16524 1.168496264473E10 728121.03 1088902 3.8839563822956E11 728121.03 83 2 225 5478 132 14850
60300.0 16461 1.183699029659E10 739143.8 1105363 4.0023262852615E11 739143.8 83 2 225 5561 134 15075
61200.0 16452 1.201491941056E10 750167.13 1121815 4.122475479367E11 750167.13 83 2 225 5644 136 15300
62100.0 16560 1.223387438062E10 761189.9 1138375 4.2448142231732E11 761189.9 83 2 225 5727 138 15525
63000.0 16524 1.239827723501E10 772212.67 1154899 4.3687969955234E11 772212.67 83 2 225 5810 140 15750
63900.0 16452 1.254871712803E10 783235.44 1171351 4.4942841668037E11 783235.44 83 2 225 5893 142 15975
64800.0 16452 1.272664220374E10 794258.2 1187803 4.621550588841E11 794258.2 83 2 225 5976 144 16200
65700.0 16560 1.29480546111E10 805280.97 1204363 4.751031134952E11 805280.97 83 2 225 6059 146 16425
66600.0 16524 1.311158253355E10 816303.74 1220887 4.8821469602875E11 816303.74 83 2 225 6142 148 16650
67500.0 16452 1.326043514812E10 827326.51 1237339 5.0147513117687E11 827326.51 83 2 225 6225 150 16875
68400.0 16452 1.343836022383E10 838349.27 1253791 5.149134914007E11 838349.27 83 2 225 6308 152 17100
69300.0 16560 1.366207224715E10 849372.04 1270351 5.2857556364785E11 849372.04 83 2 225 6391 154 17325
70200.0 16524 1.382488782309E10 860394.81 1286875 5.4240045147094E11 860394.81 83 2 225 6474 156 17550
71100.0 16452 1.397215316821E10 871417.58 1303327 5.5637260463915E11 871417.58 83 2 225 6557 158 17775
72000.0 16453 1.415007824392E10 882440.34 1319780 5.7052268288306E11 882440.34 83 2 225 6640 160 18000
72900.0 16560 1.437617560015E10 893463.67 1336340 5.8489885848321E11 893463.67 83 2 225 6723 162 18225
73800.0 16524 1.453820242238E10 904486.45 1352864 5.9943706090559E11 904486.45 83 2 225 6806 164 18450
74700.0 16452 1.468388045937E10 915509.22 1369316 6.1412094136496E11 915509.22 83 2 225 6889 166 18675
75600.0 16452 1.486180553508E10 926531.98 1385768 6.2898274690004E11 926531.98 83 2 225 6972 168 18900
76500.0 16560 1.509036071748E10 937554.75 1402328 6.4407310761752E11 937554.75 83 2 225 7055 170 19125
77400.0 16524 1.525150772092E10 948577.52 1418852 6.5932461533844E11 948577.52 83 2 225 7138 172 19350
78300.0 16452 1.539559847946E10 959600.29 1435304 6.747202138179E11 959600.29 83 2 225 7221 174 19575
79200.0 16452 1.557352355517E10 970623.05 1451756 6.9029373737307E11 970623.05 83 2 225 7304 176 19800
80100.0 16560 1.580437836253E10 981645.81 1468316 7.060981157356E11 981645.81 83 2 225 7387 178 20025
81000.0 16524 1.596481723137E10 992668.59 1484840 7.2206293296697E11 992668.59 83 2 225 7470 180 20250
81900.0 16452 1.61073164995E10 1003691.35 1501292 7.3817024946647E11 1003691.35 83 2 225 7553 182 20475
82800.0 16452 1.628524157521E10 1014714.12 1517744 7.5445549104167E11 1014714.12 83 2 225 7636 184 20700
83700.0 16560 1.651855860195E10 1025736.88 1534304 7.7097404964362E11 1025736.88 83 2 225 7719 186 20925
84600.0 16524 1.667812129238E10 1036760.03 1550828 7.8765217093601E11 1036760.03 83 2 225 7802 188 21150
85500.0 16452 1.681904211802E10 1047782.99 1567280 8.0447121305402E11 1047782.99 83 2 225 7885 190 21375
86400.0 16452 1.69969688136E10 1058805.76 1583732 8.2146818186762E11 1058805.76 83 2 225 7968 192 21600
87300.0 16560 1.723258547814E10 1069828.52 1600292 8.3870076734577E11 1069828.52 83 2 225 8051 194 21825
88200.0 16524 1.739143705826E10 1080851.3 1616816 8.5609220440402E11 1080851.3 83 2 225 8134 196 22050
89100.0 16452 1.753076175793E10 1091874.06 1633268 8.7362296616195E11 1091874.06 83 2 225 8217 198 22275
90000.0 16452 1.770868683364E10 1102896.83 1649720 8.9133165299559E11 1102896.83 83 2 225 8300 200 22500
90900.0 16560 1.794676571757E10 1113919.59 1666280 9.0927841871316E11 1113919.59 83 2 225 8383 202 22725
91800.0 16524 1.810473814489E10 1124942.36 1682804 9.2738315685805E11 1124942.36 83 2 225 8466 204 22950
92700.0 16452 1.824247977802E10 1135965.13 1699256 9.4562563663607E11 1135965.13 83 2 225 8549 206 23175
93600.0 16452 1.842040485373E10 1146987.89 1715708 9.640460414898E11 1146987.89 83 2 225 8632 208 23400
94500.0 16560 1.866078336262E10 1158010.66 1732268 9.8270682485242E11 1158010.66 83 2 225 8715 210 23625
95400.0 16524 1.881804765534E10 1169033.43 1748792 1.00152487250776E12 1169033.43 83 2 225 8798 212 23850
96300.0 16452 1.895419861322E10 1180056.3 1765244 1.02047907112099E12 1180056.3 83 2 225 8881 214 24075
97200.0 16452 1.913212821274E10 1191079.53 1781696 1.03961119933372E12 1191079.53 83 2 225 8964 216 24300
98100.0 16560 1.9374891575E10 1202102.3 1798256 1.05898609090872E12 1202102.3 83 2 225 9047 218 24525
99000.0 16525 1.953135819894E10 1213125.07 1814781 1.07851744910766E12 1213125.07 83 2 225 9130 220 24750
99900.0 16452 1.96659250619E10 1224147.84 1831233 1.09818337416956E12 1224147.84 83 2 225 9213 222 24975
100800.0 16452 1.984385013761E10 1235170.6 1847685 1.11802722430717E12 1235170.6 83 2 225 9296 224 25200
101700.0 16560 2.008899051277E10 1246193.37 1864245 1.13811621481994E12 1246193.37 83 2 225 9379 226 25425
102600.0 16524 2.024466331382E10 1257216.14 1880769 1.15836087813376E12 1257216.14 83 2 225 9462 228 25650
103500.0 16452 2.037764308199E10 1268238.91 1897221 1.17873852121575E12 1268238.91 83 2 225 9545 230 25875
104400.0 16452 2.05555681577E10 1279261.67 1913673 1.19929408937345E12 1279261.67 83 2 225 9628 232 26100
105300.0 16560 2.080308945953E10 1290284.43 1930233 1.22009717883298E12 1290284.43 83 2 225 9711 234 26325
106200.0 16524 2.095796860336E10 1301307.21 1946757 1.24105514743635E12 1301307.21 83 2 225 9794 236 26550
107100.0 16452 2.108936110208E10 1312329.97 1963209 1.26214450853843E12 1312329.97 83 2 225 9877 238 26775
108000.0 16460 2.12672866911E10 1323352.74 1979669 1.28341179522954E12 1323352.74 83 2 225 9960 240 27000
108900.0 16560 2.151719279453E10 1334376.07 1996229 1.30492898802407E12 1334376.07 83 2 225 10043 242 27225
109800.0 16524 2.167128320271E10 1345398.85 2012753 1.32660027122678E12 1345398.85 83 2 225 10126 244 27450
110700.0 16452 2.180108839336E10 1356421.62 2029205 1.34840135962013E12 1356421.62 83 2 225 10209 246 27675
111600.0 16452 2.197901346907E10 1367444.38 2045657 1.3703803730892E12 1367444.38 83 2 225 10292 248 27900
112500.0 16560 2.223129663726E10 1378467.15 2062217 1.39261166972646E12 1378467.15 83 2 225 10375 250 28125
113400.0 16524 2.238458849236E10 1389489.92 2078741 1.41499625821882E12 1389489.92 83 2 225 10458 252 28350
114300.0 16452 2.251280641356E10 1400512.68 2095193 1.43750906463237E12 1400512.68 83 2 225 10541 254 28575
115200.0 16452 2.269073148927E10 1411535.45 2111645 1.46019979612164E12 1411535.45 83 2 225 10624 256 28800
116100.0 16560 2.294539555713E10 1422558.21 2128205 1.48314519167877E12 1422558.21 83 2 225 10707 258 29025
117000.0 16524 2.309789380001E10 1433580.99 2144729 1.50624308547878E12 1433580.99 83 2 225 10790 260 29250
117900.0 16452 2.322452443376E10 1444603.75 2161181 1.52946760991254E12 1444603.75 83 2 225 10873 262 29475
118800.0 16452 2.340244950947E10 1455626.52 2177633 1.55287005942201E12 1455626.52 83 2 225 10956 264 29700
119700.0 16561 2.365949452201E10 1466649.28 2194194 1.57652955394402E12 1466649.28 83 2 225 11039 266 29925
120600.0 16524 2.38112035978E10 1477672.62 2210718 1.60034075754182E12 1477672.62 83 2 225 11122 268 30150
121500.0 16452 2.393625172503E10 1488695.39 2227170 1.62427700926685E12 1488695.39 83 2 225 11205 270 30375
122400.0 16452 2.411417680074E10 1499718.16 2243622 1.64839118606759E12 1499718.16 83 2 225 11288 272 30600
123300.0 16560 2.437360274397E10 1510740.92 2260182 1.67276478881156E12 1510740.92 83 2 225 11371 274 30825
124200.0 16524 2.452451368905E10 1521763.7 2276706 1.69728930250061E12 1521763.7 83 2 225 11454 276 31050
125100.0 16452 2.464796974523E10 1532786.46 2293158 1.72193727224584E12 1532786.46 83 2 225 11537 278 31275
126000.0 16452 2.482589482094E10 1543809.23 2309610 1.74676316706679E12 1543809.23 83 2 225 11620 280 31500
126900.0 16560 2.508770169084E10 1554831.99 2326170 1.77185086875763E12 1554831.99 83 2 225 11703 282 31725
127800.0 16524 2.52378189877E10 1565854.77 2342694 1.79708868774533E12 1565854.77 83 2 225 11786 284 31950
128700.0 16452 2.535968776543E10 1576877.53 2359146 1.82244837551077E12 1576877.53 83 2 225 11869 286 32175
129600.0 16452 2.553761284114E10 1587900.3 2375598 1.84798598835191E12 1587900.3 83 2 225 11952 288 32400
130500.0 16560 2.580180063772E10 1598923.06 2392158 1.87378778898963E12 1598923.06 83 2 225 12035 290 32625
131400.0 16524 2.595112427735E10 1609945.83 2408682 1.89973891326698E12 1609945.83 83 2 225 12118 292 32850
132300.0 16452 2.607140885129E10 1620968.98 2425134 1.92581032211827E12 1620968.98 83 2 225 12201 294 33075
133200.0 16452 2.624933855329E10 1631991.93 2441586 1.95205966067156E12 1631991.93 83 2 225 12284 296 33300
134100.0 16560 2.651590881494E10 1643014.7 2458146 1.9785755694865E12 1643014.7 83 2 225 12367 298 33525
135000.0 16524 2.666443882307E10 1654037.47 2474670 2.00524000830957E12 1654037.47 83 2 225 12450 300 33750
135900.0 16452 2.678313302335E10 1665060.24 2491122 2.03202314133292E12 1665060.24 83 2 225 12533 302 33975
136800.0 16452 2.696105809906E10 1676083.0 2507574 2.05898419943198E12 1676083.0 83 2 225 12616 304 34200
137700.0 16560 2.723000774382E10 1687105.77 2524134 2.0862142071758E12 1687105.77 83 2 225 12699 306 34425
138600.0 16524 2.737774411272E10 1698128.54 2540658 2.11359195128852E12 1698128.54 83 2 225 12782 308 34650
139500.0 16452 2.749485104355E10 1709151.31 2557110 2.14108680233207E12 1709151.31 83 2 225 12865 310 34875
140400.0 16452 2.767277611926E10 1720174.07 2573562 2.16875957845133E12 1720174.07 83 2 225 12948 312 35100
141300.0 16560 2.794410669069E10 1731196.83 2590122 2.19670368514202E12 1731196.83 83 2 225 13031 314 35325
142200.0 16524 2.809104942037E10 1742219.61 2606646 2.22479473456239E12 1742219.61 83 2 225 13114 316 35550
143100.0 16452 2.820656906375E10 1753242.37 2623098 2.25300130362614E12 1753242.37 83 2 225 13197 318 35775
144000.0 16452 2.838449505004E10 1764265.25 2639550 2.28138579867618E12 1764265.25 83 2 225 13280 320 36000
144900.0 16560 2.865821096917E10 1775288.47 2656110 2.31004400964535E12 1775288.47 83 2 225 13363 322 36225
145800.0 16524 2.880436397347E10 1786311.25 2672634 2.33884837361882E12 1786311.25 83 2 225 13446 324 36450
146700.0 16452 2.891829632678E10 1797334.01 2689086 2.36776666994561E12 1797334.01 83 2 225 13529 326 36675
147600.0 16452 2.909622140249E10 1808356.78 2705538 2.3968628913481E12 1808356.78 83 2 225 13612 328 36900
148500.0 16560 2.937231384019E10 1819379.54 2722098 2.4262352051883E12 1819379.54 83 2 225 13695 330 37125
149400.0 16524 2.951766928112E10 1830402.32 2738622 2.45575287446942E12 1830402.32 83 2 225 13778 332 37350
150300.0 16452 2.963001434698E10 1841425.08 2755074 2.4853828888164E12 1841425.08 83 2 225 13861 334 37575
151200.0 16452 2.980793942269E10 1852447.85 2771526 2.5151908282391E12 1852447.85 83 2 225 13944 336 37800
152100.0 16560 3.008641276907E10 1863470.61 2788086 2.54527724100816E12 1863470.61 83 2 225 14027 338 38025
153000.0 16524 3.023097457083E10 1874493.39 2804610 2.57550821557899E12 1874493.39 83 2 225 14110 340 38250
153900.0 16452 3.034173236724E10 1885516.15 2821062 2.60584994794623E12 1885516.15 83 2 225 14193 342 38475
154800.0 16452 3.051965744295E10 1896538.91 2837514 2.63636960538918E12 1896538.91 83 2 225 14276 344 38700
155700.0 16569 3.080051236173E10 1907561.68 2854083 2.66717011775091E12 1907561.68 83 2 225 14359 346 38925
156600.0 16524 3.094428438668E10 1918585.02 2870607 2.69811440213759E12 1918585.02 83 2 225 14442 348 39150
157500.0 16452 3.105345965851E10 1929607.79 2887059 2.7291678617961E12 1929607.79 83 2 225 14525 350 39375
158400.0 16452 3.123138473422E10 1940630.56 2903511 2.76039924653032E12 1940630.56 83 2 225 14608 352 39600
159300.0 16560 3.151470123967E10 1951653.32 2920071 2.79191394776999E12 1951653.32 83 2 225 14691 354 39825
160200.0 16524 3.165759445993E10 1962676.1 2936595 2.82357154222992E12 1962676.1 83 2 225 14774 356 40050
161100.0 16452 3.176517767871E10 1973698.86 2953047 2.85533671990863E12 1973698.86 83 2 225 14857 358 40275
162000.0 16452 3.194310275442E10 1984721.63 2969499 2.88727982266305E12 1984721.63 83 2 225 14940 360 40500
162900.0 16560 3.222871888481E10 1995744.39 2986059 2.91950854154786E12 1995744.39 83 2 225 15023 362 40725
163800.0 16524 3.23709039883E10 2006767.16 3002583 2.95187944553616E12 2006767.16 83 2 225 15106 364 40950
164700.0 16452 3.247689569866E10 2017789.93 3019035 2.98435634123482E12 2017789.93 83 2 225 15189 366 41175
165600.0 16452 3.265482077431E10 2028812.69 3035487 3.01701116200913E12 2028812.69 83 2 225 15272 368 41400
166500.0 16560 3.294289911504E10 2039835.46 3052047 3.04995406112417E12 2039835.46 83 2 225 15355 370 41625
167400.0 16525 3.308420506569E10 2050858.23 3068572 3.08303826618986E12 2050858.23 83 2 225 15438 372 41850
168300.0 16452 3.318861821365E10 2061881.56 3085024 3.1162268844035E12 2061881.56 83 2 225 15521 374 42075
169200.0 16452 3.336654806529E10 2072904.34 3101476 3.14959343246879E12 2072904.34 83 2 225 15604 376 42300
170100.0 16560 3.3656926062E10 2083927.1 3118036 3.18325035853079E12 2083927.1 83 2 225 15687 378 42525
171000.0 16524 3.37975238677E10 2094949.87 3134560 3.21704788239849E12 2094949.87 83 2 225 15770 380 42750
171900.0 16452 3.390034100949E10 2105972.64 3151012 3.25094822340798E12 2105972.64 83 2 225 15853 382 42975
172800.0 16452 3.407826608514E10 2116995.4 3167464 3.28502648949311E12 2116995.4 83 2 225 15936 384 43200
173700.0 16560 3.437102499952E10 2128018.17 3184024 3.31939751449264E12 2128018.17 83 2 225 16019 386 43425
174600.0 16524 3.451082495409E10 2139040.94 3200548 3.35390833944672E12 2139040.94 83 2 225 16102 388 43650
175500.0 16452 3.461205902934E10 2150063.71 3217000 3.38852039847606E12 2150063.71 83 2 225 16185 390 43875
176400.0 16452 3.478998410499E10 2161086.47 3233452 3.42331038258105E12 2161086.47 83 2 225 16268 392 44100
177300.0 16560 3.508512394604E10 2172109.24 3250012 3.4583955065271E12 2172109.24 83 2 225 16351 394 44325
178200.0 16524 3.522413025239E10 2183132.01 3266536 3.49361963677949E12 2183132.01 83 2 225 16434 396 44550
179100.0 16452 3.532377704919E10 2194154.78 3282988 3.52894341382868E12 2194154.78 83 2 225 16517 398 44775
180000.0 16452 3.550170525015E10 2205177.93 3299440 3.56444511907882E12 2205177.93 83 2 225 16600 400 45000
180900.0 16560 3.579923036972E10 2216200.87 3316000 3.60024434944854E12 2216200.87 83 2 225 16683 402 45225
181800.0 16524 3.593744479158E10 2227223.65 3332524 3.63618179424012E12 2227223.65 83 2 225 16766 404 45450
182700.0 16452 3.603550428937E10 2238246.41 3348976 3.67221729852949E12 2238246.41 83 2 225 16849 406 45675
183600.0 16452 3.621342936502E10 2249269.18 3365428 3.70843072789451E12 2249269.18 83 2 225 16932 408 45900
184500.0 16560 3.651333105427E10 2260291.94 3381988 3.74494405894878E12 2260291.94 83 2 225 17015 410 46125
185400.0 16524 3.665075008983E10 2271314.72 3398512 3.78159480903861E12 2271314.72 83 2 225 17098 412 46350
186300.0 16452 3.674722230917E10 2282337.48 3414964 3.81834203134778E12 2282337.48 83 2 225 17181 414 46575
187200.0 16452 3.692514738482E10 2293360.25 3431416 3.85526717873259E12 2293360.25 83 2 225 17264 416 46800
188100.0 16560 3.722743001874E10 2304383.01 3447976 3.89249460875133E12 2304383.01 83 2 225 17347 418 47025
189000.0 16524 3.736405538807E10 2315405.79 3464500 3.9298586641394E12 2315405.79 83 2 225 17430 420 47250
189900.0 16452 3.745894032897E10 2326428.55 3480952 3.96731760446837E12 2326428.55 83 2 225 17513 422 47475
190800.0 16452 3.763686540461E10 2337451.31 3497404 4.00495446987298E12 2337451.31 83 2 225 17596 424 47700
191700.0 16560 3.794153006338E10 2348474.21 3513964 4.04289599993636E12 2348474.21 83 2 225 17679 426 47925
192600.0 16524 3.807736625792E10 2359497.42 3530488 4.08097336619428E12 2359497.42 83 2 225 17762 428 48150
193500.0 16452 3.817066759011E10 2370520.19 3546940 4.11914403378439E12 2370520.19 83 2 225 17845 430 48375
194400.0 16453 3.83485928249E10 2381542.96 3563393 4.15749262660929E12 2381542.96 83 2 225 17928 432 48600
195300.0 16560 3.865563714794E10 2392565.72 3579953 4.19614826375722E12 2392565.72 83 2 225 18011 434 48825
196200.0 16524 3.879067524652E10 2403588.49 3596477 4.23493893900374E12 2403588.49 83 2 225 18094 436 49050
197100.0 16452 3.88823856099E10 2414611.26 3612929 4.27382132461364E12 2414611.26 83 2 225 18177 438 49275
198000.0 16452 3.906031068555E10 2425634.02 3629381 4.3128816352992E12 2425634.02 83 2 225 18260 440 49500
198900.0 16560 3.93697360944E10 2436656.79 3645941 4.3522513713936E12 2436656.79 83 2 225 18343 442 49725
199800.0 16524 3.950398054476E10 2447679.56 3662465 4.39175535193836E12 2447679.56 83 2 225 18426 444 49950
200700.0 16452 3.95941036297E10 2458702.33 3678917 4.43134945556806E12 2458702.33 83 2 225 18509 446 50175
201600.0 16452 3.977202870535E10 2469725.09 3695369 4.47112148427342E12 2469725.09 83 2 225 18592 448 50400
202500.0 16560 4.008383504087E10 2480747.86 3711929 4.51120531931429E12 2480747.86 83 2 225 18675 450 50625
203400.0 16532 4.021728651087E10 2491770.63 3728461 4.55142260582516E12 2491770.63 83 2 225 18758 452 50850
204300.0 16452 4.030582614463E10 2502793.96 3744913 4.5917284319698E12 2502793.96 83 2 225 18841 454 51075
205200.0 16452 4.048375599627E10 2513816.73 3761365 4.63221218796607E12 2513816.73 83 2 225 18924 456 51300
206100.0 16560 4.079794325349E10 2524839.5 3777925 4.67301013121956E12 2524839.5 83 2 225 19007 458 51525
207000.0 16524 4.093060043295E10 2535862.27 3794449 4.71394073165251E12 2535862.27 83 2 225 19090 460 51750
207900.0 16452 4.101754894031E10 2546885.04 3810901 4.75495828059282E12 2546885.04 83 2 225 19173 462 51975
208800.0 16452 4.119547401596E10 2557907.8 3827353 4.79615375460878E12 2557907.8 83 2 225 19256 464 52200
209700.0 16560 4.151204221785E10 2568930.57 3843913 4.83766579682663E12 2568930.57 83 2 225 19339 466 52425
210600.0 16524 4.164390573098E10 2579953.34 3860437 4.87930970255761E12 2579953.34 83 2 225 19422 468 52650
211500.0 16452 4.17292669599E10 2590976.11 3876889 4.9210389695175E12 2590976.11 83 2 225 19505 470 52875
212400.0 16452 4.190719203554E10 2601998.87 3893341 4.96294616155305E12 2601998.87 83 2 225 19588 472 53100
213300.0 16560 4.22261411281E10 2613021.63 3909901 5.00517230268115E12 2613021.63 83 2 225 19671 474 53325
214200.0 16524 4.235721102901E10 2624044.41 3926425 5.04752951371015E12 2624044.41 83 2 225 19754 476 53550
215100.0 16453 4.244098497948E10 2635067.17 3942878 5.08997049868963E12 2635067.17 83 2 225 19837 478 53775
216000.0 16452 4.261891455313E10 2646090.5 3959330 5.13258941324276E12 2646090.5 83 2 225 19920 480 54000
216900.0 16560 4.294024939449E10 2657113.28 3975890 5.17552966263725E12 2657113.28 83 2 225 20003 482 54225
217800.0 16524 4.307052561884E10 2668136.05 3992414 5.21860018825609E12 2668136.05 83 2 225 20086 484 54450
218700.0 16452 4.315271227018E10 2679158.82 4008866 5.26175290052628E12 2679158.82 83 2 225 20169 486 54675
219600.0 16452 4.333063734583E10 2690181.58 4025318 5.30508353787211E12 2690181.58 83 2 225 20252 488 54900
220500.0 16560 4.365434831375E10 2701204.34 4041878 5.34873788618586E12 2701204.34 83 2 225 20335 490 55125
221400.0 16524 4.378383091687E10 2712227.12 4058402 5.39252171710272E12 2712227.12 83 2 225 20418 492 55350
222300.0 16452 4.386443028971E10 2723249.88 4074854 5.43638614739244E12 2723249.88 83 2 225 20501 494 55575
223200.0 16452 4.404235536536E10 2734272.65 4091306 5.48042850275779E12 2734272.65 83 2 225 20584 496 55800
224100.0 16560 4.436844725994E10 2745295.41 4107866 5.52479695001774E12 2745295.41 83 2 225 20667 498 56025
225000.0 16524 4.449713621484E10 2756318.19 4124390 5.56929408623258E12 2756318.19 83 2 225 20750 500 56250
225900.0 16452 4.457614830924E10 2767340.95 4140842 5.61387023454182E12 2767340.95 83 2 225 20833 502 56475
226800.0 16452 4.475407338489E10 2778363.72 4157294 5.6586243079267E12 2778363.72 83 2 225 20916 504 56700
227700.0 16560 4.508254928052E10 2789386.88 4173854 5.70370685720722E12 2789386.88 83 2 225 20999 506 56925
228600.0 16524 4.521044912931E10 2800409.82 4190378 5.74891730633653E12 2800409.82 83 2 225 21082 508 57150
229500.0 16452 4.5287875553E10 2811432.59 4206830 5.79420518188953E12 2811432.59 83 2 225 21165 510 57375
230400.0 16452 4.546580062865E10 2822455.36 4223282 5.83967098251818E12 2822455.36 83 2 225 21248 512 57600
231300.0 16560 4.579665438944E10 2833478.12 4239842 5.88546763690761E12 2833478.12 83 2 225 21331 514 57825
232200.0 16524 4.59237560556E10 2844500.89 4256366 5.93139139296321E12 2844500.89 83 2 225 21414 516 58050
233100.0 16452 4.599959357253E10 2855523.66 4272818 5.97739098653574E12 2855523.66 83 2 225 21497 518 58275
234000.0 16452 4.617751864818E10 2866546.42 4289270 6.02356850518392E12 2866546.42 83 2 225 21580 520 58500
234900.0 16560 4.651075331763E10 2877569.19 4305830 6.07007925850155E12 2877569.19 83 2 225 21663 522 58725
235800.0 16524 4.663706135357E10 2888591.96 4322354 6.11671631985512E12 2888591.96 83 2 225 21746 524 58950
236700.0 16452 4.671131159205E10 2899614.73 4338806 6.16342763144718E12 2899614.73 83 2 225 21829 526 59175
237600.0 16452 4.68892366677E10 2910637.49 4355258 6.21031686811488E12 2910637.49 83 2 225 21912 528 59400
238500.0 16560 4.722485226383E10 2921660.26 4371818 6.25754172037871E12 2921660.26 83 2 225 21995 530 59625
239400.0 16524 4.735036785186E10 2932683.17 4388342 6.30489208823057E12 2932683.17 83 2 225 22078 532 59850
240300.0 16452 4.742303527575E10 2943706.36 4404794 6.35231512350632E12 2943706.36 83 2 225 22161 534 60075
241200.0 16452 4.760096392803E10 2954729.13 4421246 6.39991608743436E12 2954729.13 83 2 225 22244 536 60300
242100.0 16561 4.793896067123E10 2965751.9 4437807 6.44785504810559E12 2965751.9 83 2 225 22327 538 60525
243000.0 16524 4.806368121094E10 2976774.67 4454331 6.49591872931652E12 2976774.67 83 2 225 22410 540 60750
243900.0 16452 4.813475687191E10 2987797.44 4470783 6.54405348618844E12 2987797.44 83 2 225 22493 542 60975
244800.0 16452 4.831268194756E10 2998820.2 4487235 6.592366168136E12 2998820.2 83 2 225 22576 544 61200
245700.0 16560 4.865305940995E10 3009842.96 4503795 6.64101922754594E12 3009842.96 83 2 225 22659 546 61425
246600.0 16524 4.877698650891E10 3020865.74 4520319 6.68979621405485E12 3020865.74 83 2 225 22742 548 61650
247500.0 16452 4.884647489144E10 3031888.5 4536771 6.73864268894629E12 3031888.5 83 2 225 22825 550 61875
248400.0 16452 4.902439996709E10 3042911.27 4553223 6.78766708891338E12 3042911.27 83 2 225 22908 552 62100
249300.0 16560 4.93671583471E10 3053934.03 4569783 6.83703424726048E12 3053934.03 83 2 225 22991 554 62325
250200.0 16524 4.949029180683E10 3064956.81 4586307 6.88652453906732E12 3064956.81 83 2 225 23074 556 62550
251100.0 16460 4.955819358155E10 3075979.57 4602767 6.93608273264887E12 3075979.57 83 2 225 23157 558 62775
252000.0 16452 4.973612248457E10 3087002.9 4619219 6.98581885513344E12 3087002.9 83 2 225 23240 560 63000
252900.0 16560 5.008126657739E10 3098025.67 4635779 7.03590012171083E12 3098025.67 83 2 225 23323 562 63225
253800.0 16524 5.020360639661E10 3109048.45 4652303 7.08610372810744E12 3109048.45 83 2 225 23406 564 63450
254700.0 16452 5.026992020157E10 3120071.21 4668755 7.136373648309E12 3120071.21 83 2 225 23489 566 63675
255600.0 16452 5.044784527721E10 3131093.98 4685207 7.18682149358622E12 3131093.98 83 2 225 23572 568 63900
256500.0 16560 5.079536552359E10 3142116.74 4701767 7.2376168591098E12 3142116.74 83 2 225 23655 570 64125
257400.0 16524 5.091691169458E10 3153139.52 4718291 7.28853377080439E12 3153139.52 83 2 225 23738 572 64350
258300.0 16452 5.098163822109E10 3164162.28 4734743 7.33951540902548E12 3164162.28 83 2 225 23821 574 64575
259200.0 16452 5.115956329674E10 3175185.05 4751195 7.39067497232222E12 3175185.05 83 2 225 23904 576 64800
260100.0 16560 5.150946445178E10 3186207.81 4767755 7.442184436774E12 3186207.81 83 2 225 23987 578 65025
261000.0 16524 5.163021699246E10 3197230.58 4784279 7.49381465376646E12 3197230.58 83 2 225 24070 580 65250
261900.0 16452 5.169335624051E10 3208253.35 4800731 7.54550801000697E12 3208253.35 83 2 225 24153 582 65475
262800.0 16453 5.187128131616E10 3219276.11 4817184 7.59737929132313E12 3219276.11 83 2 225 24236 584 65700
263700.0 16560 5.222364917737E10 3230299.44 4833744 7.64960294050049E12 3230299.44 83 2 225 24319 586 65925
264600.0 16524 5.234353158218E10 3241322.23 4850268 7.70194647208267E12 3241322.23 83 2 225 24402 588 66150
265500.0 16452 5.240508353111E10 3252344.99 4866720 7.75435155561378E12 3252344.99 83 2 225 24485 590 66375
266400.0 16452 5.258300860676E10 3263367.76 4883172 7.80693456422054E12 3263367.76 83 2 225 24568 592 66600
267300.0 16560 5.293767162816E10 3274390.52 4899732 7.8598722358487E12 3274390.52 83 2 225 24651 594 66825
268200.0 16524 5.305684110117E10 3285413.3 4916256 7.91292907694987E12 3285413.3 83 2 225 24734 596 67050
269100.0 16452 5.311680155075E10 3296436.06 4932708 7.96604587850061E12 3296436.06 83 2 225 24817 598 67275
270000.0 16452 5.329472662639E10 3307458.82 4949160 8.01934060512701E12 3307458.82 83 2 225 24900 600 67500
270900.0 16560 5.365185187622E10 3318481.59 4965720 8.07299245700323E12 3318481.59 83 2 225 24983 602 67725
271800.0 16524 5.377014216934E10 3329504.36 4982244 8.12676259917256E12 3329504.36 83 2 225 25066 604 67950
272700.0 16452 5.382851957038E10 3340527.13 4998696 8.18059111874295E12 3340527.13 83 2 225 25149 606 68175
273600.0 16452 5.400644464603E10 3351549.89 5015148 8.23459756338898E12 3351549.89 83 2 225 25232 608 68400
274500.0 16560 5.436586949377E10 3362572.66 5031708 8.28896343288275E12 3362572.66 83 2 225 25315 610 68625
275400.0 16524 5.448345439781E10 3373595.84 5048232 8.34344688728056E12 3373595.84 83 2 225 25398 612 68850
276300.0 16452 5.454024548543E10 3384618.77 5064684 8.39798713276598E12 3384618.77 83 2 225 25481 614 69075
277200.0 16452 5.47181718931E10 3395641.53 5081136 8.45270530465909E12 3395641.53 83 2 225 25564 616 69300
278100.0 16560 5.507997771639E10 3406664.3 5097696 8.50778528237548E12 3406664.3 83 2 225 25647 618 69525
279000.0 16524 5.519676201352E10 3417687.07 5114220 8.562982044389E12 3417687.07 83 2 225 25730 620 69750
279900.0 16452 5.525196483709E10 3428709.84 5130672 8.61823400922609E12 3428709.84 83 2 225 25813 622 69975
280800.0 16452 5.542988991274E10 3439732.6 5147124 8.67366389913883E12 3439732.6 83 2 225 25896 624 70200
281700.0 16560 5.579415792845E10 3450755.36 5163684 8.72945805706728E12 3450755.36 83 2 225 25979 626 70425
282600.0 16524 5.59100673206E10 3461778.14 5180208 8.78536812438789E12 3461778.14 83 2 225 26062 628 70650
283500.0 16452 5.596368285673E10 3472800.9 5196660 8.84133180724461E12 3472800.9 83 2 225 26145 630 70875
284400.0 16452 5.614160793237E10 3483823.67 5213112 8.89747341517699E12 3483823.67 83 2 225 26228 632 71100
285300.0 16560 5.6508175582E10 3494846.43 5229672 8.95398159075899E12 3494846.43 83 2 225 26311 634 71325
286200.0 16524 5.662337683065E10 3505869.21 5246196 9.01060496758964E12 3505869.21 83 2 225 26394 636 71550
287100.0 16452 5.667540206218E10 3516892.12 5262648 9.06728036965183E12 3516892.12 83 2 225 26477 638 71775
288000.0 16452 5.685333172119E10 3527915.3 5279100 9.12413370137301E12 3527915.3 83 2 225 26560 640 72000
288900.0 16560 5.722236509256E10 3538938.07 5295660 9.18135606646557E12 3538938.07 83 2 225 26643 642 72225
289800.0 16525 5.733668740588E10 3549960.85 5312185 9.23869275387145E12 3549960.85 83 2 225 26726 644 72450
290700.0 16452 5.738712813669E10 3560983.61 5328637 9.29607988200814E12 3560983.61 83 2 225 26809 646 72675
291600.0 16452 5.756505321233E10 3572006.38 5345089 9.35364493522048E12 3572006.38 83 2 225 26892 648 72900
292500.0 16560 5.793638272822E10 3583029.14 5361649 9.41158131794869E12 3583029.14 83 2 225 26975 650 73125
293400.0 16524 5.804999669717E10 3594051.92 5378173 9.46963131464586E12 3594051.92 83 2 225 27058 652 73350
294300.0 16452 5.809884615643E10 3605074.68 5394625 9.52773016080229E12 3605074.68 83 2 225 27141 654 73575
295200.0 16452 5.827677123208E10 3616097.44 5411077 9.58600693203437E12 3616097.44 83 2 225 27224 656 73800
296100.0 16560 5.865048165664E10 3627120.21 5427637 9.644657413691E12 3627120.21 83 2 225 27307 658 74025
297000.0 16524 5.876329776545E10 3638142.98 5444161 9.70342071145646E12 3638142.98 83 2 225 27390 660 74250
297900.0 16452 5.881056417617E10 3649165.75 5460613 9.76223127563262E12 3649165.75 83 2 225 27473 662 74475
298800.0 16460 5.898848997605E10 3660188.51 5477073 9.82121976560868E12 3660188.51 83 2 225 27556 664 74700
299700.0 16560 5.936458500936E10 3671211.84 5493633 9.88058435061804E12 3671211.84 83 2 225 27639 666 74925
300600.0 16524 5.947661236444E10 3682234.63 5510157 9.94006096298248E12 3682234.63 83 2 225 27722 668 75150
301500.0 16452 5.952229146704E10 3693257.39 5526609 9.99958325444952E12 3693257.39 83 2 225 27805 670 75375
302400.0 16452 5.970021654269E10 3704280.16 5543061 1.005928347099221E13 3704280.16 83 2 225 27888 672 75600
303300.0 16560 6.007868882465E10 3715302.92 5559621 1.011936215981686E13 3715302.92 83 2 225 27971 674 75825
304200.0 16524 6.018991765369E10 3726325.69 5576145 1.017955207747055E13 3726325.69 83 2 225 28054 676 76050
305100.0 16452 6.023400948684E10 3737348.46 5592597 1.023978608695739E13 3737348.46 83 2 225 28137 678 76275
306000.0 16452 6.041193456249E10 3748371.22 5609049 1.030019802151988E13 3748371.22 83 2 225 28220 680 76500
306900.0 16560 6.079278778012E10 3759393.99 5625609 1.03609908093E13 3759393.99 83 2 225 28303 682 76725
307800.0 16524 6.090322296099E10 3770416.76 5642133 1.042189403226098E13 3770416.76 83 2 225 28386 684 76950
308700.0 16452 6.094572750669E10 3781439.53 5658585 1.048283975976767E13 3781439.53 83 2 225 28469 686 77175
309600.0 16452 6.112365258234E10 3792462.29 5675037 1.054396341235001E13 3792462.29 83 2 225 28552 688 77400
310500.0 16561 6.150688671743E10 3803485.06 5691598 1.060547029906744E13 3803485.06 83 2 225 28635 690 77625
311400.0 16524 6.161653275851E10 3814508.4 5708122 1.066708683182595E13 3814508.4 83 2 225 28718 692 77850
312300.0 16452 6.165745479772E10 3825531.17 5724574 1.072874428662367E13 3825531.17 83 2 225 28801 694 78075
313200.0 16452 6.183537987337E10 3836553.93 5741026 1.079057966649704E13 3836553.93 83 2 225 28884 696 78300
314100.0 16560 6.222099493915E10 3847576.7 5757586 1.085280066143619E13 3847576.7 83 2 225 28967 698 78525
315000.0 16524 6.23298428495E10 3858599.47 5774110 1.091513050428569E13 3858599.47 83 2 225 29050 700 78750
315900.0 16452 6.236917281763E10 3869622.24 5790562 1.097749967710331E13 3869622.24 83 2 225 29133 702 78975
316800.0 16452 6.254709789327E10 3880645.0 5807014 1.104004677499659E13 3880645.0 83 2 225 29216 704 79200
317700.0 16560 6.293509389472E10 3891667.77 5823574 1.110298186889131E13 3891667.77 83 2 225 29299 706 79425
318600.0 16524 6.304315235981E10 3902690.54 5840098 1.116602502125112E13 3902690.54 83 2 225 29382 708 79650
319500.0 16452 6.308089083759E10 3913713.31 5856550 1.122910591208871E13 3913713.31 83 2 225 29465 710 79875
320400.0 16452 6.325881591323E10 3924736.07 5873002 1.129236472800195E13 3924736.07 83 2 225 29548 712 80100
321300.0 16560 6.364919281436E10 3935758.83 5889562 1.13560139208163E13 3935758.83 83 2 225 29631 714 80325
322200.0 16524 6.375645344632E10 3946781.61 5906086 1.141977037426262E13 3946781.61 83 2 225 29714 716 80550
323100.0 16452 6.37926121786E10 3957804.79 5922538 1.148356298644122E13 3957804.79 83 2 225 29797 718 80775
324000.0 16452 6.397054190605E10 3968827.71 5938990 1.154753352834727E13 3968827.71 83 2 225 29880 720 81000
324900.0 16560 6.436330103077E10 3979850.47 5955550 1.161189682937804E13 3979850.47 83 2 225 29963 722 81225
325800.0 16524 6.446976798626E10 3990873.25 5972074 1.16763665973643E13 3990873.25 83 2 225 30046 724 81450
326700.0 16452 6.450433610746E10 4001896.01 5988526 1.174087093347176E13 4001896.01 83 2 225 30129 726 81675
327600.0 16452 6.468226118311E10 4012918.78 6004978 1.180555319465487E13 4012918.78 83 2 225 30212 728 81900
328500.0 16560 6.507739994146E10 4023941.54 6021538 1.187063059459633E13 4023941.54 83 2 225 30295 730 82125
329400.0 16524 6.518307328473E10 4034964.32 6038062 1.193581366788106E13 4034964.32 83 2 225 30378 732 82350
330300.0 16452 6.521605412748E10 4045987.08 6054514 1.200102972200853E13 4045987.08 83 2 225 30461 734 82575
331200.0 16452 6.539397920313E10 4057009.85 6070966 1.206642370121166E13 4057009.85 83 2 225 30544 736 82800
332100.0 16560 6.579158019907E10 4068032.61 6087526 1.213221528141073E13 4068032.61 83 2 225 30627 738 83025
333000.0 16524 6.58963828041E10 4079055.38 6104050 1.219811166421483E13 4079055.38 83 2 225 30710 740 83250
333900.0 16452 6.592777214749E10 4090078.15 6120502 1.226403943636232E13 4090078.15 83 2 225 30793 742 83475
334800.0 16452 6.610569847222E10 4101101.07 6136954 1.233014513483454E13 4101101.07 83 2 225 30876 744 83700
335700.0 16560 6.650560358133E10 4112124.24 6153514 1.239665073841587E13 4112124.24 83 2 225 30959 746 83925
336600.0 16524 6.660969315116E10 4123147.02 6170038 1.246326043156704E13 4123147.02 83 2 225 31042 748 84150
337500.0 16452 6.663949940741E10 4134169.79 6186490 1.252989993097444E13 4134169.79 83 2 225 31125 750 84375
338400.0 16452 6.681742448305E10 4145192.55 6202942 1.259671735545749E13 4145192.55 83 2 225 31208 752 84600
339300.0 16560 6.721970603433E10 4156215.32 6219502 1.266393706149183E13 4156215.32 83 2 225 31291 754 84825
340200.0 16524 6.732300265259E10 4167238.09 6236026 1.273126006414442E13 4167238.09 83 2 225 31374 756 85050
341100.0 16452 6.735121742748E10 4178260.86 6252478 1.279861128157189E13 4178260.86 83 2 225 31457 758 85275
342000.0 16452 6.752914250313E10 4189283.62 6268930 1.286614042407502E13 4189283.62 83 2 225 31540 760 85500
342900.0 16560 6.7933886292E10 4200306.39 6285490 1.293407431036702E13 4200306.39 83 2 225 31623 762 85725
343800.0 16524 6.80363037482E10 4211329.16 6302014 1.300211061411522E13 4211329.16 83 2 225 31706 764 85950
344700.0 16452 6.806293544755E10 4222351.93 6318466 1.307017354956277E13 4222351.93 83 2 225 31789 766 86175
345600.0 16452 6.82408605232E10 4233374.69 6334918 1.313841441008597E13 4233374.69 83 2 225 31872 768 86400

