# seed = 1, gamma = 0.25, beta = 1.0, dee = 10.0, dcc = 5.0, dec = 600.0, dsc = 200.0, dLocalhost = 0.015, hostBroker = EDGE, numOfCloud = 1, numOfEdge = 1, numOfSmartphone = 300 
#
# The columns have the following meaning: 
# instant[SECONDS] delayCountPartial delaySumPartial[SECONDS] delayMaxPartial[SECONDS] delayCountTot delaySumTot[SECONDS] delayMaxTot[SECONDS] runOnCloudPartial runOnEdgePartial runOnSmartphonePartial runOnCloudTot runOnEdgeTot runOnSmartphoneTot
0.0 0 0.0 0.0 0 0.0 0.0 0 0 0 0 0 0
900.0 16560 1.0032471837E8 12401.58 16560 1.0032471837E8 12401.58 8 2 300 8 2 300
1800.0 16524 2.9078839919E8 24203.04 33084 3.9111311756E8 24203.04 8 2 300 16 4 600
2700.0 16452 4.8073839942E8 36004.02 49536 8.7185151698E8 36004.02 8 2 300 24 6 900
3600.0 16453 6.7122931972E8 47804.98 65989 1.5430808367E9 47804.98 8 2 300 32 8 1200
4500.0 16560 8.6493360623E8 59605.95 82549 2.40801444293E9 59605.95 8 2 300 40 10 1500
5400.0 16524 1.0544613289E9 71406.92 99073 3.46247577182E9 71406.92 8 2 300 48 12 1800
6300.0 16452 1.24270323604E9 83207.88 115525 4.70517900787E9 83207.88 8 2 300 56 14 2100
7200.0 16452 1.43319415634E9 95008.85 131977 6.1383731642E9 95008.85 8 2 300 64 16 2400
8100.0 16560 1.62936091216E9 106809.81 148537 7.76773407637E9 106809.81 8 2 300 72 18 2700
9000.0 16524 1.81812101651E9 118610.79 165061 9.58585509288E9 118610.79 8 2 300 80 20 3000
9900.0 16452 2.00466807293E9 130411.75 181513 1.159052316581E10 130411.75 8 2 300 88 22 3300
10800.0 16452 2.19515899322E9 142212.72 197965 1.378568215903E10 142212.72 8 2 300 96 24 3600
11700.0 16560 2.39396131547E9 154013.68 214525 1.61796434745E10 154013.68 8 2 300 104 26 3900
12600.0 16524 2.58178968115E9 165814.66 231049 1.876143315565E10 165814.66 8 2 300 112 28 4200
13500.0 16460 2.76663390188E9 177615.62 247509 2.152806705753E10 177615.62 8 2 300 120 30 4500
14400.0 16452 2.95712832029E9 189417.15 263961 2.448519537782E10 189417.15 8 2 300 128 32 4800
15300.0 16560 3.15839789676E9 201218.12 280521 2.764359327457E10 201218.12 8 2 300 136 34 5100
16200.0 16524 3.34545866052E9 213019.1 297045 3.098905193509E10 213019.1 8 2 300 144 36 5400
17100.0 16452 3.52860701776E9 224820.06 313497 3.451765895285E10 224820.06 8 2 300 152 38 5700
18000.0 16452 3.71909793806E9 236621.03 329949 3.823675689091E10 236621.03 8 2 300 160 40 6000
18900.0 16560 3.9229117425E9 248421.99 346509 4.215966863341E10 248421.99 8 2 300 168 42 6300
19800.0 16524 4.10912282764E9 260222.97 363033 4.626879146105E10 260222.97 8 2 300 176 44 6600
20700.0 16452 4.29057185464E9 272023.93 379485 5.055936331569E10 272023.93 8 2 300 184 46 6900
21600.0 16452 4.48106277493E9 283824.9 395937 5.504042609062E10 283824.9 8 2 300 192 48 7200
22500.0 16560 4.68742557925E9 295625.86 412497 5.972785166987E10 295625.86 8 2 300 200 50 7500
23400.0 16524 4.87278701276E9 307426.83 429021 6.460063868263E10 307426.83 8 2 300 208 52 7800
24300.0 16452 5.05253669151E9 319227.8 445473 6.965317537414E10 319227.8 8 2 300 216 54 8100
25200.0 16452 5.2430276118E9 331028.76 461925 7.489620298594E10 331028.76 8 2 300 224 56 8400
26100.0 16561 5.45202616952E9 342829.73 478486 8.034822915546E10 342829.73 8 2 300 232 58 8700
27000.0 16524 5.63645568876E9 354631.27 495010 8.598468484422E10 354631.27 8 2 300 240 60 9000
27900.0 16452 5.81451079979E9 366432.24 511462 9.179919564401E10 366432.24 8 2 300 248 62 9300
28800.0 16452 6.00500172009E9 378233.21 527914 9.78041973641E10 378233.21 8 2 300 256 64 9600
29700.0 16560 6.21646259121E9 390034.17 544474 1.0402065995531E11 390034.17 8 2 300 264 66 9900
30600.0 16524 6.40012464857E9 401835.14 560998 1.1042078460388E11 401835.14 8 2 300 272 68 10200
31500.0 16452 6.57647563716E9 413636.11 577450 1.1699726024104E11 413636.11 8 2 300 280 70 10500
32400.0 16452 6.76696655745E9 425437.07 593902 1.2376422679849E11 425437.07 8 2 300 288 72 10800
33300.0 16560 6.98097642844E9 437238.04 610462 1.3074520322693E11 437238.04 8 2 300 296 74 11100
34200.0 16524 7.16378883424E9 449039.01 626986 1.3790899206117E11 449039.01 8 2 300 304 76 11400
35100.0 16452 7.33844047457E9 460839.98 643438 1.4524743253574E11 460839.98 8 2 300 312 78 11700
36000.0 16452 7.52893139486E9 472640.94 659890 1.527763639306E11 472640.94 8 2 300 320 80 12000
36900.0 16560 7.74549027473E9 484441.91 676450 1.6052185420533E11 484441.91 8 2 300 328 82 12300
37800.0 16524 7.92745301095E9 496242.88 692974 1.6844930721628E11 496242.88 8 2 300 336 84 12600
38700.0 16452 8.1004053121E9 508043.85 709426 1.7654971252838E11 508043.85 8 2 300 344 86 12900
39600.0 16452 8.29090072259E9 519845.37 725878 1.8484061325096E11 519845.37 8 2 300 352 88 13200
40500.0 16560 8.51001342324E9 531646.35 742438 1.9335062667421E11 531646.35 8 2 300 360 90 13500
41400.0 16524 8.69112647952E9 543447.32 758962 2.0204175315373E11 543447.32 8 2 300 368 92 13800
42300.0 16452 8.86237942075E9 555248.29 775414 2.1090413257448E11 555248.29 8 2 300 376 94 14100
43200.0 16452 9.05287034106E9 567049.25 791866 2.1995700291554E11 567049.25 8 2 300 384 96 14400
44100.0 16560 9.2745272607E9 578850.22 808426 2.2923153017624E11 578850.22 8 2 300 392 98 14700
45000.0 16524 9.45479065635E9 590651.19 824950 2.3868632083259E11 590651.19 8 2 300 400 100 15000
45900.0 16452 9.62434425839E9 602452.16 841402 2.4831066509098E11 602452.16 8 2 300 408 102 15300
46800.0 16452 9.8148351787E9 614253.12 857854 2.5812550026968E11 614253.12 8 2 300 416 104 15600
47700.0 16560 1.003912770072E10 626054.08 874414 2.681646279704E11 626054.08 8 2 300 424 106 15900
48600.0 16524 1.021845482434E10 637855.06 890938 2.7838308279475E11 637855.06 8 2 300 432 108 16200
49500.0 16452 1.038630909613E10 649656.02 907390 2.8876939189088E11 649656.02 8 2 300 440 110 16500
50400.0 16452 1.057680001644E10 661456.99 923842 2.9934619190732E11 661456.99 8 2 300 448 112 16800
51300.0 16560 1.080355496283E10 673257.95 940402 3.1014974687015E11 673257.95 8 2 300 456 114 17100
52200.0 16524 1.098212350988E10 685059.49 956926 3.2113187038003E11 685059.49 8 2 300 464 116 17400
53100.0 16452 1.114828320495E10 696860.47 973378 3.3228015358498E11 696860.47 8 2 300 472 118 17700
54000.0 16452 1.133877412526E10 708661.43 989830 3.4361892771024E11 708661.43 8 2 300 480 120 18000
54900.0 16560 1.156807811153E10 720462.39 1006390 3.5518700582177E11 720462.39 8 2 300 488 122 18300
55800.0 16524 1.174579247903E10 732263.37 1022914 3.669327983008E11 732263.37 8 2 300 496 124 18600
56700.0 16452 1.191024804264E10 744064.33 1039366 3.7884304634344E11 744064.33 8 2 300 504 126 18900
57600.0 16452 1.210073896295E10 755865.3 1055818 3.9094378530639E11 755865.3 8 2 300 512 128 19200
58500.0 16560 1.23325919581E10 767666.26 1072378 4.0327637726448E11 767666.26 8 2 300 520 130 19500
59400.0 16524 1.250945665597E10 779467.24 1088902 4.1578583392045E11 779467.24 8 2 300 528 132 19800
60300.0 16452 1.267221288033E10 791268.2 1105354 4.2845804680078E11 791268.2 8 2 300 536 134 20100
61200.0 16452 1.286270380064E10 803069.17 1121806 4.4132075060142E11 803069.17 8 2 300 544 136 20400
62100.0 16560 1.309710580466E10 814870.13 1138366 4.5441785640608E11 814870.13 8 2 300 552 138 20700
63000.0 16524 1.32731208329E10 826671.1 1154890 4.6769097723898E11 826671.1 8 2 300 560 140 21000
63900.0 16458 1.343417771802E10 838472.07 1171348 4.81125154957E11 838472.07 8 2 300 568 142 21300
64800.0 16455 1.362467332513E10 850273.55 1187803 4.9474982828213E11 850273.55 8 2 300 576 144 21600
65700.0 16560 1.38617150473E10 862074.57 1204363 5.0861154332943E11 862074.57 8 2 300 584 146 21900
66600.0 16524 1.40367942862E10 873875.55 1220887 5.2264833761562E11 873875.55 8 2 300 592 148 22200
67500.0 16452 1.419615181142E10 885676.51 1237339 5.3684448942704E11 885676.51 8 2 300 600 150 22500
68400.0 16452 1.438664273173E10 897477.48 1253791 5.5123113215877E11 897477.48 8 2 300 608 152 22800
69300.0 16560 1.462614277546E10 909278.44 1270351 5.6585727493423E11 909278.44 8 2 300 616 154 23100
70200.0 16524 1.480045845413E10 921079.41 1286875 5.8065773338837E11 921079.41 8 2 300 624 156 23400
71100.0 16452 1.495811664911E10 932880.38 1303327 5.9561585003748E11 932880.38 8 2 300 632 158 23700
72000.0 16452 1.514860756942E10 944681.34 1319779 6.107644576069E11 944681.34 8 2 300 640 160 24000
72900.0 16560 1.539065663102E10 956482.31 1336339 6.2615511423792E11 956482.31 8 2 300 648 162 24300
73800.0 16524 1.556412264007E10 968283.28 1352863 6.4171923687799E11 968283.28 8 2 300 656 164 24600
74700.0 16452 1.57200814868E10 980084.25 1369315 6.5743931836479E11 980084.25 8 2 300 664 166 24900
75600.0 16452 1.591057240711E10 991885.21 1385767 6.733498907719E11 991885.21 8 2 300 672 168 25200
76500.0 16561 1.61552570531E10 1003686.18 1402328 6.89505147825E11 1003686.18 8 2 300 680 170 25500
77400.0 16524 1.632778989455E10 1015487.56 1418852 7.0583293771956E11 1015487.56 8 2 300 688 172 25800
78300.0 16452 1.648205419422E10 1027288.69 1435304 7.2231499191378E11 1027288.69 8 2 300 696 174 26100
79200.0 16452 1.667254647135E10 1039089.65 1451756 7.3898753838513E11 1039089.65 8 2 300 704 176 26400
80100.0 16560 1.691969357257E10 1050890.62 1468316 7.5590723195771E11 1050890.62 8 2 300 712 178 26700
81000.0 16524 1.709146472959E10 1062691.59 1484840 7.729986966873E11 1062691.59 8 2 300 720 180 27000
81900.0 16452 1.724402038868E10 1074492.56 1501292 7.9024271707598E11 1074492.56 8 2 300 728 182 27300
82800.0 16452 1.743451130899E10 1086293.52 1517744 8.0767722838498E11 1086293.52 8 2 300 736 184 27600
83700.0 16560 1.76842940126E10 1098094.48 1534304 8.2536152239757E11 1098094.48 8 2 300 744 186 27900
84600.0 16524 1.785512441797E10 1109895.46 1550828 8.4321664681555E11 1109895.46 8 2 300 752 188 28200
85500.0 16452 1.800598522632E10 1121696.42 1567280 8.6122263204187E11 1121696.42 8 2 300 760 190 28500
86400.0 16452 1.819647614663E10 1133497.39 1583732 8.794191081885E11 1133497.39 8 2 300 768 192 28800
87300.0 16560 1.84487212566E10 1145298.35 1600292 8.9786782944509E11 1145298.35 8 2 300 776 194 29100
88200.0 16524 1.861879307437E10 1157099.33 1616816 9.1648662251946E11 1157099.33 8 2 300 784 196 29400
89100.0 16452 1.876795006396E10 1168900.29 1633268 9.3525457258342E11 1168900.29 8 2 300 792 198 29700
90000.0 16452 1.89584432739E10 1180701.55 1649720 9.5421301585732E11 1180701.55 8 2 300 800 200 30000
90900.0 16560 1.921332876511E10 1192502.79 1666280 9.7342634462243E11 1192502.79 8 2 300 808 202 30300
91800.0 16524 1.93824619984E10 1204303.76 1682804 9.9280880662083E11 1204303.76 8 2 300 816 204 30600
92700.0 16452 1.95299241167E10 1216104.73 1699256 1.01233873073753E12 1216104.73 8 2 300 824 206 30900
93600.0 16452 1.972041503701E10 1227905.69 1715708 1.03205914577453E12 1227905.69 8 2 300 832 208 31200
94500.0 16560 1.997775820454E10 1239706.66 1732268 1.05203690397908E12 1239706.66 8 2 300 840 210 31500
95400.0 16524 2.014613066385E10 1251507.63 1748792 1.07218303464293E12 1251507.63 8 2 300 848 212 31800
96300.0 16452 2.029188895439E10 1263308.6 1765244 1.09247492359732E12 1263308.6 8 2 300 856 214 32100
97200.0 16452 2.04823798747E10 1275109.56 1781696 1.11295730347202E12 1275109.56 8 2 300 864 216 32400
98100.0 16560 2.074227205111E10 1286910.53 1798256 1.13369957552313E12 1286910.53 8 2 300 872 218 32700
99000.0 16524 2.090979035228E10 1298711.5 1814780 1.15460936587541E12 1298711.5 8 2 300 880 220 33000
99900.0 16452 2.105385379208E10 1310512.47 1831232 1.17566321966749E12 1310512.47 8 2 300 888 222 33300
100800.0 16452 2.124434471239E10 1322313.43 1847684 1.19690756437988E12 1322313.43 8 2 300 896 224 33600
101700.0 16560 2.150678589768E10 1334114.4 1864244 1.21841435027756E12 1334114.4 8 2 300 904 226 33900
102600.0 16524 2.167345592185E10 1345915.55 1880768 1.2400878061994E12 1345915.55 8 2 300 912 228 34200
103500.0 16452 2.181582470306E10 1357716.9 1897220 1.26190363090246E12 1357716.9 8 2 300 920 230 34500
104400.0 16452 2.200631878921E10 1369517.87 1913672 1.28390994969167E12 1369517.87 8 2 300 928 232 34800
105300.0 16561 2.227130910874E10 1381318.84 1930233 1.3061812588004E12 1381318.84 8 2 300 936 234 35100
106200.0 16524 2.243712796589E10 1393119.81 1946757 1.3286183867663E12 1393119.81 8 2 300 944 236 35400
107100.0 16452 2.257779270659E10 1404920.77 1963209 1.35119617947289E12 1404920.77 8 2 300 952 238 35700
108000.0 16452 2.27682836269E10 1416721.74 1979661 1.37396446309979E12 1416721.74 8 2 300 960 240 36000
108900.0 16560 2.303582286084E10 1428522.7 1996221 1.39700028596063E12 1428522.7 8 2 300 968 242 36300
109800.0 16524 2.320079215189E10 1440323.68 2012745 1.42020107811252E12 1440323.68 8 2 300 976 244 36600
110700.0 16452 2.333975754439E10 1452124.64 2029197 1.44354083565691E12 1452124.64 8 2 300 984 246 36900
111600.0 16452 2.35302484647E10 1463925.61 2045649 1.46707108412161E12 1463925.61 8 2 300 992 248 37200
112500.0 16560 2.380033671651E10 1475726.57 2062209 1.49087142083813E12 1475726.57 8 2 300 1000 250 37500
113400.0 16524 2.396445631994E10 1487527.55 2078733 1.51483587715807E12 1487527.55 8 2 300 1008 252 37800
114300.0 16453 2.410172238219E10 1499328.51 2095186 1.53893759954026E12 1499328.51 8 2 300 1016 254 38100
115200.0 16459 2.429221382064E10 1511129.54 2111645 1.5632298133609E12 1511129.54 8 2 300 1024 256 38400
116100.0 16560 2.456485540262E10 1522931.0 2128205 1.58779466876352E12 1522931.0 8 2 300 1032 258 38700
117000.0 16524 2.472812977478E10 1534731.99 2144729 1.6125227985383E12 1534731.99 8 2 300 1040 260 39000
117900.0 16452 2.486369646816E10 1546532.95 2161181 1.63738649500646E12 1546532.95 8 2 300 1048 262 39300
118800.0 16452 2.505418738847E10 1558333.92 2177633 1.66244068239492E12 1558333.92 8 2 300 1056 264 39600
119700.0 16560 2.532937369797E10 1570134.88 2194193 1.68777005609289E12 1570134.88 8 2 300 1064 266 39900
120600.0 16524 2.549179394283E10 1581935.85 2210717 1.71326185003572E12 1581935.85 8 2 300 1072 268 40200
121500.0 16452 2.562566130596E10 1593736.82 2227169 1.73888751134168E12 1593736.82 8 2 300 1080 270 40500
122400.0 16452 2.581615222627E10 1605537.78 2243621 1.76470366356795E12 1605537.78 8 2 300 1088 272 40800
123300.0 16560 2.609388752664E10 1617338.75 2260181 1.79079755109459E12 1617338.75 8 2 300 1096 274 41100
124200.0 16524 2.625545812888E10 1629139.72 2276705 1.81705300922346E12 1629139.72 8 2 300 1104 276 41400
125100.0 16452 2.638762614376E10 1640940.69 2293157 1.84344063536722E12 1640940.69 8 2 300 1112 278 41700
126000.0 16452 2.657811706407E10 1652741.65 2309609 1.87001875243129E12 1652741.65 8 2 300 1120 280 42000
126900.0 16560 2.685840138232E10 1664542.62 2326169 1.89687715381361E12 1664542.62 8 2 300 1128 282 42300
127800.0 16525 2.701912230593E10 1676343.59 2342694 1.92389627611954E12 1676343.59 8 2 300 1136 284 42600
128700.0 16452 2.714959546887E10 1688145.12 2359146 1.95104587158841E12 1688145.12 8 2 300 1144 286 42900
129600.0 16452 2.734009117294E10 1699946.09 2375598 1.97838596276135E12 1699946.09 8 2 300 1152 288 43200
130500.0 16560 2.762292454008E10 1711747.06 2392158 2.00600888730143E12 1711747.06 8 2 300 1160 290 43500
131400.0 16524 2.778279576573E10 1723548.03 2408682 2.03379168306715E12 1723548.03 8 2 300 1168 292 43800
132300.0 16452 2.791156509043E10 1735349.0 2425134 2.06170324815759E12 1735349.0 8 2 300 1176 294 44100
133200.0 16452 2.810205601074E10 1747149.96 2441586 2.08980530416833E12 1747149.96 8 2 300 1184 296 44400
134100.0 16560 2.838743837775E10 1758950.93 2458146 2.11819274254608E12 1758950.93 8 2 300 1192 298 44700
135000.0 16524 2.854645995178E10 1770751.9 2474670 2.14673920249786E12 1770751.9 8 2 300 1200 300 45000
135900.0 16452 2.867352992823E10 1782552.87 2491122 2.17541273242609E12 1782552.87 8 2 300 1208 302 45300
136800.0 16452 2.886402084854E10 1794353.83 2507574 2.20427675327463E12 1794353.83 8 2 300 1216 304 45600
137700.0 16560 2.915195221543E10 1806154.8 2524134 2.23342870549006E12 1806154.8 8 2 300 1224 306 45900
138600.0 16524 2.931012411983E10 1817955.77 2540658 2.26273882960988E12 1817955.77 8 2 300 1232 308 46200
139500.0 16452 2.943549476603E10 1829756.73 2557110 2.29217432437592E12 1829756.73 8 2 300 1240 310 46500
140400.0 16452 2.962598568634E10 1841557.7 2573562 2.32180031006226E12 1841557.7 8 2 300 1248 312 46800
141300.0 16560 2.991647046113E10 1853359.23 2590122 2.3517167805234E12 1853359.23 8 2 300 1256 314 47100
142200.0 16524 3.007379759762E10 1865160.21 2606646 2.38179057812102E12 1865160.21 8 2 300 1264 316 47400
143100.0 16452 3.019746887491E10 1876961.18 2623098 2.41198804699593E12 1876961.18 8 2 300 1272 318 47700
144000.0 16452 3.038795979522E10 1888762.14 2639550 2.44237600679114E12 1888762.14 8 2 300 1280 320 48000
144900.0 16560 3.068098921986E10 1900563.11 2656110 2.473056996011E12 1900563.11 8 2 300 1288 322 48300
145800.0 16524 3.083746176567E10 1912364.08 2672634 2.50389445777668E12 1912364.08 8 2 300 1296 324 48600
146700.0 16452 3.095943371271E10 1924165.04 2689086 2.53485389148939E12 1924165.04 8 2 300 1304 326 48900
147600.0 16452 3.114992463302E10 1935966.01 2705538 2.5660038161224E12 1935966.01 8 2 300 1312 328 49200
148500.0 16560 3.144550306654E10 1947766.97 2722098 2.59744931918894E12 1947766.97 8 2 300 1320 330 49500
149400.0 16524 3.160112595172E10 1959567.95 2738622 2.62905044514066E12 1959567.95 8 2 300 1328 332 49800
150300.0 16452 3.172139855051E10 1971368.91 2755074 2.66077184369117E12 1971368.91 8 2 300 1336 334 50100
151200.0 16452 3.191188947082E10 1983169.88 2771526 2.69268373316199E12 1983169.88 8 2 300 1344 336 50400
152100.0 16560 3.221001690421E10 1994970.84 2788086 2.7248937500662E12 1994970.84 8 2 300 1352 338 50700
153000.0 16524 3.23647901198E10 2006771.82 2804610 2.757258540186E12 2006771.82 8 2 300 1360 340 51000
153900.0 16452 3.248336787561E10 2018573.35 2821062 2.78974190806161E12 2018573.35 8 2 300 1368 342 51300
154800.0 16452 3.267386357965E10 2030374.32 2837514 2.82241577164126E12 2030374.32 8 2 300 1376 344 51600
155700.0 16560 3.297454006187E10 2042175.28 2854074 2.85539031170314E12 2042175.28 8 2 300 1384 346 51900
156600.0 16524 3.312846359747E10 2053976.26 2870598 2.8885187753006E12 2053976.26 8 2 300 1392 348 52200
157500.0 16452 3.324533749696E10 2065777.22 2887050 2.92176411279757E12 2065777.22 8 2 300 1400 350 52500
158400.0 16452 3.343582841721E10 2077578.19 2903502 2.95519994121478E12 2077578.19 8 2 300 1408 352 52800
159300.0 16560 3.373914048382E10 2089379.15 2920062 2.9889390816986E12 2089379.15 8 2 300 1416 354 53100
160200.0 16524 3.389212776527E10 2101180.13 2936586 3.02283120946387E12 2101180.13 8 2 300 1424 356 53400
161100.0 16452 3.400730233452E10 2112981.09 2953038 3.05683851179839E12 2112981.09 8 2 300 1432 358 53700
162000.0 16452 3.419779325477E10 2124782.06 2969490 3.09103630505316E12 2124782.06 8 2 300 1440 360 54000
162900.0 16560 3.450356774574E10 2136583.02 2986050 3.1255398727989E12 2136583.02 8 2 300 1448 362 54300
163800.0 16524 3.465579644849E10 2148383.99 3002574 3.16019566924739E12 2148383.99 8 2 300 1456 364 54600
164700.0 16452 3.476926717197E10 2160184.96 3019026 3.19496493641936E12 2160184.96 8 2 300 1464 366 54900
165600.0 16458 3.495975809222E10 2171985.92 3035484 3.22992469451158E12 2171985.92 8 2 300 1472 368 55200
166500.0 16563 3.526817265291E10 2183787.45 3052047 3.26519286716449E12 2183787.45 8 2 300 1480 370 55500
167400.0 16524 3.541946541948E10 2195588.44 3068571 3.30061233258397E12 2195588.44 8 2 300 1488 372 55800
168300.0 16452 3.553124128055E10 2207389.4 3085023 3.33614357386452E12 2207389.4 8 2 300 1496 374 56100
169200.0 16452 3.57217322008E10 2219190.37 3101475 3.37186530606532E12 2219190.37 8 2 300 1504 376 56400
170100.0 16560 3.603260474053E10 2230991.33 3118035 3.40789791080585E12 2230991.33 8 2 300 1512 378 56700
171000.0 16524 3.618313408469E10 2242792.3 3134559 3.44408104489053E12 2242792.3 8 2 300 1520 380 57000
171900.0 16452 3.6293206118E10 2254593.27 3151011 3.48037425100854E12 2254593.27 8 2 300 1528 382 57300
172800.0 16452 3.648369703825E10 2266394.23 3167463 3.51685794804679E12 2266394.23 8 2 300 1536 384 57600
173700.0 16560 3.679711858685E10 2278195.2 3184023 3.55365506663364E12 2278195.2 8 2 300 1544 386 57900
174600.0 16524 3.694679377288E10 2289996.17 3200547 3.59060186040651E12 2289996.17 8 2 300 1552 388 58200
175500.0 16452 3.705517095545E10 2301797.14 3216999 3.62765703136197E12 2301797.14 8 2 300 1560 390 58500
176400.0 16452 3.72456618757E10 2313598.1 3233451 3.66490269323767E12 2313598.1 8 2 300 1568 392 58800
177300.0 16560 3.756163244217E10 2325399.07 3250011 3.70246432567984E12 2325399.07 8 2 300 1576 394 59100
178200.0 16525 3.771045794958E10 2337200.04 3266536 3.74017478362942E12 2337200.04 8 2 300 1584 396 59400
179100.0 16452 3.781713980879E10 2349001.51 3282988 3.77799192343821E12 2349001.51 8 2 300 1592 398 59700
180000.0 16452 3.800763549774E10 2360802.54 3299440 3.81599955893595E12 2360802.54 8 2 300 1600 400 60000
180900.0 16560 3.832615558085E10 2372603.51 3316000 3.8543257145168E12 2372603.51 8 2 300 1608 402 60300
181800.0 16524 3.847413139926E10 2384404.48 3332524 3.89279984591606E12 2384404.48 8 2 300 1616 404 60600
182700.0 16452 3.85791098827E10 2396205.45 3348976 3.93137895579876E12 2396205.45 8 2 300 1624 406 60900
183600.0 16452 3.876960080295E10 2408006.41 3365428 3.97014855660171E12 2408006.41 8 2 300 1632 408 61200
184500.0 16560 3.909066940012E10 2419807.38 3381988 4.00923922600183E12 2419807.38 8 2 300 1640 410 61500
185400.0 16524 3.92377955759E10 2431608.35 3398512 4.04847702157773E12 2431608.35 8 2 300 1648 412 61800
186300.0 16452 3.93410747201E10 2443409.31 3414964 4.08781809629783E12 2443409.31 8 2 300 1656 414 62100
187200.0 16452 3.953156564035E10 2455210.28 3431416 4.12734966193817E12 2455210.28 8 2 300 1664 416 62400
188100.0 16560 3.985518327339E10 2467011.24 3447976 4.16720484521156E12 2467011.24 8 2 300 1672 418 62700
189000.0 16524 4.000145975255E10 2478812.22 3464500 4.20720630496411E12 2478812.22 8 2 300 1680 420 63000
189900.0 16452 4.010303955749E10 2490613.18 3480952 4.2473093445216E12 2490613.18 8 2 300 1688 422 63300
190800.0 16452 4.029353047774E10 2502414.15 3497404 4.28760287499935E12 2502414.15 8 2 300 1696 424 63600
191700.0 16560 4.061970018496E10 2514215.51 3513964 4.3282225751843E12 2514215.51 8 2 300 1704 426 63900
192600.0 16524 4.076513150686E10 2526016.65 3530488 4.36898770669117E12 2526016.65 8 2 300 1712 428 64200
193500.0 16452 4.086501361875E10 2537817.62 3546940 4.40985272030992E12 2537817.62 8 2 300 1720 430 64500
194400.0 16452 4.1055504539E10 2549618.59 3563392 4.45090822484892E12 2549618.59 8 2 300 1728 432 64800
195300.0 16560 4.138422020264E10 2561419.55 3579952 4.49229244505156E12 2561419.55 8 2 300 1736 434 65100
196200.0 16524 4.152879735027E10 2573220.52 3596476 4.53382124240182E12 2573220.52 8 2 300 1744 436 65400
197100.0 16452 4.162697845615E10 2585021.49 3612928 4.57544822085797E12 2585021.49 8 2 300 1752 438 65700
198000.0 16452 4.18174693764E10 2596822.45 3629380 4.61726569023437E12 2596822.45 8 2 300 1760 440 66000
198900.0 16560 4.214873405791E10 2608623.42 3645940 4.65941442429228E12 2608623.42 8 2 300 1768 442 66300
199800.0 16524 4.229246152691E10 2620424.39 3662464 4.70170688581919E12 2620424.39 8 2 300 1776 444 66600
200700.0 16452 4.238894329354E10 2632225.36 3678916 4.74409582911274E12 2632225.36 8 2 300 1784 446 66900
201600.0 16452 4.257943421379E10 2644026.32 3695368 4.78667526332653E12 2644026.32 8 2 300 1792 448 67200
202500.0 16560 4.291324791318E10 2655827.29 3711928 4.82958851123971E12 2655827.29 8 2 300 1800 450 67500
203400.0 16524 4.305612570356E10 2667628.26 3728452 4.87264463694327E12 2667628.26 8 2 300 1808 452 67800
204300.0 16452 4.315091031154E10 2679429.5 3744904 4.91579554725481E12 2679429.5 8 2 300 1816 454 68100
205200.0 16452 4.334140589792E10 2691230.76 3761356 4.95913695315273E12 2691230.76 8 2 300 1824 456 68400
206100.0 16560 4.367777097704E10 2703031.73 3777916 5.00281472412977E12 2703031.73 8 2 300 1832 458 68700
207000.0 16525 4.381979930357E10 2714832.7 3794441 5.04663452343334E12 2714832.7 8 2 300 1840 460 69000
207900.0 16452 4.3912882182E10 2726633.66 3810893 5.09054740561534E12 2726633.66 8 2 300 1848 462 69300
208800.0 16452 4.410337310225E10 2738434.63 3827345 5.13465077871758E12 2738434.63 8 2 300 1856 464 69600
209700.0 16560 4.44422848502E10 2750235.59 3843905 5.17909306356779E12 2750235.59 8 2 300 1864 466 69900
210600.0 16524 4.458346329084E10 2762036.57 3860429 5.22367652685863E12 2762036.57 8 2 300 1872 468 70200
211500.0 16452 4.467484701918E10 2773837.53 3876881 5.26835137387781E12 2773837.53 8 2 300 1880 470 70500
212400.0 16452 4.486533793943E10 2785638.5 3893333 5.31321671181724E12 2785638.5 8 2 300 1888 472 70800
213300.0 16560 4.520679866926E10 2797439.46 3909893 5.3584235104865E12 2797439.46 8 2 300 1896 474 71100
214200.0 16524 4.534712746727E10 2809240.44 3926417 5.40377063795377E12 2809240.44 8 2 300 1904 476 71400
215100.0 16452 4.543681185636E10 2821041.4 3942869 5.44920744981013E12 2821041.4 8 2 300 1912 478 71700
216000.0 16458 4.562730277661E10 2832842.37 3959327 5.49483475258674E12 2832842.37 8 2 300 1920 480 72000
216900.0 16562 4.59713136249E10 2844643.51 3975889 5.54080606621164E12 2844643.51 8 2 300 1928 482 72300
217800.0 16524 4.611079769265E10 2856444.87 3992413 5.58691686390429E12 2856444.87 8 2 300 1936 484 72600
218700.0 16452 4.619878593314E10 2868245.84 4008865 5.63311564983743E12 2868245.84 8 2 300 1944 486 72900
219600.0 16452 4.638927685339E10 2880046.81 4025317 5.67950492669082E12 2880046.81 8 2 300 1952 488 73200
220500.0 16560 4.673583564087E10 2891847.77 4041877 5.72624076233169E12 2891847.77 8 2 300 1960 490 73500
221400.0 16524 4.687446508033E10 2903648.74 4058401 5.77311522741202E12 2903648.74 8 2 300 1968 492 73800
222300.0 16452 4.696075077026E10 2915449.71 4074853 5.82007597818228E12 2915449.71 8 2 300 1976 494 74100
223200.0 16452 4.715124169051E10 2927250.67 4091305 5.8672272198728E12 2927250.67 8 2 300 1984 496 74400
224100.0 16560 4.750034949586E10 2939051.64 4107865 5.91472756936866E12 2939051.64 8 2 300 1992 498 74700
225000.0 16524 4.763812925671E10 2950852.61 4124389 5.96236569862537E12 2950852.61 8 2 300 2000 500 75000
225900.0 16452 4.772271560739E10 2962653.58 4140841 6.01008841423276E12 2962653.58 8 2 300 2008 502 75300
226800.0 16452 4.791320652764E10 2974454.54 4157293 6.0580016207604E12 2974454.54 8 2 300 2016 504 75600
227700.0 16560 4.826486333286E10 2986255.51 4173853 6.10626648409326E12 2986255.51 8 2 300 2024 506 75900
228600.0 16525 4.840179343308E10 2998056.48 4190378 6.15466827752635E12 2998056.48 8 2 300 2032 508 76200
229500.0 16452 4.848468086323E10 3009857.5 4206830 6.20315295838957E12 3009857.5 8 2 300 2040 510 76500
230400.0 16452 4.867517630677E10 3021658.97 4223282 6.25182813469635E12 3021658.97 8 2 300 2048 512 76800
231300.0 16560 4.902938647113E10 3033459.95 4239842 6.30085752116748E12 3033459.95 8 2 300 2056 514 77100
232200.0 16524 4.916546688241E10 3045260.92 4256366 6.35002298804988E12 3045260.92 8 2 300 2064 516 77400
233100.0 16452 4.924665453396E10 3057061.89 4272818 6.39926964258385E12 3057061.89 8 2 300 2072 518 77700
234000.0 16452 4.943714545421E10 3068862.85 4289270 6.44870678803806E12 3068862.85 8 2 300 2080 520 78000
234900.0 16560 4.979390030813E10 3080663.82 4305830 6.49850068834618E12 3080663.82 8 2 300 2088 522 78300
235800.0 16524 4.992913105878E10 3092464.79 4322354 6.54842981940496E12 3092464.79 8 2 300 2096 524 78600
236700.0 16452 5.000861937109E10 3104265.75 4338806 6.59843843877605E12 3104265.75 8 2 300 2104 526 78900
237600.0 16452 5.019911029134E10 3116066.72 4355258 6.64863754906739E12 3116066.72 8 2 300 2112 528 79200
238500.0 16560 5.055841416313E10 3127867.68 4371818 6.69919596323051E12 3127867.68 8 2 300 2120 530 79500
239400.0 16524 5.069279523516E10 3139668.66 4388342 6.74988875846567E12 3139668.66 8 2 300 2128 532 79800
240300.0 16452 5.077058420821E10 3151469.62 4404794 6.80065934267388E12 3151469.62 8 2 300 2136 534 80100
241200.0 16452 5.096107512846E10 3163270.59 4421246 6.85162041780234E12 3163270.59 8 2 300 2144 536 80400
242100.0 16560 5.132292800012E10 3175071.55 4437806 6.90294334580246E12 3175071.55 8 2 300 2152 538 80700
243000.0 16524 5.14564639111E10 3186873.09 4454330 6.95439980971356E12 3186873.09 8 2 300 2160 540 81000
243900.0 16452 5.153255831647E10 3198674.06 4470782 7.00593236803003E12 3198674.06 8 2 300 2168 542 81300
244800.0 16452 5.172304923672E10 3210475.03 4487234 7.05765541726675E12 3210475.03 8 2 300 2176 544 81600
245700.0 16560 5.208745115726E10 3222275.99 4503794 7.10974286842402E12 3222275.99 8 2 300 2184 546 81900
246600.0 16524 5.222013287971E10 3234076.97 4520318 7.16196300130372E12 3234076.97 8 2 300 2192 548 82200
247500.0 16452 5.229452315359E10 3245877.93 4536770 7.21425752445732E12 3245877.93 8 2 300 2200 550 82500
248400.0 16452 5.248501407384E10 3257678.9 4553222 7.26674253853116E12 3257678.9 8 2 300 2208 552 82800
249300.0 16560 5.285196500322E10 3269479.86 4569782 7.31959450353438E12 3269479.86 8 2 300 2216 554 83100
250200.0 16524 5.298379705603E10 3281280.84 4586306 7.37257830059041E12 3281280.84 8 2 300 2224 556 83400
251100.0 16452 5.305648799067E10 3293081.8 4602758 7.42563478858107E12 3293081.8 8 2 300 2232 558 83700
252000.0 16452 5.324697891092E10 3304882.76 4619210 7.47888176749199E12 3304882.76 8 2 300 2240 560 84000
252900.0 16560 5.361647884016E10 3316683.73 4635770 7.53249824633215E12 3316683.73 8 2 300 2248 562 84300
253800.0 16524 5.37474612324E10 3328484.7 4652294 7.58624570756456E12 3328484.7 8 2 300 2256 564 84600
254700.0 16452 5.381845282779E10 3340285.67 4668746 7.64006416039235E12 3340285.67 8 2 300 2264 566 84900
255600.0 16452 5.400894823825E10 3352087.2 4685198 7.6940731086306E12 3352087.2 8 2 300 2272 568 85200
256500.0 16560 5.43810019973E10 3363888.17 4701758 7.7484541106279E12 3363888.17 8 2 300 2280 570 85500
257400.0 16525 5.451113470058E10 3375689.15 4718283 7.80296524532848E12 3375689.15 8 2 300 2288 572 85800
258300.0 16452 5.458042693605E10 3387490.11 4734735 7.85754567226453E12 3387490.11 8 2 300 2296 574 86100
259200.0 16452 5.47709178563E10 3399291.08 4751187 7.91231659012082E12 3399291.08 8 2 300 2304 576 86400
260100.0 16560 5.51455158343E10 3411092.04 4767747 7.96746210595513E12 3411092.04 8 2 300 2312 578 86700
261000.0 16524 5.527479887685E10 3422893.01 4784271 8.02273690483198E12 3422893.01 8 2 300 2320 580 87000
261900.0 16452 5.534239177307E10 3434693.98 4800723 8.07807929660504E12 3434693.98 8 2 300 2328 582 87300
262800.0 16452 5.553288269331E10 3446494.94 4817175 8.13361217929836E12 3446494.94 8 2 300 2336 584 87600
263700.0 16560 5.591011627375E10 3458295.91 4833735 8.1895222955721E12 3458295.91 8 2 300 2344 586 87900
264600.0 16524 5.603846305317E10 3470096.88 4850259 8.24556075862527E12 3470096.88 8 2 300 2352 588 88200
265500.0 16452 5.610435661014E10 3481897.85 4866711 8.30166511523541E12 3481897.85 8 2 300 2360 590 88500
266400.0 16452 5.629484753039E10 3493698.81 4883163 8.3579599627658E12 3493698.81 8 2 300 2368 592 88800
267300.0 16568 5.667454354616E10 3505499.78 4899731 8.41463450631196E12 3505499.78 8 2 300 2376 594 89100
268200.0 16524 5.680213583706E10 3517301.32 4916255 8.47143664214902E12 3517301.32 8 2 300 2384 596 89400
269100.0 16452 5.68663307185E10 3529102.29 4932707 8.52830297286752E12 3529102.29 8 2 300 2392 598 89700
270000.0 16452 5.705682163875E10 3540903.25 4949159 8.58535979450627E12 3540903.25 8 2 300 2400 600 90000
270900.0 16560 5.743915327694E10 3552704.22 4965719 8.64279894778321E12 3552704.22 8 2 300 2408 602 90300
271800.0 16524 5.756580068893E10 3564505.19 4982243 8.70036474847214E12 3564505.19 8 2 300 2416 604 90600
272700.0 16452 5.762829555573E10 3576306.16 4998695 8.75799304402788E12 3576306.16 8 2 300 2424 606 90900
273600.0 16452 5.781878647598E10 3588107.12 5015147 8.81581183050386E12 3588107.12 8 2 300 2432 608 91200
274500.0 16560 5.820358051149E10 3599908.09 5031707 8.87401541101535E12 3599908.09 8 2 300 2440 610 91500
275400.0 16524 5.832946937193E10 3611709.06 5048231 8.93234488038728E12 3611709.06 8 2 300 2448 612 91800
276300.0 16452 5.839026039297E10 3623510.03 5064683 8.99073514078025E12 3623510.03 8 2 300 2456 614 92100
277200.0 16452 5.858075131322E10 3635310.99 5081135 9.04931589209346E12 3635310.99 8 2 300 2464 616 92400
278100.0 16560 5.89680943846E10 3647111.95 5097695 9.10828398647806E12 3647111.95 8 2 300 2472 618 92700
279000.0 16524 5.90931290419E10 3658912.93 5114219 9.16737711551996E12 3658912.93 8 2 300 2480 620 93000
279900.0 16453 5.91522252302E10 3670713.89 5130672 9.22652934075016E12 3670713.89 8 2 300 2488 622 93300
280800.0 16452 5.934272064066E10 3682515.42 5147124 9.28587206139082E12 3682515.42 8 2 300 2496 624 93600
281700.0 16560 5.97327040994E10 3694316.4 5163684 9.34560476549023E12 3694316.4 8 2 300 2504 626 93900
282600.0 16524 5.985680251918E10 3706117.37 5180208 9.40546156800941E12 3706117.37 8 2 300 2512 628 94200
283500.0 16452 5.991419933857E10 3717918.34 5196660 9.46537576734798E12 3717918.34 8 2 300 2520 630 94500
284400.0 16452 6.010469025881E10 3729719.3 5213112 9.52548045760679E12 3729719.3 8 2 300 2528 632 94800
285300.0 16560 6.049713136995E10 3741520.26 5229672 9.58597758897674E12 3741520.26 8 2 300 2536 634 95100
286200.0 16524 6.062047118423E10 3753321.24 5246196 9.64659806016098E12 3753321.24 8 2 300 2544 636 95400
287100.0 16452 6.067616417585E10 3765122.2 5262648 9.70727422433683E12 3765122.2 8 2 300 2552 638 95700
288000.0 16452 6.08666550961E10 3776923.17 5279100 9.76814087943293E12 3776923.17 8 2 300 2560 640 96000
288900.0 16560 6.126173180967E10 3788724.13 5295660 9.8294026112426E12 3788724.13 8 2 300 2568 642 96300
289800.0 16524 6.138413087231E10 3800525.11 5312184 9.89078674211491E12 3800525.11 8 2 300 2576 644 96600
290700.0 16452 6.14381290132E10 3812326.07 5328636 9.95222487112811E12 3812326.07 8 2 300 2584 646 96900
291600.0 16452 6.162861993345E10 3824127.04 5345088 1.001385349106156E13 3824127.04 8 2 300 2592 648 97200
292500.0 16560 6.202615906233E10 3835928.0 5361648 1.007587965012388E13 3835928.0 8 2 300 2600 650 97500
293400.0 16524 6.214780293485E10 3847729.47 5378172 1.013802745305874E13 3847729.47 8 2 300 2608 652 97800
294300.0 16452 6.220010254229E10 3859530.51 5394624 1.020022755560103E13 3859530.51 8 2 300 2616 654 98100
295200.0 16452 6.239059402077E10 3871331.48 5411076 1.026261814962179E13 3871331.48 8 2 300 2624 656 98400
296100.0 16560 6.279068218046E10 3883132.44 5427636 1.032540883180226E13 3883132.44 8 2 300 2632 658 98700
297000.0 16524 6.29114684871E10 3894933.42 5444160 1.038832030028936E13 3894933.42 8 2 300 2640 660 99000
297900.0 16452 6.296206793786E10 3906734.38 5460612 1.045128236822722E13 3906734.38 8 2 300 2648 662 99300
298800.0 16452 6.315255885811E10 3918535.35 5477064 1.051443492708532E13 3918535.35 8 2 300 2656 664 99600
299700.0 16560 6.355519603568E10 3930336.31 5493624 1.0577990123121E13 3930336.31 8 2 300 2664 666 99900
300600.0 16524 6.367513267269E10 3942137.28 5510148 1.064166525579369E13 3942137.28 8 2 300 2672 668 100200
301500.0 16452 6.37240327752E10 3953938.25 5526600 1.07053892885689E13 3953938.25 8 2 300 2680 670 100500
302400.0 16452 6.391452369545E10 3965739.21 5543052 1.076930381226434E13 3965739.21 8 2 300 2688 672 100800
303300.0 16560 6.431970986394E10 3977540.18 5559612 1.083362352212828E13 3977540.18 8 2 300 2696 674 101100
304200.0 16524 6.443879684033E10 3989341.15 5576136 1.089806231896861E13 3989341.15 8 2 300 2704 676 101400
305100.0 16452 6.44859976126E10 4001142.12 5592588 1.096254831658122E13 4001142.12 8 2 300 2712 678 101700
306000.0 16452 6.467649164346E10 4012943.47 5609040 1.102722480822468E13 4012943.47 8 2 300 2720 680 102000
306900.0 16560 6.508423116678E10 4024744.61 5625600 1.109230903939145E13 4024744.61 8 2 300 2728 682 102300
307800.0 16524 6.520247026667E10 4036545.59 5642124 1.115751150965812E13 4036545.59 8 2 300 2736 684 102600
308700.0 16453 6.524797189753E10 4048346.56 5658577 1.122275948155565E13 4048346.56 8 2 300 2744 686 102900
309600.0 16452 6.543846259037E10 4060147.52 5675029 1.128819794414602E13 4060147.52 8 2 300 2752 688 103200
310500.0 16560 6.584874682523E10 4071948.48 5691589 1.135404669097126E13 4071948.48 8 2 300 2760 690 103500
311400.0 16524 6.596613443443E10 4083749.46 5708113 1.142001282540569E13 4083749.46 8 2 300 2768 692 103800
312300.0 16452 6.600993650763E10 4095550.42 5724565 1.148602276191332E13 4095550.42 8 2 300 2776 694 104100
313200.0 16452 6.620042742788E10 4107351.39 5741017 1.15522231893412E13 4107351.39 8 2 300 2784 696 104400
314100.0 16560 6.661326065362E10 4119152.35 5757577 1.161883644999482E13 4119152.35 8 2 300 2792 698 104700
315000.0 16524 6.672979862018E10 4130953.33 5774101 1.1685566248615E13 4130953.33 8 2 300 2800 700 105000
315900.0 16452 6.677190134514E10 4142754.29 5790553 1.175233814996015E13 4142754.29 8 2 300 2808 702 105300
316800.0 16452 6.696239226539E10 4154555.26 5807005 1.181930054222554E13 4154555.26 8 2 300 2816 704 105600
317700.0 16566 6.7377774518E10 4166356.22 5823571 1.188667831674354E13 4166356.22 8 2 300 2824 706 105900
318600.0 16526 6.74934690711E10 4178157.47 5840097 1.195417178581464E13 4178157.47 8 2 300 2832 708 106200
319500.0 16452 6.753387296991E10 4189958.73 5856549 1.202170565878455E13 4189958.73 8 2 300 2840 710 106500
320400.0 16452 6.772436631822E10 4201759.7 5873001 1.208943002510277E13 4201759.7 8 2 300 2848 712 106800
321300.0 16560 6.814229759253E10 4213560.66 5889561 1.21575723226953E13 4213560.66 8 2 300 2856 714 107100
322200.0 16524 6.825713620963E10 4225361.63 5906085 1.222582945890493E13 4225361.63 8 2 300 2864 716 107400
323100.0 16452 6.829584023554E10 4237162.6 5922537 1.229412529914047E13 4237162.6 8 2 300 2872 718 107700
324000.0 16452 6.848633115579E10 4248963.56 5938989 1.236261163029625E13 4248963.56 8 2 300 2880 720 108000
324900.0 16560 6.890681145697E10 4260764.53 5955549 1.243151844175322E13 4260764.53 8 2 300 2888 722 108300
325800.0 16524 6.902080037749E10 4272565.5 5972073 1.250053924213072E13 4272565.5 8 2 300 2896 724 108600
326700.0 16452 6.905780507315E10 4284366.47 5988525 1.256959704720387E13 4284366.47 8 2 300 2904 726 108900
327600.0 16452 6.92482959934E10 4296167.43 6004977 1.263884534319727E13 4296167.43 8 2 300 2912 728 109200
328500.0 16560 6.967132527645E10 4307968.4 6021537 1.270851666847372E13 4307968.4 8 2 300 2920 730 109500
329400.0 16524 6.978446455436E10 4319769.37 6038061 1.277830113302808E13 4319769.37 8 2 300 2928 732 109800
330300.0 16453 6.981976991077E10 4331570.33 6054514 1.284812090293885E13 4331570.33 8 2 300 2936 734 110100
331200.0 16452 7.001026212259E10 4343371.46 6070966 1.291813116506144E13 4343371.46 8 2 300 2944 736 110400
332100.0 16560 7.043593174665E10 4355172.83 6087526 1.298856709680809E13 4355172.83 8 2 300 2952 738 110700
333000.0 16524 7.054814248823E10 4366973.81 6104050 1.305911523929632E13 4366973.81 8 2 300 2960 740 111000
333900.0 16452 7.058174398728E10 4378774.78 6120502 1.31296969832836E13 4378774.78 8 2 300 2968 742 111300
334800.0 16452 7.077223490753E10 4390575.74 6136954 1.320046921819113E13 4390575.74 8 2 300 2976 744 111600
335700.0 16560 7.120036225724E10 4402376.7 6153514 1.327166958044837E13 4402376.7 8 2 300 2984 746 111900
336600.0 16524 7.131180217659E10 4414177.68 6170038 1.334298138262496E13 4414177.68 8 2 300 2992 748 112200
337500.0 16452 7.13437088249E10 4425978.64 6186490 1.341432509144985E13 4425978.64 8 2 300 3000 750 112500
338400.0 16452 7.153419974515E10 4437779.61 6202942 1.3485859291195E13 4437779.61 8 2 300 3008 752 112800
339300.0 16560 7.196487609472E10 4449580.57 6219502 1.355782416728972E13 4449580.57 8 2 300 3016 754 113100
340200.0 16524 7.207547083301E10 4461381.55 6236026 1.362989963812274E13 4461381.55 8 2 300 3024 756 113400
341100.0 16452 7.210567366257E10 4473182.51 6252478 1.37020053117853E13 4473182.51 8 2 300 3032 758 113700
342000.0 16452 7.229616458282E10 4484983.48 6268930 1.377430147636812E13 4484983.48 8 2 300 3040 760 114000
342900.0 16560 7.2729476553E10 4496784.44 6285490 1.384703095292112E13 4496784.44 8 2 300 3048 762 114300
343800.0 16524 7.283913071224E10 4508585.46 6302014 1.391987008363336E13 4508585.46 8 2 300 3056 764 114600
344700.0 16452 7.286764332744E10 4520386.94 6318466 1.39927377269608E13 4520386.94 8 2 300 3064 766 114900
345600.0 16452 7.305813867704E10 4532187.92 6334918 1.406579586563784E13 4532187.92 8 2 300 3072 768 115200

