# seed = 1, gamma = 1.0, beta = 1.0, dee = 100.0, dcc = 50.0, dec = 600.0, dsc = 200.0, dLocalhost = 0.015, hostBroker = EDGE, numOfCloud = 1, numOfEdge = 1, numOfSmartphone = 300 
#
# The columns have the following meaning: 
# instant[SECONDS] delayCountPartial delaySumPartial[SECONDS] delayMaxPartial[SECONDS] delayCountTot delaySumTot[SECONDS] delayMaxTot[SECONDS] runOnCloudPartial runOnEdgePartial runOnSmartphonePartial runOnCloudTot runOnEdgeTot runOnSmartphoneTot
0.0 0 0.0 0.0 0 0.0 0.0 0 0 0 0 0 0
900.0 16560 9.793692142E7 12111.79 16560 9.793692142E7 12111.79 0 10 300 0 10 300
1800.0 16524 2.8373202076E8 23624.06 33084 3.8166894218E8 23624.06 0 10 300 0 20 600
2700.0 16452 4.69027967E8 35135.84 49536 8.5069690918E8 35135.84 0 10 300 0 30 900
3600.0 16453 6.5484974883E8 46647.61 65989 1.50554665801E9 46647.61 0 10 300 0 40 1200
4500.0 16560 8.4380876356E8 58159.38 82549 2.34935542157E9 58159.38 0 10 300 0 50 1500
5400.0 16524 1.02869050778E9 69671.16 99073 3.37804592935E9 69671.16 0 10 300 0 60 1800
6300.0 16452 1.21232020484E9 81182.93 115525 4.5903661342E9 81182.93 0 10 300 0 70 2100
7200.0 16452 1.39814198667E9 92694.71 131977 5.98850812087E9 92694.71 0 10 300 0 80 2400
8100.0 16560 1.58950293884E9 104206.48 148537 7.57801105971E9 104206.48 0 10 300 0 90 2700
9000.0 16524 1.77363612236E9 115718.26 165061 9.35164718206E9 115718.26 0 10 300 0 100 3000
9900.0 16452 1.95561244296E9 127230.03 181513 1.130725962502E10 127230.03 0 10 300 0 110 3300
10800.0 16452 2.14143422478E9 138741.8 197965 1.344869384981E10 138741.8 0 10 300 0 120 3600
11700.0 16560 2.33536634398E9 150253.58 214525 1.578406019379E10 150253.58 0 10 300 0 130 3900
12600.0 16530 2.51859037497E9 161765.36 231055 1.830265056876E10 161765.36 0 10 300 0 140 4200
13500.0 16454 2.69890701573E9 173277.42 247509 2.100155758449E10 173277.42 0 10 300 0 150 4500
14400.0 16452 2.8847334775E9 184789.47 263961 2.388629106199E10 184789.47 0 10 300 0 160 4800
15300.0 16560 3.08106973842E9 196301.24 280521 2.696736080041E10 196301.24 0 10 300 0 170 5100
16200.0 16524 3.26354522517E9 207813.02 297045 3.023090602558E10 207813.02 0 10 300 0 180 5400
17100.0 16452 3.44220613424E9 219324.8 313497 3.367311215981E10 219324.8 0 10 300 0 190 5700
18000.0 16452 3.62802791606E9 230836.57 329949 3.730114007588E10 230836.57 0 10 300 0 200 6000
18900.0 16560 3.82684851975E9 242348.34 346509 4.112798859562E10 242348.34 0 10 300 0 210 6300
19800.0 16524 4.00849514976E9 253860.12 363033 4.513648374538E10 253860.12 0 10 300 0 220 6600
20700.0 16452 4.18549837234E9 265371.89 379485 4.932198211772E10 265371.89 0 10 300 0 230 6900
21600.0 16452 4.37132015416E9 276883.66 395937 5.369330227188E10 276883.66 0 10 300 0 240 7200
22500.0 16560 4.57262729208E9 288395.44 412497 5.826592956396E10 288395.44 0 10 300 0 250 7500
23400.0 16524 4.75344509235E9 299907.22 429021 6.301937465631E10 299907.22 0 10 300 0 260 7800
24300.0 16452 4.92879061044E9 311418.99 445473 6.794816526674E10 311418.99 0 10 300 0 270 8100
25200.0 16453 5.11461239226E9 322930.76 461926 7.306277765901E10 322930.76 0 10 300 0 280 8400
26100.0 16560 5.31849481788E9 334443.04 478486 7.838127247689E10 334443.04 0 10 300 0 290 8700
27000.0 16524 5.4984036943E9 345954.89 495010 8.387967617119E10 345954.89 0 10 300 0 300 9000
27900.0 16452 5.67209209261E9 357466.66 511462 8.95517682638E10 357466.66 0 10 300 0 310 9300
28800.0 16452 5.85791387443E9 368978.43 527914 9.540968213823E10 368978.43 0 10 300 0 320 9600
29700.0 16560 6.06419414778E9 380490.2 544474 1.0147387628601E11 380490.2 0 10 300 0 330 9900
30600.0 16524 6.24335421569E9 392001.98 560998 1.077172305017E11 392001.98 0 10 300 0 340 10200
31500.0 16452 6.41538433119E9 403513.76 577450 1.141326148329E11 403513.76 0 10 300 0 350 10500
32400.0 16452 6.60120611302E9 415025.53 593902 1.2073382094592E11 415025.53 0 10 300 0 360 10800
33300.0 16560 6.8099729206E9 426537.3 610462 1.2754379386652E11 426537.3 0 10 300 0 370 11100
34200.0 16524 6.98830415882E9 438049.08 626986 1.3453209802535E11 438049.08 0 10 300 0 380 11400
35100.0 16452 7.15867656983E9 449560.85 643438 1.4169077459518E11 449560.85 0 10 300 0 390 11700
36000.0 16452 7.34449835166E9 461072.63 659890 1.4903527294684E11 461072.63 0 10 300 0 400 12000
36900.0 16560 7.55575170248E9 472584.4 676450 1.5659102464932E11 472584.4 0 10 300 0 410 12300
37800.0 16524 7.73325409301E9 484096.18 692974 1.6432427874233E11 484096.18 0 10 300 0 420 12600
38700.0 16452 7.90197335292E9 495608.52 709426 1.7222625209525E11 495608.52 0 10 300 0 430 12900
39600.0 16452 8.0877998615E9 507120.3 725878 1.8031405195675E11 507120.3 0 10 300 0 440 13200
40500.0 16560 8.30153978658E9 518632.07 742438 1.8861559174333E11 518632.07 0 10 300 0 450 13500
41400.0 16524 8.47821331904E9 530143.85 758962 1.9709380506237E11 530143.85 0 10 300 0 460 13800
42300.0 16452 8.64527031847E9 541655.62 775414 2.0573907538084E11 541655.62 0 10 300 0 470 14100
43200.0 16452 8.83109210031E9 553167.39 791866 2.1457016748114E11 553167.39 0 10 300 0 480 14400
44100.0 16560 9.04731855962E9 564679.17 808426 2.2361748604077E11 564679.17 0 10 300 0 490 14700
45000.0 16524 9.22316325334E9 576190.95 824950 2.3284064929411E11 576190.95 0 10 300 0 500 15000
45900.0 16452 9.38856255733E9 587702.72 841402 2.4222921185144E11 587702.72 0 10 300 0 510 15300
46800.0 16452 9.57438433917E9 599214.49 857854 2.518035961906E11 599214.49 0 10 300 0 520 15600
47700.0 16560 9.79318200148E9 610726.26 874414 2.6159677819209E11 610726.26 0 10 300 0 530 15900
48600.0 16524 9.9681131788E9 622238.04 890938 2.7156489137089E11 622238.04 0 10 300 0 540 16200
49500.0 16452 1.01318547963E10 633749.82 907390 2.8169674616718E11 633749.82 0 10 300 0 550 16500
50400.0 16452 1.031767657814E10 645261.59 923842 2.9201442274532E11 645261.59 0 10 300 0 560 16800
51300.0 16560 1.053888058299E10 656773.92 940402 3.0255330332831E11 656773.92 0 10 300 0 570 17100
52200.0 16524 1.071307241401E10 668285.71 956926 3.1326637574232E11 668285.71 0 10 300 0 580 17400
53100.0 16452 1.087515630634E10 679797.49 973378 3.2414153204866E11 679797.49 0 10 300 0 590 17700
54000.0 16452 1.106097808818E10 691309.26 989830 3.3520251013684E11 691309.26 0 10 300 0 600 18000
54900.0 16560 1.128466421722E10 702821.03 1006390 3.4648717435407E11 702821.03 0 10 300 0 610 18300
55800.0 16524 1.145802234841E10 714332.81 1022914 3.5794519670248E11 714332.81 0 10 300 0 620 18600
56700.0 16452 1.161844854526E10 725844.58 1039366 3.6956364524774E11 725844.58 0 10 300 0 630 18900
57600.0 16452 1.18042703271E10 737356.36 1055818 3.8136791557484E11 737356.36 0 10 300 0 640 19200
58500.0 16560 1.203044299937E10 748868.13 1072378 3.9339835857421E11 748868.13 0 10 300 0 650 19500
59400.0 16524 1.220297228282E10 760379.91 1088902 4.0560133085703E11 760379.91 0 10 300 0 660 19800
60300.0 16452 1.236174078418E10 771891.68 1105354 4.1796307164121E11 771891.68 0 10 300 0 670 20100
61200.0 16452 1.254756256602E10 783403.45 1121806 4.3051063420722E11 783403.45 0 10 300 0 680 20400
62100.0 16566 1.277622178152E10 794915.22 1138372 4.4328685598875E11 794915.22 0 10 300 0 690 20700
63000.0 16527 1.294792311242E10 806427.13 1154899 4.5623477910117E11 806427.13 0 10 300 0 700 21000
63900.0 16452 1.310503857504E10 817939.34 1171351 4.6933981767621E11 817939.34 0 10 300 0 710 21300
64800.0 16452 1.329086404074E10 829451.12 1187803 4.8263068171695E11 829451.12 0 10 300 0 720 21600
65700.0 16560 1.352209448115E10 840962.89 1204363 4.961527761981E11 840962.89 0 10 300 0 730 21900
66600.0 16524 1.369288140804E10 852474.67 1220887 5.0984565760614E11 852474.67 0 10 300 0 740 22200
67500.0 16452 1.384833449782E10 863986.45 1237339 5.2369399210396E11 863986.45 0 10 300 0 750 22500
68400.0 16452 1.403415627966E10 875498.22 1253791 5.3772814838363E11 875498.22 0 10 300 0 760 22800
69300.0 16560 1.426778860354E10 887009.99 1270351 5.5199593698716E11 887009.99 0 10 300 0 770 23100
70200.0 16524 1.443783133345E10 898521.77 1286875 5.6643376832061E11 898521.77 0 10 300 0 780 23400
71100.0 16452 1.459162673674E10 910033.54 1303327 5.8102539505735E11 910033.54 0 10 300 0 790 23700
72000.0 16452 1.477744851858E10 921545.32 1319779 5.9580284357593E11 921545.32 0 10 300 0 800 24000
72900.0 16560 1.501356739469E10 933057.09 1336339 6.1081641097062E11 933057.09 0 10 300 0 810 24300
73800.0 16524 1.518278127686E10 944568.87 1352863 6.2599919224747E11 944568.87 0 10 300 0 820 24600
74700.0 16453 1.533491897565E10 956080.64 1369316 6.4133411122313E11 956080.64 0 10 300 0 830 24900
75600.0 16452 1.552074350242E10 967592.76 1385768 6.5685485472555E11 967592.76 0 10 300 0 840 25200
76500.0 16560 1.575943840767E10 979104.75 1402328 6.7261429313322E11 979104.75 0 10 300 0 850 25500
77400.0 16524 1.592774045128E10 990616.54 1418852 6.885420335845E11 990616.54 0 10 300 0 860 25800
78300.0 16452 1.607822043402E10 1002128.31 1435304 7.0462025401852E11 1002128.31 0 10 300 0 870 26100
79200.0 16452 1.626404221587E10 1013640.08 1451756 7.2088429623439E11 1013640.08 0 10 300 0 880 26400
80100.0 16560 1.650513420029E10 1025151.85 1468316 7.3738943043468E11 1025151.85 0 10 300 0 890 26700
81000.0 16524 1.667269470471E10 1036663.63 1484840 7.5406212513939E11 1036663.63 0 10 300 0 900 27000
81900.0 16452 1.682151267289E10 1048175.41 1501292 7.7088363781228E11 1048175.41 0 10 300 0 910 27300
82800.0 16452 1.700733445473E10 1059687.18 1517744 7.8789097226701E11 1059687.18 0 10 300 0 920 27600
83700.0 16560 1.725099764215E10 1071198.95 1534304 8.0514196990917E11 1071198.95 0 10 300 0 930 27900
84600.0 16524 1.741764032005E10 1082710.73 1550828 8.2255961022922E11 1082710.73 0 10 300 0 940 28200
85500.0 16452 1.756480491176E10 1094222.5 1567280 8.4012441514098E11 1094222.5 0 10 300 0 950 28500
86400.0 16452 1.77506266936E10 1105734.27 1583732 8.5787504183458E11 1105734.27 0 10 300 0 960 28800
87300.0 16560 1.79966917555E10 1117246.05 1600292 8.7587173359008E11 1117246.05 0 10 300 0 970 29100
88200.0 16524 1.816259882748E10 1128758.38 1616816 8.9403433241755E11 1128758.38 0 10 300 0 980 29400
89100.0 16452 1.830810630398E10 1140270.17 1633268 9.1234243872154E11 1140270.17 0 10 300 0 990 29700
90000.0 16452 1.849392819829E10 1151781.95 1649720 9.3083636691982E11 1151781.95 0 10 300 0 1000 30000
90900.0 16560 1.874256449417E10 1163293.72 1666280 9.4957893141399E11 1163293.72 0 10 300 0 1010 30300
91800.0 16524 1.89075494663E10 1174805.5 1682804 9.6848648088029E11 1174805.5 0 10 300 0 1020 30600
92700.0 16452 1.905139865537E10 1186317.27 1699256 9.8753787953566E11 1186317.27 0 10 300 0 1030 30900
93600.0 16452 1.923722043721E10 1197829.04 1715708 1.00677509997287E12 1197829.04 0 10 300 0 1040 31200
94500.0 16560 1.948825862557E10 1209340.81 1732268 1.02626335859844E12 1209340.81 0 10 300 0 1050 31500
95400.0 16524 1.965250371973E10 1220852.6 1748792 1.04591586231817E12 1220852.6 0 10 300 0 1060 31800
96300.0 16452 1.979469089429E10 1232364.37 1765244 1.06571055321245E12 1232364.37 0 10 300 0 1070 32100
97200.0 16452 1.998051267613E10 1243876.14 1781696 1.08569106588858E12 1243876.14 0 10 300 0 1080 32400
98100.0 16560 2.023403740773E10 1255387.91 1798256 1.10592510329631E12 1255387.91 0 10 300 0 1090 32700
99000.0 16524 2.039744933512E10 1266899.69 1814780 1.12632255263143E12 1266899.69 0 10 300 0 1100 33000
99900.0 16452 2.053798313321E10 1278411.46 1831232 1.14686053576465E12 1278411.46 0 10 300 0 1110 33300
100800.0 16452 2.072380946226E10 1289923.8 1847684 1.1675843452269E12 1289923.8 0 10 300 0 1120 33600
101700.0 16560 2.097982549197E10 1301435.58 1864244 1.18856417071888E12 1301435.58 0 10 300 0 1130 33900
102600.0 16525 2.114240857028E10 1312947.36 1880769 1.20970657928916E12 1312947.36 0 10 300 0 1140 34200
103500.0 16452 2.128128464321E10 1324459.14 1897221 1.23098786393237E12 1324459.14 0 10 300 0 1150 34500
104400.0 16452 2.146710642505E10 1335970.91 1913673 1.25245497035741E12 1335970.91 0 10 300 0 1160 34800
105300.0 16560 2.172560428313E10 1347482.68 1930233 1.27418057464054E12 1347482.68 0 10 300 0 1170 35100
106200.0 16524 2.18873584957E10 1358994.46 1946757 1.29606793313624E12 1358994.46 0 10 300 0 1180 35400
107100.0 16452 2.202457688213E10 1370506.23 1963209 1.31809251001837E12 1370506.23 0 10 300 0 1190 35700
108000.0 16452 2.221039866397E10 1382018.0 1979661 1.34030290868234E12 1382018.0 0 10 300 0 1200 36000
108900.0 16560 2.247138305629E10 1393529.78 1996221 1.36277429173862E12 1393529.78 0 10 300 0 1210 36300
109800.0 16524 2.263230843916E10 1405041.56 2012745 1.38540660017779E12 1405041.56 0 10 300 0 1220 36600
110700.0 16452 2.276786912116E10 1416553.33 2029197 1.40817446929895E12 1416553.33 0 10 300 0 1230 36900
111600.0 16452 2.2953690903E10 1428065.1 2045649 1.43112816020195E12 1428065.1 0 10 300 0 1240 37200
112500.0 16568 2.32171631311E10 1439576.87 2062217 1.45434532333304E12 1439576.87 0 10 300 0 1250 37500
113400.0 16524 2.337726286467E10 1451089.22 2078741 1.47772258619771E12 1451089.22 0 10 300 0 1260 37800
114300.0 16452 2.351117063126E10 1462601.0 2095193 1.50123375682897E12 1462601.0 0 10 300 0 1270 38100
115200.0 16452 2.36969924131E10 1474112.77 2111645 1.52493074924208E12 1474112.77 0 10 300 0 1280 38400
116100.0 16560 2.39629499139E10 1485624.54 2128205 1.54889369915598E12 1485624.54 0 10 300 0 1290 38700
117000.0 16524 2.412221759995E10 1497136.33 2144729 1.57301591675594E12 1497136.33 0 10 300 0 1300 39000
117900.0 16452 2.425446287029E10 1508648.1 2161181 1.59727037962623E12 1508648.1 0 10 300 0 1310 39300
118800.0 16452 2.444028465213E10 1520159.87 2177633 1.62171066427836E12 1520159.87 0 10 300 0 1320 39600
119700.0 16560 2.470872872317E10 1531671.64 2194193 1.64641939300153E12 1531671.64 0 10 300 0 1330 39900
120600.0 16524 2.486716752548E10 1543183.42 2210717 1.67128656052701E12 1543183.42 0 10 300 0 1340 40200
121500.0 16452 2.499775510932E10 1554695.2 2227169 1.69628431563633E12 1554695.2 0 10 300 0 1350 40500
122400.0 16452 2.518357689116E10 1566206.97 2243621 1.72146789252749E12 1566206.97 0 10 300 0 1360 40800
123300.0 16560 2.545450748744E10 1577718.74 2260181 1.74692240001493E12 1577718.74 0 10 300 0 1370 41100
124200.0 16525 2.5612117469E10 1589230.52 2276706 1.77253451748393E12 1589230.52 0 10 300 0 1380 41400
125100.0 16452 2.574104873214E10 1600742.47 2293158 1.79827556621606E12 1600742.47 0 10 300 0 1390 41700
126000.0 16452 2.592687515244E10 1612254.63 2309610 1.8242024413685E12 1612254.63 0 10 300 0 1400 42000
126900.0 16560 2.620029554845E10 1623766.41 2326170 1.85040273691695E12 1623766.41 0 10 300 0 1410 42300
127800.0 16524 2.635707666296E10 1635278.19 2342694 1.87675981357991E12 1635278.19 0 10 300 0 1420 42600
128700.0 16452 2.648434882622E10 1646789.96 2359146 1.90324416240613E12 1646789.96 0 10 300 0 1430 42900
129600.0 16452 2.667017060806E10 1658301.73 2375598 1.92991433301419E12 1658301.73 0 10 300 0 1440 43200
130500.0 16560 2.694607433971E10 1669813.5 2392158 1.9568604073539E12 1669813.5 0 10 300 0 1450 43500
131400.0 16524 2.710202658848E10 1681325.29 2408682 1.98396243394238E12 1681325.29 0 10 300 0 1460 43800
132300.0 16452 2.722764106525E10 1692837.06 2425134 2.01119007500764E12 1692837.06 0 10 300 0 1470 44100
133200.0 16452 2.741346284709E10 1704348.83 2441586 2.03860353785473E12 1704348.83 0 10 300 0 1480 44400
134100.0 16560 2.769185311298E10 1715860.6 2458146 2.06629539096771E12 1715860.6 0 10 300 0 1490 44700
135000.0 16524 2.7846976532E10 1727372.38 2474670 2.09414236749971E12 1727372.38 0 10 300 0 1500 45000
135900.0 16452 2.797093330428E10 1738884.16 2491122 2.12211330080399E12 1738884.16 0 10 300 0 1510 45300
136800.0 16452 2.815675508612E10 1750395.93 2507574 2.15027005589011E12 1750395.93 0 10 300 0 1520 45600
137700.0 16560 2.843763528843E10 1761908.09 2524134 2.17870769117854E12 1761908.09 0 10 300 0 1530 45900
138600.0 16524 2.859193404625E10 1773420.05 2540658 2.20729962522479E12 1773420.05 0 10 300 0 1540 46200
139500.0 16452 2.871423476395E10 1784931.82 2557110 2.23601385998874E12 1784931.82 0 10 300 0 1550 46500
140400.0 16452 2.890005654579E10 1796443.6 2573562 2.26491391653453E12 1796443.6 0 10 300 0 1560 46800
141300.0 16560 2.918341992899E10 1807955.37 2590122 2.29409733646353E12 1807955.37 0 10 300 0 1570 47100
142200.0 16524 2.933688564224E10 1819467.15 2606646 2.32343422210577E12 1819467.15 0 10 300 0 1580 47400
143100.0 16452 2.945752700298E10 1830978.92 2623098 2.35289174910875E12 1830978.92 0 10 300 0 1590 47700
144000.0 16452 2.964334878482E10 1842490.69 2639550 2.38253509789357E12 1842490.69 0 10 300 0 1600 48000
144900.0 16560 2.992919871126E10 1854002.46 2656110 2.41246429660484E12 1854002.46 0 10 300 0 1610 48300
145800.0 16524 3.008183556776E10 1865514.25 2672634 2.4425461321726E12 1865514.25 0 10 300 0 1620 48600
146700.0 16452 3.020081924201E10 1877026.02 2689086 2.47274695141461E12 1877026.02 0 10 300 0 1630 48900
147600.0 16452 3.038664102385E10 1888537.79 2705538 2.50313359243846E12 1888537.79 0 10 300 0 1640 49200
148500.0 16560 3.067497749353E10 1900049.56 2722098 2.53380856993199E12 1900049.56 0 10 300 0 1650 49500
149400.0 16524 3.082678551129E10 1911561.34 2738622 2.56463535544328E12 1911561.34 0 10 300 0 1660 49800
150300.0 16452 3.094411602538E10 1923073.68 2755074 2.59557947146865E12 1923073.68 0 10 300 0 1670 50100
151200.0 16452 3.112994253396E10 1934585.46 2771526 2.62670941400261E12 1934585.46 0 10 300 0 1680 50400
152100.0 16560 3.142076556888E10 1946097.23 2788086 2.65813017957149E12 1946097.23 0 10 300 0 1690 50700
153000.0 16524 3.157174472861E10 1957609.01 2804610 2.6897019243001E12 1957609.01 0 10 300 0 1700 51000
153900.0 16452 3.16874129912E10 1969120.79 2821062 2.7213893372913E12 1969120.79 0 10 300 0 1710 51300
154800.0 16452 3.187323477304E10 1980632.56 2837514 2.75326257206433E12 1980632.56 0 10 300 0 1720 51600
155700.0 16560 3.21665443602E10 1992144.33 2854074 2.78542911642453E12 1992144.33 0 10 300 0 1730 51900
156600.0 16524 3.231669467215E10 2003656.11 2870598 2.81774581109669E12 2003656.11 0 10 300 0 1740 52200
157500.0 16452 3.243070523014E10 2015167.88 2887050 2.85017651632682E12 2015167.88 0 10 300 0 1750 52500
158400.0 16452 3.261652701192E10 2026679.65 2903502 2.88279304333874E12 2026679.65 0 10 300 0 1760 52800
159300.0 16560 3.291240778401E10 2038191.43 2920062 2.91570545112275E12 2038191.43 0 10 300 0 1770 53100
160200.0 16524 3.306164459743E10 2049703.21 2936586 2.94876709572018E12 2049703.21 0 10 300 0 1780 53400
161100.0 16452 3.317399746892E10 2061214.98 2953038 2.98194109318909E12 2061214.98 0 10 300 0 1790 53700
162000.0 16461 3.335981957004E10 2072726.75 2969499 3.01530091275914E12 2072726.75 0 10 300 0 1800 54000
162900.0 16560 3.365810636535E10 2084239.09 2986059 3.04895901912449E12 2084239.09 0 10 300 0 1810 54300
163800.0 16524 3.380660816041E10 2095750.88 3002583 3.0827656272849E12 2095750.88 0 10 300 0 1820 54600
164700.0 16452 3.391729897872E10 2107262.65 3019035 3.11668292626362E12 2107262.65 0 10 300 0 1830 54900
165600.0 16452 3.41031207605E10 2118774.42 3035487 3.15078604702411E12 2118774.42 0 10 300 0 1840 55200
166500.0 16560 3.440397465008E10 2130286.19 3052047 3.18519002167419E12 2130286.19 0 10 300 0 1850 55500
167400.0 16524 3.455155376656E10 2141797.98 3068571 3.21974157544075E12 2141797.98 0 10 300 0 1860 55800
168300.0 16452 3.466059121739E10 2153309.75 3085023 3.25440216665814E12 2153309.75 0 10 300 0 1870 56100
169200.0 16452 3.484641299917E10 2164821.52 3101475 3.28924857965731E12 2164821.52 0 10 300 0 1880 56400
170100.0 16560 3.514966878122E10 2176333.29 3118035 3.32439824843853E12 2176333.29 0 10 300 0 1890 56700
171000.0 16524 3.529650801974E10 2187845.07 3134559 3.35969475645827E12 2187845.07 0 10 300 0 1900 57000
171900.0 16452 3.540388345607E10 2199356.84 3151011 3.39509863991434E12 2199356.84 0 10 300 0 1910 57300
172800.0 16452 3.558970523784E10 2210868.62 3167463 3.43068834515218E12 2210868.62 0 10 300 0 1920 57600
173700.0 16560 3.589544756313E10 2222380.39 3184023 3.46658379271531E12 2222380.39 0 10 300 0 1930 57900
174600.0 16525 3.604145363488E10 2233892.17 3200548 3.50262524635019E12 2233892.17 0 10 300 0 1940 58200
175500.0 16452 3.61471802391E10 2245404.51 3217000 3.53877242658929E12 2245404.51 0 10 300 0 1950 58500
176400.0 16452 3.633300674765E10 2256916.29 3233452 3.57510543333694E12 2256916.29 0 10 300 0 1960 58800
177300.0 16560 3.664123565618E10 2268428.06 3250012 3.61174666899312E12 2268428.06 0 10 300 0 1970 59100
178200.0 16524 3.678641286085E10 2279939.84 3266536 3.64853308185397E12 2279939.84 0 10 300 0 1980 59400
179100.0 16452 3.689047720454E10 2291451.61 3282988 3.68542355905851E12 2291451.61 0 10 300 0 1990 59700
180000.0 16452 3.707629898632E10 2302963.38 3299440 3.72249985804483E12 2302963.38 0 10 300 0 2000 60000
180900.0 16560 3.738701444709E10 2314475.16 3316000 3.75988687249192E12 2314475.16 0 10 300 0 2010 60300
181800.0 16524 3.753136279496E10 2325986.94 3332524 3.79741823528687E12 2325986.94 0 10 300 0 2020 60600
182700.0 16452 3.763376944316E10 2337498.71 3348976 3.83505200473003E12 2337498.71 0 10 300 0 2030 60900
183600.0 16452 3.781959122494E10 2349010.48 3365428 3.87287159595497E12 2349010.48 0 10 300 0 2040 61200
184500.0 16560 3.813279320194E10 2360522.25 3381988 3.91100438915691E12 2360522.25 0 10 300 0 2050 61500
185400.0 16524 3.827631272907E10 2372034.03 3398512 3.94928070188598E12 2372034.03 0 10 300 0 2060 61800
186300.0 16452 3.837706168178E10 2383545.81 3414964 3.98765776356776E12 2383545.81 0 10 300 0 2070 62100
187200.0 16452 3.856288523407E10 2395057.8 3431416 4.02622064880183E12 2395057.8 0 10 300 0 2080 62400
188100.0 16560 3.887857831895E10 2406569.92 3447976 4.06509922712078E12 2406569.92 0 10 300 0 2090 62700
189000.0 16524 3.902127191239E10 2418081.7 3464500 4.10412049903318E12 2418081.7 0 10 300 0 2100 63000
189900.0 16452 3.912036314903E10 2429593.48 3480952 4.14324086218221E12 2429593.48 0 10 300 0 2110 63300
190800.0 16452 3.930618493081E10 2441105.25 3497404 4.18254704711302E12 2441105.25 0 10 300 0 2120 63600
191700.0 16560 3.962436004316E10 2452617.02 3513964 4.22217140715618E12 2452617.02 0 10 300 0 2130 63900
192600.0 16524 3.97662218465E10 2464128.8 3530488 4.26193762900268E12 2464128.8 0 10 300 0 2140 64200
193500.0 16452 3.986365538765E10 2475640.57 3546940 4.30180128439033E12 2475640.57 0 10 300 0 2150 64500
194400.0 16452 4.004947716943E10 2487152.34 3563392 4.34185076155976E12 2487152.34 0 10 300 0 2160 64800
195300.0 16560 4.037013881601E10 2498664.12 3579952 4.38222090037577E12 2498664.12 0 10 300 0 2170 65100
196200.0 16524 4.051117178061E10 2510175.9 3596476 4.42273207215638E12 2510175.9 0 10 300 0 2180 65400
197100.0 16452 4.060694762627E10 2521687.67 3612928 4.46333901978266E12 2521687.67 0 10 300 0 2190 65700
198000.0 16452 4.079276940805E10 2533199.44 3629380 4.50413178919071E12 2533199.44 0 10 300 0 2200 66000
198900.0 16560 4.111591760686E10 2544711.21 3645940 4.54524770679757E12 2544711.21 0 10 300 0 2210 66300
199800.0 16524 4.125612510885E10 2556223.42 3662464 4.58650383190642E12 2556223.42 0 10 300 0 2220 66600
200700.0 16452 4.13502479949E10 2567735.34 3678916 4.62785407990132E12 2567735.34 0 10 300 0 2230 66900
201600.0 16453 4.15360708809E10 2579247.11 3695369 4.66939015078222E12 2579247.11 0 10 300 0 2240 67200
202500.0 16560 4.186170566284E10 2590758.88 3711929 4.71125185644506E12 2590758.88 0 10 300 0 2250 67500
203400.0 16524 4.200108090365E10 2602270.66 3728453 4.75325293734871E12 2602270.66 0 10 300 0 2260 67800
204300.0 16452 4.209354133774E10 2613782.44 3744905 4.79534647868645E12 2613782.44 0 10 300 0 2270 68100
205200.0 16452 4.227936311952E10 2625294.21 3761357 4.83762584180596E12 2625294.21 0 10 300 0 2280 68400
206100.0 16560 4.260748441769E10 2636805.98 3777917 4.88023332622365E12 2636805.98 0 10 300 0 2290 68700
207000.0 16524 4.274603083765E10 2648317.76 3794441 4.92297935706131E12 2648317.76 0 10 300 0 2300 69000
207900.0 16452 4.283683357625E10 2659829.53 3810893 4.96581619063756E12 2659829.53 0 10 300 0 2310 69300
208800.0 16452 4.302265535803E10 2671341.3 3827345 5.00883884599559E12 2671341.3 0 10 300 0 2320 69600
209700.0 16560 4.335326322643E10 2682853.08 3843905 5.05219210922202E12 2682853.08 0 10 300 0 2330 69900
210600.0 16524 4.349098077155E10 2694364.86 3860429 5.09568308999357E12 2694364.86 0 10 300 0 2340 70200
211500.0 16460 4.358012581465E10 2705876.63 3876889 5.13926321580822E12 2705876.63 0 10 300 0 2350 70500
212400.0 16452 4.376595214366E10 2717388.97 3893341 5.18302916795189E12 2717388.97 0 10 300 0 2360 70800
213300.0 16560 4.409905128321E10 2728900.75 3909901 5.2271282192351E12 2728900.75 0 10 300 0 2370 71100
214200.0 16524 4.423593999724E10 2740412.53 3926425 5.27136415923234E12 2740412.53 0 10 300 0 2380 71400
215100.0 16452 4.432342732418E10 2751924.3 3942877 5.31568758655652E12 2751924.3 0 10 300 0 2390 71700
216000.0 16452 4.450924910596E10 2763436.07 3959329 5.36019683566249E12 2763436.07 0 10 300 0 2400 72000
216900.0 16560 4.484483009185E10 2774947.84 3975889 5.40504166575434E12 2774947.84 0 10 300 0 2410 72300
217800.0 16524 4.498088993113E10 2786459.62 3992413 5.45002255568547E12 2786459.62 0 10 300 0 2420 72600
218700.0 16452 4.506671956259E10 2797971.4 4008865 5.49508927524806E12 2797971.4 0 10 300 0 2430 72900
219600.0 16452 4.525254134437E10 2809483.17 4025317 5.54034181659242E12 2809483.17 0 10 300 0 2440 73200
220500.0 16560 4.559060885549E10 2820994.94 4041877 5.58593242544791E12 2820994.94 0 10 300 0 2450 73500
221400.0 16524 4.572583986503E10 2832506.72 4058401 5.63165826531294E12 2832506.72 0 10 300 0 2460 73800
222300.0 16452 4.581001180094E10 2844018.49 4074853 5.67746827711387E12 2844018.49 0 10 300 0 2470 74100
223200.0 16452 4.599583358272E10 2855530.27 4091305 5.72346411069659E12 2855530.27 0 10 300 0 2480 74400
224100.0 16561 4.633638782667E10 2867042.04 4107866 5.76980049852326E12 2867042.04 0 10 300 0 2490 74700
225000.0 16524 4.647079429887E10 2878554.38 4124390 5.81627129282214E12 2878554.38 0 10 300 0 2500 75000
225900.0 16452 4.655331331041E10 2890066.17 4140842 5.86282460613255E12 2890066.17 0 10 300 0 2510 75300
226800.0 16452 4.673913509219E10 2901577.94 4157294 5.90956374122474E12 2901577.94 0 10 300 0 2520 75600
227700.0 16560 4.708217572079E10 2913089.71 4173854 5.95664591694553E12 2913089.71 0 10 300 0 2530 75900
228600.0 16524 4.721574902451E10 2924601.49 4190378 6.00386166597004E12 2924601.49 0 10 300 0 2540 76200
229500.0 16452 4.729660554876E10 2936113.26 4206830 6.0511582715188E12 2936113.26 0 10 300 0 2550 76500
230400.0 16452 4.748242733054E10 2947625.03 4223282 6.09864069884934E12 2947625.03 0 10 300 0 2560 76800
231300.0 16560 4.782795451138E10 2959136.81 4239842 6.14646865336072E12 2959136.81 0 10 300 0 2570 77100
232200.0 16524 4.796069895834E10 2970648.59 4256366 6.19442935231906E12 2970648.59 0 10 300 0 2580 77400
233100.0 16452 4.803989778711E10 2982160.36 4272818 6.24246925010617E12 2982160.36 0 10 300 0 2590 77700
234000.0 16452 4.822571956889E10 2993672.13 4289270 6.29069496967506E12 2993672.13 0 10 300 0 2600 78000
234900.0 16560 4.857373328396E10 3005183.9 4305830 6.33926870295902E12 3005183.9 0 10 300 0 2610 78300
235800.0 16524 4.870564889218E10 3016695.68 4322354 6.3879743518512E12 3016695.68 0 10 300 0 2620 78600
236700.0 16452 4.878319040109E10 3028207.5 4338806 6.43675754225229E12 3028207.5 0 10 300 0 2630 78900
237600.0 16452 4.896901672649E10 3039719.79 4355258 6.48572655897878E12 3039719.79 0 10 300 0 2640 79200
238500.0 16560 4.931952136039E10 3051231.57 4371818 6.53504608033918E12 3051231.57 0 10 300 0 2650 79500
239400.0 16524 4.945060810155E10 3062743.35 4388342 6.58449668844073E12 3062743.35 0 10 300 0 2660 79800
240300.0 16452 4.95264915187E10 3074255.13 4404794 6.63402317995943E12 3074255.13 0 10 300 0 2670 80100
241200.0 16452 4.971231330048E10 3085766.9 4421246 6.68373549325991E12 3085766.9 0 10 300 0 2680 80400
242100.0 16560 5.006530013297E10 3097278.67 4437806 6.73380079339288E12 3097278.67 0 10 300 0 2690 80700
243000.0 16524 5.019555803539E10 3108790.45 4454330 6.78399635142827E12 3108790.45 0 10 300 0 2700 81000
243900.0 16452 5.026978375705E10 3120302.22 4470782 6.83426613518532E12 3120302.22 0 10 300 0 2710 81300
244800.0 16452 5.045560553883E10 3131813.99 4487234 6.88472174072415E12 3131813.99 0 10 300 0 2720 81600
245700.0 16560 5.081107892356E10 3143325.77 4503794 6.93553281964771E12 3143325.77 0 10 300 0 2730 81900
246600.0 16524 5.094050796923E10 3154837.55 4520318 6.98647332761694E12 3154837.55 0 10 300 0 2740 82200
247500.0 16452 5.10130759954E10 3166349.32 4536770 7.03748640361234E12 3166349.32 0 10 300 0 2750 82500
248400.0 16452 5.119889777718E10 3177861.09 4553222 7.08868530138952E12 3177861.09 0 10 300 0 2760 82800
249300.0 16560 5.15568598153E10 3189373.13 4569782 7.14024216120481E12 3189373.13 0 10 300 0 2770 83100
250200.0 16524 5.168546453738E10 3200885.21 4586306 7.19192762574219E12 3200885.21 0 10 300 0 2780 83400
251100.0 16452 5.175637745083E10 3212396.99 4602758 7.24368400319303E12 3212396.99 0 10 300 0 2790 83700
252000.0 16453 5.194219942214E10 3223908.76 4619211 7.29562620261517E12 3223908.76 0 10 300 0 2800 84000
252900.0 16560 5.23026457256E10 3235420.53 4635771 7.34792884834077E12 3235420.53 0 10 300 0 2810 84300
253800.0 16524 5.243041707455E10 3246932.31 4652295 7.40035926541532E12 3246932.31 0 10 300 0 2820 84600
254700.0 16452 5.249966968918E10 3258444.09 4668747 7.4528589351045E12 3258444.09 0 10 300 0 2830 84900
255600.0 16452 5.268549147096E10 3269955.86 4685199 7.50554442657547E12 3269955.86 0 10 300 0 2840 85200
256500.0 16560 5.304842451618E10 3281467.63 4701759 7.55859285109165E12 3281467.63 0 10 300 0 2850 85500
257400.0 16524 5.317536700838E10 3292979.41 4718283 7.61176821810003E12 3292979.41 0 10 300 0 2860 85800
258300.0 16452 5.324296192753E10 3304491.18 4734735 7.66501118002756E12 3304491.18 0 10 300 0 2870 86100
259200.0 16452 5.342878370931E10 3316002.95 4751187 7.71843996373688E12 3316002.95 0 10 300 0 2880 86400
260100.0 16560 5.379420328876E10 3327514.73 4767747 7.77223416702564E12 3327514.73 0 10 300 0 2890 86700
261000.0 16530 5.392031694212E10 3339026.51 4784277 7.82615448396776E12 3339026.51 0 10 300 0 2900 87000
261900.0 16454 5.398625829265E10 3350538.75 4800731 7.88014074226041E12 3350538.75 0 10 300 0 2910 87300
262800.0 16452 5.417208444575E10 3362050.62 4817183 7.93431282670616E12 3362050.62 0 10 300 0 2920 87600
263700.0 16560 5.454007599738E10 3373562.39 4833743 7.98885290270354E12 3373562.39 0 10 300 0 2930 87900
264600.0 16524 5.466527613294E10 3385074.18 4850267 8.04351817883648E12 3385074.18 0 10 300 0 2940 88200
265500.0 16452 5.472955564051E10 3396585.95 4866719 8.09824773447698E12 3396585.95 0 10 300 0 2950 88500
266400.0 16452 5.491537742229E10 3408097.72 4883171 8.15316311189927E12 3408097.72 0 10 300 0 2960 88800
267300.0 16560 5.52857701191E10 3419609.49 4899731 8.20844888201837E12 3419609.49 0 10 300 0 2970 89100
268200.0 16524 5.54102303949E10 3431121.27 4916255 8.26385911241327E12 3431121.27 0 10 300 0 2980 89400
269100.0 16452 5.547284787896E10 3442633.04 4932707 8.31933196029223E12 3442633.04 0 10 300 0 2990 89700
270000.0 16452 5.565866966074E10 3454144.82 4949159 8.37499062995297E12 3454144.82 0 10 300 0 3000 90000
270900.0 16560 5.60316335696E10 3465656.59 4965719 8.43102226352257E12 3465656.59 0 10 300 0 3010 90300
271800.0 16524 5.615517599182E10 3477168.37 4982243 8.48717743951439E12 3477168.37 0 10 300 0 3020 90600
272700.0 16452 5.621614011742E10 3488680.14 4998695 8.54339357963181E12 3488680.14 0 10 300 0 3030 90900
273600.0 16453 5.64019618992E10 3500191.91 5015148 8.59979554153101E12 3500191.91 0 10 300 0 3040 91200
274500.0 16560 5.677733212362E10 3511704.25 5031708 8.65657287365463E12 3511704.25 0 10 300 0 3050 91500
275400.0 16524 5.690013955459E10 3523216.04 5048232 8.71347301320922E12 3523216.04 0 10 300 0 3060 91800
276300.0 16452 5.695944162701E10 3534727.81 5064684 8.77043245483623E12 3534727.81 0 10 300 0 3070 92100
277200.0 16452 5.714526340878E10 3546239.58 5081136 8.82757771824501E12 3546239.58 0 10 300 0 3080 92400
278100.0 16560 5.752311578432E10 3557751.36 5097696 8.88510083402933E12 3557751.36 0 10 300 0 3090 92700
279000.0 16524 5.764508515152E10 3569263.14 5114220 8.94274591918085E12 3569263.14 0 10 300 0 3100 93000
279900.0 16452 5.770273386546E10 3580774.91 5130672 9.00044865304631E12 3580774.91 0 10 300 0 3110 93300
280800.0 16452 5.788855564724E10 3592286.68 5147124 9.05833720869356E12 3592286.68 0 10 300 0 3120 93600
281700.0 16560 5.826897919881E10 3603798.45 5163684 9.11660618789236E12 3603798.45 0 10 300 0 3130 93900
282600.0 16524 5.839003509447E10 3615310.23 5180208 9.17499622298683E12 3615310.23 0 10 300 0 3140 94200
283500.0 16452 5.844602610392E10 3626822.01 5196660 9.23344224909075E12 3626822.01 0 10 300 0 3150 94500
284400.0 16452 5.86318478857E10 3638333.78 5213112 9.29207409697645E12 3638333.78 0 10 300 0 3160 94800
285300.0 16560 5.90146733387E10 3649845.55 5229672 9.35108877031515E12 3649845.55 0 10 300 0 3170 95100
286200.0 16524 5.913498934748E10 3661357.33 5246196 9.41022375966263E12 3661357.33 0 10 300 0 3180 95400
287100.0 16452 5.918932288679E10 3672869.67 5262648 9.46941308254943E12 3672869.67 0 10 300 0 3190 95700
288000.0 16452 5.937514939534E10 3684381.45 5279100 9.52878823194476E12 3684381.45 0 10 300 0 3200 96000
288900.0 16560 5.976054608239E10 3695893.22 5295660 9.58854877802715E12 3695893.22 0 10 300 0 3210 96300
289800.0 16524 5.987994425432E10 3707405.0 5312184 9.64842872228148E12 3707405.0 0 10 300 0 3220 96600
290700.0 16452 5.993261985212E10 3718916.78 5328636 9.7083613421336E12 3718916.78 0 10 300 0 3230 96900
291600.0 16452 6.01184416339E10 3730428.55 5345088 9.7684797837675E12 3730428.55 0 10 300 0 3240 97200
292500.0 16560 6.050624020439E10 3741940.32 5361648 9.82898602397189E12 3741940.32 0 10 300 0 3250 97500
293400.0 16524 6.06248985164E10 3753452.1 5378172 9.88961092248829E12 3753452.1 0 10 300 0 3260 97800
294300.0 16452 6.067591209069E10 3764963.87 5394624 9.95028683457898E12 3764963.87 0 10 300 0 3270 98100
295200.0 16452 6.086173387247E10 3776475.64 5411076 1.001114856845144E13 3776475.64 0 10 300 0 3280 98400
296100.0 16560 6.125201897718E10 3787987.42 5427636 1.007240058742863E13 3787987.42 0 10 300 0 3290 98700
297000.0 16524 6.136984411343E10 3799499.2 5444160 1.013377043154206E13 3799499.2 0 10 300 0 3300 99000
297900.0 16452 6.141920432925E10 3811010.97 5460612 1.019518963587131E13 3811010.97 0 10 300 0 3310 99300
298800.0 16452 6.160502688709E10 3822522.84 5477064 1.02567946627584E13 3822522.84 0 10 300 0 3320 99600
299700.0 16560 6.199780304901E10 3834035.08 5493624 1.031879246580742E13 3834035.08 0 10 300 0 3330 99900
300600.0 16524 6.21148033185E10 3845546.87 5510148 1.038090726912591E13 3845546.87 0 10 300 0 3340 100200
301500.0 16453 6.216250585165E10 3857058.64 5526601 1.044306977497756E13 3857058.64 0 10 300 0 3350 100500
302400.0 16452 6.2348327591E10 3868570.41 5543053 1.050541810256856E13 3868570.41 0 10 300 0 3360 100800
303300.0 16560 6.274358580414E10 3880082.18 5559613 1.05681616883727E13 3880082.18 0 10 300 0 3370 101100
304200.0 16524 6.285975324361E10 3891593.96 5576137 1.063102144161631E13 3891593.96 0 10 300 0 3380 101400
305100.0 16452 6.290579804784E10 3903105.74 5592589 1.069392723966414E13 3903105.74 0 10 300 0 3390 101700
306000.0 16452 6.309161982962E10 3914617.51 5609041 1.075701885949376E13 3914617.51 0 10 300 0 3400 102000
306900.0 16560 6.348936460399E10 3926129.28 5625601 1.082050822409776E13 3926129.28 0 10 300 0 3410 102300
307800.0 16524 6.360470318677E10 3937641.06 5642125 1.088411292728452E13 3937641.06 0 10 300 0 3420 102600
308700.0 16452 6.364909028651E10 3949152.83 5658577 1.094776201757104E13 3949152.83 0 10 300 0 3430 102900
309600.0 16452 6.383491206829E10 3960664.6 5675029 1.101159692963933E13 3960664.6 0 10 300 0 3440 103200
310500.0 16566 6.423514338569E10 3972176.38 5691595 1.107583207302501E13 3972176.38 0 10 300 0 3450 103500
311400.0 16526 6.434965560492E10 3983688.47 5708121 1.114018172862993E13 3983688.47 0 10 300 0 3460 103800
312300.0 16452 6.439238970429E10 3995200.5 5724573 1.120457411833422E13 3995200.5 0 10 300 0 3470 104100
313200.0 16452 6.45782135247E10 4006712.27 5741025 1.126915233185893E13 4006712.27 0 10 300 0 3480 104400
314100.0 16560 6.498093139817E10 4018224.04 5757585 1.13341332632571E13 4018224.04 0 10 300 0 3490 104700
315000.0 16524 6.509461229346E10 4029735.82 5774109 1.139922787555056E13 4029735.82 0 10 300 0 3500 105000
315900.0 16452 6.513568398167E10 4041247.6 5790561 1.146436355953222E13 4041247.6 0 10 300 0 3510 105300
316800.0 16452 6.532150576345E10 4052759.37 5807013 1.152968506529567E13 4052759.37 0 10 300 0 3520 105600
317700.0 16560 6.572671019815E10 4064271.14 5823573 1.159541177549383E13 4064271.14 0 10 300 0 3530 105900
318600.0 16524 6.583956654676E10 4075782.92 5840097 1.166125134204059E13 4075782.92 0 10 300 0 3540 106200
319500.0 16452 6.587897622047E10 4087294.69 5856549 1.172713031826106E13 4087294.69 0 10 300 0 3550 106500
320400.0 16452 6.606479800225E10 4098806.47 5873001 1.17931951162633E13 4098806.47 0 10 300 0 3560 106800
321300.0 16560 6.647248896219E10 4110318.24 5889561 1.185966760522549E13 4110318.24 0 10 300 0 3570 107100
322200.0 16524 6.658451216203E10 4121830.02 5906085 1.192625211738752E13 4121830.02 0 10 300 0 3580 107400
323100.0 16453 6.662226845927E10 4133341.79 5922538 1.199287438584679E13 4133341.79 0 10 300 0 3590 107700
324000.0 16452 6.680809442072E10 4144854.08 5938990 1.205968248026751E13 4144854.08 0 10 300 0 3600 108000
324900.0 16560 6.72182765779E10 4156365.91 5955550 1.212690075684541E13 4156365.91 0 10 300 0 3610 108300
325800.0 16524 6.732947136066E10 4167877.69 5972074 1.219423022820607E13 4167877.69 0 10 300 0 3620 108600
326700.0 16452 6.736556995076E10 4179389.46 5988526 1.226159579815683E13 4179389.46 0 10 300 0 3630 108900
327600.0 16452 6.755139173255E10 4190901.23 6004978 1.232914718988938E13 4190901.23 0 10 300 0 3640 109200
328500.0 16560 6.796405580091E10 4202413.0 6021538 1.239711124569029E13 4202413.0 0 10 300 0 3650 109500
329400.0 16524 6.8074421295E10 4213924.79 6038062 1.24651856669853E13 4213924.79 0 10 300 0 3660 109800
330300.0 16452 6.810886218962E10 4225436.56 6054514 1.253329452917491E13 4225436.56 0 10 300 0 3670 110100
331200.0 16452 6.82946839714E10 4236948.33 6070966 1.260158921314631E13 4236948.33 0 10 300 0 3680 110400
332100.0 16560 6.870991926098E10 4248460.1 6087526 1.267029913240729E13 4248460.1 0 10 300 0 3690 110700
333000.0 16524 6.881937555736E10 4259971.88 6104050 1.273911850796465E13 4259971.88 0 10 300 0 3700 111000
333900.0 16452 6.885215442847E10 4271483.66 6120502 1.280797066239312E13 4271483.66 0 10 300 0 3710 111300
334800.0 16452 6.903797621026E10 4282995.43 6136954 1.287700863860338E13 4282995.43 0 10 300 0 3720 111600
335700.0 16560 6.945561338309E10 4294507.2 6153514 1.294646425198647E13 4294507.2 0 10 300 0 3730 111900
336600.0 16524 6.95643256727E10 4306019.55 6170038 1.301602857765917E13 4306019.55 0 10 300 0 3740 112200
337500.0 16452 6.959545593846E10 4317531.33 6186490 1.308562403359763E13 4317531.33 0 10 300 0 3750 112500
338400.0 16452 6.978127772024E10 4329043.1 6202942 1.315540531131787E13 4329043.1 0 10 300 0 3760 112800
339300.0 16560 7.020140145832E10 4340554.87 6219502 1.322560671277619E13 4340554.87 0 10 300 0 3770 113100
340200.0 16524 7.030928470891E10 4352066.65 6236026 1.32959159974851E13 4352066.65 0 10 300 0 3780 113400
341100.0 16452 7.033874817736E10 4363578.42 6252478 1.336625474566246E13 4363578.42 0 10 300 0 3790 113700
342000.0 16452 7.052456995915E10 4375090.19 6268930 1.343677931562161E13 4375090.19 0 10 300 0 3800 114000
342900.0 16560 7.094726491844E10 4386601.97 6285490 1.350772658054005E13 4386601.97 0 10 300 0 3810 114300
343800.0 16524 7.105423033329E10 4398113.75 6302014 1.357878081087335E13 4398113.75 0 10 300 0 3820 114600
344700.0 16452 7.108204041627E10 4409625.52 6318466 1.364986285128962E13 4409625.52 0 10 300 0 3830 114900
345600.0 16452 7.126786219806E10 4421137.29 6334918 1.372113071348767E13 4421137.29 0 10 300 0 3840 115200

