# seed = 1, gamma = 0.5, beta = 1.0, dee = 10.0, dcc = 5.0, dec = 15.0, dsc = 2000.0, dLocalhost = 0.015, hostBroker = EDGE, numOfCloud = 1, numOfEdge = 1, numOfSmartphone = 300 
#
# The columns have the following meaning: 
# instant[SECONDS] delayCountPartial delaySumPartial[SECONDS] delayMaxPartial[SECONDS] delayCountTot delaySumTot[SECONDS] delayMaxTot[SECONDS] runOnCloudPartial runOnEdgePartial runOnSmartphonePartial runOnCloudTot runOnEdgeTot runOnSmartphoneTot
0.0 0 0.0 0.0 0 0.0 0.0 0 0 0 0 0 0
900.0 16560 2.4810028226E8 30594.82 16560 2.4810028226E8 30594.82 5 5 300 5 5 300
1800.0 16524 7.381025019E8 60954.58 33084 9.8620278416E8 60954.58 5 5 300 10 10 600
2700.0 16452 1.22677682917E9 91314.02 49536 2.21297961333E9 91314.02 5 5 300 15 15 900
3600.0 16452 1.71683488526E9 121673.35 65988 3.92981449859E9 121673.35 5 5 300 20 20 1200
4500.0 16560 2.21512165131E9 152032.67 82548 6.1449361499E9 152032.67 5 5 300 25 25 1500
5400.0 16524 2.7027320675E9 182392.01 99072 8.8476682174E9 182392.01 5 5 300 30 30 1800
6300.0 16452 3.18701893157E9 212751.34 115524 1.203468714897E10 212751.34 5 5 300 35 35 2100
7200.0 16452 3.67707611083E9 243110.67 131976 1.57117632598E10 243110.67 5 5 300 40 40 2400
8100.0 16561 4.18170770336E9 273469.99 148537 1.989347096317E10 273469.99 5 5 300 45 45 2700
9000.0 16524 4.66733400854E9 303829.33 165061 2.45608049717E10 303829.33 5 5 300 50 50 3000
9900.0 16452 5.14726015741E9 334188.66 181513 2.970806512911E10 334188.66 5 5 300 55 55 3300
10800.0 16452 5.63731733667E9 364547.99 197965 3.534538246578E10 364547.99 5 5 300 60 60 3600
11700.0 16560 6.14871935131E9 394907.32 214525 4.149410181709E10 394907.32 5 5 300 65 65 3900
12600.0 16524 6.63195800623E9 425266.65 231049 4.812605982333E10 425266.65 5 5 300 70 70 4200
13500.0 16452 7.10750138325E9 455625.98 247501 5.523356120657E10 455625.98 5 5 300 75 75 4500
14400.0 16452 7.59755856251E9 485985.31 263953 6.283111976908E10 485985.31 5 5 300 80 80 4800
15300.0 16560 8.11530500198E9 516344.64 280513 7.094642477106E10 516344.64 5 5 300 85 85 5100
16200.0 16524 8.59655994728E9 546703.97 297037 7.954298471835E10 546703.97 5 5 300 90 90 5400
17100.0 16452 9.0677426091E9 577063.3 313489 8.861072732745E10 577063.3 5 5 300 95 95 5700
18000.0 16452 9.55779978838E9 607422.63 329941 9.816852711583E10 607422.63 5 5 300 100 100 6000
18900.0 16560 1.008210384317E10 637781.96 346501 1.08250630959E11 637781.96 5 5 300 105 105 6300
19800.0 16524 1.056117290772E10 668141.29 363025 1.1881180386672E11 668141.29 5 5 300 110 110 6600
20700.0 16452 1.1027983835E10 698500.62 379477 1.2983978770172E11 698500.62 5 5 300 115 115 6900
21600.0 16452 1.151804101428E10 728859.95 395929 1.4135782871599E11 728859.95 5 5 300 120 120 7200
22500.0 16560 1.204890267537E10 759219.28 412489 1.5340673139136E11 759219.28 5 5 300 125 125 7500
23400.0 16524 1.252578588615E10 789578.61 429013 1.6593251727751E11 789578.61 5 5 300 130 130 7800
24300.0 16452 1.29882250609E10 819937.94 445465 1.7892074233841E11 819937.94 5 5 300 135 135 8100
25200.0 16452 1.347828224018E10 850297.27 461917 1.9239902457858E11 850297.27 5 5 300 140 140 8400
26100.0 16560 1.401591473404E10 880656.6 478477 2.0641493931262E11 880656.6 5 5 300 145 145 8700
27000.0 16524 1.44903988559E10 911015.93 495001 2.2090533816852E11 911015.93 5 5 300 150 150 9000
27900.0 16452 1.494846628712E10 941375.26 511453 2.3585380445564E11 941375.26 5 5 300 155 155 9300
28800.0 16452 1.54385234664E10 971734.59 527905 2.5129232792203E11 971734.59 5 5 300 160 160 9600
29700.0 16560 1.598250037613E10 1002093.92 544465 2.6727482829817E11 1002093.92 5 5 300 165 165 9900
30600.0 16524 1.645501181682E10 1032453.25 560989 2.8372984011499E11 1032453.25 5 5 300 170 170 10200
31500.0 16458 1.690870764737E10 1062812.58 577447 3.0063854776235E11 1062812.58 5 5 300 175 175 10500
32400.0 16452 1.739876588256E10 1093172.06 593899 3.1803731364492E11 1093172.06 5 5 300 180 180 10800
33300.0 16562 1.794930608343E10 1123531.79 610461 3.3598661972835E11 1123531.79 5 5 300 185 185 11100
34200.0 16524 1.841963420726E10 1153891.15 626985 3.5440625393561E11 1153891.15 5 5 300 190 190 11400
35100.0 16452 1.886895797219E10 1184250.47 643437 3.732752119078E11 1184250.47 5 5 300 195 195 11700
36000.0 16452 1.935901515147E10 1214609.8 659889 3.9263422705926E11 1214609.8 5 5 300 200 200 12000
36900.0 16560 1.99161073137E10 1244969.13 676449 4.1255033437296E11 1244969.13 5 5 300 205 205 12300
37800.0 16524 2.038424701866E10 1275328.47 692973 4.3293458139162E11 1275328.47 5 5 300 210 210 12600
38700.0 16452 2.082919919874E10 1305687.8 709425 4.5376378059035E11 1305687.8 5 5 300 215 215 12900
39600.0 16452 2.131925637802E10 1336047.12 725877 4.7508303696837E11 1336047.12 5 5 300 220 220 13200
40500.0 16560 2.188290615555E10 1366406.45 742437 4.9696594312392E11 1366406.45 5 5 300 225 225 13500
41400.0 16524 2.234885998874E10 1396765.79 758961 5.1931480311266E11 1396765.79 5 5 300 230 230 13800
42300.0 16452 2.278944042529E10 1427125.12 775413 5.4210424353795E11 1427125.12 5 5 300 235 235 14100
43200.0 16452 2.327949760456E10 1457484.44 791865 5.6538374114251E11 1457484.44 5 5 300 240 240 14400
44100.0 16560 2.38497049884E10 1487843.77 808425 5.8923344613092E11 1487843.77 5 5 300 245 245 14700
45000.0 16524 2.431347295883E10 1518203.11 824949 6.1354691908974E11 1518203.11 5 5 300 250 250 15000
45900.0 16452 2.474968165189E10 1548562.44 841401 6.3829660074163E11 1548562.44 5 5 300 255 255 15300
46800.0 16452 2.523973883117E10 1578921.76 857853 6.635363395728E11 1578921.76 5 5 300 260 260 15600
47700.0 16560 2.581671704774E10 1609281.09 874413 6.8935305662054E11 1609281.09 5 5 300 265 265 15900
48600.0 16524 2.627808592007E10 1639640.43 890937 7.1563114254061E11 1639640.43 5 5 300 270 270 16200
49500.0 16452 2.67099228786E10 1669999.76 907389 7.4234106541921E11 1669999.76 5 5 300 275 275 16500
50400.0 16452 2.719998005788E10 1700359.08 923841 7.6954104547709E11 1700359.08 5 5 300 280 280 16800
51300.0 16560 2.778330268132E10 1730718.41 940401 7.9732434815842E11 1730718.41 5 5 300 285 285 17100
52200.0 16524 2.824269889932E10 1761077.75 956925 8.2556704705774E11 1761077.75 5 5 300 290 290 17400
53100.0 16452 2.867016410531E10 1791437.08 973377 8.5423721116305E11 1791437.08 5 5 300 295 295 17700
54000.0 16452 2.916022128459E10 1821796.4 989829 8.8339743244764E11 1821796.4 5 5 300 300 300 18000
54900.0 16560 2.975010152334E10 1852155.73 1006389 9.1314753397098E11 1852155.73 5 5 300 305 305 18300
55800.0 16524 3.020731186952E10 1882515.07 1022913 9.433548458405E11 1882515.07 5 5 300 310 310 18600
56700.0 16452 3.063040533197E10 1912874.4 1039365 9.7398525117247E11 1912874.4 5 5 300 315 315 18900
57600.0 16452 3.112046251125E10 1943233.72 1055817 1.00510571368372E12 1943233.72 5 5 300 320 320 19200
58500.0 16560 3.17169003653E10 1973593.05 1072377 1.03682261404902E12 1973593.05 5 5 300 325 325 19500
59400.0 16524 3.217192483971E10 2003952.39 1088901 1.06899453888873E12 2003952.39 5 5 300 330 330 19800
60300.0 16452 3.259064655863E10 2034311.72 1105353 1.10158518544736E12 2034311.72 5 5 300 335 335 20100
61200.0 16452 3.308070373791E10 2064671.05 1121805 1.13466588918526E12 2064671.05 5 5 300 340 340 20400
62100.0 16560 3.368369920726E10 2095030.37 1138365 1.16834958839253E12 2095030.37 5 5 300 345 345 20700
63000.0 16525 3.41365381883E10 2125389.71 1154890 1.20248612658082E12 2125389.71 5 5 300 350 350 21000
63900.0 16452 3.455088987634E10 2155749.3 1171342 1.23703701645716E12 2155749.3 5 5 300 355 355 21300
64800.0 16452 3.504095174105E10 2186108.93 1187794 1.27207796819822E12 2186108.93 5 5 300 360 360 21600
65700.0 16560 3.565072051094E10 2216468.26 1204354 1.30772868870915E12 2216468.26 5 5 300 365 365 21900
66600.0 16524 3.610116002303E10 2246827.6 1220878 1.34382984873218E12 2246827.6 5 5 300 370 370 22200
67500.0 16452 3.651113823425E10 2277186.93 1237330 1.38034098696643E12 2277186.93 5 5 300 375 375 22500
68400.0 16452 3.700119541347E10 2307546.26 1253782 1.4173421823799E12 2307546.26 5 5 300 380 380 22800
69300.0 16560 3.761730613522E10 2337905.59 1270342 1.45495948851512E12 2337905.59 5 5 300 385 385 23100
70200.0 16524 3.806577298398E10 2368264.92 1286866 1.4930252614991E12 2368264.92 5 5 300 390 390 23400
71100.0 16452 3.847137946066E10 2398624.25 1303318 1.53149664095977E12 2398624.25 5 5 300 395 395 23700
72000.0 16452 3.896143663988E10 2428983.58 1319770 1.57045807759965E12 2428983.58 5 5 300 400 400 24000
72900.0 16560 3.958410498594E10 2459342.91 1336330 1.61004218258558E12 2459342.91 5 5 300 405 405 24300
73800.0 16524 4.003038596293E10 2489702.24 1352854 1.65007256854851E12 2489702.24 5 5 300 410 410 24600
74700.0 16452 4.043162068707E10 2520061.57 1369306 1.69050418923559E12 2520061.57 5 5 300 415 415 24900
75600.0 16452 4.092167786629E10 2550420.9 1385758 1.73142586710188E12 2550420.9 5 5 300 420 420 25200
76500.0 16560 4.155111702708E10 2580780.23 1402318 1.77297698412896E12 2580780.23 5 5 300 425 425 25500
77400.0 16524 4.199499893288E10 2611139.56 1418842 1.81497198306184E12 2611139.56 5 5 300 430 430 25800
78300.0 16452 4.239186191349E10 2641498.89 1435294 1.85736384497533E12 2641498.89 5 5 300 435 435 26100
79200.0 16452 4.288191909271E10 2671858.22 1451746 1.90024576406803E12 2671858.22 5 5 300 440 440 26400
80100.0 16560 4.351770266037E10 2702217.55 1468306 1.9437634667284E12 2702217.55 5 5 300 445 445 26700
81000.0 16524 4.395962293115E10 2732576.88 1484830 1.98772308965955E12 2732576.88 5 5 300 450 450 27000
81900.0 16452 4.435210313985E10 2762936.21 1501282 2.0320751927994E12 2762936.21 5 5 300 455 455 27300
82800.0 16452 4.484216031906E10 2793295.54 1517734 2.07691735311846E12 2793295.54 5 5 300 460 460 27600
83700.0 16560 4.548471471946E10 2823654.87 1534294 2.12240206783792E12 2823654.87 5 5 300 465 465 27900
84600.0 16524 4.592422487272E10 2854014.2 1550818 2.16832629271064E12 2854014.2 5 5 300 470 470 28200
85500.0 16452 4.63123443662E10 2884373.53 1567270 2.21463863707685E12 2884373.53 5 5 300 475 475 28500
86400.0 16452 4.680240154542E10 2914732.86 1583722 2.26144103862227E12 2914732.86 5 5 300 480 480 28800
87300.0 16560 4.745130033469E10 2945092.19 1600282 2.30889233895697E12 2945092.19 5 5 300 485 485 29100
88200.0 16524 4.788884886194E10 2975451.52 1616806 2.3567811878189E12 2975451.52 5 5 300 490 490 29400
89100.0 16452 4.827258559256E10 3005810.85 1633258 2.40505377341146E12 3005810.85 5 5 300 495 495 29700
90000.0 16452 4.876264277178E10 3036170.18 1649710 2.45381641618325E12 3036170.18 5 5 300 500 500 30000
90900.0 16560 4.941831239378E10 3066529.51 1666270 2.50323472857703E12 3066529.51 5 5 300 505 505 30300
91800.0 16524 4.985345080356E10 3096888.85 1682794 2.55308817938059E12 3096888.85 5 5 300 510 510 30600
92700.0 16452 5.023282681898E10 3127248.17 1699246 2.60332100619957E12 3127248.17 5 5 300 515 515 30900
93600.0 16452 5.072288399819E10 3157607.5 1715698 2.65404389019776E12 3157607.5 5 5 300 520 520 31200
94500.0 16560 5.138489802707E10 3187966.83 1732258 2.70542878822484E12 3187966.83 5 5 300 525 525 31500
95400.0 16524 5.18180778207E10 3218326.54 1748782 2.75724686604553E12 3218326.54 5 5 300 530 530 31800
96300.0 16452 5.219307566809E10 3248686.06 1765234 2.80943994171362E12 3248686.06 5 5 300 535 535 32100
97200.0 16452 5.268313444315E10 3279045.39 1781686 2.86212307615677E12 3279045.39 5 5 300 540 540 32400
98100.0 16560 5.335170611817E10 3309404.72 1798246 2.91547478227494E12 3309404.72 5 5 300 545 545 32700
99000.0 16524 5.378268598256E10 3339764.06 1814770 2.96925746825749E12 3339764.06 5 5 300 550 550 33000
99900.0 16452 5.415331849034E10 3370123.39 1831222 3.02341078674783E12 3370123.39 5 5 300 555 555 33300
100800.0 16452 5.464337566956E10 3400482.71 1847674 3.07805416241739E12 3400482.71 5 5 300 560 560 33600
101700.0 16560 5.531850495988E10 3430842.04 1864234 3.13337266737728E12 3430842.04 5 5 300 565 565 33900
102600.0 16524 5.574729896151E10 3461201.38 1880758 3.18911996633878E12 3461201.38 5 5 300 570 570 34200
103500.0 16452 5.611355971675E10 3491560.71 1897210 3.24523352605553E12 3491560.71 5 5 300 575 575 34500
104400.0 16452 5.660361689597E10 3521920.03 1913662 3.30183714295151E12 3521920.03 5 5 300 580 580 34800
105300.0 16560 5.72853038106E10 3552279.36 1930222 3.3591224467621E12 3552279.36 5 5 300 585 585 35100
106200.0 16524 5.771191192245E10 3582638.7 1946746 3.41683435868456E12 3582638.7 5 5 300 590 590 35400
107100.0 16452 5.807380094317E10 3612998.03 1963198 3.47490815962772E12 3612998.03 5 5 300 595 595 35700
108000.0 16452 5.856385812238E10 3643357.35 1979650 3.53347201775011E12 3643357.35 5 5 300 600 600 36000
108900.0 16560 5.925210264331E10 3673716.68 1996210 3.59272412039342E12 3673716.68 5 5 300 605 605 36300
109800.0 16524 5.967652490146E10 3704076.02 2012734 3.65240064529488E12 3704076.02 5 5 300 610 610 36600
110700.0 16452 6.003404216969E10 3734435.35 2029186 3.71243468746456E12 3734435.35 5 5 300 615 615 36900
111600.0 16452 6.05240993489E10 3764794.67 2045638 3.77295878681347E12 3764794.67 5 5 300 620 620 37200
112500.0 16560 6.121890149414E10 3795154.0 2062198 3.83417768830761E12 3795154.0 5 5 300 625 625 37500
113400.0 16524 6.164113786251E10 3825513.34 2078722 3.89581882617012E12 3825513.34 5 5 300 630 630 37800
114300.0 16452 6.199428339621E10 3855872.67 2095174 3.95781310956633E12 3855872.67 5 5 300 635 635 38100
115200.0 16452 6.248434057543E10 3886231.99 2111626 4.02029745014176E12 3886231.99 5 5 300 640 640 38400
116100.0 16560 6.318570031796E10 3916591.32 2128186 4.08348315045972E12 3916591.32 5 5 300 645 645 38700
117000.0 16524 6.360575084157E10 3946950.66 2144710 4.14708890130129E12 3946950.66 5 5 300 650 650 39000
117900.0 16452 6.395452462273E10 3977309.99 2161162 4.21104342592402E12 3977309.99 5 5 300 655 655 39300
118800.0 16452 6.444458180195E10 4007669.31 2177614 4.27548800772596E12 4007669.31 5 5 300 660 660 39600
119700.0 16560 6.515249918679E10 4038028.64 2194174 4.34064050691275E12 4038028.64 5 5 300 665 665 39900
120600.0 16524 6.557036380263E10 4068387.98 2210698 4.40621087071538E12 4068387.98 5 5 300 670 670 40200
121500.0 16452 6.591476584925E10 4098747.31 2227150 4.47212563656463E12 4098747.31 5 5 300 675 675 40500
122400.0 16452 6.640482302847E10 4129106.64 2243602 4.53853045959309E12 4129106.64 5 5 300 680 680 40800
123300.0 16560 6.711929801061E10 4159465.96 2260162 4.60564975760371E12 4159465.96 5 5 300 685 685 41100
124200.0 16524 6.753497678168E10 4189825.3 2276686 4.67318473438539E12 4189825.3 5 5 300 690 690 41400
125100.0 16452 6.787500707577E10 4220184.63 2293138 4.74105974146116E12 4220184.63 5 5 300 695 695 41700
126000.0 16452 6.836506482504E10 4250544.02 2309590 4.8094248062862E12 4250544.02 5 5 300 700 700 42000
126900.0 16560 6.908610122956E10 4280903.77 2326150 4.87851090751576E12 4280903.77 5 5 300 705 705 42300
127800.0 16524 6.949959873444E10 4311263.19 2342674 4.9480105062502E12 4311263.19 5 5 300 710 710 42600
128700.0 16452 6.98352575202E10 4341622.52 2359126 5.0178457637704E12 4341622.52 5 5 300 715 715 42900
129600.0 16452 7.032531469942E10 4371981.85 2375578 5.08817107846982E12 4371981.85 5 5 300 720 720 43200
130500.0 16560 7.105290496102E10 4402341.17 2392138 5.15922398343084E12 4402341.17 5 5 300 725 725 43500
131400.0 16524 7.146421195127E10 4432700.51 2408662 5.23068819538212E12 4432700.51 5 5 300 730 730 43800
132300.0 16452 7.179549874673E10 4463059.84 2425114 5.30248369412885E12 4463059.84 5 5 300 735 735 44100
133200.0 16452 7.228555592595E10 4493419.17 2441566 5.3747692500548E12 4493419.17 5 5 300 740 740 44400
134100.0 16560 7.301970379385E10 4523778.5 2458126 5.44778895384865E12 4523778.5 5 5 300 745 745 44700
135000.0 16524 7.342882493034E10 4554137.83 2474650 5.52121777877899E12 4554137.83 5 5 300 750 750 45000
135900.0 16452 7.375573997326E10 4584497.16 2491102 5.59497351875226E12 4584497.16 5 5 300 755 755 45300
136800.0 16452 7.424579715248E10 4614856.49 2507554 5.66921931590474E12 4614856.49 5 5 300 760 760 45600
137700.0 16560 7.498650262668E10 4645215.82 2524114 5.74420581853143E12 4645215.82 5 5 300 765 765 45900
138600.0 16524 7.539343789141E10 4675575.15 2540638 5.81959925642283E12 4675575.15 5 5 300 770 770 46200
139500.0 16452 7.571598119979E10 4705934.48 2557090 5.89531523762263E12 4705934.48 5 5 300 775 775 46500
140400.0 16452 7.620603837902E10 4736293.81 2573542 5.97152127600164E12 4736293.81 5 5 300 780 780 46800
141300.0 16560 7.695330147752E10 4766653.14 2590102 6.04847457747916E12 4766653.14 5 5 300 785 785 47100
142200.0 16524 7.735805087047E10 4797012.47 2606626 6.12583262834963E12 4797012.47 5 5 300 790 790 47400
143100.0 16452 7.767622242632E10 4827371.8 2623078 6.20350885077596E12 4827371.8 5 5 300 795 795 47700
144000.0 16452 7.816627960555E10 4857731.13 2639530 6.2816751303815E12 4857731.13 5 5 300 800 800 48000
144900.0 16560 7.892010031935E10 4888090.46 2656090 6.36059523070086E12 4888090.46 5 5 300 805 805 48300
145800.0 16524 7.932266383154E10 4918449.79 2672614 6.4399178945324E12 4918449.79 5 5 300 810 810 48600
146700.0 16452 7.963646365286E10 4948809.12 2689066 6.51955435818525E12 4948809.12 5 5 300 815 815 48900
147600.0 16452 8.012652083208E10 4979168.45 2705518 6.59968087901733E12 4979168.45 5 5 300 820 820 49200
148500.0 16560 8.088689916119E10 5009527.78 2722078 6.68056777817852E12 5009527.78 5 5 300 825 825 49500
149400.0 16524 8.128727681061E10 5039887.11 2738602 6.76185505498912E12 5039887.11 5 5 300 830 830 49800
150300.0 16452 8.159670487939E10 5070246.44 2755054 6.8434517598685E12 5070246.44 5 5 300 835 835 50100
151200.0 16452 8.208676205861E10 5100605.77 2771506 6.92553852192711E12 5100605.77 5 5 300 840 840 50400
152100.0 16560 8.285369799402E10 5130965.1 2788066 7.00839221992113E12 5130965.1 5 5 300 845 845 50700
153000.0 16524 8.325188977173E10 5161324.43 2804590 7.09164410969286E12 5161324.43 5 5 300 850 850 51000
153900.0 16452 8.355694610597E10 5191683.76 2821042 7.17520105579883E12 5191683.76 5 5 300 855 855 51300
154800.0 16452 8.404700328519E10 5222043.09 2837494 7.25924805908402E12 5222043.09 5 5 300 860 860 51600
155700.0 16560 8.482049684491E10 5252402.42 2854054 7.34406855592893E12 5252402.42 5 5 300 865 865 51900
156600.0 16530 8.521650325759E10 5282761.76 2870584 7.42928505918652E12 5282761.76 5 5 300 870 870 52200
157500.0 16452 8.551718879306E10 5313121.27 2887036 7.51480224797958E12 5313121.27 5 5 300 875 875 52500
158400.0 16455 8.600725056767E10 5343480.98 2903491 7.60080949854725E12 5343480.98 5 5 300 880 880 52800
159300.0 16560 8.678751815602E10 5373840.31 2920051 7.68759701670327E12 5373840.31 5 5 300 885 885 53100
160200.0 16524 8.718112497146E10 5404199.65 2936575 7.77477814167473E12 5404199.65 5 5 300 890 890 53400
161100.0 16452 8.747743779797E10 5434558.98 2953027 7.8622555794727E12 5434558.98 5 5 300 895 895 53700
162000.0 16452 8.796749497719E10 5464918.3 2969479 7.9502230744499E12 5464918.3 5 5 300 900 900 54000
162900.0 16560 8.875410378943E10 5495277.63 2986039 8.03897717823933E12 5495277.63 5 5 300 905 905 54300
163800.0 16524 8.914574898774E10 5525636.97 3002563 8.12812292722707E12 5525636.97 5 5 300 910 910 54600
164700.0 16452 8.94376790244E10 5555996.3 3019015 8.21756060625147E12 5555996.3 5 5 300 915 915 54900
165600.0 16452 8.992773620362E10 5586355.62 3035467 8.30748834245508E12 5586355.62 5 5 300 920 920 55200
166500.0 16560 9.072111583958E10 5616714.95 3052027 8.39820945829467E12 5616714.95 5 5 300 925 925 55500
167400.0 16524 9.111035092038E10 5647074.29 3068551 8.48931980921504E12 5647074.29 5 5 300 930 930 55800
168300.0 16452 9.139792025082E10 5677433.62 3085003 8.58071772946586E12 5677433.62 5 5 300 935 935 56100
169200.0 16452 9.188797743004E10 5707792.94 3101455 8.6726057068959E12 5707792.94 5 5 300 940 940 56400
170100.0 16560 9.268770147288E10 5738152.27 3118015 8.76529340836878E12 5738152.27 5 5 300 945 945 56700
171000.0 16524 9.307497491866E10 5768511.61 3134539 8.85836838328744E12 5768511.61 5 5 300 950 950 57000
171900.0 16452 9.335816147724E10 5798870.94 3150991 8.95172654476468E12 5798870.94 5 5 300 955 955 57300
172800.0 16452 9.384821865646E10 5829230.26 3167443 9.04557476342115E12 5829230.26 5 5 300 960 960 57600
173700.0 16560 9.465450031461E10 5859589.59 3184003 9.14022926373575E12 5859589.59 5 5 300 965 965 57900
174600.0 16524 9.503957686029E10 5889948.93 3200527 9.23526884059604E12 5889948.93 5 5 300 970 970 58200
175500.0 16452 9.531840270366E10 5920308.26 3216979 9.33058724329971E12 5920308.26 5 5 300 975 975 58500
176400.0 16452 9.580845988288E10 5950667.59 3233431 9.42639570318259E12 5950667.59 5 5 300 980 980 58800
177300.0 16560 9.662129916533E10 5981026.91 3249991 9.52301700234793E12 5981026.91 5 5 300 985 985 59100
178200.0 16524 9.700418983025E10 6011386.25 3266515 9.62002119217818E12 6011386.25 5 5 300 990 990 59400
179100.0 16452 9.727864393009E10 6041745.58 3282967 9.71729983610826E12 6041745.58 5 5 300 995 995 59700
180000.0 16452 9.776870110931E10 6072104.91 3299419 9.81506853721757E12 6072104.91 5 5 300 1000 1000 60000
180900.0 16560 9.858809801606E10 6102464.23 3315979 9.91365663523363E12 6102464.23 5 5 300 1005 1005 60300
181800.0 16524 9.896880280016E10 6132823.57 3332503 1.001262543803378E13 6132823.57 5 5 300 1010 1010 60600
182700.0 16452 9.923888515645E10 6163182.9 3348955 1.011186432319024E13 6163182.9 5 5 300 1015 1015 60900
183600.0 16452 9.972894233568E10 6193542.23 3365407 1.021159326552591E13 6193542.23 5 5 300 1020 1020 61200
184500.0 16560 1.0055489683073E11 6223901.55 3381967 1.031214816235664E13 6223901.55 5 5 300 1025 1025 61500
185400.0 16524 1.0093341577006E11 6254260.89 3398491 1.04130815781267E13 6254260.89 5 5 300 1030 1030 61800
186300.0 16452 1.0119912638282E11 6284620.22 3414943 1.051428070450952E13 6284620.22 5 5 300 1035 1035 62100
187200.0 16452 1.0168918356204E11 6314979.55 3431395 1.061596988807157E13 6314979.55 5 5 300 1040 1040 62400
188100.0 16561 1.025216962432E11 6345338.87 3447956 1.071849158431477E13 6345338.87 5 5 300 1045 1045 62700
189000.0 16524 1.02898030787E11 6375698.51 3464480 1.082138961510177E13 6375698.51 5 5 300 1050 1050 63000
189900.0 16452 1.0315937463036E11 6406058.11 3480932 1.092454898973213E13 6406058.11 5 5 300 1055 1055 63300
190800.0 16452 1.036494340147E11 6436417.44 3497384 1.102819842374683E13 6436417.44 5 5 300 1060 1060 63600
191700.0 16560 1.0448850378923E11 6466776.77 3513944 1.113268692753606E13 6466776.77 5 5 300 1065 1065 63900
192600.0 16524 1.0486265095674E11 6497136.1 3530468 1.12375495784928E13 6497136.1 5 5 300 1070 1070 64200
193500.0 16452 1.0511961806185E11 6527495.43 3546920 1.134266919655465E13 6527495.43 5 5 300 1075 1075 64500
194400.0 16452 1.0560967524107E11 6557854.76 3563372 1.144827887179572E13 6557854.76 5 5 300 1080 1080 64800
195300.0 16560 1.064553026219E11 6588214.09 3579932 1.155473417441762E13 6588214.09 5 5 300 1085 1085 65100
196200.0 16524 1.0682726392664E11 6618573.42 3596456 1.166156143834426E13 6618573.42 5 5 300 1090 1090 65400
197100.0 16452 1.0707985928822E11 6648932.75 3612908 1.176864129763248E13 6648932.75 5 5 300 1095 1095 65700
198000.0 16452 1.0756991646744E11 6679292.08 3629360 1.187621121409992E13 6679292.08 5 5 300 1100 1100 66000
198900.0 16560 1.0842210147257E11 6709651.41 3645920 1.198463331557249E13 6709651.41 5 5 300 1105 1105 66300
199800.0 16524 1.0879187689654E11 6740010.74 3662444 1.209342519246904E13 6740010.74 5 5 300 1110 1110 66600
200700.0 16452 1.0904010051459E11 6770370.07 3678896 1.220246529298362E13 6770370.07 5 5 300 1115 1115 66900
201600.0 16452 1.0953015769381E11 6800729.4 3695348 1.231199545067744E13 6800729.4 5 5 300 1120 1120 67200
202500.0 16560 1.1038890032324E11 6831088.73 3711908 1.242238435100068E13 6831088.73 5 5 300 1125 1125 67500
203400.0 16524 1.1075648986645E11 6861448.06 3728432 1.253314084086713E13 6861448.06 5 5 300 1130 1130 67800
204300.0 16452 1.1100034174096E11 6891807.39 3744884 1.264414118260808E13 6891807.39 5 5 300 1135 1135 68100
205200.0 16452 1.1149039892018E11 6922166.72 3761336 1.275563158152826E13 6922166.72 5 5 300 1140 1140 68400
206100.0 16560 1.1235569913791E11 6952526.05 3777896 1.286798728066618E13 6952526.05 5 5 300 1145 1145 68700
207000.0 16524 1.1272110283625E11 6982885.39 3794420 1.298070838350242E13 6982885.39 5 5 300 1150 1150 69000
207900.0 16452 1.1296058296722E11 7013244.71 3810872 1.309366896646964E13 7013244.71 5 5 300 1155 1155 69300
208800.0 16452 1.1345064014644E11 7043604.04 3827324 1.320711960661608E13 7043604.04 5 5 300 1160 1160 69600
209700.0 16560 1.1432249800648E11 7073963.37 3843884 1.332144210462256E13 7073963.37 5 5 300 1165 1165 69900
210600.0 16524 1.1468571580593E11 7104322.71 3860408 1.343612782042849E13 7104322.71 5 5 300 1170 1170 70200
211500.0 16452 1.1492082419337E11 7134682.03 3876860 1.355104864462186E13 7134682.03 5 5 300 1175 1175 70500
212400.0 16452 1.1541088137259E11 7165041.36 3893312 1.366645952599445E13 7165041.36 5 5 300 1180 1180 70800
213300.0 16560 1.1628929682093E11 7195400.69 3909872 1.378274882281538E13 7195400.69 5 5 300 1185 1185 71100
214200.0 16524 1.1665032877562E11 7225760.03 3926396 1.3899399151591E13 7225760.03 5 5 300 1190 1190 71400
215100.0 16452 1.1688106541952E11 7256119.35 3942848 1.401628021701052E13 7256119.35 5 5 300 1195 1195 71700
216000.0 16452 1.1737112259874E11 7286478.68 3959300 1.413365133960926E13 7286478.68 5 5 300 1200 1200 72000
216900.0 16560 1.1825609568939E11 7316838.01 3975860 1.425190743529865E13 7316838.01 5 5 300 1205 1205 72300
217800.0 16524 1.1861494174531E11 7347197.35 3992384 1.437052237704396E13 7347197.35 5 5 300 1210 1210 72600
218700.0 16452 1.1884130664567E11 7377556.67 4008836 1.448936368368963E13 7377556.67 5 5 300 1215 1215 72900
219600.0 16452 1.1933136382489E11 7407916.0 4025288 1.460869504751452E13 7407916.0 5 5 300 1220 1220 73200
220500.0 16560 1.2022289841024E11 7438275.73 4041848 1.472891794592476E13 7438275.73 5 5 300 1225 1225 73500
221400.0 16524 1.2057956204522E11 7468635.24 4058372 1.484949750796998E13 7468635.24 5 5 300 1230 1230 73800
222300.0 16452 1.208015570923E11 7498994.57 4074824 1.497029906506228E13 7498994.57 5 5 300 1235 1235 74100
223200.0 16452 1.2129161427152E11 7529353.89 4091276 1.509159067933381E13 7529353.89 5 5 300 1240 1240 74400
224100.0 16560 1.2218970261462E11 7559713.22 4107836 1.521378038194842E13 7559713.22 5 5 300 1245 1245 74700
225000.0 16524 1.2254417692572E11 7590072.56 4124360 1.533632455887414E13 7590072.56 5 5 300 1250 1250 75000
225900.0 16452 1.227617983184E11 7620431.89 4140812 1.545908635719254E13 7620431.89 5 5 300 1255 1255 75300
226800.0 16452 1.2325185549762E11 7650791.21 4157264 1.558233821269017E13 7650791.21 5 5 300 1260 1260 75600
227700.0 16560 1.2415650144702E11 7681150.54 4173824 1.570649471413719E13 7681150.54 5 5 300 1265 1265 75900
228600.0 16524 1.2450878989535E11 7711509.88 4190348 1.583100350403254E13 7711509.88 5 5 300 1270 1270 76200
229500.0 16452 1.247220395445E11 7741869.21 4206800 1.595572554357704E13 7741869.21 5 5 300 1275 1275 76500
230400.0 16452 1.2521209672372E11 7772228.53 4223252 1.608093764030076E13 7772228.53 5 5 300 1280 1280 76800
231300.0 16560 1.2612330029742E11 7802587.86 4239812 1.620706094059818E13 7802587.86 5 5 300 1285 1285 77100
232200.0 16524 1.2647340286499E11 7832947.2 4256336 1.633353434346317E13 7832947.2 5 5 300 1290 1290 77400
233100.0 16452 1.266822807706E11 7863306.53 4272788 1.646021662423377E13 7863306.53 5 5 300 1295 1295 77700
234000.0 16452 1.2717233794982E11 7893665.85 4289240 1.658738896218358E13 7893665.85 5 5 300 1300 1300 78000
234900.0 16560 1.2809009912982E11 7924025.18 4305800 1.67154790613134E13 7924025.18 5 5 300 1305 1305 78300
235800.0 16524 1.2843801583462E11 7954384.52 4322324 1.684391707714802E13 7954384.52 5 5 300 1310 1310 78600
236700.0 16452 1.286425219967E11 7984743.85 4338776 1.697255959914472E13 7984743.85 5 5 300 1315 1315 78900
237600.0 16452 1.2913257917592E11 8015103.18 4355228 1.710169217832064E13 8015103.18 5 5 300 1320 1320 79200
238500.0 16560 1.3005689798022E11 8045462.5 4371788 1.723174907630086E13 8045462.5 5 5 300 1325 1325 79500
239400.0 16524 1.3040262880425E11 8075821.84 4388312 1.736215170510511E13 8075821.84 5 5 300 1330 1330 79800
240300.0 16452 1.3060276322279E11 8106181.17 4404764 1.74927544683279E13 8106181.17 5 5 300 1335 1335 80100
241200.0 16452 1.3109282040201E11 8136540.5 4421216 1.762384728872992E13 8136540.5 5 5 300 1340 1340 80400
242100.0 16560 1.3202369681262E11 8166899.82 4437776 1.775587098554254E13 8166899.82 5 5 300 1345 1345 80700
243000.0 16524 1.3236724177389E11 8197259.16 4454300 1.788823822731643E13 8197259.16 5 5 300 1350 1350 81000
243900.0 16452 1.3256300444889E11 8227618.49 4470752 1.802080123176532E13 8227618.49 5 5 300 1355 1355 81300
244800.0 16452 1.3305306162811E11 8257977.82 4487204 1.815385429339343E13 8257977.82 5 5 300 1360 1360 81600
245700.0 16560 1.3399049566302E11 8288337.14 4503764 1.828784478905645E13 8288337.14 5 5 300 1365 1365 81900
246600.0 16524 1.3433185474352E11 8318696.48 4520288 1.842217664379997E13 8318696.48 5 5 300 1370 1370 82200
247500.0 16452 1.34523245675E11 8349055.81 4536740 1.855669988947496E13 8349055.81 5 5 300 1375 1375 82500
248400.0 16452 1.3501330285437E11 8379415.14 4553192 1.869171319232934E13 8379415.14 5 5 300 1380 1380 82800
249300.0 16560 1.3595729450478E11 8409774.46 4569752 1.882767048683411E13 8409774.46 5 5 300 1385 1385 83100
250200.0 16524 1.3629646771373E11 8440133.8 4586276 1.896396695454784E13 8440133.8 5 5 300 1390 1390 83400
251100.0 16452 1.3648348776186E11 8470493.23 4602728 1.91004504423097E13 8470493.23 5 5 300 1395 1395 83700
252000.0 16452 1.3697354900531E11 8500852.97 4619180 1.923742399131501E13 8500852.97 5 5 300 1400 1400 84000
252900.0 16560 1.3792410223937E11 8531212.36 4635740 1.937534809355438E13 8531212.36 5 5 300 1405 1405 84300
253800.0 16524 1.3826108992627E11 8561571.69 4652264 1.951360918348064E13 8561571.69 5 5 300 1410 1410 84600
254700.0 16452 1.3844373735033E11 8591931.02 4668716 1.965205292083097E13 8591931.02 5 5 300 1415 1415 84900
255600.0 16452 1.3893379452978E11 8622290.35 4685168 1.979098671536076E13 8622290.35 5 5 300 1420 1420 85200
256500.0 16560 1.3989090144165E11 8652649.68 4701728 1.993087761680241E13 8652649.68 5 5 300 1425 1425 85500
257400.0 16524 1.4022570289683E11 8683009.01 4718252 2.007110331969924E13 8683009.01 5 5 300 1430 1430 85800
258300.0 16453 1.4040397907682E11 8713368.34 4734705 2.021150729877606E13 8713368.34 5 5 300 1435 1435 86100
259200.0 16452 1.4089403575682E11 8743727.67 4751157 2.035240133453288E13 8743727.67 5 5 300 1440 1440 86400
260100.0 16560 1.4185770027499E11 8774087.0 4767717 2.049425903480786E13 8774087.0 5 5 300 1445 1445 86700
261000.0 16524 1.421903158673E11 8804446.33 4784241 2.063644935067516E13 8804446.33 5 5 300 1450 1450 87000
261900.0 16452 1.4236421980429E11 8834805.66 4800693 2.077881357047944E13 8834805.66 5 5 300 1455 1455 87300
262800.0 16452 1.4285427698374E11 8865164.99 4817145 2.092166784746318E13 8865164.99 5 5 300 1460 1460 87600
263700.0 16560 1.4382471233468E11 8895524.32 4833705 2.106549255979786E13 8895524.32 5 5 300 1465 1465 87900
264600.0 16524 1.4415492883781E11 8925883.65 4850229 2.120964748863568E13 8925883.65 5 5 300 1470 1470 88200
265500.0 16452 1.4432446103126E11 8956242.98 4866681 2.135397194966693E13 8956242.98 5 5 300 1475 1475 88500
266400.0 16452 1.4481451821072E11 8986602.31 4883133 2.149878646787765E13 8986602.31 5 5 300 1480 1480 88800
267300.0 16560 1.457912979595E11 9016961.64 4899693 2.164457776583715E13 9016961.64 5 5 300 1485 1485 89100
268200.0 16524 1.4611955284581E11 9047320.97 4916217 2.179069731868295E13 9047320.97 5 5 300 1490 1490 89400
269100.0 16452 1.462847022584E11 9077680.3 4932669 2.193698202094135E13 9077680.3 5 5 300 1495 1495 89700
270000.0 16452 1.4677475943786E11 9108039.63 4949121 2.208375678037921E13 9108039.63 5 5 300 1500 1500 90000
270900.0 16560 1.4775831002841E11 9138398.96 4965681 2.223151509040762E13 9138398.96 5 5 300 1505 1505 90300
271800.0 16524 1.4808415477016E11 9168758.3 4982205 2.237959924517778E13 9168758.3 5 5 300 1510 1510 90600
272700.0 16452 1.4824494348554E11 9199117.62 4998657 2.252784418866332E13 9199117.62 5 5 300 1515 1515 90900
273600.0 16452 1.48735000665E11 9229476.95 5015109 2.267657918932832E13 9229476.95 5 5 300 1520 1520 91200
274500.0 16560 1.4972489563539E11 9259836.28 5031669 2.28263040849637E13 9259836.28 5 5 300 1525 1525 91500
275400.0 16524 1.5004877878716E11 9290195.62 5048193 2.297635286375086E13 9290195.62 5 5 300 1530 1530 91800
276300.0 16452 1.5020518471268E11 9320554.94 5064645 2.312655804846354E13 9320554.94 5 5 300 1535 1535 92100
277200.0 16452 1.5069524189213E11 9350914.27 5081097 2.327725329035568E13 9350914.27 5 5 300 1540 1540 92400
278100.0 16560 1.5169169450483E11 9381273.6 5097657 2.342894498486051E13 9381273.6 5 5 300 1545 1545 92700
279000.0 16524 1.5201338071151E11 9411632.94 5114181 2.358095836557202E13 9411632.94 5 5 300 1550 1550 93000
279900.0 16452 1.5216542593982E11 9441992.26 5130633 2.373312379151184E13 9441992.26 5 5 300 1555 1555 93300
280800.0 16452 1.5265548311927E11 9472351.59 5147085 2.388577927463111E13 9472351.59 5 5 300 1560 1560 93600
281700.0 16566 1.5365870742058E11 9502710.92 5163651 2.403943798205169E13 9502710.92 5 5 300 1565 1565 93900
282600.0 16526 1.539779957542E11 9533070.47 5180177 2.419341597780589E13 9533070.47 5 5 300 1570 1570 94200
283500.0 16452 1.5412567346405E11 9563430.15 5196629 2.434754165126994E13 9563430.15 5 5 300 1575 1575 94500
284400.0 16452 1.5461573357949E11 9593789.48 5213081 2.450215738484942E13 9593789.48 5 5 300 1580 1580 94800
285300.0 16560 1.5562530144468E11 9624148.81 5229641 2.46577826862941E13 9624148.81 5 5 300 1585 1585 95100
286200.0 16524 1.559426269439E11 9654508.15 5246165 2.4813725313238E13 9654508.15 5 5 300 1590 1590 95400
287100.0 16452 1.5608591762722E11 9684867.48 5262617 2.496981123086523E13 9684867.48 5 5 300 1595 1595 95700
288000.0 16452 1.5657597480668E11 9715226.8 5279069 2.512638720567191E13 9715226.8 5 5 300 1600 1600 96000
288900.0 16560 1.5759231350465E11 9745586.13 5295629 2.528397951917656E13 9745586.13 5 5 300 1605 1605 96300
289800.0 16524 1.5790722888636E11 9775945.47 5312153 2.544188674806293E13 9775945.47 5 5 300 1610 1610 96600
290700.0 16452 1.5804615885447E11 9806304.8 5328605 2.55999329069174E13 9806304.8 5 5 300 1615 1615 96900
291600.0 16452 1.5853621603393E11 9836664.13 5345057 2.575846912295132E13 9836664.13 5 5 300 1620 1620 97200
292500.0 16560 1.5955889912973E11 9867023.45 5361617 2.591802802208106E13 9867023.45 5 5 300 1625 1625 97500
293400.0 16524 1.5987185289447E11 9897382.79 5378141 2.607789987497554E13 9897382.79 5 5 300 1630 1630 97800
294300.0 16452 1.6000640008172E11 9927742.12 5394593 2.623790627505725E13 9927742.12 5 5 300 1635 1635 98100
295200.0 16452 1.6049645726117E11 9958101.45 5411045 2.639840273231843E13 9958101.45 5 5 300 1640 1640 98400
296100.0 16560 1.6152569796329E11 9988460.77 5427605 2.655992843028171E13 9988460.77 5 5 300 1645 1645 98700
297000.0 16524 1.6183645481893E11 1.001882011E7 5444129 2.672176488510065E13 1.001882011E7 5 5 300 1650 1650 99000
297900.0 16452 1.6196664130897E11 1.004917944E7 5460581 2.688373152640962E13 1.004917944E7 5 5 300 1655 1655 99300
298800.0 16452 1.6245669848842E11 1.007953877E7 5477033 2.704618822489804E13 1.007953877E7 5 5 300 1660 1660 99600
299700.0 16560 1.6349249681484E11 1.010989809E7 5493593 2.720968072171288E13 1.010989809E7 5 5 300 1665 1665 99900
300600.0 16524 1.6380106779872E11 1.014025743E7 5510117 2.73734817895116E13 1.014025743E7 5 5 300 1670 1670 100200
301500.0 16452 1.6392688253621E11 1.017061676E7 5526569 2.753740867204781E13 1.017061676E7 5 5 300 1675 1675 100500
302400.0 16452 1.6441693971567E11 1.020097609E7 5543021 2.770182561176348E13 1.020097609E7 5 5 300 1680 1680 100800
303300.0 16560 1.6545929563944E11 1.023133541E7 5559581 2.786728490740292E13 1.023133541E7 5 5 300 1685 1685 101100
304200.0 16524 1.6576568076056E11 1.026169475E7 5576105 2.803305058816347E13 1.026169475E7 5 5 300 1690 1690 101400
305100.0 16452 1.6588712376352E11 1.029205408E7 5592557 2.819893771192698E13 1.029205408E7 5 5 300 1695 1695 101700
306000.0 16452 1.6637718094297E11 1.032241341E7 5609009 2.836531489286995E13 1.032241341E7 5 5 300 1700 1700 102000
306900.0 16560 1.6742609450004E11 1.035277274E7 5625569 2.853274098737E13 1.035277274E7 5 5 300 1705 1705 102300
307800.0 16524 1.6773029374045E11 1.038313207E7 5642093 2.870047128111045E13 1.038313207E7 5 5 300 1710 1710 102600
308700.0 16452 1.6784736499087E11 1.04134914E7 5658545 2.886831864610132E13 1.04134914E7 5 5 300 1715 1715 102900
309600.0 16452 1.6833742217033E11 1.044385073E7 5674997 2.903665606827165E13 1.044385073E7 5 5 300 1720 1720 103200
310500.0 16560 1.6939289334249E11 1.047421006E7 5691557 2.920604896161414E13 1.047421006E7 5 5 300 1725 1725 103500
311400.0 16524 1.696949067024E11 1.050456939E7 5708081 2.937574386831654E13 1.050456939E7 5 5 300 1730 1730 103800
312300.0 16452 1.6980760621828E11 1.053492872E7 5724533 2.954555147453482E13 1.053492872E7 5 5 300 1735 1735 104100
313200.0 16453 1.7029766390143E11 1.056528805E7 5740986 2.971584913843625E13 1.056528805E7 5 5 300 1740 1740 104400
314100.0 16560 1.7135969495008E11 1.059564771E7 5757546 2.988720883338632E13 1.059564771E7 5 5 300 1745 1745 104700
315000.0 16524 1.7165952670272E11 1.062600728E7 5774070 3.005886836008904E13 1.062600728E7 5 5 300 1750 1750 105000
315900.0 16452 1.717678566709E11 1.065636661E7 5790522 3.023063621675994E13 1.065636661E7 5 5 300 1755 1755 105300
316800.0 16452 1.7225791385035E11 1.068672594E7 5806974 3.040289413061029E13 1.068672594E7 5 5 300 1760 1760 105600
317700.0 16560 1.7332650028399E11 1.071708527E7 5823534 3.057622063089428E13 1.071708527E7 5 5 300 1765 1765 105900
318600.0 16524 1.7362415292745E11 1.074744461E7 5840058 3.074984478382173E13 1.074744461E7 5 5 300 1770 1770 106200
319500.0 16452 1.7372809789836E11 1.077780393E7 5856510 3.092357288172009E13 1.077780393E7 5 5 300 1775 1775 106500
320400.0 16452 1.7421815507781E11 1.080816326E7 5872962 3.10977910367979E13 1.080816326E7 5 5 300 1780 1780 106800
321300.0 16560 1.7529329910876E11 1.083852259E7 5889522 3.127308433590666E13 1.083852259E7 5 5 300 1785 1785 107100
322200.0 16524 1.7558875487013E11 1.086888193E7 5906046 3.144867309077679E13 1.086888193E7 5 5 300 1790 1790 107400
323100.0 16452 1.7568833912582E11 1.089924125E7 5922498 3.162436142990262E13 1.089924125E7 5 5 300 1795 1795 107700
324000.0 16452 1.7617839630528E11 1.092960058E7 5938950 3.180053982620789E13 1.092960058E7 5 5 300 1800 1800 108000
324900.0 16560 1.7726009796953E11 1.095995991E7 5955510 3.197779992417742E13 1.095995991E7 5 5 300 1805 1805 108300
325800.0 16524 1.7755336783219E11 1.099031925E7 5972034 3.21553532920096E13 1.099031925E7 5 5 300 1810 1810 108600
326700.0 16452 1.7764858035334E11 1.102067857E7 5988486 3.233300187236294E13 1.102067857E7 5 5 300 1815 1815 108900
327600.0 16452 1.781386375328E11 1.10510379E7 6004938 3.251114050989574E13 1.10510379E7 5 5 300 1820 1820 109200
328500.0 16560 1.7922689678535E11 1.108139723E7 6021498 3.269036740668109E13 1.108139723E7 5 5 300 1825 1825 109500
329400.0 16524 1.7951798080324E11 1.111175657E7 6038022 3.286988538748434E13 1.111175657E7 5 5 300 1830 1830 109800
330300.0 16452 1.7960882158086E11 1.114211589E7 6054474 3.30494942090652E13 1.114211589E7 5 5 300 1835 1835 110100
331200.0 16452 1.8009887876031E11 1.117247522E7 6070926 3.322959308782551E13 1.117247522E7 5 5 300 1840 1840 110400
332100.0 16560 1.8119390886382E11 1.120283455E7 6087486 3.341078699668933E13 1.120283455E7 5 5 300 1845 1845 110700
333000.0 16524 1.8148260481162E11 1.123319389E7 6104010 3.359226960150095E13 1.123319389E7 5 5 300 1850 1850 111000
333900.0 16452 1.8156906280838E11 1.126355322E7 6120462 3.377383866430932E13 1.126355322E7 5 5 300 1855 1855 111300
334800.0 16452 1.8205911998783E11 1.129391254E7 6136914 3.395589778429716E13 1.129391254E7 5 5 300 1860 1860 111600
335700.0 16560 1.83160494489E11 1.132427187E7 6153474 3.413905827878616E13 1.132427187E7 5 5 300 1865 1865 111900
336600.0 16524 1.8344720675435E11 1.135463121E7 6169998 3.432250548554051E13 1.135463121E7 5 5 300 1870 1870 112200
337500.0 16452 1.8352930403589E11 1.138499054E7 6186450 3.450603478957641E13 1.138499054E7 5 5 300 1875 1875 112500
338400.0 16452 1.8401936121535E11 1.141534986E7 6202902 3.469005415079176E13 1.141534986E7 5 5 300 1880 1880 112800
339300.0 16560 1.8512729332283E11 1.144570919E7 6219462 3.487518144411459E13 1.144570919E7 5 5 300 1885 1885 113100
340200.0 16524 1.8541183074478E11 1.147606853E7 6235986 3.506059327485937E13 1.147606853E7 5 5 300 1890 1890 113400
341100.0 16452 1.8548954526347E11 1.150642786E7 6252438 3.524608282012283E13 1.150642786E7 5 5 300 1895 1895 113700
342000.0 16452 1.8597960244292E11 1.153678718E7 6268890 3.543206242256575E13 1.153678718E7 5 5 300 1900 1900 114000
342900.0 16560 1.8709430540135E11 1.156714651E7 6285450 3.56191567279671E13 1.156714651E7 5 5 300 1905 1905 114300
343800.0 16524 1.8737643269657E11 1.159750585E7 6301974 3.580653316066367E13 1.159750585E7 5 5 300 1910 1910 114600
344700.0 16452 1.8744978652433E11 1.162786518E7 6318426 3.599398294718801E13 1.162786518E7 5 5 300 1915 1915 114900
345600.0 16452 1.8793984730401E11 1.165822494E7 6334878 3.618192279449202E13 1.165822494E7 5 5 300 1920 1920 115200

