# seed = 1, gamma = 0.5, beta = 0.5, dee = 100.0, dcc = 50.0, dec = 600.0, dsc = 200.0, dLocalhost = 0.015, hostBroker = EDGE, numOfCloud = 1, numOfEdge = 1, numOfSmartphone = 150 
#
# The columns have the following meaning: 
# instant[SECONDS] delayCountPartial delaySumPartial[SECONDS] delayMaxPartial[SECONDS] delayCountTot delaySumTot[SECONDS] delayMaxTot[SECONDS] runOnCloudPartial runOnEdgePartial runOnSmartphonePartial runOnCloudTot runOnEdgeTot runOnSmartphoneTot
0.0 0 0.0 0.0 0 0.0 0.0 0 0 0 0 0 0
900.0 16560 8.707790186E7 10767.79 16560 8.707790186E7 10767.79 155 5 150 155 5 150
1800.0 16524 2.5068237704E8 20905.45 33084 3.377602789E8 20905.45 155 5 150 310 10 300
2700.0 16453 4.1385596182E8 31042.63 49537 7.5161624072E8 31042.63 155 5 150 465 15 450
3600.0 16452 5.7748516764E8 41179.79 65989 1.32910140836E9 41179.79 155 5 150 620 20 600
4500.0 16560 7.438879407E8 51316.96 82549 2.07298934907E9 51316.96 155 5 150 775 25 750
5400.0 16524 9.0668653813E8 61454.14 99073 2.97967588719E9 61454.14 155 5 150 930 30 900
6300.0 16452 1.06839276053E9 71591.31 115525 4.04806864772E9 71591.31 155 5 150 1085 35 1050
7200.0 16452 1.23202196634E9 81728.47 131977 5.28009061406E9 81728.47 155 5 150 1240 40 1200
8100.0 16560 1.40053917457E9 91865.64 148537 6.68062978863E9 91865.64 155 5 150 1395 45 1350
9000.0 16524 1.56267966047E9 102002.82 165061 8.2433094491E9 102002.82 155 5 150 1550 50 1500
9900.0 16452 1.7229295595E9 112139.99 181513 9.9662390086E9 112139.99 155 5 150 1705 55 1650
10800.0 16452 1.88655876532E9 122277.15 197965 1.185279777392E10 122277.15 155 5 150 1860 60 1800
11700.0 16568 2.05734100709E9 132414.32 214533 1.391013878101E10 132414.32 155 5 150 2015 65 1950
12600.0 16524 2.21868412431E9 142552.06 231057 1.612882290532E10 142552.06 155 5 150 2170 70 2100
13500.0 16452 2.37747562955E9 152689.24 247509 1.850629853487E10 152689.24 155 5 150 2325 75 2250
14400.0 16452 2.54110483536E9 162826.41 263961 2.104740337023E10 162826.41 155 5 150 2480 80 2400
15300.0 16560 2.71400132308E9 172963.58 280521 2.376140469331E10 172963.58 155 5 150 2635 85 2550
16200.0 16524 2.87468205515E9 183100.75 297045 2.663608674846E10 183100.75 155 5 150 2790 90 2700
17100.0 16452 3.0320124285E9 193237.92 313497 2.966809917696E10 193237.92 155 5 150 2945 95 2850
18000.0 16452 3.19564163432E9 203375.09 329949 3.286374081128E10 203375.09 155 5 150 3100 100 3000
18900.0 16560 3.37072775078E9 213512.26 346509 3.623446856206E10 213512.26 155 5 150 3255 105 3150
19800.0 16524 3.5306785976E9 223649.43 363033 3.976514715966E10 223649.43 155 5 150 3410 110 3300
20700.0 16452 3.68654922746E9 233786.6 379485 4.345169638712E10 233786.6 155 5 150 3565 115 3450
21600.0 16452 3.85017843327E9 243923.77 395937 4.730187482039E10 243923.77 155 5 150 3720 120 3600
22500.0 16561 4.0274542427E9 254060.94 412498 5.132932906309E10 254060.94 155 5 150 3875 125 3750
23400.0 16524 4.18667970675E9 264198.68 429022 5.551600876984E10 264198.68 155 5 150 4030 130 3900
24300.0 16452 4.3410952975E9 274335.86 445474 5.985710406735E10 274335.86 155 5 150 4185 135 4050
25200.0 16452 4.50472450332E9 284473.02 461926 6.436182857066E10 284473.02 155 5 150 4340 140 4200
26100.0 16560 4.68426514686E9 294610.19 478486 6.904609371752E10 294610.19 155 5 150 4495 145 4350
27000.0 16524 4.84268100159E9 304747.37 495010 7.388877471911E10 304747.37 155 5 150 4650 150 4500
27900.0 16452 4.99563209679E9 314884.54 511462 7.888440681589E10 314884.54 155 5 150 4805 155 4650
28800.0 16452 5.1592613026E9 325021.7 527914 8.404366811849E10 325021.7 155 5 150 4960 160 4800
29700.0 16560 5.34091634535E9 335158.87 544474 8.938458446384E10 335158.87 155 5 150 5115 165 4950
30600.0 16524 5.49867754453E9 345296.05 560998 9.488326200836E10 345296.05 155 5 150 5270 170 5100
31500.0 16452 5.65016889623E9 355433.22 577450 1.0053343090459E11 355433.22 155 5 150 5425 175 5250
32400.0 16452 5.81379810204E9 365570.39 593902 1.0634722900664E11 365570.39 155 5 150 5580 180 5400
33300.0 16560 5.99764283775E9 375707.55 610462 1.1234487184439E11 375707.55 155 5 150 5735 185 5550
34200.0 16524 6.15467697297E9 385845.07 626986 1.1849954881736E11 385845.07 155 5 150 5890 190 5700
35100.0 16452 6.30471303375E9 395982.47 643438 1.2480426185112E11 395982.47 155 5 150 6045 195 5850
36000.0 16452 6.46834412362E9 406119.64 659890 1.3127260597473E11 406119.64 155 5 150 6200 200 6000
36900.0 16560 6.6543784457E9 416256.8 676450 1.3792698442043E11 416256.8 155 5 150 6355 205 6150
37800.0 16524 6.81067990021E9 426393.98 692974 1.4473766432064E11 426393.98 155 5 150 6510 210 6300
38700.0 16452 6.95925171741E9 436531.15 709426 1.5169691603805E11 436531.15 155 5 150 6665 215 6450
39600.0 16452 7.12288092322E9 446668.32 725878 1.5881979696127E11 446668.32 155 5 150 6820 220 6600
40500.0 16560 7.31110494727E9 456805.48 742438 1.6613090190854E11 456805.48 155 5 150 6975 225 6750
41400.0 16524 7.46667645231E9 466942.66 758962 1.7359757836085E11 466942.66 155 5 150 7130 230 6900
42300.0 16452 7.61378851702E9 477079.83 775414 1.8121136687786E11 477079.83 155 5 150 7285 235 7050
43200.0 16452 7.77741772283E9 487217.0 791866 1.8898878460069E11 487217.0 155 5 150 7440 240 7200
44100.0 16560 7.9678312934E9 497354.17 808426 1.9695661589409E11 497354.17 155 5 150 7595 245 7350
45000.0 16524 8.12267323702E9 507491.36 824950 2.0507928913111E11 507491.36 155 5 150 7750 250 7500
45900.0 16452 8.26832997004E9 517629.08 841402 2.1334761910115E11 517629.08 155 5 150 7905 255 7650
46800.0 16452 8.43196378955E9 527766.25 857854 2.217795828907E11 527766.25 155 5 150 8060 260 7800
47700.0 16560 8.62464226741E9 537903.42 874414 2.3040422515812E11 537903.42 155 5 150 8215 265 7950
48600.0 16524 8.77867883543E9 548040.6 890938 2.3918290399355E11 548040.6 155 5 150 8370 270 8100
49500.0 16452 8.92287138355E9 558177.77 907390 2.481057753771E11 558177.77 155 5 150 8525 275 8250
50400.0 16452 9.08650058938E9 568314.93 923842 2.5719227596648E11 568314.93 155 5 150 8680 280 8400
51300.0 16560 9.28129345745E9 578452.1 940402 2.6647356942393E11 578452.1 155 5 150 8835 285 8550
52200.0 16524 9.43467539676E9 588589.28 956926 2.7590824482069E11 588589.28 155 5 150 8990 290 8700
53100.0 16452 9.57740818338E9 598726.45 973378 2.8548565300406E11 598726.45 155 5 150 9145 295 8850
54000.0 16452 9.74103738921E9 608863.61 989830 2.9522669039327E11 608863.61 155 5 150 9300 300 9000
54900.0 16560 9.93801995924E9 619000.78 1006390 3.0516471035251E11 619000.78 155 5 150 9455 305 9150
55800.0 16533 1.009067196868E10 629137.96 1022923 3.1525538232119E11 629137.96 155 5 150 9610 310 9300
56700.0 16452 1.02319495706E10 639275.69 1039375 3.254873318918E11 639275.69 155 5 150 9765 315 9450
57600.0 16452 1.039558346005E10 649412.87 1055827 3.3588291535185E11 649412.87 155 5 150 9920 320 9600
58500.0 16560 1.059475561663E10 659550.04 1072387 3.4647767096848E11 659550.04 155 5 150 10075 325 9750
59400.0 16524 1.074667779304E10 669687.21 1088911 3.5722434876152E11 669687.21 155 5 150 10230 330 9900
60300.0 16452 1.0886491054E10 679824.38 1105363 3.6811083981552E11 679824.38 155 5 150 10385 335 10050
61200.0 16452 1.105012025983E10 689961.55 1121815 3.7916096007535E11 689961.55 155 5 150 10540 340 10200
62100.0 16560 1.125148211837E10 700098.72 1138375 3.9041244219371E11 700098.72 155 5 150 10695 345 10350
63000.0 16524 1.140267434531E10 710235.89 1154899 4.0181511653903E11 710235.89 155 5 150 10850 350 10500
63900.0 16452 1.154102785377E10 720373.06 1171351 4.133561443928E11 720373.06 155 5 150 11005 355 10650
64800.0 16452 1.17046570596E10 730510.23 1187803 4.250608014524E11 730510.23 155 5 150 11160 360 10800
65700.0 16560 1.19082837122E10 740647.4 1204363 4.369690851646E11 740647.4 155 5 150 11315 365 10950
66600.0 16525 1.205867089758E10 750784.57 1220888 4.4902775606218E11 750784.57 155 5 150 11470 370 11100
67500.0 16452 1.2195569186E10 760922.3 1237340 4.6122332524819E11 760922.3 155 5 150 11625 375 11250
68400.0 16452 1.235920312952E10 771059.48 1253792 4.735825283777E11 771059.48 155 5 150 11780 380 11400
69300.0 16560 1.256494426849E10 781196.65 1270352 4.8614747264619E11 781196.65 155 5 150 11935 385 11550
70200.0 16524 1.27146767326E10 791333.83 1286876 4.988621493788E11 791333.83 155 5 150 12090 390 11700
71100.0 16452 1.285011072439E10 801471.0 1303328 5.1171226010319E11 801471.0 155 5 150 12245 395 11850
72000.0 16452 1.301373993022E10 811608.16 1319780 5.2472600003341E11 811608.16 155 5 150 12400 400 12000
72900.0 16560 1.322167063279E10 821745.33 1336340 5.379476706662E11 821745.33 155 5 150 12555 405 12150
73800.0 16524 1.337067329387E10 831882.51 1352864 5.5131834396007E11 831882.51 155 5 150 12710 410 12300
74700.0 16452 1.350464752417E10 842019.68 1369316 5.6482299148424E11 842019.68 155 5 150 12865 415 12450
75600.0 16452 1.366827672999E10 852156.84 1385768 5.7849126821423E11 852156.84 155 5 150 13020 420 12600
76500.0 16560 1.387847229084E10 862294.01 1402328 5.9236974050507E11 862294.01 155 5 150 13175 425 12750
77400.0 16524 1.402666984614E10 872431.19 1418852 6.0639641035121E11 872431.19 155 5 150 13330 430 12900
78300.0 16452 1.415918647898E10 882568.63 1435304 6.205555968302E11 882568.63 155 5 150 13485 435 13050
79200.0 16452 1.432282034149E10 892706.09 1451756 6.3487841717169E11 892706.09 155 5 150 13640 440 13200
80100.0 16560 1.453513273536E10 902843.26 1468316 6.4941354990705E11 902843.26 155 5 150 13795 445 13350
81000.0 16524 1.468267907177E10 912980.44 1484840 6.6409622897881E11 912980.44 155 5 150 13950 450 13500
81900.0 16452 1.481373034733E10 923117.61 1501292 6.7890995932615E11 923117.61 155 5 150 14105 455 13650
82800.0 16452 1.497735955316E10 933254.78 1517744 6.9388731887931E11 933254.78 155 5 150 14260 460 13800
83700.0 16560 1.519193441135E10 943391.94 1534304 7.0907925329066E11 943391.94 155 5 150 14415 465 13950
84600.0 16524 1.533867219487E10 953529.12 1550828 7.2441792548554E11 953529.12 155 5 150 14570 470 14100
85500.0 16452 1.546826714705E10 963666.29 1567280 7.3988619263259E11 963666.29 155 5 150 14725 475 14250
86400.0 16452 1.563189635288E10 973803.46 1583732 7.5551808898547E11 973803.46 155 5 150 14880 480 14400
87300.0 16560 1.58485856565E10 983940.62 1600292 7.7136667464197E11 983940.62 155 5 150 15035 485 14550
88200.0 16524 1.59946721672E10 994077.8 1616816 7.8736134680917E11 994077.8 155 5 150 15190 490 14700
89100.0 16452 1.612280394677E10 1004214.97 1633268 8.0348415075595E11 1004214.97 155 5 150 15345 495 14850
90000.0 16452 1.628643774293E10 1014352.7 1649720 8.1977058849887E11 1014352.7 155 5 150 15500 500 15000
90900.0 16560 1.650539656137E10 1024489.88 1666280 8.3627598506024E11 1024489.88 155 5 150 15655 505 15150
91800.0 16525 1.665067458211E10 1034627.06 1682805 8.5292665964235E11 1034627.06 155 5 150 15810 510 15300
92700.0 16452 1.677735001762E10 1044764.23 1699257 8.6970400965998E11 1044764.23 155 5 150 15965 515 15450
93600.0 16452 1.694097922345E10 1054901.39 1715709 8.8664498888343E11 1054901.39 155 5 150 16120 520 15600
94500.0 16560 1.716204782458E10 1065038.56 1732269 9.0380703670801E11 1065038.56 155 5 150 16275 525 15750
95400.0 16524 1.730667456349E10 1075175.74 1748793 9.211137112715E11 1075175.74 155 5 150 16430 530 15900
96300.0 16452 1.74318868174E10 1085312.91 1765245 9.385455980889E11 1085312.91 155 5 150 16585 535 16050
97200.0 16452 1.759551602323E10 1095450.07 1781697 9.5614111411213E11 1095450.07 155 5 150 16740 540 16200
98100.0 16560 1.781877417988E10 1105587.24 1798257 9.7395988829201E11 1105587.24 155 5 150 16895 545 16350
99000.0 16524 1.796266768666E10 1115724.42 1814781 9.9192255597867E11 1115724.42 155 5 150 17050 550 16500
99900.0 16460 1.808642361718E10 1125861.59 1831241 1.01000897959585E12 1125861.59 155 5 150 17205 555 16650
100800.0 16452 1.825005741333E10 1135999.32 1847693 1.02825903700918E12 1135999.32 155 5 150 17360 560 16800
101700.0 16560 1.847550998371E10 1146136.5 1864253 1.04673454699289E12 1146136.5 155 5 150 17515 565 16950
102600.0 16524 1.861867353968E10 1156273.67 1880777 1.06535322053257E12 1156273.67 155 5 150 17670 570 17100
103500.0 16452 1.874096968803E10 1166410.84 1897229 1.0840941902206E12 1166410.84 155 5 150 17825 575 17250
104400.0 16452 1.890459889386E10 1176548.01 1913681 1.10299878911446E12 1176548.01 155 5 150 17980 580 17400
105300.0 16560 1.913223634801E10 1186685.18 1930241 1.12213102546247E12 1186685.18 155 5 150 18135 585 17550
106200.0 16524 1.927467008295E10 1196822.35 1946765 1.14140569554542E12 1196822.35 155 5 150 18290 590 17700
107100.0 16452 1.939550648781E10 1206959.52 1963217 1.16080120203323E12 1206959.52 155 5 150 18445 595 17850
108000.0 16452 1.955913569364E10 1217096.69 1979669 1.18036033772686E12 1217096.69 155 5 150 18600 600 18000
108900.0 16560 1.978896284075E10 1227233.86 1996229 1.20014930056761E12 1227233.86 155 5 150 18755 605 18150
109800.0 16524 1.993066664428E10 1237371.03 2012753 1.2200799672119E12 1237371.03 155 5 150 18910 610 18300
110700.0 16453 2.005004328769E10 1247508.2 2029206 1.24013001049959E12 1247508.2 155 5 150 19065 615 18450
111600.0 16452 2.021367645909E10 1257645.87 2045658 1.26034368695868E12 1257645.87 155 5 150 19220 620 18600
112500.0 16560 2.044569791788E10 1267783.11 2062218 1.28078938487656E12 1267783.11 155 5 150 19375 625 18750
113400.0 16524 2.058667245066E10 1277920.29 2078742 1.30137605732722E12 1277920.29 155 5 150 19530 630 18900
114300.0 16452 2.070458932996E10 1288057.45 2095194 1.32208064665718E12 1288057.45 155 5 150 19685 635 19050
115200.0 16452 2.086821853579E10 1298194.62 2111646 1.34294886519298E12 1298194.62 155 5 150 19840 640 19200
116100.0 16560 2.110242496232E10 1308331.79 2128206 1.36405129015529E12 1308331.79 155 5 150 19995 645 19350
117000.0 16524 2.124266901205E10 1318468.97 2144730 1.38529395916734E12 1318468.97 155 5 150 20150 650 19500
117900.0 16452 2.135912612985E10 1328606.14 2161182 1.40665308529719E12 1328606.14 155 5 150 20305 655 19650
118800.0 16452 2.152275533568E10 1338743.3 2177634 1.42817584063287E12 1338743.3 155 5 150 20460 660 19800
119700.0 16560 2.175915134473E10 1348880.47 2194194 1.4499349919776E12 1348880.47 155 5 150 20615 665 19950
120600.0 16524 2.189866555543E10 1359017.65 2210718 1.47183365753303E12 1359017.65 155 5 150 20770 670 20100
121500.0 16452 2.201366292974E10 1369154.82 2227170 1.49384732046276E12 1369154.82 155 5 150 20925 675 20250
122400.0 16452 2.217729377677E10 1379292.19 2243622 1.51602461423953E12 1379292.19 155 5 150 21080 680 20400
123300.0 16560 2.241588418459E10 1389429.72 2260182 1.53844049842412E12 1389429.72 155 5 150 21235 685 20550
124200.0 16524 2.25546713724E10 1399566.9 2276706 1.56099516979652E12 1399566.9 155 5 150 21390 690 20700
125100.0 16452 2.266820896462E10 1409704.07 2293158 1.58366337876114E12 1409704.07 155 5 150 21545 695 20850
126000.0 16452 2.283183817045E10 1419841.24 2309610 1.60649521693159E12 1419841.24 155 5 150 21700 700 21000
126900.0 16560 2.307261345888E10 1429978.4 2326170 1.62956783039047E12 1429978.4 155 5 150 21855 705 21150
127800.0 16524 2.321066792479E10 1440115.58 2342694 1.65277849831525E12 1440115.58 155 5 150 22010 710 21300
128700.0 16452 2.33227457645E10 1450252.75 2359146 1.67610124407976E12 1450252.75 155 5 150 22165 715 21450
129600.0 16452 2.348637497033E10 1460389.92 2375598 1.69958761905009E12 1460389.92 155 5 150 22320 720 21600
130500.0 16560 2.372933989651E10 1470527.08 2392158 1.7233169589466E12 1470527.08 155 5 150 22475 725 21750
131400.0 16524 2.386666446817E10 1480664.26 2408682 1.74718362341477E12 1480664.26 155 5 150 22630 730 21900
132300.0 16452 2.397728256439E10 1490801.43 2425134 1.77116090597916E12 1490801.43 155 5 150 22785 735 22050
133200.0 16452 2.414091177022E10 1500938.6 2441586 1.79530181774938E12 1500938.6 155 5 150 22940 740 22200
134100.0 16560 2.438607096856E10 1511076.33 2458146 1.81968788871793E12 1511076.33 155 5 150 23095 745 22350
135000.0 16524 2.45226703213E10 1521213.52 2474670 1.84421055903923E12 1521213.52 155 5 150 23250 750 22500
135900.0 16452 2.463182863535E10 1531350.68 2491122 1.86884238767458E12 1531350.68 155 5 150 23405 755 22650
136800.0 16452 2.479545784118E10 1541487.85 2507574 1.89363784551576E12 1541487.85 155 5 150 23560 760 22800
137700.0 16560 2.504280203786E10 1551625.02 2524134 1.91868064755361E12 1551625.02 155 5 150 23715 765 22950
138600.0 16524 2.517866686468E10 1561762.2 2540658 1.94385931441829E12 1561762.2 155 5 150 23870 770 23100
139500.0 16452 2.528636543523E10 1571899.36 2557110 1.96914567985353E12 1571899.36 155 5 150 24025 775 23250
140400.0 16452 2.544999464106E10 1582036.53 2573562 1.99459567449459E12 1582036.53 155 5 150 24180 780 23400
141300.0 16560 2.56995285487E10 1592173.7 2590122 2.0202952030433E12 1592173.7 155 5 150 24335 785 23550
142200.0 16524 2.583466342606E10 1602310.88 2606646 2.04612986646936E12 1602310.88 155 5 150 24490 790 23700
143100.0 16452 2.594090223512E10 1612448.04 2623098 2.07207076870448E12 1612448.04 155 5 150 24645 795 23850
144000.0 16461 2.610453144095E10 1622585.21 2639559 2.09817530014543E12 1622585.21 155 5 150 24800 800 24000
144900.0 16560 2.635625941009E10 1632722.95 2656119 2.12453155955552E12 1632722.95 155 5 150 24955 805 24150
145800.0 16524 2.649066926119E10 1642860.13 2672643 2.15102222881671E12 1642860.13 155 5 150 25110 810 24300
146700.0 16452 2.659544830608E10 1652997.3 2689095 2.17761767712279E12 1652997.3 155 5 150 25265 815 24450
147600.0 16452 2.675907751191E10 1663134.47 2705547 2.20437675463469E12 1663134.47 155 5 150 25420 820 24600
148500.0 16560 2.701299063483E10 1673271.63 2722107 2.23138974526953E12 1673271.63 155 5 150 25575 825 24750
149400.0 16524 2.714666582257E10 1683408.81 2738631 2.2585364110921E12 1683408.81 155 5 150 25730 830 24900
150300.0 16452 2.724998510596E10 1693545.98 2755083 2.28578639619806E12 1693545.98 155 5 150 25885 835 25050
151200.0 16452 2.741361431179E10 1703683.15 2771535 2.31320001050986E12 1703683.15 155 5 150 26040 840 25200
152100.0 16560 2.766971712768E10 1713820.31 2788095 2.34086972763754E12 1713820.31 155 5 150 26195 845 25350
153000.0 16524 2.780266236601E10 1723957.49 2804619 2.36867239000355E12 1723957.49 155 5 150 26350 850 25500
153900.0 16452 2.79045219059E10 1734094.66 2821071 2.39657691190945E12 1734094.66 155 5 150 26505 855 25650
154800.0 16453 2.806815111173E10 1744231.83 2837524 2.42464506302118E12 1744231.83 155 5 150 26660 860 25800
155700.0 16560 2.832644692517E10 1754369.44 2854084 2.45297150994635E12 1754369.44 155 5 150 26815 865 25950
156600.0 16524 2.845866704909E10 1764506.74 2870608 2.48143017699544E12 1764506.74 155 5 150 26970 870 26100
157500.0 16452 2.855906792826E10 1774643.91 2887060 2.5099892449237E12 1774643.91 155 5 150 27125 875 26250
158400.0 16452 2.872269713409E10 1784781.08 2903512 2.5387119420578E12 1784781.08 155 5 150 27280 880 26400
159300.0 16560 2.898325440364E10 1794918.25 2920072 2.56769519646144E12 1794918.25 155 5 150 27435 885 26550
160200.0 16524 2.911466471387E10 1805055.42 2936596 2.59680986117531E12 1805055.42 155 5 150 27590 890 26700
161100.0 16452 2.921360472815E10 1815192.59 2953048 2.62602346590346E12 1815192.59 155 5 150 27745 895 26850
162000.0 16452 2.937723393398E10 1825329.76 2969500 2.65540069983744E12 1825329.76 155 5 150 27900 900 27000
162900.0 16560 2.963990559374E10 1835466.93 2986060 2.68504060543117E12 1835466.93 155 5 150 28055 905 27150
163800.0 16524 2.977066471326E10 1845604.1 3002584 2.71481127014443E12 1845604.1 155 5 150 28210 910 27300
164700.0 16452 2.986814152793E10 1855741.27 3019036 2.74467941167236E12 1855741.27 155 5 150 28365 915 27450
165600.0 16452 3.003177073376E10 1865878.44 3035488 2.77471118240611E12 1865878.44 155 5 150 28520 920 27600
166500.0 16560 3.029670847193E10 1876015.75 3052048 2.80500789087804E12 1876015.75 155 5 150 28675 925 27750
167400.0 16524 3.042666344466E10 1886153.35 3068572 2.8354345543227E12 1886153.35 155 5 150 28830 930 27900
168300.0 16452 3.052268756844E10 1896290.53 3085024 2.86595724189114E12 1896290.53 155 5 150 28985 935 28050
169200.0 16452 3.068631677427E10 1906427.69 3101476 2.89664355866541E12 1906427.69 155 5 150 29140 940 28200
170100.0 16560 3.095336772243E10 1916564.86 3118036 2.92759692638783E12 1916564.86 155 5 150 29295 945 28350
171000.0 16524 3.108266707014E10 1926702.04 3134560 2.95867959345798E12 1926702.04 155 5 150 29450 950 28500
171900.0 16452 3.117722436821E10 1936839.21 3151012 2.98985681782619E12 1936839.21 155 5 150 29605 955 28650
172800.0 16452 3.134085357404E10 1946976.37 3167464 3.02119767140023E12 1946976.37 155 5 150 29760 960 28800
173700.0 16560 3.161009422416E10 1957113.54 3184024 3.0528077656244E12 1957113.54 155 5 150 29915 965 28950
174600.0 16524 3.173866019331E10 1967250.72 3200548 3.08454642581771E12 1967250.72 155 5 150 30070 970 29100
175500.0 16452 3.183176116799E10 1977387.89 3217000 3.11637818698569E12 1977387.89 155 5 150 30225 975 29250
176400.0 16452 3.199539037376E10 1987525.05 3233452 3.14837357735946E12 1987525.05 155 5 150 30380 980 29400
177300.0 16560 3.226682058835E10 1997662.22 3250012 3.18064039794781E12 1997662.22 155 5 150 30535 985 29550
178200.0 16524 3.239466129413E10 2007799.96 3266536 3.21303505924194E12 2007799.96 155 5 150 30690 990 29700
179100.0 16452 3.248630723866E10 2017937.14 3282988 3.24552136648059E12 2017937.14 155 5 150 30845 995 29850
180000.0 16453 3.264993656951E10 2028074.31 3299441 3.27817130305011E12 2028074.31 155 5 150 31000 1000 30000
180900.0 16560 3.292355632777E10 2038211.48 3316001 3.31109485937787E12 2038211.48 155 5 150 31155 1005 30150
181800.0 16524 3.305066258918E10 2048348.65 3332525 3.34414552196706E12 2048348.65 155 5 150 31310 1010 30300
182700.0 16452 3.314084403813E10 2058485.82 3348977 3.37728636600519E12 2058485.82 155 5 150 31465 1015 30450
183600.0 16452 3.33044732439E10 2068622.99 3365429 3.41059083924909E12 2068622.99 155 5 150 31620 1020 30600
184500.0 16560 3.358028280221E10 2078760.16 3381989 3.4441711220513E12 2078760.16 155 5 150 31775 1025 30750
185400.0 16524 3.370665914116E10 2088897.33 3398513 3.47787778119246E12 2088897.33 155 5 150 31930 1030 30900
186300.0 16452 3.379538083761E10 2099034.5 3414965 3.51167316203007E12 2099034.5 155 5 150 32085 1035 31050
187200.0 16452 3.395901004338E10 2109171.67 3431417 3.54563217207345E12 2109171.67 155 5 150 32240 1040 31200
188100.0 16568 3.423700918421E10 2119308.84 3447985 3.57986918125767E12 2119308.84 155 5 150 32395 1045 31350
189000.0 16524 3.436266024185E10 2129446.58 3464509 3.61423184149952E12 2129446.58 155 5 150 32550 1050 31500
189900.0 16452 3.444992690822E10 2139583.76 3480961 3.64868176840774E12 2139583.76 155 5 150 32705 1055 31650
190800.0 16452 3.461355611399E10 2149720.92 3497413 3.68329532452173E12 2149720.92 155 5 150 32860 1060 31800
191700.0 16560 3.489374490558E10 2159858.09 3513973 3.7181890694273E12 2159858.09 155 5 150 33015 1065 31950
192600.0 16524 3.501866153691E10 2169995.27 3530497 3.75320773096421E12 2169995.27 155 5 150 33170 1070 32100
193500.0 16452 3.51044637077E10 2180132.44 3546949 3.78831219467191E12 2180132.44 155 5 150 33325 1075 32250
194400.0 16452 3.526809291347E10 2190269.61 3563401 3.82358028758538E12 2190269.61 155 5 150 33480 1080 32400
195300.0 16560 3.555047139802E10 2200406.77 3579961 3.85913075898339E12 2200406.77 155 5 150 33635 1085 32550
196200.0 16524 3.567465808888E10 2210543.95 3596485 3.89480541707228E12 2210543.95 155 5 150 33790 1090 32700
197100.0 16452 3.575900050718E10 2220681.12 3612937 3.93056441757945E12 2220681.12 155 5 150 33945 1095 32850
198000.0 16452 3.592262971295E10 2230818.29 3629389 3.9664870472924E12 2230818.29 155 5 150 34100 1100 33000
198900.0 16561 3.620719776202E10 2240955.45 3645950 4.00269424505442E12 2240955.45 155 5 150 34255 1105 33150
199800.0 16524 3.633065787418E10 2251093.02 3662474 4.03902490292859E12 2251093.02 155 5 150 34410 1110 33300
200700.0 16452 3.641354505205E10 2261230.37 3678926 4.07543844798064E12 2261230.37 155 5 150 34565 1115 33450
201600.0 16452 3.657717573001E10 2271367.54 3695378 4.11201562371065E12 2271367.54 155 5 150 34720 1120 33600
202500.0 16560 3.686393344767E10 2281504.7 3711938 4.14887955715832E12 2281504.7 155 5 150 34875 1125 33750
203400.0 16524 3.698666043098E10 2291641.88 3728462 4.1858662175893E12 2291641.88 155 5 150 35030 1130 33900
204300.0 16452 3.706808332372E10 2301779.05 3744914 4.22293430091302E12 2301779.05 155 5 150 35185 1135 34050
205200.0 16452 3.723171252949E10 2311916.22 3761366 4.26016601344251E12 2311916.22 155 5 150 35340 1140 34200
206100.0 16560 3.752065992211E10 2322053.38 3777926 4.29768667336462E12 2322053.38 155 5 150 35495 1145 34350
207000.0 16524 3.764265698284E10 2332190.56 3794450 4.33532933034746E12 2332190.56 155 5 150 35650 1150 34500
207900.0 16452 3.772262012309E10 2342327.73 3810902 4.37305195047055E12 2342327.73 155 5 150 35805 1155 34650
208800.0 16452 3.788624932886E10 2352464.9 3827354 4.41093819979942E12 2352464.9 155 5 150 35960 1160 34800
209700.0 16560 3.8177386304E10 2362602.07 3843914 4.44911558610342E12 2362602.07 155 5 150 36115 1165 34950
210600.0 16524 3.82986541805E10 2372739.32 3860438 4.48741424028392E12 2372739.32 155 5 150 36270 1170 35100
211500.0 16452 3.83771621137E10 2382876.98 3876890 4.52579140239761E12 2382876.98 155 5 150 36425 1175 35250
212400.0 16452 3.854079537563E10 2393014.15 3893342 4.56433219777324E12 2393014.15 155 5 150 36580 1180 35400
213300.0 16560 3.883412205667E10 2403151.32 3909902 4.60316631982991E12 2403151.32 155 5 150 36735 1185 35550
214200.0 16524 3.895465935449E10 2413288.5 3926426 4.6421209791844E12 2413288.5 155 5 150 36890 1190 35700
215100.0 16452 3.903170296912E10 2423425.66 3942878 4.68115268215352E12 2423425.66 155 5 150 37045 1195 35850
216000.0 16452 3.919533217489E10 2433562.83 3959330 4.72034801432842E12 2433562.83 155 5 150 37200 1200 36000
216900.0 16560 3.949084843845E10 2443700.0 3975890 4.75983886276687E12 2443700.0 155 5 150 37355 1205 36150
217800.0 16524 3.961065590625E10 2453837.18 3992414 4.79944951867312E12 2453837.18 155 5 150 37510 1210 36300
218700.0 16452 3.968623976839E10 2463974.34 4008866 4.8391357584415E12 2463974.34 155 5 150 37665 1215 36450
219600.0 16452 3.984986897416E10 2474111.51 4025318 4.87898562741566E12 2474111.51 155 5 150 37820 1220 36600
220500.0 16560 4.014757492168E10 2484248.68 4041878 4.91913320233733E12 2484248.68 155 5 150 37975 1225 36750
221400.0 16524 4.0266652458E10 2494385.86 4058402 4.95939985479534E12 2494385.86 155 5 150 38130 1230 36900
222300.0 16452 4.034078115507E10 2504523.59 4074854 4.99974063595041E12 2504523.59 155 5 150 38285 1235 37050
223200.0 16452 4.050441504449E10 2514660.77 4091306 5.0402450509949E12 2514660.77 155 5 150 38440 1240 37200
224100.0 16561 4.080431070057E10 2524797.93 4107867 5.08104936169547E12 2524797.93 155 5 150 38595 1245 37350
225000.0 16524 4.092265830151E10 2534935.11 4124391 5.12197201999698E12 2534935.11 155 5 150 38750 1250 37500
225900.0 16452 4.099532263793E10 2545072.28 4140843 5.16296734263491E12 2545072.28 155 5 150 38905 1255 37650
226800.0 16452 4.11589518437E10 2555209.45 4157295 5.20412629447861E12 2555209.45 155 5 150 39060 1260 37800
227700.0 16560 4.146103707972E10 2565346.61 4173855 5.24558733155833E12 2565346.61 155 5 150 39215 1265 37950
228600.0 16524 4.157865485321E10 2575483.79 4190379 5.28716598641155E12 2575483.79 155 5 150 39370 1270 38100
229500.0 16452 4.164985943714E10 2585620.96 4206831 5.32881584584869E12 2585620.96 155 5 150 39525 1275 38250
230400.0 16452 4.181348864291E10 2595758.13 4223283 5.3706293344916E12 2595758.13 155 5 150 39680 1280 38400
231300.0 16560 4.211776344345E10 2605895.3 4239843 5.41274709793505E12 2605895.3 155 5 150 39835 1285 38550
232200.0 16530 4.223465140492E10 2616032.47 4256373 5.45498174933997E12 2616032.47 155 5 150 39990 1290 38700
233100.0 16454 4.230440082383E10 2626170.21 4272827 5.49728615016379E12 2626170.21 155 5 150 40145 1295 38850
234000.0 16452 4.246803471324E10 2636307.38 4289279 5.53975418487704E12 2636307.38 155 5 150 40300 1300 39000
234900.0 16560 4.277449923776E10 2646444.55 4305839 5.5825286841148E12 2646444.55 155 5 150 40455 1305 39150
235800.0 16524 4.289065724843E10 2656581.73 4322363 5.62541934136323E12 2656581.73 155 5 150 40610 1310 39300
236700.0 16452 4.295894230668E10 2666718.9 4338815 5.66837828366991E12 2666718.9 155 5 150 40765 1315 39450
237600.0 16452 4.312257151245E10 2676856.06 4355267 5.71150085518236E12 2676856.06 155 5 150 40920 1320 39600
238500.0 16560 4.34312256015E10 2686993.23 4371827 5.75493208078386E12 2686993.23 155 5 150 41075 1325 39750
239400.0 16524 4.354665380013E10 2697130.41 4388351 5.79847873458399E12 2697130.41 155 5 150 41230 1330 39900
240300.0 16452 4.361347910589E10 2707267.58 4404803 5.84209221368988E12 2707267.58 155 5 150 41385 1335 40050
241200.0 16452 4.377710831166E10 2717404.74 4421255 5.88586932200154E12 2717404.74 155 5 150 41540 1340 40200
242100.0 16560 4.408795209366E10 2727541.91 4437815 5.9299572740952E12 2727541.91 155 5 150 41695 1345 40350
243000.0 16525 4.420265035183E10 2737679.09 4454340 5.97415992444704E12 2737679.09 155 5 150 41850 1350 40500
243900.0 16452 4.42680184976E10 2747816.58 4470792 6.01842794294464E12 2747816.58 155 5 150 42005 1355 40650
244800.0 16452 4.443165239551E10 2757953.99 4487244 6.06285959534014E12 2757953.99 155 5 150 42160 1360 40800
245700.0 16560 4.474468771283E10 2768091.16 4503804 6.10760428305297E12 2768091.16 155 5 150 42315 1365 40950
246600.0 16524 4.485865614868E10 2778228.34 4520328 6.15246293920164E12 2778228.34 155 5 150 42470 1370 41100
247500.0 16452 4.492256192888E10 2788365.51 4536780 6.19738550113052E12 2788365.51 155 5 150 42625 1375 41250
248400.0 16452 4.508619113465E10 2798502.68 4553232 6.24247169226517E12 2798502.68 155 5 150 42780 1380 41400
249300.0 16560 4.540141414073E10 2808639.84 4569792 6.2878731064059E12 2808639.84 155 5 150 42935 1385 41550
250200.0 16524 4.551465270033E10 2818777.02 4586316 6.33338775910623E12 2818777.02 155 5 150 43090 1390 41700
251100.0 16452 4.557709872803E10 2828914.19 4602768 6.37896485783426E12 2828914.19 155 5 150 43245 1395 41850
252000.0 16452 4.57407279338E10 2839051.36 4619220 6.42470558576806E12 2839051.36 155 5 150 43400 1400 42000
252900.0 16560 4.605814063285E10 2849188.52 4635780 6.47076372640091E12 2849188.52 155 5 150 43555 1405 42150
253800.0 16524 4.617064925203E10 2859325.7 4652304 6.51693437565294E12 2859325.7 155 5 150 43710 1410 42300
254700.0 16452 4.623163557469E10 2869462.87 4668756 6.56316601122764E12 2869462.87 155 5 150 43865 1415 42450
255600.0 16452 4.639526934136E10 2879600.6 4685208 6.609561280569E12 2879600.6 155 5 150 44020 1420 42600
256500.0 16560 4.671487629749E10 2889737.78 4701768 6.65627615686649E12 2889737.78 155 5 150 44175 1425 42750
257400.0 16524 4.682665509431E10 2899874.96 4718292 6.7031028119608E12 2899874.96 155 5 150 44330 1430 42900
258300.0 16452 4.688618159635E10 2910012.12 4734744 6.74998899355716E12 2910012.12 155 5 150 44485 1435 43050
259200.0 16452 4.704981080212E10 2920149.29 4751196 6.79703880435928E12 2920149.29 155 5 150 44640 1440 43200
260100.0 16560 4.737160278966E10 2930286.46 4767756 6.84441040714894E12 2930286.46 155 5 150 44795 1445 43350
261000.0 16524 4.748265164591E10 2940423.64 4784280 6.89189305879485E12 2940423.64 155 5 150 44950 1450 43500
261900.0 16452 4.754071839545E10 2950560.8 4800732 6.9394337771903E12 2950560.8 155 5 150 45105 1455 43650
262800.0 16452 4.770434760122E10 2960697.97 4817184 6.98713812479152E12 2960697.97 155 5 150 45260 1460 43800
263700.0 16560 4.802840439186E10 2970835.14 4833744 7.03516652918339E12 2970835.14 155 5 150 45415 1465 43950
264600.0 16524 4.813864819756E10 2980972.32 4850268 7.08330517738094E12 2980972.32 155 5 150 45570 1470 44100
265500.0 16452 4.819525519461E10 2991109.48 4866720 7.13150043257555E12 2991109.48 155 5 150 45725 1475 44250
266400.0 16452 4.835888899072E10 3001247.22 4883172 7.17985932156627E12 3001247.22 155 5 150 45880 1480 44400
267300.0 16560 4.868506494754E10 3011384.39 4899732 7.22854438651382E12 3011384.39 155 5 150 46035 1485 44550
268200.0 16525 4.879465750701E10 3021521.57 4916257 7.27733904402082E12 3021521.57 155 5 150 46190 1490 44700
269100.0 16452 4.884980126505E10 3031658.74 4932709 7.32618884528587E12 3031658.74 155 5 150 46345 1495 44850
270000.0 16452 4.901343047082E10 3041795.91 4949161 7.37520227575669E12 3041795.91 155 5 150 46500 1500 45000
270900.0 16560 4.934186655896E10 3051933.07 4965721 7.42454414231566E12 3051933.07 155 5 150 46655 1505 45150
271800.0 16524 4.945065058398E10 3062070.25 4982245 7.47399479289963E12 3062070.25 155 5 150 46810 1510 45300
272700.0 16452 4.950433806437E10 3072207.42 4998697 7.523499130964E12 3072207.42 155 5 150 46965 1515 45450
273600.0 16452 4.966796727014E10 3082344.59 5015149 7.57316709823414E12 3082344.59 155 5 150 47120 1520 45600
274500.0 16560 4.999851779466E10 3092481.75 5031709 7.6231656160288E12 3092481.75 155 5 150 47275 1525 45750
275400.0 16524 5.01066505829E10 3102618.93 5048233 7.6732722666117E12 3102618.93 155 5 150 47430 1530 45900
276300.0 16458 5.015887486368E10 3112756.1 5064691 7.72343114147538E12 3112756.1 155 5 150 47585 1535 46050
277200.0 16454 5.032250897409E10 3122893.82 5081145 7.77375365044947E12 3122893.82 155 5 150 47740 1540 46200
278100.0 16560 5.065525343646E10 3133031.01 5097705 7.82440890388593E12 3133031.01 155 5 150 47895 1545 46350
279000.0 16524 5.076265297707E10 3143168.19 5114229 7.875171556863E12 3143168.19 155 5 150 48050 1550 46500
279900.0 16452 5.08134209318E10 3153305.35 5130681 7.9259849777948E12 3153305.35 155 5 150 48205 1555 46650
280800.0 16452 5.097705013757E10 3163442.52 5147133 7.97696202793237E12 3163442.52 155 5 150 48360 1560 46800
281700.0 16560 5.131205512494E10 3173579.69 5163693 8.02827408305732E12 3173579.69 155 5 150 48515 1565 46950
282600.0 16524 5.141864953788E10 3183716.87 5180217 8.0796927325952E12 3183716.87 155 5 150 48670 1570 47100
283500.0 16452 5.146795773112E10 3193854.04 5196669 8.13116069032631E12 3193854.04 155 5 150 48825 1575 47250
284400.0 16452 5.163158693688E10 3203991.2 5213121 8.1827922772632E12 3203991.2 155 5 150 48980 1580 47400
285300.0 16560 5.196870639664E10 3214128.37 5229681 8.23476098365984E12 3214128.37 155 5 150 49135 1585 47550
286200.0 16524 5.207464951886E10 3224265.55 5246205 8.2868356331787E12 3224265.55 155 5 150 49290 1590 47700
287100.0 16453 5.212249453049E10 3234402.72 5262658 8.33895812770918E12 3234402.72 155 5 150 49445 1595 47850
288000.0 16452 5.228612577431E10 3244540.14 5279110 8.3912442534835E12 3244540.14 155 5 150 49600 1600 48000
288900.0 16560 5.262551472763E10 3254677.62 5295670 8.44386976821113E12 3254677.62 155 5 150 49755 1605 48150
289800.0 16524 5.27306518849E10 3264814.8 5312194 8.49660042009603E12 3264814.8 155 5 150 49910 1610 48300
290700.0 16452 5.277704055257E10 3274951.97 5328646 8.5493774606486E12 3274951.97 155 5 150 50065 1615 48450
291600.0 16452 5.294066975834E10 3285089.13 5345098 8.60231813040694E12 3285089.13 155 5 150 50220 1620 48600
292500.0 16560 5.328216843322E10 3295226.3 5361658 8.65560029884016E12 3295226.3 155 5 150 50375 1625 48750
293400.0 16524 5.338665187493E10 3305363.48 5378182 8.70898695071509E12 3305363.48 155 5 150 50530 1630 48900
294300.0 16452 5.3431577352E10 3315500.65 5394634 8.76241852806708E12 3315500.65 155 5 150 50685 1635 49050
295200.0 16452 5.359520655777E10 3325637.82 5411086 8.81601373462485E12 3325637.82 155 5 150 50840 1640 49200
296100.0 16560 5.393889492561E10 3335774.98 5427646 8.86995262955046E12 3335774.98 155 5 150 50995 1645 49350
297000.0 16524 5.404264497974E10 3345912.16 5444170 8.9239952745302E12 3345912.16 155 5 150 51150 1650 49500
297900.0 16452 5.408611415142E10 3356049.33 5460622 8.97808138868162E12 3356049.33 155 5 150 51305 1655 49650
298800.0 16452 5.424974335719E10 3366186.5 5477074 9.03233113203881E12 3366186.5 155 5 150 51460 1660 49800
299700.0 16560 5.45956257956E10 3376324.23 5493634 9.08692675783441E12 3376324.23 155 5 150 51615 1665 49950
300600.0 16524 5.469865083246E10 3386461.41 5510158 9.14162540866687E12 3386461.41 155 5 150 51770 1670 50100
301500.0 16452 5.474066022197E10 3396598.58 5526610 9.19636606888885E12 3396598.58 155 5 150 51925 1675 50250
302400.0 16452 5.490428942774E10 3406735.75 5543062 9.25127035831659E12 3406735.75 155 5 150 52080 1680 50400
303300.0 16560 5.525235707513E10 3416872.92 5559622 9.30652271539172E12 3416872.92 155 5 150 52235 1685 50550
304200.0 16524 5.535464737543E10 3427010.1 5576146 9.36187736276715E12 3427010.1 155 5 150 52390 1690 50700
305100.0 16452 5.539519702145E10 3437147.26 5592598 9.4172725597886E12 3437147.26 155 5 150 52545 1695 50850
306000.0 16452 5.555882622722E10 3447284.43 5609050 9.47283138601582E12 3447284.43 155 5 150 52700 1700 51000
306900.0 16560 5.590908344813E10 3457421.6 5625610 9.52874046946396E12 3457421.6 155 5 150 52855 1705 51150
307800.0 16524 5.601064393646E10 3467558.78 5642134 9.58475111340042E12 3467558.78 155 5 150 53010 1710 51300
308700.0 16452 5.604973382099E10 3477695.94 5658586 9.6408008472214E12 3477695.94 155 5 150 53165 1715 51450
309600.0 16452 5.621336302675E10 3487833.11 5675038 9.69701421024816E12 3487833.11 155 5 150 53320 1720 51600
310500.0 16560 5.656581438245E10 3497970.84 5691598 9.75358002463061E12 3497970.84 155 5 150 53475 1725 51750
311400.0 16524 5.666664977135E10 3508108.03 5708122 9.81024667440196E12 3508108.03 155 5 150 53630 1730 51900
312300.0 16452 5.67042798917E10 3518245.2 5724574 9.86695095429366E12 3518245.2 155 5 150 53785 1735 52050
313200.0 16452 5.686790909747E10 3528382.37 5741026 9.92381886339112E12 3528382.37 155 5 150 53940 1740 52200
314100.0 16560 5.722254566188E10 3538519.53 5757586 9.98104140905301E12 3538519.53 155 5 150 54095 1745 52350
315000.0 16524 5.732264633243E10 3548656.71 5774110 1.003836405538544E13 3548656.71 155 5 150 54250 1750 52500
315900.0 16452 5.735881669129E10 3558793.88 5790562 1.009572287207672E13 3558793.88 155 5 150 54405 1755 52650
316800.0 16452 5.752244589705E10 3568931.05 5807014 1.015324531797378E13 3568931.05 155 5 150 54560 1760 52800
317700.0 16560 5.787927203499E10 3579068.21 5823574 1.021112459000877E13 3579068.21 155 5 150 54715 1765 52950
318600.0 16524 5.797864631367E10 3589205.39 5840098 1.026910323632244E13 3589205.39 155 5 150 54870 1770 53100
319500.0 16452 5.801335349093E10 3599342.56 5856550 1.032711658981338E13 3599342.56 155 5 150 55025 1775 53250
320400.0 16459 5.81769826967E10 3609479.73 5873009 1.038529357251007E13 3609479.73 155 5 150 55180 1780 53400
321300.0 16562 5.853600267434E10 3619617.38 5889571 1.044382957518441E13 3619617.38 155 5 150 55335 1785 53550
322200.0 16524 5.863464805593E10 3629754.64 5906095 1.050246422324034E13 3629754.64 155 5 150 55490 1790 53700
323100.0 16452 5.866789952883E10 3639891.81 5922547 1.056113212276917E13 3639891.81 155 5 150 55645 1795 53850
324000.0 16452 5.88315287346E10 3650028.98 5938999 1.061996365150377E13 3650028.98 155 5 150 55800 1800 54000
324900.0 16560 5.919273416093E10 3660166.15 5955559 1.06791563856647E13 3660166.15 155 5 150 55955 1805 54150
325800.0 16524 5.929064523876E10 3670303.32 5972083 1.073844703090346E13 3670303.32 155 5 150 56110 1810 54300
326700.0 16452 5.932243632853E10 3680440.49 5988535 1.079776946723199E13 3680440.49 155 5 150 56265 1815 54450
327600.0 16452 5.948606553429E10 3690577.66 6004987 1.085725553276628E13 3690577.66 155 5 150 56420 1820 54600
328500.0 16560 5.984946063559E10 3700714.83 6021547 1.091710499340186E13 3700714.83 155 5 150 56575 1825 54750
329400.0 16524 5.994664179095E10 3710852.0 6038071 1.097705163519282E13 3710852.0 155 5 150 56730 1830 54900
330300.0 16452 5.997697312822E10 3720989.17 6054523 1.103702860832104E13 3720989.17 155 5 150 56885 1835 55050
331200.0 16453 6.014060233399E10 3731126.34 6070976 1.109716921065502E13 3731126.34 155 5 150 57040 1840 55200
332100.0 16560 6.0506263841E10 3741263.7 6087536 1.115767547449603E13 3741263.7 155 5 150 57195 1845 55350
333000.0 16524 6.060264800215E10 3751401.25 6104060 1.121827812249818E13 3751401.25 155 5 150 57350 1850 55500
333900.0 16452 6.063151916507E10 3761538.43 6120512 1.127890964166325E13 3761538.43 155 5 150 57505 1855 55650
334800.0 16452 6.079514837084E10 3771675.59 6136964 1.133970479003409E13 3771675.59 155 5 150 57660 1860 55800
335700.0 16560 6.116292270531E10 3781812.76 6153524 1.14008677127394E13 3781812.76 155 5 150 57815 1865 55950
336600.0 16524 6.125864416209E10 3791949.94 6170048 1.146212635690149E13 3791949.94 155 5 150 57970 1870 56100
337500.0 16452 6.128605596477E10 3802087.11 6186500 1.152341241286626E13 3802087.11 155 5 150 58125 1875 56250
338400.0 16452 6.144968517054E10 3812224.27 6202952 1.158486209803679E13 3812224.27 155 5 150 58280 1880 56400
339300.0 16560 6.181964919796E10 3822361.44 6219512 1.164668174723476E13 3822361.44 155 5 150 58435 1885 56550
340200.0 16524 6.191464413444E10 3832498.62 6236036 1.17085963913692E13 3832498.62 155 5 150 58590 1890 56700
341100.0 16452 6.194059276452E10 3842635.79 6252488 1.177053698413372E13 3842635.79 155 5 150 58745 1895 56850
342000.0 16452 6.210422197029E10 3852772.95 6268940 1.1832641206104E13 3852772.95 155 5 150 58900 1900 57000
342900.0 16560 6.247645081899E10 3862910.12 6285500 1.189511765692299E13 3862910.12 155 5 150 59055 1905 57150
343800.0 16524 6.257064181531E10 3873047.86 6302024 1.19576882987383E13 3873047.86 155 5 150 59210 1910 57300
344700.0 16452 6.259513883539E10 3883185.04 6318476 1.202028343757369E13 3883185.04 155 5 150 59365 1915 57450
345600.0 16452 6.275876804116E10 3893322.21 6334928 1.208304220561485E13 3893322.21 155 5 150 59520 1920 57600

