# seed = 1, gamma = 1.0, beta = 0.75, dee = 10.0, dcc = 50.0, dec = 15.0, dsc = 1000.0, dLocalhost = 0.015, hostBroker = EDGE, numOfCloud = 1, numOfEdge = 1, numOfSmartphone = 225 
#
# The columns have the following meaning: 
# instant[SECONDS] delayCountPartial delaySumPartial[SECONDS] delayMaxPartial[SECONDS] delayCountTot delaySumTot[SECONDS] delayMaxTot[SECONDS] runOnCloudPartial runOnEdgePartial runOnSmartphonePartial runOnCloudTot runOnEdgeTot runOnSmartphoneTot
0.0 0 0.0 0.0 0 0.0 0.0 0 0 0 0 0 0
900.0 16560 9.356733089E7 11565.73 16560 9.356733089E7 11565.73 75 10 225 75 10 225
1800.0 16524 2.7035824181E8 22521.43 33084 3.639255727E8 22521.43 75 10 225 150 20 450
2700.0 16452 4.4671658318E8 33476.64 49536 8.1064215588E8 33476.64 75 10 225 225 30 675
3600.0 16453 6.2353338097E8 44431.85 65989 1.43417553685E9 44431.85 75 10 225 300 40 900
4500.0 16560 8.0337896884E8 55387.06 82549 2.23755450569E9 55387.06 75 10 225 375 50 1125
5400.0 16524 9.7930009342E8 66342.27 99073 3.21685459911E9 66342.27 75 10 225 450 60 1350
6300.0 16452 1.15407253211E9 77297.48 115525 4.37092713122E9 77297.48 75 10 225 525 70 1575
7200.0 16452 1.33088920896E9 88252.69 131977 5.70181634018E9 88252.69 75 10 225 600 80 1800
8100.0 16560 1.51302035217E9 99207.89 148537 7.21483669235E9 99207.89 75 10 225 675 90 2025
9000.0 16524 1.68822946942E9 110163.11 165061 8.90306616177E9 110163.11 75 10 225 750 100 2250
9900.0 16452 1.8614284813E9 121118.32 181513 1.076449464307E10 121118.32 75 10 225 825 110 2475
10800.0 16452 2.03824515816E9 132073.52 197965 1.280273980123E10 132073.52 75 10 225 900 120 2700
11700.0 16560 2.22282353534E9 143028.73 214525 1.502556333657E10 143028.73 75 10 225 975 130 2925
12600.0 16532 2.39716808945E9 153983.95 231057 1.742273142602E10 153983.95 75 10 225 1050 140 3150
13500.0 16452 2.56878897483E9 164939.72 247509 1.999152040085E10 164939.72 75 10 225 1125 150 3375
14400.0 16452 2.74561037842E9 175894.93 263961 2.273713077927E10 175894.93 75 10 225 1200 160 3600
15300.0 16560 2.93247419402E9 186850.14 280521 2.566960497329E10 186850.14 75 10 225 1275 170 3825
16200.0 16524 3.1061057598E9 197805.36 297045 2.87757107331E10 197805.36 75 10 225 1350 180 4050
17100.0 16452 3.27614965075E9 208760.57 313497 3.205186038385E10 208760.57 75 10 225 1425 190 4275
18000.0 16452 3.4529663276E9 219715.77 329949 3.550482671145E10 219715.77 75 10 225 1500 200 4500
18900.0 16560 3.64219646839E9 230670.98 346509 3.914702317984E10 230670.98 75 10 225 1575 210 4725
19800.0 16524 3.81503925011E9 241626.19 363033 4.296206242995E10 241626.19 75 10 225 1650 220 4950
20700.0 16452 3.98350559993E9 252581.4 379485 4.694556802988E10 252581.4 75 10 225 1725 230 5175
21600.0 16452 4.16032227678E9 263536.61 395937 5.110589030667E10 263536.61 75 10 225 1800 240 5400
22500.0 16560 4.35191873377E9 274491.82 412497 5.545780904043E10 274491.82 75 10 225 1875 250 5625
23400.0 16524 4.52397275842E9 285447.03 429021 5.998178179885E10 285447.03 75 10 225 1950 260 5850
24300.0 16453 4.69086157869E9 296402.24 445474 6.467264337754E10 296402.24 75 10 225 2025 270 6075
25200.0 16452 4.86768277317E9 307358.01 461926 6.954032615071E10 307358.01 75 10 225 2100 280 6300
26100.0 16560 5.06173125503E9 318313.23 478486 7.460205740575E10 318313.23 75 10 225 2175 290 6525
27000.0 16524 5.23291554981E9 329268.44 495010 7.983497295556E10 329268.44 75 10 225 2250 300 6750
27900.0 16452 5.3982267697E9 340223.65 511462 8.523319972526E10 340223.65 75 10 225 2325 310 6975
28800.0 16452 5.57504344655E9 351178.86 527914 9.080824317182E10 351178.86 75 10 225 2400 320 7200
29700.0 16560 5.77137260298E9 362134.06 544474 9.65796157748E10 362134.06 75 10 225 2475 330 7425
30600.0 16524 5.94184904061E9 373089.28 560998 1.0252146481541E11 373089.28 75 10 225 2550 340 7650
31500.0 16452 6.10558271937E9 384044.49 577450 1.0862704753477E11 384044.49 75 10 225 2625 350 7875
32400.0 16452 6.28239939622E9 394999.69 593902 1.1490944693099E11 394999.69 75 10 225 2700 360 8100
33300.0 16560 6.48109486884E9 405954.9 610462 1.2139054179983E11 405954.9 75 10 225 2775 370 8325
34200.0 16524 6.65078254946E9 416910.12 626986 1.2804132434929E11 416910.12 75 10 225 2850 380 8550
35100.0 16452 6.81293866909E9 427865.32 643438 1.3485426301838E11 427865.32 75 10 225 2925 390 8775
36000.0 16452 6.98975534594E9 438820.53 659890 1.4184401836432E11 438820.53 75 10 225 3000 400 9000
36900.0 16560 7.19082160314E9 449776.3 676450 1.4903483996747E11 449776.3 75 10 225 3075 410 9225
37800.0 16524 7.35972534112E9 460731.53 692974 1.5639456530859E11 460731.53 75 10 225 3150 420 9450
38700.0 16452 7.52030389E9 471686.74 709426 1.6391486919859E11 471686.74 75 10 225 3225 430 9675
39600.0 16452 7.69712056685E9 482641.94 725878 1.7161198976545E11 482641.94 75 10 225 3300 440 9900
40500.0 16560 7.90054872088E9 493597.15 742438 1.7951253848633E11 493597.15 75 10 225 3375 450 10125
41400.0 16524 8.06865884109E9 504552.36 758962 1.8758119732742E11 504552.36 75 10 225 3450 460 10350
42300.0 16452 8.22765983985E9 515507.57 775414 1.9580885716727E11 515507.57 75 10 225 3525 470 10575
43200.0 16452 8.40447651672E9 526462.78 791866 2.0421333368398E11 526462.78 75 10 225 3600 480 10800
44100.0 16560 8.61027098695E9 537417.99 808426 2.1282360467093E11 537417.99 75 10 225 3675 490 11025
45000.0 16524 8.7775923411E9 548373.2 824950 2.2160119701204E11 548373.2 75 10 225 3750 500 11250
45900.0 16452 8.93501578979E9 559328.41 841402 2.3053621280183E11 559328.41 75 10 225 3825 510 11475
46800.0 16452 9.11183246666E9 570283.62 857854 2.3964804526849E11 570283.62 75 10 225 3900 520 11700
47700.0 16560 9.32007420684E9 581238.82 874414 2.4896811947533E11 581238.82 75 10 225 3975 530 11925
48600.0 16524 9.48652895167E9 592194.45 890938 2.58454648427E11 592194.45 75 10 225 4050 540 12150
49500.0 16452 9.64237965147E9 603149.82 907390 2.6809702807848E11 603149.82 75 10 225 4125 550 12375
50400.0 16452 9.81919764371E9 614105.02 923842 2.7791622572219E11 614105.02 75 10 225 4200 560 12600
51300.0 16560 1.00297248042E10 625060.23 940402 2.8794595052639E11 625060.23 75 10 225 4275 570 12825
52200.0 16524 1.019546858904E10 636015.45 956926 2.9814141911543E11 636015.45 75 10 225 4350 580 13050
53100.0 16452 1.034973691689E10 646970.65 973378 3.0849115603232E11 646970.65 75 10 225 4425 590 13275
54000.0 16452 1.052655359376E10 657925.86 989830 3.1901770962608E11 657925.86 75 10 225 4500 600 13500
54900.0 16560 1.073944707945E10 668881.07 1006390 3.2975715670552E11 668881.07 75 10 225 4575 610 13725
55800.0 16524 1.090440208917E10 679836.28 1022914 3.4066155879469E11 679836.28 75 10 225 4650 620 13950
56700.0 16452 1.105709286689E10 690791.49 1039366 3.5171865166158E11 690791.49 75 10 225 4725 630 14175
57600.0 16452 1.123390954375E10 701746.7 1055818 3.6295256120533E11 701746.7 75 10 225 4800 640 14400
58500.0 16560 1.144916935464E10 712701.9 1072378 3.7440173055997E11 712701.9 75 10 225 4875 650 14625
59400.0 16530 1.161333558929E10 723657.12 1088908 3.8601506614926E11 723657.12 75 10 225 4950 660 14850
60300.0 16455 1.176445058304E10 734612.55 1105363 3.977795167323E11 734612.55 75 10 225 5025 670 15075
61200.0 16452 1.194127193655E10 745568.1 1121815 4.0972078866886E11 745568.1 75 10 225 5100 680 15300
62100.0 16560 1.215890088927E10 756523.31 1138375 4.2187968955813E11 756523.31 75 10 225 5175 690 15525
63000.0 16524 1.232227833857E10 767478.53 1154899 4.342019678967E11 767478.53 75 10 225 5250 700 15750
63900.0 16452 1.247181399545E10 778433.74 1171351 4.4667378189215E11 778433.74 75 10 225 5325 710 15975
64800.0 16452 1.264863067232E10 789388.94 1187803 4.5932241256447E11 789388.94 75 10 225 5400 720 16200
65700.0 16560 1.286870410021E10 800344.15 1204363 4.7219111666468E11 800344.15 75 10 225 5475 730 16425
66600.0 16524 1.30312118387E10 811299.37 1220887 4.8522232850338E11 811299.37 75 10 225 5550 740 16650
67500.0 16452 1.317916994545E10 822254.57 1237339 4.9840149844883E11 822254.57 75 10 225 5625 750 16875
68400.0 16452 1.335598662231E10 833209.78 1253791 5.1175748507114E11 833209.78 75 10 225 5700 760 17100
69300.0 16560 1.357834543065E10 844164.99 1270351 5.2533583050179E11 844164.99 75 10 225 5775 770 17325
70200.0 16524 1.374014532982E10 855120.2 1286875 5.3907597583162E11 855120.2 75 10 225 5850 780 17550
71100.0 16453 1.388652589544E10 866075.41 1303328 5.5296250172706E11 866075.41 75 10 225 5925 790 17775
72000.0 16452 1.406334280619E10 877030.65 1319780 5.6702584453325E11 877030.65 75 10 225 6000 800 18000
72900.0 16560 1.428807221815E10 887986.39 1336340 5.813139167514E11 887986.39 75 10 225 6075 810 18225
73800.0 16524 1.444908812087E10 898941.61 1352864 5.9576300487227E11 898941.61 75 10 225 6150 820 18450
74700.0 16452 1.459389110671E10 909896.82 1369316 6.1035689597898E11 909896.82 75 10 225 6225 830 18675
75600.0 16452 1.477070778357E10 920852.03 1385768 6.2512760376255E11 920852.03 75 10 225 6300 840 18900
76500.0 16560 1.499788020904E10 931807.24 1402328 6.4012548397158E11 931807.24 75 10 225 6375 850 19125
77400.0 16524 1.5158021621E10 942762.45 1418852 6.5528350559258E11 942762.45 75 10 225 6450 860 19350
78300.0 16452 1.53012470567E10 953717.66 1435304 6.7058475264928E11 953717.66 75 10 225 6525 870 19575
79200.0 16452 1.547806373357E10 964672.87 1451756 6.8606281638285E11 964672.87 75 10 225 6600 880 19800
80100.0 16560 1.570752154848E10 975628.07 1468316 7.0177033793132E11 975628.07 75 10 225 6675 890 20025
81000.0 16524 1.586695924444E10 986583.29 1484840 7.1763729717576E11 986583.29 75 10 225 6750 900 20250
81900.0 16452 1.600860300664E10 997538.5 1501292 7.336459001824E11 997538.5 75 10 225 6825 910 20475
82800.0 16452 1.618541968351E10 1008493.7 1517744 7.4983131986591E11 1008493.7 75 10 225 6900 920 20700
83700.0 16560 1.641732476837E10 1019448.91 1534304 7.6624864463428E11 1019448.91 75 10 225 6975 930 20925
84600.0 16524 1.657589312299E10 1030404.69 1550828 7.8282453775728E11 1030404.69 75 10 225 7050 940 21150
85500.0 16452 1.671596822766E10 1041359.91 1567280 7.9954050598494E11 1041359.91 75 10 225 7125 950 21375
86400.0 16452 1.689278490453E10 1052315.11 1583732 8.1643329088947E11 1052315.11 75 10 225 7200 960 21600
87300.0 16560 1.712697539185E10 1063270.32 1600292 8.3356026628132E11 1063270.32 75 10 225 7275 970 21825
88200.0 16524 1.728483552734E10 1074225.54 1616816 8.5084510180866E11 1074225.54 75 10 225 7350 980 22050
89100.0 16452 1.742332417761E10 1085180.74 1633268 8.6826842598627E11 1085180.74 75 10 225 7425 990 22275
90000.0 16452 1.760014085448E10 1096135.95 1649720 8.8586856684075E11 1096135.95 75 10 225 7500 1000 22500
90900.0 16560 1.783677861174E10 1107091.16 1666280 9.0370534545249E11 1107091.16 75 10 225 7575 1010 22725
91800.0 16524 1.799376490416E10 1118046.37 1682804 9.2169911035665E11 1118046.37 75 10 225 7650 1020 22950
92700.0 16452 1.813068012762E10 1129001.58 1699256 9.3982979048427E11 1129001.58 75 10 225 7725 1030 23175
93600.0 16452 1.830749680448E10 1139956.79 1715708 9.5813728728875E11 1139956.79 75 10 225 7800 1040 23400
94500.0 16560 1.854641995119E10 1150911.99 1732268 9.7668370723993E11 1150911.99 75 10 225 7875 1050 23625
95400.0 16524 1.870270252761E10 1161867.21 1748792 9.9538640976754E11 1161867.21 75 10 225 7950 1060 23850
96300.0 16452 1.883804062195E10 1172822.98 1765244 1.01422445038949E12 1172822.98 75 10 225 8025 1070 24075
97200.0 16452 1.901486202556E10 1183778.2 1781696 1.03323931241505E12 1183778.2 75 10 225 8100 1080 24300
98100.0 16561 1.925615152847E10 1194733.41 1798257 1.05249546394352E12 1194733.41 75 10 225 8175 1090 24525
99000.0 16524 1.941164119617E10 1205688.62 1814781 1.07190710513969E12 1205688.62 75 10 225 8250 1100 24750
99900.0 16452 1.954540129869E10 1216643.83 1831233 1.09145250643839E12 1216643.83 75 10 225 8325 1110 24975
100800.0 16452 1.972221797556E10 1227599.04 1847685 1.11117472441394E12 1227599.04 75 10 225 8400 1120 25200
101700.0 16560 1.996587380367E10 1238554.24 1864245 1.13114059821761E12 1238554.24 75 10 225 8475 1130 25425
102600.0 16524 2.01205747053E10 1249509.46 1880769 1.15126117292292E12 1249509.46 75 10 225 8550 1140 25650
103500.0 16452 2.025275724869E10 1260464.67 1897221 1.17151393017161E12 1260464.67 75 10 225 8625 1150 25875
104400.0 16452 2.042957392556E10 1271419.87 1913673 1.19194350409717E12 1271419.87 75 10 225 8700 1160 26100
105300.0 16560 2.067559608787E10 1282375.08 1930233 1.21261910018504E12 1282375.08 75 10 225 8775 1170 26325
106200.0 16524 2.082950819644E10 1293330.3 1946757 1.23344860838147E12 1293330.3 75 10 225 8850 1180 26550
107100.0 16458 2.09601131987E10 1304285.5 1963215 1.25440872158017E12 1304285.5 75 10 225 8925 1190 26775
108000.0 16454 2.113693465953E10 1315241.25 1979669 1.2755456562397E12 1315241.25 75 10 225 9000 1200 27000
108900.0 16560 2.138532751537E10 1326196.49 1996229 1.29693098375507E12 1326196.49 75 10 225 9075 1210 27225
109800.0 16524 2.153845098695E10 1337151.71 2012753 1.31846943474201E12 1337151.71 75 10 225 9150 1220 27450
110700.0 16452 2.166747840948E10 1348106.91 2029205 1.34013691315149E12 1348106.91 75 10 225 9225 1230 27675
111600.0 16452 2.184429508634E10 1359062.12 2045657 1.36198120823784E12 1359062.12 75 10 225 9300 1240 27900
112500.0 16560 2.209504993002E10 1370017.33 2062217 1.38407625816786E12 1370017.33 75 10 225 9375 1250 28125
113400.0 16524 2.224738447819E10 1380972.54 2078741 1.40632364264605E12 1380972.54 75 10 225 9450 1260 28350
114300.0 16452 2.237483435959E10 1391927.75 2095193 1.42869847700564E12 1391927.75 75 10 225 9525 1270 28575
115200.0 16452 2.255165103646E10 1402882.96 2111645 1.45125012804209E12 1402882.96 75 10 225 9600 1280 28800
116100.0 16560 2.280477218733E10 1413838.16 2128205 1.47405490022942E12 1413838.16 75 10 225 9675 1290 29025
117000.0 16524 2.295631798743E10 1424793.38 2144729 1.49701121821685E12 1424793.38 75 10 225 9750 1300 29250
117900.0 16452 2.30821903097E10 1435748.59 2161181 1.52009340852655E12 1435748.59 75 10 225 9825 1310 29475
118800.0 16453 2.325900698657E10 1446703.79 2177634 1.54335241551311E12 1446703.79 75 10 225 9900 1320 29700
119700.0 16560 2.351449777821E10 1457659.39 2194194 1.56686691329133E12 1457659.39 75 10 225 9975 1330 29925
120600.0 16524 2.366525906449E10 1468614.79 2210718 1.59053217235582E12 1468614.79 75 10 225 10050 1340 30150
121500.0 16452 2.378955547777E10 1479570.0 2227170 1.61432172783359E12 1479570.0 75 10 225 10125 1350 30375
122400.0 16452 2.396637215463E10 1490525.2 2243622 1.63828809998822E12 1490525.2 75 10 225 10200 1360 30600
123300.0 16560 2.422422599573E10 1501480.41 2260182 1.66251232598396E12 1501480.41 75 10 225 10275 1370 30825
124200.0 16524 2.437419422643E10 1512435.63 2276706 1.68688652021039E12 1512435.63 75 10 225 10350 1380 31050
125100.0 16452 2.449691142788E10 1523390.83 2293158 1.71138343163827E12 1523390.83 75 10 225 10425 1390 31275
126000.0 16452 2.467372810475E10 1534346.04 2309610 1.73605715974301E12 1534346.04 75 10 225 10500 1400 31500
126900.0 16560 2.493394828004E10 1545301.25 2326170 1.76099110802305E12 1545301.25 75 10 225 10575 1410 31725
127800.0 16524 2.508312772667E10 1556256.46 2342694 1.78607423574972E12 1556256.46 75 10 225 10650 1420 31950
128700.0 16452 2.520426737799E10 1567211.67 2359146 1.81127850312771E12 1567211.67 75 10 225 10725 1430 32175
129600.0 16452 2.538108405486E10 1578166.88 2375598 1.83665958718257E12 1578166.88 75 10 225 10800 1440 32400
130500.0 16560 2.564367056435E10 1589122.08 2392158 1.86230325774691E12 1589122.08 75 10 225 10875 1450 32625
131400.0 16524 2.579206279012E10 1600077.49 2408682 1.88809532053704E12 1600077.49 75 10 225 10950 1460 32850
132300.0 16452 2.591162953195E10 1611033.07 2425134 1.91400695006899E12 1611033.07 75 10 225 11025 1470 33075
133200.0 16452 2.608844924163E10 1621988.29 2441586 1.94009539931062E12 1621988.29 75 10 225 11100 1480 33300
134100.0 16560 2.635340209821E10 1632943.49 2458146 1.96644880140883E12 1632943.49 75 10 225 11175 1490 33525
135000.0 16524 2.650100398441E10 1643898.71 2474670 1.99294980539324E12 1643898.71 75 10 225 11250 1500 33750
135900.0 16452 2.661898851487E10 1654853.92 2491122 2.01956879390812E12 1654853.92 75 10 225 11325 1510 33975
136800.0 16452 2.679580519174E10 1665809.12 2507574 2.04636459909985E12 1665809.12 75 10 225 11400 1520 34200
137700.0 16560 2.706312436452E10 1676764.33 2524134 2.07342772346437E12 1676764.33 75 10 225 11475 1530 34425
138600.0 16524 2.720993747565E10 1687719.55 2540658 2.10063766094002E12 1687719.55 75 10 225 11550 1540 34650
139500.0 16452 2.732634446498E10 1698674.75 2557110 2.12796400540501E12 1698674.75 75 10 225 11625 1550 34875
140400.0 16452 2.750316114185E10 1709629.96 2573562 2.15546716654686E12 1709629.96 75 10 225 11700 1560 35100
141300.0 16560 2.777284664883E10 1720585.17 2590122 2.18324001319568E12 1720585.17 75 10 225 11775 1570 35325
142200.0 16524 2.791887098489E10 1731540.38 2606646 2.21115888418057E12 1731540.38 75 10 225 11850 1580 35550
143100.0 16452 2.803370041509E10 1742495.59 2623098 2.23919258459567E12 1742495.59 75 10 225 11925 1590 35775
144000.0 16452 2.821052163916E10 1753451.36 2639550 2.26740310623483E12 1753451.36 75 10 225 12000 1600 36000
144900.0 16560 2.848257822622E10 1764406.58 2656110 2.29588568446105E12 1764406.58 75 10 225 12075 1610 36225
145800.0 16524 2.862781376788E10 1775361.79 2672634 2.32451349822893E12 1775361.79 75 10 225 12150 1620 36450
146700.0 16452 2.874106563628E10 1786317.0 2689086 2.35325456386521E12 1786317.0 75 10 225 12225 1630 36675
147600.0 16452 2.891788231314E10 1797272.21 2705538 2.38217244617835E12 1797272.21 75 10 225 12300 1640 36900
148500.0 16560 2.919230050152E10 1808227.41 2722098 2.41136474667987E12 1808227.41 75 10 225 12375 1650 37125
149400.0 16524 2.933674727712E10 1819182.63 2738622 2.440701493957E12 1819182.63 75 10 225 12450 1660 37350
150300.0 16452 2.944842158639E10 1830137.84 2755074 2.47014991554338E12 1830137.84 75 10 225 12525 1670 37575
151200.0 16452 2.962523826325E10 1841093.04 2771526 2.49977515380664E12 1841093.04 75 10 225 12600 1680 37800
152100.0 16560 2.990202276783E10 1852048.25 2788086 2.52967717657447E12 1852048.25 75 10 225 12675 1690 38025
153000.0 16524 3.004568076842E10 1863003.47 2804610 2.55972285734288E12 1863003.47 75 10 225 12750 1700 38250
153900.0 16452 3.015577753655E10 1873958.67 2821062 2.58987863487943E12 1873958.67 75 10 225 12825 1710 38475
154800.0 16461 3.03325946798E10 1884913.88 2837523 2.62021122955923E12 1884913.88 75 10 225 12900 1720 38700
155700.0 16560 3.061174951157E10 1895869.65 2854083 2.6508229790708E12 1895869.65 75 10 225 12975 1730 38925
156600.0 16524 3.075462356946E10 1906824.88 2870607 2.68157760264026E12 1906824.88 75 10 225 13050 1740 39150
157500.0 16452 3.086314275773E10 1917780.09 2887059 2.712440745398E12 1917780.09 75 10 225 13125 1750 39375
158400.0 16452 3.10399594346E10 1928735.29 2903511 2.7434807048326E12 1928735.29 75 10 225 13200 1760 39600
159300.0 16560 3.132155755633E10 1939690.5 2920071 2.77480226238893E12 1939690.5 75 10 225 13275 1770 39825
160200.0 16524 3.14635570607E10 1950645.72 2936595 2.80626581944963E12 1950645.72 75 10 225 13350 1780 40050
161100.0 16452 3.157049870784E10 1961600.92 2953047 2.83783631815748E12 1961600.92 75 10 225 13425 1790 40275
162000.0 16452 3.174731538471E10 1972556.13 2969499 2.86958363354219E12 1972556.13 75 10 225 13500 1800 40500
162900.0 16560 3.203119889589E10 1983511.34 2986059 2.90161483243808E12 1983511.34 75 10 225 13575 1810 40725
163800.0 16524 3.217249470213E10 1994466.55 3002583 2.93378732714021E12 1994466.55 75 10 225 13650 1820 40950
164700.0 16452 3.227785465776E10 2005421.76 3019035 2.96606518179797E12 2005421.76 75 10 225 13725 1830 41175
165600.0 16452 3.245467133456E10 2016376.97 3035487 2.99851985313253E12 2016376.97 75 10 225 13800 1840 41400
166500.0 16561 3.274100210663E10 2027332.17 3052048 3.03126085523916E12 2027332.17 75 10 225 13875 1850 41625
167400.0 16524 3.288142857152E10 2038287.95 3068572 3.06414228381068E12 2038287.95 75 10 225 13950 1860 41850
168300.0 16452 3.298521987864E10 2049243.17 3085024 3.09712750368932E12 2049243.17 75 10 225 14025 1870 42075
169200.0 16452 3.316203655545E10 2060198.38 3101476 3.13028954024477E12 2060198.38 75 10 225 14100 1880 42300
170100.0 16560 3.345065274797E10 2071153.58 3118036 3.16374019299273E12 2071153.58 75 10 225 14175 1890 42525
171000.0 16524 3.35903709847E10 2082108.8 3134560 3.19733056397744E12 2082108.8 75 10 225 14250 1900 42750
171900.0 16452 3.36925758284E10 2093064.01 3151012 3.23102313980583E12 2093064.01 75 10 225 14325 1910 42975
172800.0 16452 3.38693925052E10 2104019.21 3167464 3.26489253231103E12 2104019.21 75 10 225 14400 1920 43200
173700.0 16560 3.416037502291E10 2114974.42 3184024 3.29905290733394E12 2114974.42 75 10 225 14475 1930 43425
174600.0 16524 3.429930036127E10 2125929.64 3200548 3.33335220769521E12 2125929.64 75 10 225 14550 1940 43650
175500.0 16452 3.439993177815E10 2136884.84 3217000 3.36775213947336E12 2136884.84 75 10 225 14625 1950 43875
176400.0 16452 3.457674845495E10 2147840.05 3233452 3.40232888792831E12 2147840.05 75 10 225 14700 1960 44100
177300.0 16560 3.487009730686E10 2158795.26 3250012 3.43719898523517E12 2158795.26 75 10 225 14775 1970 44325
178200.0 16524 3.500823386115E10 2169750.47 3266536 3.47220721909632E12 2169750.47 75 10 225 14850 1980 44550
179100.0 16452 3.510729184401E10 2180706.19 3282988 3.50731451094033E12 2180706.19 75 10 225 14925 1990 44775
180000.0 16452 3.528411318828E10 2191661.46 3299440 3.54259862412861E12 2191661.46 75 10 225 15000 2000 45000
180900.0 16560 3.557982886941E10 2202616.67 3316000 3.57817845299802E12 2202616.67 75 10 225 15075 2010 45225
181800.0 16524 3.571717662927E10 2213571.88 3332524 3.61389562962729E12 2213571.88 75 10 225 15150 2020 45450
182700.0 16452 3.581465292527E10 2224527.09 3348976 3.64971028255256E12 2224527.09 75 10 225 15225 2030 45675
183600.0 16452 3.599146960207E10 2235482.3 3365428 3.68570175215463E12 2235482.3 75 10 225 15300 2040 45900
184500.0 16560 3.62895511173E10 2246437.51 3381988 3.72199130327193E12 2246437.51 75 10 225 15375 2050 46125
185400.0 16524 3.64261101291E10 2257392.72 3398512 3.75841741340103E12 2257392.72 75 10 225 15450 2060 46350
186300.0 16452 3.652200887497E10 2268347.93 3414964 3.79493942227599E12 2268347.93 75 10 225 15525 2070 46575
187200.0 16452 3.669882555177E10 2279303.14 3431416 3.83163824782776E12 2279303.14 75 10 225 15600 2080 46800
188100.0 16560 3.69992734192E10 2290258.34 3447976 3.86863752124696E12 2290258.34 75 10 225 15675 2090 47025
189000.0 16524 3.713504362893E10 2301213.56 3464500 3.90577256487588E12 2301213.56 75 10 225 15750 2100 47250
189900.0 16452 3.722936482466E10 2312168.77 3480952 3.94300192970055E12 2312168.77 75 10 225 15825 2110 47475
190800.0 16452 3.740618424641E10 2323124.32 3497404 3.98040811394696E12 2323124.32 75 10 225 15900 2120 47700
191700.0 16560 3.770900284817E10 2334079.75 3513964 4.01811711679513E12 2334079.75 75 10 225 15975 2130 47925
192600.0 16525 3.784398636883E10 2345034.97 3530489 4.05596110316397E12 2345034.97 75 10 225 16050 2140 48150
193500.0 16452 3.793672999388E10 2355990.17 3546941 4.09389783315784E12 2355990.17 75 10 225 16125 2150 48375
194400.0 16452 3.811354667068E10 2366945.38 3563393 4.13201137982853E12 2366945.38 75 10 225 16200 2160 48600
195300.0 16560 3.841872720134E10 2377900.59 3579953 4.17043010702987E12 2377900.59 75 10 225 16275 2170 48825
196200.0 16524 3.855291986866E10 2388855.8 3596477 4.20898302689853E12 2388855.8 75 10 225 16350 2180 49050
197100.0 16452 3.864408594358E10 2399811.01 3612929 4.24762711284211E12 2399811.01 75 10 225 16425 2190 49275
198000.0 16452 3.882090262038E10 2410766.22 3629381 4.28644801546249E12 2410766.22 75 10 225 16500 2200 49500
198900.0 16560 3.912844948524E10 2421721.42 3645941 4.32557646494773E12 2421721.42 75 10 225 16575 2210 49725
199800.0 16524 3.926185336849E10 2432676.64 3662465 4.36483831831622E12 2432676.64 75 10 225 16650 2220 49950
200700.0 16452 3.935144189328E10 2443631.85 3678917 4.40418976020949E12 2443631.85 75 10 225 16725 2230 50175
201600.0 16458 3.952825857008E10 2454587.05 3695375 4.44371801877958E12 2454587.05 75 10 225 16800 2240 50400
202500.0 16562 3.983817287135E10 2465542.41 3711937 4.48355619165093E12 2465542.41 75 10 225 16875 2250 50625
203400.0 16524 3.9970792416E10 2476498.04 3728461 4.52352698406692E12 2476498.04 75 10 225 16950 2260 50850
204300.0 16452 4.005880708047E10 2487453.26 3744913 4.5635857911474E12 2487453.26 75 10 225 17025 2270 51075
205200.0 16452 4.023562375728E10 2498408.46 3761365 4.60382141490467E12 2498408.46 75 10 225 17100 2280 51300
206100.0 16560 4.054790328542E10 2509363.67 3777925 4.64436931819009E12 2509363.67 75 10 225 17175 2290 51525
207000.0 16524 4.067972962614E10 2520318.89 3794449 4.68504904781623E12 2520318.89 75 10 225 17250 2300 51750
207900.0 16452 4.076616303006E10 2531274.09 3810901 4.72581521084629E12 2531274.09 75 10 225 17325 2310 51975
208800.0 16452 4.094297970687E10 2542229.3 3827353 4.76675819055316E12 2542229.3 75 10 225 17400 2320 52200
209700.0 16560 4.12576255872E10 2553184.51 3843913 4.80801581614036E12 2553184.51 75 10 225 17475 2330 52425
210600.0 16524 4.138866312575E10 2564139.72 3860437 4.84940447926611E12 2564139.72 75 10 225 17550 2340 52650
211500.0 16452 4.147351897955E10 2575094.93 3876889 4.89087799824565E12 2575094.93 75 10 225 17625 2350 52875
212400.0 16452 4.165033565635E10 2586050.14 3893341 4.932528333902E12 2586050.14 75 10 225 17700 2360 53100
213300.0 16560 4.196734783488E10 2597005.34 3909901 4.97449568173688E12 2597005.34 75 10 225 17775 2370 53325
214200.0 16525 4.209759662536E10 2607960.56 3926426 5.01659327836224E12 2607960.56 75 10 225 17850 2380 53550
215100.0 16452 4.218087947339E10 2618916.33 3942878 5.05877415783564E12 2618916.33 75 10 225 17925 2390 53775
216000.0 16452 4.235770087696E10 2629871.55 3959330 5.1011318587126E12 2629871.55 75 10 225 18000 2400 54000
216900.0 16560 4.26770794387E10 2640826.76 3975890 5.1438089381513E12 2640826.76 75 10 225 18075 2410 54225
217800.0 16524 4.280653941678E10 2651781.97 3992414 5.18661547756807E12 2651781.97 75 10 225 18150 2420 54450
218700.0 16452 4.288824014964E10 2662737.18 4008866 5.22950371771771E12 2662737.18 75 10 225 18225 2430 54675
219600.0 16452 4.306505682644E10 2673692.39 4025318 5.27256877454415E12 2673692.39 75 10 225 18300 2440 54900
220500.0 16560 4.338680169538E10 2684647.59 4041878 5.31595557623953E12 2684647.59 75 10 225 18375 2450 55125
221400.0 16524 4.351547291639E10 2695602.81 4058402 5.35947104915592E12 2695602.81 75 10 225 18450 2460 55350
222300.0 16452 4.359559609907E10 2706558.02 4074854 5.40306664525499E12 2706558.02 75 10 225 18525 2470 55575
223200.0 16452 4.377241277587E10 2717513.22 4091306 5.44683905803086E12 2717513.22 75 10 225 18600 2480 55800
224100.0 16560 4.4096523979E10 2728468.43 4107866 5.49093558200986E12 2728468.43 75 10 225 18675 2490 56025
225000.0 16524 4.422440641595E10 2739423.65 4124390 5.5351599884258E12 2739423.65 75 10 225 18750 2500 56250
225900.0 16452 4.43029520485E10 2750378.85 4140842 5.5794629404743E12 2750378.85 75 10 225 18825 2510 56475
226800.0 16452 4.447977327253E10 2761334.62 4157294 5.62394271374684E12 2761334.62 75 10 225 18900 2520 56700
227700.0 16560 4.480625554676E10 2772289.84 4173854 5.6687489692936E12 2772289.84 75 10 225 18975 2530 56925
228600.0 16524 4.493334920731E10 2783245.06 4190378 5.71368231850091E12 2783245.06 75 10 225 19050 2540 57150
229500.0 16452 4.501031726905E10 2794200.26 4206830 5.75869263576996E12 2794200.26 75 10 225 19125 2550 57375
230400.0 16452 4.518713394586E10 2805155.47 4223282 5.80387976971582E12 2805155.47 75 10 225 19200 2560 57600
231300.0 16560 4.551597783038E10 2816110.68 4239842 5.84939574754621E12 2816110.68 75 10 225 19275 2570 57825
232200.0 16524 4.564228270687E10 2827065.89 4256366 5.89503803025307E12 2827065.89 75 10 225 19350 2580 58050
233100.0 16452 4.571767321848E10 2838021.1 4272818 5.94075570347156E12 2838021.1 75 10 225 19425 2590 58275
234000.0 16452 4.589448989529E10 2848976.31 4289270 5.98665019336684E12 2848976.31 75 10 225 19500 2600 58500
234900.0 16560 4.622570009601E10 2859931.51 4305830 6.03287589346285E12 2859931.51 75 10 225 19575 2610 58725
235800.0 16524 4.635121620642E10 2870886.73 4322354 6.07922710966928E12 2870886.73 75 10 225 19650 2620 58950
236700.0 16452 4.642502916791E10 2881841.94 4338806 6.12565213883719E12 2881841.94 75 10 225 19725 2630 59175
237600.0 16452 4.660184584472E10 2892797.14 4355258 6.1722539846819E12 2892797.14 75 10 225 19800 2640 59400
238500.0 16560 4.693542683903E10 2903752.92 4371818 6.21918941152094E12 2903752.92 75 10 225 19875 2650 59625
239400.0 16524 4.706015899779E10 2914708.14 4388342 6.26624957051873E12 2914708.14 75 10 225 19950 2660 59850
240300.0 16453 4.713239438847E10 2925663.35 4404795 6.3133819649072E12 2925663.35 75 10 225 20025 2670 60075
241200.0 16452 4.730921106527E10 2936618.56 4421247 6.36069117597247E12 2936618.56 75 10 225 20100 2680 60300
242100.0 16560 4.764515394739E10 2947573.76 4437807 6.40833632991986E12 2947573.76 75 10 225 20175 2690 60525
243000.0 16524 4.776909249734E10 2958528.98 4454331 6.45610542241721E12 2958528.98 75 10 225 20250 2700 60750
243900.0 16452 4.78397503379E10 2969484.19 4470783 6.5039451727551E12 2969484.19 75 10 225 20325 2710 60975
244800.0 16452 4.80165670147E10 2980439.39 4487235 6.55196173976981E12 2980439.39 75 10 225 20400 2720 61200
245700.0 16560 4.835487623102E10 2991394.6 4503795 6.60031661600082E12 2991394.6 75 10 225 20475 2730 61425
246600.0 16524 4.84780259969E10 3002349.82 4520319 6.64879464199773E12 3002349.82 75 10 225 20550 2740 61650
247500.0 16452 4.854710628733E10 3013305.02 4536771 6.69734174828506E12 3013305.02 75 10 225 20625 2750 61875
248400.0 16452 4.872392296413E10 3024260.23 4553223 6.74606567124919E12 3024260.23 75 10 225 20700 2760 62100
249300.0 16566 4.90645985056E10 3035215.44 4569789 6.79513026975478E12 3035215.44 75 10 225 20775 2770 62325
250200.0 16526 4.918696342287E10 3046171.12 4586315 6.84431723317765E12 3046171.12 75 10 225 20850 2780 62550
251100.0 16452 4.925447066677E10 3057126.43 4602767 6.89357170384442E12 3057126.43 75 10 225 20925 2790 62775
252000.0 16452 4.943128814903E10 3068081.64 4619219 6.94300299199345E12 3068081.64 75 10 225 21000 2800 63000
252900.0 16560 4.977433003758E10 3079036.85 4635779 6.99277732203103E12 3079036.85 75 10 225 21075 2810 63225
253800.0 16524 4.989590225208E10 3089992.06 4652303 7.04267322428311E12 3089992.06 75 10 225 21150 2820 63450
254700.0 16452 4.996182742165E10 3100947.27 4668755 7.09263505170476E12 3100947.27 75 10 225 21225 2830 63675
255600.0 16452 5.013864409845E10 3111902.48 4685207 7.14277369580321E12 3111902.48 75 10 225 21300 2840 63900
256500.0 16560 5.04840523212E10 3122857.68 4701767 7.19325774812442E12 3122857.68 75 10 225 21375 2850 64125
257400.0 16524 5.060483575164E10 3133812.9 4718291 7.24386258387605E12 3133812.9 75 10 225 21450 2860 64350
258300.0 16452 5.066918337108E10 3144768.11 4734743 7.29453176724713E12 3144768.11 75 10 225 21525 2870 64575
259200.0 16452 5.084600004788E10 3155723.31 4751195 7.34537776729502E12 3155723.31 75 10 225 21600 2880 64800
260100.0 16560 5.119377458682E10 3166678.52 4767755 7.39657154188184E12 3166678.52 75 10 225 21675 2890 65025
261000.0 16525 5.131376925109E10 3177633.74 4784280 7.44788531113293E12 3177633.74 75 10 225 21750 2900 65250
261900.0 16452 5.137654167919E10 3188589.24 4800732 7.49926185281213E12 3188589.24 75 10 225 21825 2910 65475
262800.0 16452 5.155336303418E10 3199544.72 4817184 7.5508152158463E12 3199544.72 75 10 225 21900 2920 65700
263700.0 16560 5.190358705274E10 3210499.93 4833744 7.60271880289904E12 3210499.93 75 10 225 21975 2930 65925
264600.0 16524 5.202271198692E10 3221455.14 4850268 7.65474151488596E12 3221455.14 75 10 225 22050 2940 66150
265500.0 16452 5.208390448555E10 3232410.35 4866720 7.70682541937152E12 3232410.35 75 10 225 22125 2950 66375
266400.0 16452 5.226072116236E10 3243365.56 4883172 7.75908614053387E12 3243365.56 75 10 225 22200 2960 66600
267300.0 16560 5.261322838251E10 3254320.76 4899732 7.81169936891638E12 3254320.76 75 10 225 22275 2970 66825
268200.0 16524 5.27316496189E10 3265275.98 4916256 7.86443101853528E12 3265275.98 75 10 225 22350 2980 67050
269100.0 16452 5.279126043509E10 3276231.19 4932708 7.91722227897037E12 3276231.19 75 10 225 22425 2990 67275
270000.0 16452 5.296807711189E10 3287186.39 4949160 7.97019035608227E12 3287186.39 75 10 225 22500 3000 67500
270900.0 16560 5.332303161104E10 3298141.6 4965720 8.0235133876933E12 3298141.6 75 10 225 22575 3010 67725
271800.0 16524 5.344057897725E10 3309096.82 4982244 8.07695396667055E12 3309096.82 75 10 225 22650 3020 67950
272700.0 16452 5.349861638463E10 3320052.02 4998696 8.13045258305518E12 3320052.02 75 10 225 22725 3030 68175
273600.0 16452 5.367543388958E10 3331007.33 5015148 8.18412801694476E12 3331007.33 75 10 225 22800 3040 68400
274500.0 16560 5.403267828518E10 3341963.0 5031708 8.23816069522994E12 3341963.0 75 10 225 22875 3050 68625
275400.0 16524 5.414952587879E10 3352918.23 5048232 8.29231022110874E12 3352918.23 75 10 225 22950 3060 68850
276300.0 16452 5.420598157411E10 3363873.43 5064684 8.34651620268285E12 3363873.43 75 10 225 23025 3070 69075
277200.0 16452 5.438279825092E10 3374828.64 5081136 8.40089900093377E12 3374828.64 75 10 225 23100 3080 69300
278100.0 16560 5.474240449557E10 3385783.85 5097696 8.45564140542933E12 3385783.85 75 10 225 23175 3090 69525
279000.0 16524 5.485845523714E10 3396739.06 5114220 8.51049986066647E12 3396739.06 75 10 225 23250 3100 69750
279900.0 16452 5.491333752365E10 3407694.27 5130672 8.56541319819012E12 3407694.27 75 10 225 23325 3110 69975
280800.0 16452 5.509015420046E10 3418649.48 5147124 8.62050335239058E12 3418649.48 75 10 225 23400 3120 70200
281700.0 16560 5.545220768809E10 3429604.68 5163684 8.67595556007867E12 3429604.68 75 10 225 23475 3130 70425
282600.0 16524 5.556738874581E10 3440559.9 5180208 8.73152294882448E12 3440559.9 75 10 225 23550 3140 70650
283500.0 16452 5.562069347319E10 3451515.11 5196660 8.78714364229766E12 3451515.11 75 10 225 23625 3150 70875
284400.0 16452 5.579751014999E10 3462470.31 5213112 8.84294115244766E12 3462470.31 75 10 225 23700 3160 71100
285300.0 16560 5.616184903603E10 3473425.52 5229672 8.89910300148368E12 3473425.52 75 10 225 23775 3170 71325
286200.0 16524 5.627633087088E10 3484381.3 5246196 8.95537933235456E12 3484381.3 75 10 225 23850 3180 71550
287100.0 16452 5.632805869391E10 3495336.52 5262648 9.01170739104847E12 3495336.52 75 10 225 23925 3190 71775
288000.0 16453 5.650487540026E10 3506291.73 5279101 9.06821226644873E12 3506291.73 75 10 225 24000 3200 72000
288900.0 16560 5.687166155775E10 3517246.93 5295661 9.12508392800648E12 3517246.93 75 10 225 24075 3210 72225
289800.0 16524 5.69852650371E10 3528202.15 5312185 9.18206919304358E12 3528202.15 75 10 225 24150 3220 72450
290700.0 16452 5.703541464355E10 3539157.36 5328637 9.23910460768714E12 3539157.36 75 10 225 24225 3230 72675
291600.0 16452 5.721223132036E10 3550112.56 5345089 9.29631683900749E12 3550112.56 75 10 225 24300 3240 72900
292500.0 16560 5.758130288779E10 3561067.77 5361649 9.35389814189528E12 3561067.77 75 10 225 24375 3250 73125
293400.0 16524 5.76942026692E10 3572022.99 5378173 9.41159234456448E12 3572022.99 75 10 225 24450 3260 73350
294300.0 16452 5.77427705932E10 3582978.19 5394625 9.46933511515768E12 3582978.19 75 10 225 24525 3270 73575
295200.0 16452 5.791958727E10 3593933.4 5411077 9.52725470242768E12 3593933.4 75 10 225 24600 3280 73800
296100.0 16560 5.829102515363E10 3604888.61 5427637 9.58554572758132E12 3604888.61 75 10 225 24675 3290 74025
297000.0 16532 5.840313211552E10 3615843.82 5444169 9.64394885969684E12 3615843.82 75 10 225 24750 3300 74250
297900.0 16452 5.84501310872E10 3626799.59 5460621 9.70239899078404E12 3626799.59 75 10 225 24825 3310 74475
298800.0 16452 5.862695249077E10 3637754.81 5477073 9.76102594327482E12 3637754.81 75 10 225 24900 3320 74700
299700.0 16560 5.900075673961E10 3648710.02 5493633 9.82002670001443E12 3648710.02 75 10 225 24975 3330 74925
300600.0 16524 5.911207482823E10 3659665.23 5510157 9.87913877484266E12 3659665.23 75 10 225 25050 3340 75150
301500.0 16452 5.915749176362E10 3670620.44 5526609 9.93829626660628E12 3670620.44 75 10 225 25125 3350 75375
302400.0 16452 5.933430844042E10 3681575.65 5543061 9.9976305750467E12 3681575.65 75 10 225 25200 3360 75600
303300.0 16560 5.97104789965E10 3692530.85 5559621 1.005734105404319E13 3692530.85 75 10 225 25275 3370 75825
304200.0 16524 5.982100831906E10 3703486.07 5576145 1.011716206236225E13 3703486.07 75 10 225 25350 3380 76050
305100.0 16452 5.986484771331E10 3714441.28 5592597 1.017702691007557E13 3714441.28 75 10 225 25425 3390 76275
306000.0 16452 6.004166439012E10 3725396.48 5609049 1.023706857446569E13 3725396.48 75 10 225 25500 3400 76500
306900.0 16560 6.042020128939E10 3736351.69 5625609 1.029748877575507E13 3736351.69 75 10 225 25575 3410 76725
307800.0 16524 6.052994182794E10 3747306.91 5642133 1.035801871758302E13 3747306.91 75 10 225 25650 3420 76950
308700.0 16453 6.057220366307E10 3758262.11 5658586 1.041859092124608E13 3758262.11 75 10 225 25725 3430 77175
309600.0 16452 6.07490248871E10 3769217.89 5675038 1.047933994613319E13 3769217.89 75 10 225 25800 3440 77400
310500.0 16560 6.112993286626E10 3780173.1 5691598 1.054046987899945E13 3780173.1 75 10 225 25875 3450 77625
311400.0 16524 6.123888461068E10 3791128.32 5708122 1.060170876361013E13 3791128.32 75 10 225 25950 3460 77850
312300.0 16452 6.1279568884E10 3802083.53 5724574 1.066298833249414E13 3802083.53 75 10 225 26025 3470 78075
313200.0 16452 6.145638556081E10 3813038.73 5741026 1.072444471805494E13 3813038.73 75 10 225 26100 3480 78300
314100.0 16560 6.183965512326E10 3823993.94 5757586 1.078628437317821E13 3823993.94 75 10 225 26175 3490 78525
315000.0 16524 6.194781811962E10 3834949.16 5774110 1.084823219129783E13 3834949.16 75 10 225 26250 3500 78750
315900.0 16452 6.198692483381E10 3845904.36 5790562 1.091021911613164E13 3845904.36 75 10 225 26325 3510 78975
316800.0 16452 6.216374151061E10 3856859.57 5807014 1.097238285764225E13 3856859.57 75 10 225 26400 3520 79200
317700.0 16560 6.254937741627E10 3867814.78 5823574 1.103493223505852E13 3867814.78 75 10 225 26475 3530 79425
318600.0 16524 6.265675574293E10 3878769.99 5840098 1.109758899080144E13 3878769.99 75 10 225 26550 3540 79650
319500.0 16452 6.269428078367E10 3889725.2 5856550 1.116028327158512E13 3889725.2 75 10 225 26625 3550 79875
320400.0 16452 6.287109746048E10 3900680.41 5873002 1.122315436904559E13 3900680.41 75 10 225 26700 3560 80100
321300.0 16560 6.32591031042E10 3911636.05 5889562 1.12864134721498E13 3911636.05 75 10 225 26775 3570 80325
322200.0 16524 6.336569323478E10 3922591.4 5906086 1.134977916538458E13 3922591.4 75 10 225 26850 3580 80550
323100.0 16452 6.340164596806E10 3933546.61 5922538 1.141318081135264E13 3933546.61 75 10 225 26925 3590 80775
324000.0 16452 6.357846264487E10 3944501.82 5938990 1.147675927399751E13 3944501.82 75 10 225 27000 3600 81000
324900.0 16560 6.39688312318E10 3955457.02 5955550 1.154072810522931E13 3955457.02 75 10 225 27075 3610 81225
325800.0 16524 6.407462786577E10 3966412.24 5972074 1.160480273309508E13 3966412.24 75 10 225 27150 3620 81450
326700.0 16452 6.410900191798E10 3977367.45 5988526 1.166891173501306E13 3977367.45 75 10 225 27225 3630 81675
327600.0 16452 6.428581859479E10 3988322.65 6004978 1.173319755360785E13 3988322.65 75 10 225 27300 3640 81900
328500.0 16560 6.467855347992E10 3999277.86 6021538 1.179787610708777E13 3999277.86 75 10 225 27375 3650 82125
329400.0 16524 6.478356136583E10 4010233.08 6038062 1.18626596684536E13 4010233.08 75 10 225 27450 3660 82350
330300.0 16452 6.481635786791E10 4021188.28 6054514 1.192747602632151E13 4021188.28 75 10 225 27525 3670 82575
331200.0 16452 6.499317454472E10 4032143.49 6070966 1.199246920086623E13 4032143.49 75 10 225 27600 3680 82800
332100.0 16560 6.538835671802E10 4043098.7 6087526 1.205785755758425E13 4043098.7 75 10 225 27675 3690 83025
333000.0 16524 6.549250116146E10 4054054.18 6104050 1.212335005874572E13 4054054.18 75 10 225 27750 3700 83250
333900.0 16452 6.552372057729E10 4065009.69 6120502 1.2188873779323E13 4065009.69 75 10 225 27825 3710 83475
334800.0 16452 6.570053971287E10 4075964.9 6136954 1.225457431903587E13 4075964.9 75 10 225 27900 3720 83700
335700.0 16560 6.609800729723E10 4086920.1 6153514 1.23206723263331E13 4086920.1 75 10 225 27975 3730 83925
336600.0 16524 6.620143761373E10 4097875.32 6170038 1.238687376394683E13 4097875.32 75 10 225 28050 3740 84150
337500.0 16452 6.623107898599E10 4108830.53 6186490 1.245310484293282E13 4108830.53 75 10 225 28125 3750 84375
338400.0 16452 6.64078956628E10 4119785.73 6202942 1.251951273859562E13 4119785.73 75 10 225 28200 3760 84600
339300.0 16560 6.680772956336E10 4130740.94 6219502 1.258632046815898E13 4130740.94 75 10 225 28275 3770 84825
340200.0 16524 6.691037522816E10 4141696.16 6236026 1.265323084338714E13 4141696.16 75 10 225 28350 3780 85050
341100.0 16452 6.693843493598E10 4152651.36 6252478 1.272016927832312E13 4152651.36 75 10 225 28425 3790 85275
342000.0 16452 6.711525161279E10 4163606.57 6268930 1.278728452993591E13 4163606.57 75 10 225 28500 3800 85500
342900.0 16560 6.751753280151E10 4174561.78 6285490 1.285480206273741E13 4174561.78 75 10 225 28575 3810 85725
343800.0 16525 6.761930461397E10 4185516.99 6302015 1.292242136735138E13 4185516.99 75 10 225 28650 3820 85950
344700.0 16460 6.764579145917E10 4196472.28 6318475 1.299006715881056E13 4196472.28 75 10 225 28725 3830 86175
345600.0 16452 6.782261273943E10 4207427.97 6334927 1.305788977154999E13 4207427.97 75 10 225 28800 3840 86400

