# seed = 1, gamma = 0.5, beta = 1.0, dee = 100.0, dcc = 50.0, dec = 150.0, dsc = 200.0, dLocalhost = 0.015, hostBroker = EDGE, numOfCloud = 1, numOfEdge = 1, numOfSmartphone = 300 
#
# The columns have the following meaning: 
# instant[SECONDS] delayCountPartial delaySumPartial[SECONDS] delayMaxPartial[SECONDS] delayCountTot delaySumTot[SECONDS] delayMaxTot[SECONDS] runOnCloudPartial runOnEdgePartial runOnSmartphonePartial runOnCloudTot runOnEdgeTot runOnSmartphoneTot
0.0 0 0.0 0.0 0 0.0 0.0 0 0 0 0 0 0
900.0 16560 4.267357327E7 5309.22 16560 4.267357327E7 5309.22 5 5 300 5 5 300
1800.0 16525 1.1649035312E8 9883.6 33085 1.5916392639E8 9883.6 5 5 300 10 10 600
2700.0 16452 1.9011135983E8 14457.58 49537 3.4927528622E8 14457.58 5 5 300 15 15 900
3600.0 16452 2.6394405455E8 19031.54 65989 6.1321934077E8 19031.54 5 5 300 20 20 1200
4500.0 16560 3.3903895739E8 23605.51 82549 9.5225829816E8 23605.51 5 5 300 25 25 1500
5400.0 16524 4.1248629702E8 28179.49 99073 1.36474459518E9 28179.49 5 5 300 30 30 1800
6300.0 16460 4.8544400555E8 32753.46 115533 1.85018860073E9 32753.46 5 5 300 35 35 2100
7200.0 16452 5.5928068798E8 37327.99 131985 2.40946928871E9 37327.99 5 5 300 40 40 2400
8100.0 16560 6.3533109502E8 41901.96 148545 3.04480038373E9 41901.96 5 5 300 45 45 2700
9000.0 16524 7.0848442966E8 46475.94 165069 3.75328481339E9 46475.94 5 5 300 50 50 3000
9900.0 16452 7.8078483339E8 51049.91 181521 4.53406964678E9 51049.91 5 5 300 55 55 3300
10800.0 16452 8.546175281E8 55623.88 197973 5.38868717488E9 55623.88 5 5 300 60 60 3600
11700.0 16561 9.3168845144E8 60197.85 214534 6.32037562632E9 60197.85 5 5 300 65 65 3900
12600.0 16524 1.00448163306E9 64772.39 231058 7.32485725938E9 64772.39 5 5 300 70 70 4200
13500.0 16452 1.07612620584E9 69346.37 247510 8.40098346522E9 69346.37 5 5 300 75 75 4500
14400.0 16452 1.14995890056E9 73920.33 263962 9.55094236578E9 73920.33 5 5 300 80 80 4800
15300.0 16560 1.22798054595E9 78494.3 280522 1.077892291172E10 78494.3 5 5 300 85 85 5100
16200.0 16524 1.30047522755E9 83068.28 297046 1.207939813927E10 83068.28 5 5 300 90 90 5400
17100.0 16452 1.37145830721E9 87642.25 313498 1.345085644649E10 87642.25 5 5 300 95 95 5700
18000.0 16452 1.44529553426E9 92216.78 329950 1.489615198075E10 92216.78 5 5 300 100 100 6000
18900.0 16560 1.52430992696E9 96790.75 346510 1.64204619077E10 96790.75 5 5 300 105 105 6300
19800.0 16524 1.59647526338E9 101364.73 363034 1.801693717108E10 101364.73 5 5 300 110 110 6600
20700.0 16452 1.66679967967E9 105938.7 379486 1.968373685075E10 105938.7 5 5 300 115 115 6900
21600.0 16452 1.74063237439E9 110512.67 395938 2.142436922514E10 110512.67 5 5 300 120 120 7200
22500.0 16560 1.82062999687E9 115086.64 412498 2.324499922201E10 115086.64 5 5 300 125 125 7500
23400.0 16524 1.89247056337E9 119661.18 429022 2.513746978538E10 119661.18 5 5 300 130 130 7800
24300.0 16452 1.96214105212E9 124235.16 445474 2.70996108375E10 124235.16 5 5 300 135 135 8100
25200.0 16452 2.03597374683E9 128809.12 461926 2.913558458433E10 128809.12 5 5 300 140 140 8400
26100.0 16560 2.11699667498E9 133383.09 478486 3.125258125931E10 133383.09 5 5 300 145 145 8700
27000.0 16524 2.18846607057E9 137957.07 495010 3.344104732988E10 137957.07 5 5 300 150 150 9000
27900.0 16461 2.2574731538E9 142531.04 511471 3.569852048368E10 142531.04 5 5 300 155 155 9300
28800.0 16452 2.33131038084E9 147105.57 527923 3.802983086452E10 147105.57 5 5 300 160 160 9600
29700.0 16560 2.41328877724E9 151679.54 544483 4.044311964176E10 151679.54 5 5 300 165 165 9900
30600.0 16524 2.48446610687E9 156253.52 561007 4.292758574863E10 156253.52 5 5 300 170 170 10200
31500.0 16452 2.55281452673E9 160827.49 577459 4.548040027536E10 160827.49 5 5 300 175 175 10500
32400.0 16452 2.62664722144E9 165401.46 593911 4.81070474968E10 165401.46 5 5 300 180 180 10800
33300.0 16561 2.70960884762E9 169975.43 610472 5.081665634443E10 169975.43 5 5 300 185 185 11100
34200.0 16524 2.7804614074E9 174549.97 626996 5.359711775183E10 174549.97 5 5 300 190 190 11400
35100.0 16452 2.84815589971E9 179123.95 643448 5.644527365154E10 179123.95 5 5 300 195 195 11700
36000.0 16452 2.92198859442E9 183697.91 659900 5.936726224596E10 183697.91 5 5 300 200 200 12000
36900.0 16560 3.00593822916E9 188271.88 676460 6.237320047512E10 188271.88 5 5 300 205 205 12300
37800.0 16524 3.07645691487E9 192845.86 692984 6.544965739E10 192845.86 5 5 300 210 210 12600
38700.0 16452 3.14348800172E9 197419.83 709436 6.859314539171E10 197419.83 5 5 300 215 215 12900
39600.0 16452 3.21732522876E9 201994.36 725888 7.181047062047E10 201994.36 5 5 300 220 220 13200
40500.0 16560 3.30226761081E9 206568.33 742448 7.511273823128E10 206568.33 5 5 300 225 225 13500
41400.0 16524 3.37245696034E9 211142.31 758972 7.848519519162E10 211142.31 5 5 300 230 230 13800
42300.0 16452 3.43882937481E9 215716.28 775424 8.192402456643E10 215716.28 5 5 300 235 235 14100
43200.0 16452 3.51266206952E9 220290.25 791876 8.543668663595E10 220290.25 5 5 300 240 240 14400
44100.0 16560 3.59858768136E9 224864.22 808436 8.903527431731E10 224864.22 5 5 300 245 245 14700
45000.0 16524 3.66845225197E9 229438.76 824960 9.270372656928E10 229438.76 5 5 300 250 250 15000
45900.0 16453 3.7341708079E9 234012.74 841413 9.643789737718E10 234012.74 5 5 300 255 255 15300
46800.0 16452 3.80800344267E9 238586.7 857865 1.0024590081985E11 238586.7 5 5 300 260 260 15600
47700.0 16560 3.89495436013E9 243160.67 874425 1.0414085517998E11 243160.67 5 5 300 265 265 15900
48600.0 16524 3.96444775066E9 247734.65 890949 1.0810530293064E11 247734.65 5 5 300 270 270 16200
49500.0 16460 4.02950285012E9 252308.62 907409 1.1213480578076E11 252308.62 5 5 300 275 275 16500
50400.0 16452 4.10334007716E9 256883.15 923861 1.1623814585793E11 256883.15 5 5 300 280 280 16800
51300.0 16560 4.19124645388E9 261457.12 940421 1.204293923118E11 261457.12 5 5 300 285 285 17100
52200.0 16524 4.26044780529E9 266031.1 956945 1.2468984011709E11 266031.1 5 5 300 290 290 17400
53100.0 16452 4.32484422337E9 270605.07 973397 1.2901468434047E11 270605.07 5 5 300 295 295 17700
54000.0 16452 4.39867691809E9 275179.04 989849 1.3341336125856E11 275179.04 5 5 300 300 300 18000
54900.0 16561 4.48756653359E9 279753.01 1006410 1.3790092779215E11 279753.01 5 5 300 305 305 18300
55800.0 16524 4.55644305993E9 284327.54 1022934 1.4245737085207E11 284327.54 5 5 300 310 310 18600
56700.0 16452 4.62018559527E9 288901.53 1039386 1.4707755644734E11 288901.53 5 5 300 315 315 18900
57600.0 16452 4.69401829129E9 293475.49 1055838 1.5177157473863E11 293475.49 5 5 300 320 320 19200
58500.0 16560 4.78389591535E9 298049.46 1072398 1.5655547065398E11 298049.46 5 5 300 325 325 19500
59400.0 16524 4.85243860467E9 302623.44 1088922 1.6140790925865E11 302623.44 5 5 300 330 330 19800
60300.0 16452 4.91551769869E9 307197.41 1105374 1.6632342695734E11 307197.41 5 5 300 335 335 20100
61200.0 16452 4.98935350211E9 311771.76 1121826 1.7131278045945E11 311771.76 5 5 300 340 340 20400
62100.0 16560 5.08022373294E9 316345.91 1138386 1.7639300419239E11 316345.91 5 5 300 345 345 20700
63000.0 16524 5.14843859689E9 320919.89 1154910 1.8154144278927E11 320919.89 5 5 300 350 350 21000
63900.0 16452 5.21085901865E9 325493.86 1171362 1.8675230180792E11 325493.86 5 5 300 355 355 21300
64800.0 16452 5.28469171336E9 330067.82 1187814 1.9203699352129E11 330067.82 5 5 300 360 360 21600
65700.0 16560 5.37658261141E9 334641.79 1204374 1.974135761327E11 334641.79 5 5 300 365 365 21900
66600.0 16524 5.44443087264E9 339215.96 1220898 2.0285800700534E11 339215.96 5 5 300 370 370 22200
67500.0 16452 5.50619737098E9 343790.3 1237350 2.0836420437632E11 343790.3 5 5 300 375 375 22500
68400.0 16452 5.58003305217E9 348364.28 1253802 2.1394423742849E11 348364.28 5 5 300 380 380 22800
69300.0 16560 5.67287466159E9 352938.24 1270362 2.1961711209008E11 352938.24 5 5 300 385 385 23100
70200.0 16524 5.74042935279E9 357512.22 1286886 2.2535754144288E11 357512.22 5 5 300 390 390 23400
71100.0 16452 5.80153245957E9 362086.19 1303338 2.3115907390244E11 362086.19 5 5 300 395 395 23700
72000.0 16461 5.87536566504E9 366660.16 1319799 2.3703443956748E11 366660.16 5 5 300 400 400 24000
72900.0 16560 5.96919928941E9 371234.69 1336359 2.4300363885689E11 371234.69 5 5 300 405 405 24300
73800.0 16524 6.03642940737E9 375808.68 1352883 2.4904006826425E11 375808.68 5 5 300 410 410 24600
74700.0 16452 6.09687383277E9 380382.64 1369335 2.5513694209702E11 380382.64 5 5 300 415 415 24900
75600.0 16452 6.17070652748E9 384956.61 1385787 2.613076486245E11 384956.61 5 5 300 420 420 25200
76500.0 16560 6.26556141108E9 389530.58 1402347 2.6757321003557E11 389530.58 5 5 300 425 425 25500
77400.0 16525 6.33242018878E9 394104.56 1418872 2.7390563022435E11 394104.56 5 5 300 430 430 25800
78300.0 16452 6.39221046434E9 398679.09 1435324 2.8029784068869E11 398679.09 5 5 300 435 435 26100
79200.0 16452 6.46604790068E9 403253.07 1451776 2.8676388858937E11 403253.07 5 5 300 440 440 26400
80100.0 16560 6.56185350477E9 407827.03 1468336 2.9332574209414E11 407827.03 5 5 300 445 445 26700
81000.0 16524 6.62842211893E9 412401.01 1484860 2.9995416421306E11 412401.01 5 5 300 450 450 27000
81900.0 16452 6.68754730803E9 416974.98 1501312 3.0664171152109E11 416974.98 5 5 300 455 455 27300
82800.0 16452 6.76138000274E9 421548.95 1517764 3.1340309152383E11 421548.95 5 5 300 460 460 27600
83700.0 16560 6.85821542389E9 426123.48 1534324 3.2026130694773E11 426123.48 5 5 300 465 465 27900
84600.0 16524 6.92442025227E9 430697.47 1550848 3.2718572719999E11 430697.47 5 5 300 470 470 28200
85500.0 16452 6.98288868117E9 435271.43 1567300 3.3416861588116E11 435271.43 5 5 300 475 475 28500
86400.0 16452 7.05672137589E9 439845.4 1583752 3.4122533725705E11 439845.4 5 5 300 480 480 28800
87300.0 16560 7.15450295708E9 444419.37 1600312 3.4837984021413E11 444419.37 5 5 300 485 485 29100
88200.0 16524 7.2204129092E9 448993.35 1616836 3.5560025312333E11 448993.35 5 5 300 490 490 29400
89100.0 16453 7.27822531269E9 453567.88 1633289 3.6287847843602E11 453567.88 5 5 300 495 495 29700
90000.0 16452 7.35206274904E9 458141.86 1649741 3.7023054118506E11 458141.86 5 5 300 500 500 30000
90900.0 16560 7.45086963587E9 462715.82 1666301 3.7768141082093E11 462715.82 5 5 300 505 505 30300
91800.0 16524 7.51641104263E9 467289.8 1682825 3.8519782186356E11 467289.8 5 5 300 510 510 30600
92700.0 16452 7.57356215649E9 471863.77 1699277 3.9277138402005E11 471863.77 5 5 300 515 515 30900
93600.0 16460 7.64739485122E9 476437.74 1715737 4.0041877887127E11 476437.74 5 5 300 520 520 31200
94500.0 16560 7.74715696667E9 481012.27 1732297 4.0816593583794E11 481012.27 5 5 300 525 525 31500
95400.0 16524 7.81241300043E9 485586.26 1748821 4.1597834883837E11 485586.26 5 5 300 530 530 31800
96300.0 16452 7.86890352973E9 490160.22 1765273 4.238472523681E11 490160.22 5 5 300 535 535 32100
97200.0 16452 7.94273622446E9 494734.19 1781725 4.3178998859257E11 494734.19 5 5 300 540 540 32400
98100.0 16560 8.04348180933E9 499308.16 1798285 4.3983347040189E11 499308.16 5 5 300 545 545 32700
99000.0 16525 8.10840184212E9 503882.14 1814810 4.4794187224402E11 503882.14 5 5 300 550 550 33000
99900.0 16452 8.16424016136E9 508456.67 1831262 4.5610611240538E11 508456.67 5 5 300 555 555 33300
100800.0 16452 8.23807759771E9 513030.65 1847714 4.6434419000308E11 513030.65 5 5 300 560 560 33600
101700.0 16560 8.33981119113E9 517604.61 1864274 4.7268400119422E11 517604.61 5 5 300 565 565 33900
102600.0 16524 8.40440189674E9 522178.59 1880798 4.8108840309096E11 522178.59 5 5 300 570 570 34200
103500.0 16452 8.45957700515E9 526752.56 1897250 4.8954798009612E11 526752.56 5 5 300 575 575 34500
104400.0 16452 8.53340969988E9 531326.53 1913702 4.98081389796E11 531326.53 5 5 300 580 580 34800
105300.0 16560 8.636135819E9 535901.06 1930262 5.06717525615E11 535901.06 5 5 300 585 585 35100
106200.0 16524 8.70040193336E9 540475.05 1946786 5.1541792754836E11 540475.05 5 5 300 590 590 35400
107100.0 16452 8.7549183784E9 545049.01 1963238 5.2417284592676E11 545049.01 5 5 300 595 595 35700
108000.0 16452 8.82875107313E9 549622.98 1979690 5.3300159699989E11 549622.98 5 5 300 600 600 36000
108900.0 16560 8.93246065266E9 554196.95 1996250 5.4193405765255E11 554196.95 5 5 300 605 605 36300
109800.0 16524 8.99639269629E9 558770.93 2012774 5.5093045034884E11 558770.93 5 5 300 610 610 36600
110700.0 16452 9.05025501013E9 563345.46 2029226 5.5998070535897E11 563345.46 5 5 300 615 615 36900
111600.0 16453 9.12409251765E9 567919.44 2045679 5.6910479787662E11 567919.44 5 5 300 620 620 37200
112500.0 16560 9.22879004357E9 572493.4 2062239 5.7833358792019E11 572493.4 5 5 300 625 625 37500
113400.0 16524 9.29239273301E9 577067.38 2078763 5.876259806532E11 577067.38 5 5 300 630 630 37800
114300.0 16452 9.34559185404E9 581641.35 2095215 5.9697157250724E11 581641.35 5 5 300 635 635 38100
115200.0 16460 9.41942454877E9 586215.32 2111675 6.0639099705601E11 586215.32 5 5 300 640 640 38400
116100.0 16560 9.52511464455E9 590789.85 2128235 6.1591611170056E11 590789.85 5 5 300 645 645 38700
117000.0 16524 9.58839278774E9 595363.84 2144759 6.255045044883E11 595363.84 5 5 300 650 650 39000
117900.0 16452 9.64093322739E9 599937.81 2161211 6.3514543771569E11 599937.81 5 5 300 655 655 39300
118800.0 16452 9.71476592212E9 604511.77 2177663 6.4486020363781E11 604511.77 5 5 300 660 660 39600
119700.0 16560 9.82143951431E9 609085.74 2194223 6.5468164315213E11 609085.74 5 5 300 665 665 39900
120600.0 16525 9.88438353272E9 613659.72 2210748 6.6456602668485E11 613659.72 5 5 300 670 670 40200
121500.0 16452 9.93626984413E9 618234.25 2227200 6.7450229652898E11 618234.25 5 5 300 675 675 40500
122400.0 16452 1.001010729454E10 622808.23 2243652 6.8451240382353E11 622808.23 5 5 300 680 680 40800
123300.0 16560 1.011776887823E10 627382.19 2260212 6.9463017270175E11 627382.19 5 5 300 685 685 41100
124200.0 16524 1.018038358745E10 631956.17 2276736 7.048105562892E11 631956.17 5 5 300 690 690 41400
125100.0 16452 1.023160670303E10 636530.14 2293188 7.1504216299223E11 636530.14 5 5 300 695 695 41700
126000.0 16452 1.030543939776E10 641104.11 2309640 7.2534760238999E11 641104.11 5 5 300 700 700 42000
126900.0 16560 1.041409228104E10 645678.49 2326200 7.3576169467103E11 645678.49 5 5 300 705 705 42300
127800.0 16524 1.047638236808E10 650252.62 2342724 7.4623807703911E11 650252.62 5 5 300 710 710 42600
128700.0 16452 1.052694802413E10 654826.59 2359176 7.5676502506324E11 654826.59 5 5 300 715 715 42900
129600.0 16452 1.060078071886E10 659400.56 2375628 7.6736580578211E11 659400.56 5 5 300 720 720 43200
130500.0 16560 1.071041830554E10 663974.53 2392188 7.7807622408765E11 663974.53 5 5 300 725 725 43500
131400.0 16524 1.077237432579E10 668548.5 2408712 7.8884859841344E11 668548.5 5 5 300 730 730 43800
132300.0 16452 1.082228191237E10 673122.7 2425164 7.9967088032581E11 673122.7 5 5 300 735 735 44100
133200.0 16453 1.089611929474E10 677697.01 2441617 8.1056699962054E11 677697.01 5 5 300 740 740 44400
134100.0 16560 1.10067476354E10 682270.98 2458177 8.2157374725594E11 682270.98 5 5 300 745 745 44700
135000.0 16524 1.106837433751E10 686844.96 2474701 8.3264212159345E11 686844.96 5 5 300 750 750 45000
135900.0 16452 1.111762145686E10 691418.92 2491153 8.4375974305031E11 691418.92 5 5 300 755 755 45300
136800.0 16452 1.119145415159E10 695992.89 2507605 8.549511972019E11 695992.89 5 5 300 760 760 45600
137700.0 16568 1.130306794447E10 700566.88 2524173 8.6625426514637E11 700566.88 5 5 300 765 765 45900
138600.0 16524 1.136436979029E10 705141.4 2540697 8.7761863493667E11 705141.4 5 5 300 770 770 46200
139500.0 16452 1.141296282206E10 709715.38 2557149 8.8903159775873E11 709715.38 5 5 300 775 775 46500
140400.0 16452 1.148679551679E10 714289.35 2573601 9.0051839327552E11 714289.35 5 5 300 780 780 46800
141300.0 16560 1.159939708896E10 718863.31 2590161 9.1211779036449E11 718863.31 5 5 300 785 785 47100
142200.0 16524 1.166036512904E10 723437.29 2606685 9.2377815549353E11 723437.29 5 5 300 790 790 47400
143100.0 16453 1.170829496316E10 728011.26 2623138 9.3548645045669E11 728011.26 5 5 300 795 795 47700
144000.0 16452 1.17821321514E10 732585.79 2639590 9.4726858260808E11 732585.79 5 5 300 800 800 48000
144900.0 16560 1.189572647088E10 737159.77 2656150 9.5916430907896E11 737159.77 5 5 300 805 805 48300
145800.0 16524 1.195636516577E10 741733.75 2672674 9.7112067424473E11 741733.75 5 5 300 810 810 48600
146700.0 16452 1.20036362977E10 746307.71 2689126 9.8312431054243E11 746307.71 5 5 300 815 815 48900
147600.0 16452 1.207746899243E10 750881.68 2705578 9.9520177953486E11 750881.68 5 5 300 820 820 49200
148500.0 16560 1.21920465507E10 755455.65 2722138 1.00739382608557E12 755455.65 5 5 300 825 825 49500
149400.0 16524 1.225236046668E10 760030.19 2738662 1.01964618655224E12 760030.19 5 5 300 830 830 49800
150300.0 16452 1.229897767106E10 764604.17 2755114 1.0319451642233E12 764604.17 5 5 300 835 835 50100
151200.0 16452 1.237281036578E10 769178.14 2771566 1.04431797458908E12 769178.14 5 5 300 840 840 50400
152100.0 16560 1.248837592362E10 773752.1 2788126 1.0568063505127E12 773752.1 5 5 300 845 845 50700
153000.0 16524 1.254835596553E10 778326.08 2804650 1.06935470647824E12 778326.08 5 5 300 850 850 51000
153900.0 16452 1.259430977339E10 782900.05 2821102 1.08194901625163E12 782900.05 5 5 300 855 855 51300
154800.0 16452 1.266814700044E10 787474.58 2837554 1.09461716325207E12 787474.58 5 5 300 860 860 51600
155700.0 16560 1.278470531459E10 792048.56 2854114 1.10740186856666E12 792048.56 5 5 300 865 865 51900
156600.0 16524 1.284435602031E10 796622.54 2870638 1.12024622458697E12 796622.54 5 5 300 870 870 52200
157500.0 16452 1.288965114675E10 801196.5 2887090 1.13313587573372E12 801196.5 5 5 300 875 875 52500
158400.0 16452 1.296348384148E10 805770.47 2903542 1.14609935957519E12 805770.47 5 5 300 880 880 52800
159300.0 16569 1.308106267348E10 810344.44 2920111 1.15918042224867E12 810344.44 5 5 300 885 885 53100
160200.0 16524 1.314035130137E10 814918.98 2936635 1.17232077355005E12 814918.98 5 5 300 890 890 53400
161100.0 16452 1.318499250307E10 819492.96 2953087 1.18550576605312E12 819492.96 5 5 300 895 895 53700
162000.0 16452 1.32588251978E10 824066.93 2969539 1.19876459125092E12 824066.93 5 5 300 900 900 54000
162900.0 16560 1.337735475024E10 828640.89 2986099 1.21214194600116E12 828640.89 5 5 300 905 905 54300
163800.0 16524 1.343634872403E10 833214.87 3002623 1.22557829472519E12 833214.87 5 5 300 910 910 54600
164700.0 16453 1.348032460525E10 837788.84 3019076 1.23905861933044E12 837788.84 5 5 300 915 915 54900
165600.0 16452 1.35541618323E10 842363.37 3035528 1.25261278116274E12 842363.37 5 5 300 920 920 55200
166500.0 16560 1.367372142011E10 846937.35 3052088 1.26628650258285E12 846937.35 5 5 300 925 925 55500
167400.0 16524 1.373234684847E10 851511.32 3068612 1.28001884943132E12 851511.32 5 5 300 930 930 55800
168300.0 16452 1.377566597849E10 856085.29 3085064 1.29379451540981E12 856085.29 5 5 300 935 935 56100
169200.0 16452 1.384949867322E10 860659.26 3101516 1.30764401408304E12 860659.26 5 5 300 940 940 56400
170100.0 16560 1.397000421177E10 865233.23 3118076 1.3216140182948E12 865233.23 5 5 300 945 945 56700
171000.0 16524 1.402834405266E10 869807.77 3134600 1.33564236234746E12 869807.77 5 5 300 950 950 57000
171900.0 16452 1.407100735174E10 874381.75 3151052 1.3497133696992E12 874381.75 5 5 300 955 955 57300
172800.0 16452 1.414484004647E10 878955.72 3167504 1.36385820974567E12 878955.72 5 5 300 960 960 57600
173700.0 16560 1.426633359357E10 883529.68 3184064 1.37812454333925E12 883529.68 5 5 300 965 965 57900
174600.0 16524 1.432433764796E10 888103.66 3200588 1.3924488809872E12 888103.66 5 5 300 970 970 58200
175500.0 16452 1.436633945391E10 892677.63 3217040 1.40681522044112E12 892677.63 5 5 300 975 975 58500
176400.0 16452 1.444017668097E10 897252.16 3233492 1.42125539712208E12 897252.16 5 5 300 980 980 58800
177300.0 16561 1.456266306675E10 901826.14 3250053 1.43581806018883E12 901826.14 5 5 300 985 985 59100
178200.0 16524 1.462033769358E10 906400.11 3266577 1.45043839788241E12 906400.11 5 5 300 990 990 59400
179100.0 16452 1.466168082716E10 910974.08 3283029 1.46510007870957E12 910974.08 5 5 300 995 995 59700
180000.0 16452 1.473551352189E10 915548.05 3299481 1.47983559223147E12 915548.05 5 5 300 1000 1000 60000
180900.0 16568 1.48589830731E10 920122.02 3316049 1.49469457530457E12 920122.02 5 5 300 1005 1005 60300
181800.0 16524 1.491633298532E10 924696.56 3332573 1.50961090828989E12 924696.56 5 5 300 1010 1010 60600
182700.0 16452 1.495702220036E10 929270.54 3349025 1.52456793049025E12 929270.54 5 5 300 1015 1015 60900
183600.0 16452 1.503085489509E10 933844.51 3365477 1.53959878538534E12 933844.51 5 5 300 1020 1020 61200
184500.0 16560 1.515531242785E10 938418.47 3382037 1.5547540978132E12 938418.47 5 5 300 1025 1025 61500
185400.0 16524 1.521232849296E10 942992.45 3398561 1.56996642630616E12 942992.45 5 5 300 1030 1030 61800
186300.0 16453 1.525235430248E10 947566.42 3415014 1.58521878060864E12 947566.42 5 5 300 1035 1035 62100
187200.0 16452 1.532619151454E10 952140.95 3431466 1.60054497212319E12 952140.95 5 5 300 1040 1040 62400
188100.0 16560 1.545164183568E10 956714.93 3448026 1.61599661395886E12 956714.93 5 5 300 1045 1045 62700
189000.0 16524 1.550832853853E10 961288.9 3464550 1.6315049424974E12 961288.9 5 5 300 1050 1050 63000
189900.0 16452 1.554769567568E10 965862.87 3481002 1.64705263817307E12 965862.87 5 5 300 1055 1055 63300
190800.0 16452 1.562152837041E10 970436.84 3497454 1.66267416654348E12 970436.84 5 5 300 1060 1060 63600
191700.0 16560 1.574796190727E10 975010.81 3514014 1.67842212845076E12 975010.81 5 5 300 1065 1065 63900
192600.0 16524 1.580432292526E10 979585.23 3530538 1.69422645137602E12 979585.23 5 5 300 1070 1070 64200
193500.0 16452 1.584303599305E10 984159.32 3546990 1.71006948736908E12 984159.32 5 5 300 1075 1075 64500
194400.0 16452 1.591686969543E10 988733.29 3563442 1.7259863570645E12 988733.29 5 5 300 1080 1080 64800
195300.0 16560 1.604429123169E10 993307.26 3580002 1.7420306482962E12 993307.26 5 5 300 1085 1085 65100
196200.0 16524 1.610031928964E10 997881.24 3596526 1.75813096758583E12 997881.24 5 5 300 1090 1090 65400
197100.0 16452 1.613836910282E10 1002455.21 3612978 1.77426933668865E12 1002455.21 5 5 300 1095 1095 65700
198000.0 16452 1.621220380683E10 1007029.43 3629430 1.79048154049549E12 1007029.43 5 5 300 1100 1100 66000
198900.0 16561 1.634061810083E10 1011603.71 3645991 1.80682215859632E12 1011603.71 5 5 300 1105 1105 66300
199800.0 16524 1.63963192866E10 1016177.69 3662515 1.82321847788292E12 1016177.69 5 5 300 1110 1110 66600
200700.0 16452 1.643371042752E10 1020751.66 3678967 1.83965218831045E12 1020751.66 5 5 300 1115 1115 66900
201600.0 16452 1.650754312225E10 1025325.62 3695419 1.8561597314327E12 1025325.62 5 5 300 1120 1120 67200
202500.0 16560 1.663694066246E10 1029899.59 3711979 1.87279667209516E12 1029899.59 5 5 300 1125 1125 67500
203400.0 16532 1.669231051344E10 1034473.63 3728511 1.8894889826086E12 1034473.63 5 5 300 1130 1130 67800
204300.0 16452 1.672904755539E10 1039048.1 3744963 1.90621803016399E12 1039048.1 5 5 300 1135 1135 68100
205200.0 16452 1.680288447448E10 1043622.08 3761415 1.92302091463847E12 1043622.08 5 5 300 1140 1140 68400
206100.0 16560 1.693326999617E10 1048196.05 3777975 1.93995418463464E12 1048196.05 5 5 300 1145 1145 68700
207000.0 16524 1.698831006487E10 1052770.02 3794499 1.9569424946995E12 1052770.02 5 5 300 1150 1150 69000
207900.0 16452 1.702438388176E10 1057343.99 3810951 1.97396687858127E12 1057343.99 5 5 300 1155 1155 69300
208800.0 16453 1.709821662652E10 1061917.96 3827404 1.99106509520779E12 1061917.96 5 5 300 1160 1160 69600
209700.0 16560 1.722959464188E10 1066492.49 3843964 2.00829468984966E12 1066492.49 5 5 300 1165 1165 69900
210600.0 16524 1.728431011022E10 1071066.48 3860488 2.02557899995988E12 1071066.48 5 5 300 1170 1170 70200
211500.0 16452 1.731972525474E10 1075640.45 3876940 2.04289872521463E12 1075640.45 5 5 300 1175 1175 70500
212400.0 16452 1.739355794947E10 1080214.41 3893392 2.0602922831641E12 1080214.41 5 5 300 1180 1180 70800
213300.0 16560 1.752591945727E10 1084788.38 3909952 2.07781820262137E12 1084788.38 5 5 300 1185 1185 71100
214200.0 16524 1.758030086382E10 1089362.36 3926476 2.09539850348519E12 1089362.36 5 5 300 1190 1190 71400
215100.0 16452 1.76150618861E10 1093936.89 3942928 2.11301356537129E12 1093936.89 5 5 300 1195 1195 71700
216000.0 16452 1.768889932245E10 1098510.87 3959380 2.13070246469374E12 1098510.87 5 5 300 1200 1200 72000
216900.0 16560 1.78222488658E10 1103084.84 3975940 2.14852471355955E12 1103084.84 5 5 300 1205 1205 72300
217800.0 16524 1.787630090917E10 1107658.81 3992464 2.16640101446872E12 1107658.81 5 5 300 1210 1210 72600
218700.0 16452 1.791039872963E10 1112232.78 4008916 2.18431141319835E12 1112232.78 5 5 300 1215 1215 72900
219600.0 16452 1.798423142436E10 1116806.75 4025368 2.20229564462271E12 1116806.75 5 5 300 1220 1220 73200
220500.0 16561 1.81185734664E10 1121381.28 4041929 2.22041421808911E12 1121381.28 5 5 300 1225 1225 73500
221400.0 16524 1.817230095452E10 1125955.27 4058453 2.23858651904364E12 1125955.27 5 5 300 1230 1230 73800
222300.0 16452 1.820574010256E10 1130529.24 4074905 2.25679225914619E12 1130529.24 5 5 300 1235 1235 74100
223200.0 16452 1.827957279729E10 1135103.2 4091357 2.27507183194348E12 1135103.2 5 5 300 1240 1240 74400
224100.0 16560 1.841489831774E10 1139677.17 4107917 2.29348673026122E12 1139677.17 5 5 300 1245 1245 74700
225000.0 16532 1.846829170807E10 1144251.15 4124449 2.31195502196929E12 1144251.15 5 5 300 1250 1250 75000
225900.0 16452 1.850107673386E10 1148825.68 4140901 2.33045609870315E12 1148825.68 5 5 300 1255 1255 75300
226800.0 16452 1.857491417021E10 1153399.66 4157353 2.34903101287336E12 1153399.66 5 5 300 1260 1260 75600
227700.0 16560 1.871122769022E10 1157973.63 4173913 2.36774224056358E12 1157973.63 5 5 300 1265 1265 75900
228600.0 16524 1.876429175337E10 1162547.6 4190437 2.38650653231695E12 1162547.6 5 5 300 1270 1270 76200
229500.0 16452 1.879641357733E10 1167121.57 4206889 2.40530294589428E12 1167121.57 5 5 300 1275 1275 76500
230400.0 16453 1.887024627206E10 1171695.54 4223342 2.42417319216635E12 1171695.54 5 5 300 1280 1280 76800
231300.0 16560 1.900755231777E10 1176270.07 4239902 2.44318074448411E12 1176270.07 5 5 300 1285 1285 77100
232200.0 16524 1.906029179867E10 1180844.06 4256426 2.46224103628278E12 1180844.06 5 5 300 1290 1290 77400
233100.0 16452 1.909175495026E10 1185418.03 4272878 2.48133279123304E12 1185418.03 5 5 300 1295 1295 77700
234000.0 16452 1.916558764499E10 1189991.99 4289330 2.50049837887803E12 1189991.99 5 5 300 1300 1300 78000
234900.0 16560 1.93038771511E10 1194565.96 4305890 2.51980225602913E12 1194565.96 5 5 300 1305 1305 78300
235800.0 16524 1.935628255221E10 1199139.94 4322414 2.53915853858134E12 1199139.94 5 5 300 1310 1310 78600
236700.0 16452 1.938709158156E10 1203714.47 4338866 2.5585456301629E12 1203714.47 5 5 300 1315 1315 78900
237600.0 16452 1.946092901791E10 1208288.45 4355318 2.57800655918082E12 1208288.45 5 5 300 1320 1320 79200
238500.0 16560 1.960020654158E10 1212862.42 4371878 2.5976067657224E12 1212862.42 5 5 300 1325 1325 79500
239400.0 16524 1.965228259751E10 1217436.39 4388402 2.61725904831991E12 1217436.39 5 5 300 1330 1330 79800
240300.0 16452 1.968242842504E10 1222010.36 4404854 2.63694147674495E12 1222010.36 5 5 300 1335 1335 80100
241200.0 16452 1.975626111977E10 1226584.33 4421306 2.65669773786472E12 1226584.33 5 5 300 1340 1340 80400
242100.0 16560 1.989653115113E10 1231158.86 4437866 2.67659426901585E12 1231158.86 5 5 300 1345 1345 80700
243000.0 16525 1.994828273639E10 1235732.85 4454391 2.69654255175224E12 1235732.85 5 5 300 1350 1350 81000
243900.0 16452 1.997776979796E10 1240306.82 4470843 2.7165203215502E12 1240306.82 5 5 300 1355 1355 81300
244800.0 16452 2.005160249269E10 1244880.78 4487295 2.7365719240429E12 1244880.78 5 5 300 1360 1360 81600
245700.0 16560 2.019285600246E10 1249454.75 4503855 2.75676478004536E12 1249454.75 5 5 300 1365 1365 81900
246600.0 16532 2.024427339636E10 1254028.73 4520387 2.77700905344172E12 1254028.73 5 5 300 1370 1370 82200
247500.0 16452 2.027310642927E10 1258603.26 4536839 2.79728215987098E12 1258603.26 5 5 300 1375 1375 82500
248400.0 16452 2.034694386562E10 1263177.24 4553291 2.8176291037366E12 1263177.24 5 5 300 1380 1380 82800
249300.0 16560 2.04891853839E10 1267751.21 4569851 2.83811828912051E12 1267751.21 5 5 300 1385 1385 83100
250200.0 16524 2.05402734416E10 1272325.18 4586375 2.85865856256211E12 1272325.18 5 5 300 1390 1390 83400
251100.0 16452 2.056844327269E10 1276899.15 4602827 2.87922700583479E12 1276899.15 5 5 300 1395 1395 83700
252000.0 16453 2.064227596742E10 1281473.12 4619280 2.89986928180221E12 1281473.12 5 5 300 1400 1400 84000
252900.0 16560 2.078550999344E10 1286047.65 4635840 2.92065479179565E12 1286047.65 5 5 300 1405 1405 84300
253800.0 16524 2.08362734869E10 1290621.64 4652364 2.94149106528255E12 1290621.64 5 5 300 1410 1410 84600
254700.0 16452 2.086378464561E10 1295195.61 4668816 2.96235484992816E12 1295195.61 5 5 300 1415 1415 84900
255600.0 16452 2.093761734034E10 1299769.57 4685268 2.98329246726851E12 1299769.57 5 5 300 1420 1420 85200
256500.0 16560 2.108183484473E10 1304343.54 4701828 3.00437430211324E12 1304343.54 5 5 300 1425 1425 85500
257400.0 16524 2.113226424045E10 1308917.52 4718352 3.02550656635368E12 1308917.52 5 5 300 1430 1430 85800
258300.0 16452 2.115912053134E10 1313491.95 4734804 3.04666568688502E12 1313491.95 5 5 300 1435 1435 86100
259200.0 16452 2.123295786742E10 1318066.02 4751256 3.06789864475245E12 1318066.02 5 5 300 1440 1440 86400
260100.0 16560 2.137816417791E10 1322639.99 4767816 3.08927680893036E12 1322639.99 5 5 300 1445 1445 86700
261000.0 16524 2.142826424639E10 1327213.97 4784340 3.11070507317675E12 1327213.97 5 5 300 1450 1450 87000
261900.0 16452 2.145445808112E10 1331787.94 4800792 3.13215953125787E12 1331787.94 5 5 300 1455 1455 87300
262800.0 16452 2.152829077585E10 1336361.91 4817244 3.15368782203371E12 1336361.91 5 5 300 1460 1460 87600
263700.0 16560 2.167452379834E10 1340936.17 4833804 3.17536234583205E12 1340936.17 5 5 300 1465 1465 87900
264600.0 16525 2.17242620485E10 1345510.42 4850329 3.19708660788055E12 1345510.42 5 5 300 1470 1470 88200
265500.0 16452 2.17497994091E10 1350084.39 4866781 3.21883640728965E12 1350084.39 5 5 300 1475 1475 88500
266400.0 16452 2.182363210383E10 1354658.36 4883233 3.24066003939349E12 1354658.36 5 5 300 1480 1480 88800
267300.0 16560 2.19708135936E10 1359232.33 4899793 3.26263085298708E12 1359232.33 5 5 300 1485 1485 89100
268200.0 16524 2.202025692147E10 1363806.3 4916317 3.28465110990856E12 1363806.3 5 5 300 1490 1490 89400
269100.0 16460 2.204513218694E10 1368380.36 4932777 3.30669624209549E12 1368380.36 5 5 300 1495 1495 89700
270000.0 16452 2.211896945196E10 1372954.8 4949229 3.32881521154746E12 1372954.8 5 5 300 1500 1500 90000
270900.0 16560 2.226718025312E10 1377528.78 4965789 3.35108239180057E12 1377528.78 5 5 300 1505 1505 90300
271800.0 16524 2.231625500855E10 1382102.76 4982313 3.37339864680912E12 1382102.76 5 5 300 1510 1510 90600
272700.0 16452 2.234047285601E10 1386676.72 4998765 3.39573911966514E12 1386676.72 5 5 300 1515 1515 90900
273600.0 16452 2.241430555074E10 1391250.69 5015217 3.41815342521588E12 1391250.69 5 5 300 1520 1520 91200
274500.0 16561 2.256346307875E10 1395824.66 5031778 3.44071688829463E12 1395824.66 5 5 300 1525 1525 91500
275400.0 16524 2.261225223053E10 1400399.2 5048302 3.46332914052516E12 1400399.2 5 5 300 1530 1530 91800
276300.0 16452 2.263581422905E10 1404973.18 5064754 3.48596495475421E12 1404973.18 5 5 300 1535 1535 92100
277200.0 16452 2.270964692378E10 1409547.15 5081206 3.50867460167799E12 1409547.15 5 5 300 1540 1540 92400
278100.0 16560 2.285979242611E10 1414121.11 5097766 3.53153439410409E12 1414121.11 5 5 300 1545 1545 92700
279000.0 16524 2.290824580761E10 1418695.09 5114290 3.55444263991171E12 1418695.09 5 5 300 1550 1550 93000
279900.0 16452 2.293114633101E10 1423269.06 5130742 3.57737378624272E12 1423269.06 5 5 300 1555 1555 93300
280800.0 16452 2.300498355806E10 1427843.59 5147194 3.60037876980078E12 1427843.59 5 5 300 1560 1560 93600
281700.0 16560 2.31561590778E10 1432417.57 5163754 3.62353492887858E12 1432417.57 5 5 300 1565 1565 93900
282600.0 16524 2.320424586202E10 1436991.55 5180278 3.6467391747406E12 1436991.55 5 5 300 1570 1570 94200
283500.0 16452 2.322648770404E10 1441565.51 5196730 3.66996566244464E12 1441565.51 5 5 300 1575 1575 94500
284400.0 16452 2.330032039877E10 1446139.48 5213182 3.69326598284341E12 1446139.48 5 5 300 1580 1580 94800
285300.0 16560 2.34524418782E10 1450713.45 5229742 3.71671842472161E12 1450713.45 5 5 300 1585 1585 95100
286200.0 16524 2.350024306605E10 1455287.99 5246266 3.74021866778767E12 1455287.99 5 5 300 1590 1590 95400
287100.0 16452 2.352182907713E10 1459861.97 5262718 3.7637404968648E12 1459861.97 5 5 300 1595 1595 95700
288000.0 16452 2.359566177186E10 1464435.94 5279170 3.78733615863666E12 1464435.94 5 5 300 1600 1600 96000
288900.0 16560 2.374880855696E10 1469009.9 5295730 3.81108496719361E12 1469009.9 5 5 300 1605 1605 96300
289800.0 16524 2.379623666124E10 1473583.88 5312254 3.83488120385486E12 1473583.88 5 5 300 1610 1610 96600
290700.0 16461 2.38171611792E10 1478157.85 5328715 3.85869836503406E12 1478157.85 5 5 300 1615 1615 96900
291600.0 16452 2.389099840625E10 1482732.38 5345167 3.88258936344031E12 1482732.38 5 5 300 1620 1620 97200
292500.0 16560 2.404510064155E10 1487306.36 5361727 3.90663446408185E12 1487306.36 5 5 300 1625 1625 97500
293400.0 16524 2.409223862794E10 1491880.34 5378251 3.93072670270979E12 1491880.34 5 5 300 1630 1630 97800
294300.0 16452 2.411250255234E10 1496454.3 5394703 3.95483920526213E12 1496454.3 5 5 300 1635 1635 98100
295200.0 16452 2.418633524707E10 1501028.27 5411155 3.9790255405092E12 1501028.27 5 5 300 1640 1640 98400
296100.0 16561 2.434142071216E10 1505602.24 5427716 4.00336696122136E12 1505602.24 5 5 300 1645 1645 98700
297000.0 16524 2.438823198945E10 1510176.78 5444240 4.02775519321081E12 1510176.78 5 5 300 1650 1650 99000
297900.0 16452 2.440784392548E10 1514750.76 5460692 4.05216303713629E12 1514750.76 5 5 300 1655 1655 99300
298800.0 16452 2.448167662021E10 1519324.73 5477144 4.0766447137565E12 1519324.73 5 5 300 1660 1660 99600
299700.0 16560 2.463775010286E10 1523898.69 5493704 4.10128246385936E12 1523898.69 5 5 300 1665 1665 99900
300600.0 16524 2.468422750604E10 1528472.67 5510228 4.1259666913654E12 1528472.67 5 5 300 1670 1670 100200
301500.0 16452 2.470317602755E10 1533046.64 5526680 4.15066986739295E12 1533046.64 5 5 300 1675 1675 100500
302400.0 16452 2.47770132546E10 1537621.17 5543132 4.17544688064756E12 1537621.17 5 5 300 1680 1680 100800
303300.0 16560 2.49340794666E10 1542195.15 5559692 4.20038096011416E12 1542195.15 5 5 300 1685 1685 101100
304200.0 16524 2.49802275426E10 1546769.13 5576216 4.22536118765676E12 1546769.13 5 5 300 1690 1690 101400
305100.0 16452 2.499851740075E10 1551343.09 5592668 4.25035970505751E12 1551343.09 5 5 300 1695 1695 101700
306000.0 16452 2.507235009548E10 1555917.06 5609120 4.27543205515299E12 1555917.06 5 5 300 1700 1700 102000
306900.0 16560 2.523039956427E10 1560491.03 5625680 4.30066245471726E12 1560491.03 5 5 300 1705 1705 102300
307800.0 16524 2.527622284341E10 1565065.57 5642204 4.32593867756066E12 1565065.57 5 5 300 1710 1710 102600
308700.0 16453 2.529385887879E10 1569639.55 5658657 4.35123253643945E12 1569639.55 5 5 300 1715 1715 102900
309600.0 16452 2.536769146873E10 1574213.52 5675109 4.37660022790818E12 1574213.52 5 5 300 1720 1720 103200
310500.0 16560 2.552672894586E10 1578787.48 5691669 4.40212695685404E12 1578787.48 5 5 300 1725 1725 103500
311400.0 16524 2.557221834215E10 1583361.46 5708193 4.42769917519619E12 1583361.46 5 5 300 1730 1730 103800
312300.0 16460 2.558919087623E10 1587935.43 5724653 4.45328836607242E12 1587935.43 5 5 300 1735 1735 104100
313200.0 16452 2.566302810328E10 1592509.96 5741105 4.4789513941757E12 1592509.96 5 5 300 1740 1740 104400
314100.0 16560 2.582305830972E10 1597083.94 5757665 4.50477445248543E12 1597083.94 5 5 300 1745 1745 104700
315000.0 16524 2.586821839683E10 1601657.92 5774189 4.53064267088226E12 1601657.92 5 5 300 1750 1750 105000
315900.0 16452 2.588453224953E10 1606231.88 5790641 4.55652720313179E12 1606231.88 5 5 300 1755 1755 105300
316800.0 16452 2.595836494426E10 1610805.85 5807093 4.58248556807605E12 1610805.85 5 5 300 1760 1760 105600
317700.0 16561 2.61193784075E10 1615379.82 5823654 4.60860494648355E12 1615379.82 5 5 300 1765 1765 105900
318600.0 16524 2.616421560113E10 1619954.36 5840178 4.63476916208469E12 1619954.36 5 5 300 1770 1770 106200
319500.0 16452 2.617987362289E10 1624528.34 5856630 4.66094903570758E12 1624528.34 5 5 300 1775 1775 106500
320400.0 16452 2.625370631762E10 1629102.31 5873082 4.6872027420252E12 1629102.31 5 5 300 1780 1780 106800
321300.0 16560 2.641570777142E10 1633676.27 5889642 4.71361844979661E12 1633676.27 5 5 300 1785 1785 107100
322200.0 16524 2.646020919654E10 1638250.25 5906166 4.74007865899316E12 1638250.25 5 5 300 1790 1790 107400
323100.0 16452 2.647520572518E10 1642824.22 5922618 4.76655386471833E12 1642824.22 5 5 300 1795 1795 107700
324000.0 16452 2.654904238641E10 1647398.68 5939070 4.79310290710474E12 1647398.68 5 5 300 1800 1800 108000
324900.0 16560 2.671203656685E10 1651972.73 5955630 4.81981494367159E12 1651972.73 5 5 300 1805 1805 108300
325800.0 16524 2.675620920341E10 1656546.7 5972154 4.846571152875E12 1656546.7 5 5 300 1810 1810 108600
326700.0 16452 2.677054706874E10 1661120.67 5988606 4.87334169994374E12 1661120.67 5 5 300 1815 1815 108900
327600.0 16452 2.684437976347E10 1665694.64 6005058 4.9001860797072E12 1665694.64 5 5 300 1820 1820 109200
328500.0 16560 2.700835719427E10 1670268.61 6021618 4.92719443690147E12 1670268.61 5 5 300 1825 1825 109500
329400.0 16524 2.705220247334E10 1674842.9 6038142 4.95424663937481E12 1674842.9 5 5 300 1830 1830 109800
330300.0 16453 2.706588643371E10 1679417.12 6054595 4.98131252580852E12 1679417.12 5 5 300 1835 1835 110100
331200.0 16452 2.713972109172E10 1683991.09 6071047 5.00845224690024E12 1683991.09 5 5 300 1840 1840 110400
332100.0 16560 2.730472384622E10 1688565.06 6087607 5.03575697074646E12 1688565.06 5 5 300 1845 1845 110700
333000.0 16524 2.734820187915E10 1693139.04 6104131 5.0631051726256E12 1693139.04 5 5 300 1850 1850 111000
333900.0 16452 2.736122049933E10 1697713.0 6120583 5.09046639312494E12 1697713.0 5 5 300 1855 1855 111300
334800.0 16460 2.743505406323E10 1702287.08 6137043 5.11790144718817E12 1702287.08 5 5 300 1860 1860 111600
335700.0 16560 2.760101208143E10 1706861.5 6153603 5.1455024592696E12 1706861.5 5 5 300 1865 1865 111900
336600.0 16524 2.764419997841E10 1711435.49 6170127 5.17314665924801E12 1711435.49 5 5 300 1870 1870 112200
337500.0 16452 2.765656183847E10 1716009.46 6186579 5.20080322108648E12 1716009.46 5 5 300 1875 1875 112500
338400.0 16452 2.77303945332E10 1720583.42 6203031 5.22853361561969E12 1720583.42 5 5 300 1880 1880 112800
339300.0 16560 2.78973359674E10 1725157.39 6219591 5.25643095158709E12 1725157.39 5 5 300 1885 1885 113100
340200.0 16525 2.794019270813E10 1729731.37 6236116 5.28437114429522E12 1729731.37 5 5 300 1890 1890 113400
341100.0 16452 2.795189847032E10 1734305.9 6252568 5.31232304276554E12 1734305.9 5 5 300 1895 1895 113700
342000.0 16452 2.802573590667E10 1738879.88 6269020 5.34034877867221E12 1738879.88 5 5 300 1900 1900 114000
342900.0 16560 2.819370266471E10 1743453.85 6285580 5.36854248133692E12 1743453.85 5 5 300 1905 1905 114300
343800.0 16524 2.823619077834E10 1748027.82 6302104 5.39677867211526E12 1748027.82 5 5 300 1910 1910 114600
344700.0 16452 2.824723531433E10 1752601.79 6318556 5.4250259074296E12 1752601.79 5 5 300 1915 1915 114900
345600.0 16452 2.832106800906E10 1757175.76 6335008 5.45334697543866E12 1757175.76 5 5 300 1920 1920 115200

