# seed = 1, gamma = 0.0, beta = 1.0, dee = 100.0, dcc = 50.0, dec = 150.0, dsc = 200.0, dLocalhost = 0.015, hostBroker = CLOUD, numOfCloud = 1, numOfEdge = 1, numOfSmartphone = 300 
#
# The columns have the following meaning: 
# instant[SECONDS] delayCountPartial delaySumPartial[SECONDS] delayMaxPartial[SECONDS] delayCountTot delaySumTot[SECONDS] delayMaxTot[SECONDS] runOnCloudPartial runOnEdgePartial runOnSmartphonePartial runOnCloudTot runOnEdgeTot runOnSmartphoneTot
0.0 0 0.0 0.0 0 0.0 0.0 0 0 0 0 0 0
900.0 16561 2.405781054E7 3018.27 16561 2.405781054E7 3018.27 10 0 300 10 0 300
1800.0 16524 6.017118215E7 5256.59 33085 8.422899269E7 5256.59 10 0 300 20 0 600
2700.0 16452 9.619097771E7 7494.61 49537 1.804199704E8 7494.61 10 0 300 30 0 900
3600.0 16460 1.3231673735E8 9732.62 65997 3.1273670775E8 9732.62 10 0 300 40 0 1200
4500.0 16560 1.6907846659E8 11971.2 82557 4.8181517434E8 11971.2 10 0 300 50 0 1500
5400.0 16524 2.0501032274E8 14209.23 99081 6.8682549708E8 14209.23 10 0 300 60 0 1800
6300.0 16453 2.4070438356E8 16447.24 115534 9.2752988064E8 16447.24 10 0 300 70 0 2100
7200.0 16452 2.7683313097E8 18685.63 131986 1.20436301161E9 18685.63 10 0 300 80 0 2400
8100.0 16560 3.1405718749E8 20923.83 148546 1.5184201991E9 20923.83 10 0 300 90 0 2700
9000.0 16524 3.4984488268E8 23161.86 165070 1.86826508178E9 23161.86 10 0 300 100 0 3000
9900.0 16452 3.8521773894E8 25399.87 181522 2.25348282072E9 25399.87 10 0 300 110 0 3300
10800.0 16452 4.2134804558E8 27638.45 197974 2.67483086629E9 27638.45 10 0 300 120 0 3600
11700.0 16560 4.5907686732E8 29876.47 214534 3.13390773361E9 29876.47 10 0 300 130 0 3900
12600.0 16524 4.9468167371E8 32114.49 231058 3.62858940732E9 32114.49 10 0 300 140 0 4200
13500.0 16452 5.2973494427E8 34352.98 247510 4.15832435159E9 34352.98 10 0 300 150 0 4500
14400.0 16452 5.658654882E8 36591.09 263962 4.72418983979E9 36591.09 10 0 300 160 0 4800
15300.0 16560 6.0405232437E8 38829.1 280522 5.32824216416E9 38829.1 10 0 300 170 0 5100
16200.0 16533 6.3951625076E8 41067.12 297055 5.96775841492E9 41067.12 10 0 300 180 0 5400
17100.0 16452 6.7424906163E8 43305.7 313507 6.64200747655E9 43305.7 10 0 300 190 0 5700
18000.0 16452 7.1037954823E8 45543.72 329959 7.35238702478E9 45543.72 10 0 300 200 0 6000
18900.0 16561 7.4904917269E8 47781.73 346520 8.10143619747E9 47781.73 10 0 300 210 0 6300
19800.0 16524 7.8435638444E8 50020.31 363044 8.88579258192E9 50020.31 10 0 300 220 0 6600
20700.0 16452 8.1876719257E8 52258.34 379496 9.70455977449E9 52258.34 10 0 300 230 0 6900
21600.0 16452 8.5489295435E8 54496.36 395948 1.055945272884E10 54496.36 10 0 300 240 0 7200
22500.0 16560 8.9404601201E8 56734.37 412508 1.145349874085E10 56734.37 10 0 300 250 0 7500
23400.0 16524 9.2919220522E8 58972.95 429032 1.238269094607E10 58972.95 10 0 300 260 0 7800
24300.0 16452 9.6328060084E8 61210.98 445484 1.334597154691E10 61210.98 10 0 300 270 0 8100
25200.0 16452 9.9940636047E8 63448.99 461936 1.434537790738E10 63448.99 10 0 300 280 0 8400
26100.0 16561 1.03906875192E9 65687.56 478497 1.538444665931E10 65687.56 10 0 300 290 0 8700
27000.0 16524 1.07403264455E9 67925.6 495021 1.645847930386E10 67925.6 10 0 300 300 0 9000
27900.0 16452 1.10779400729E9 70163.61 511473 1.756627331114E10 70163.61 10 0 300 310 0 9300
28800.0 16460 1.14391976692E9 72401.62 527933 1.871019307807E10 72401.62 10 0 300 320 0 9600
29700.0 16560 1.18404428845E9 74640.2 544493 1.989423736651E10 74640.2 10 0 300 330 0 9900
30600.0 16524 1.21886833802E9 76878.23 561017 2.111310570453E10 76878.23 10 0 300 340 0 10200
31500.0 16453 1.2523074139E9 79116.24 577470 2.236541311843E10 79116.24 10 0 300 350 0 10500
32400.0 16452 1.28843772053E9 81354.82 593922 2.365385083896E10 81354.82 10 0 300 360 0 10800
33300.0 16560 1.32904586893E9 83592.84 610482 2.498289670789E10 83592.84 10 0 300 370 0 11100
34200.0 16524 1.36370404848E9 85830.86 627006 2.634660075637E10 85830.86 10 0 300 380 0 11400
35100.0 16452 1.39682082056E9 88068.88 643458 2.774342157693E10 88068.88 10 0 300 390 0 11700
36000.0 16452 1.4329511272E9 90307.45 659910 2.917637270412E10 90307.45 10 0 300 400 0 12000
36900.0 16560 1.47404271779E9 92545.47 676470 3.065041542191E10 92545.47 10 0 300 410 0 12300
37800.0 16524 1.50853975E9 94783.5 692994 3.215895517191E10 94783.5 10 0 300 420 0 12600
38700.0 16452 1.54133877146E9 97022.07 709446 3.370029394337E10 97022.07 10 0 300 430 0 12900
39600.0 16452 1.57746925805E9 99260.1 725898 3.527776320142E10 99260.1 10 0 300 440 0 13200
40500.0 16560 1.61903956676E9 101498.11 742458 3.689680276818E10 101498.11 10 0 300 450 0 13500
41400.0 16533 1.65337545156E9 103736.13 758991 3.855017821974E10 103736.13 10 0 300 460 0 13800
42300.0 16452 1.68585217822E9 105974.71 775443 4.023603039796E10 105974.71 10 0 300 470 0 14100
43200.0 16452 1.72198266481E9 108212.73 791895 4.195801306277E10 108212.73 10 0 300 480 0 14400
44100.0 16561 1.76403640671E9 110450.74 808456 4.372204946948E10 110450.74 10 0 300 490 0 14700
45000.0 16524 1.79821570574E9 112689.33 824980 4.552026517522E10 112689.33 10 0 300 500 0 15000
45900.0 16452 1.83037031199E9 114927.35 841432 4.735063548721E10 114927.35 10 0 300 510 0 15300
46800.0 16452 1.86649607163E9 117165.36 857884 4.921713155884E10 117165.36 10 0 300 520 0 15600
47700.0 16560 1.90905464016E9 119403.37 874444 5.1126186199E10 119403.37 10 0 300 530 0 15900
48600.0 16524 1.94305139846E9 121641.96 890968 5.306923759745E10 121641.96 10 0 300 540 0 16200
49500.0 16452 1.97488371892E9 123879.98 907420 5.504412131637E10 123879.98 10 0 300 550 0 16500
50400.0 16452 2.01100947855E9 126118.0 923872 5.705513079492E10 126118.0 10 0 300 560 0 16800
51300.0 16561 2.05403467527E9 128356.57 940433 5.910916547019E10 128356.57 10 0 300 570 0 17100
52200.0 16524 2.08789184832E9 130594.6 956957 6.119705731851E10 130594.6 10 0 300 580 0 17400
53100.0 16452 2.11939712584E9 132832.62 973409 6.331645444435E10 132832.62 10 0 300 590 0 17700
54000.0 16460 2.15552288547E9 135070.63 989869 6.547197732983E10 135070.63 10 0 300 600 0 18000
54900.0 16560 2.1990315244E9 137309.21 1006429 6.767100885422E10 137309.21 10 0 300 610 0 18300
55800.0 16524 2.23272754999E9 139547.24 1022953 6.990373640421E10 139547.24 10 0 300 620 0 18600
56700.0 16453 2.26391053271E9 141785.25 1039406 7.216764693692E10 141785.25 10 0 300 630 0 18900
57600.0 16452 2.30004083934E9 144023.83 1055858 7.446768777626E10 144023.83 10 0 300 640 0 19200
58500.0 16560 2.34403311414E9 146261.85 1072418 7.681172089039E10 146261.85 10 0 300 650 0 19500
59400.0 16524 2.37756325166E9 148499.87 1088942 7.918928414205E10 148499.87 10 0 300 660 0 19800
60300.0 16452 2.40842393958E9 150737.88 1105394 8.159770808163E10 150737.88 10 0 300 670 0 20100
61200.0 16452 2.44455424621E9 152976.46 1121846 8.404226232783E10 152976.46 10 0 300 680 0 20400
62100.0 16560 2.4890299632E9 155214.48 1138406 8.653129229104E10 155214.48 10 0 300 690 0 20700
63000.0 16524 2.52239895332E9 157452.5 1154930 8.905369124436E10 157452.5 10 0 300 700 0 21000
63900.0 16453 2.55294189057E9 159691.08 1171383 9.160663313493E10 159691.08 10 0 300 710 0 21300
64800.0 16452 2.58907237716E9 161929.1 1187835 9.41957055121E10 161929.1 10 0 300 720 0 21600
65700.0 16560 2.6340481877E9 164167.12 1204395 9.68297536998E10 164167.12 10 0 300 730 0 21900
66600.0 16532 2.66723465499E9 166405.14 1220927 9.949698835479E10 166405.14 10 0 300 740 0 22200
67500.0 16452 2.69745529744E9 168643.72 1237379 1.0219444365223E11 168643.72 10 0 300 750 0 22500
68400.0 16452 2.73358578403E9 170881.74 1253831 1.0492802943626E11 170881.74 10 0 300 760 0 22800
69300.0 16561 2.77902365234E9 173119.75 1270392 1.077070530886E11 173119.75 10 0 300 770 0 23100
70200.0 16524 2.81207490028E9 175358.34 1286916 1.1051912798888E11 175358.34 10 0 300 780 0 23400
71100.0 16452 2.84197343127E9 177596.36 1303368 1.1336110142014E11 177596.36 10 0 300 790 0 23700
72000.0 16452 2.8780991909E9 179834.37 1319820 1.1623920061104E11 179834.37 10 0 300 800 0 24000
72900.0 16560 2.92402051041E9 182072.38 1336380 1.1916322112145E11 182072.38 10 0 300 810 0 24300
73800.0 16524 2.95691061095E9 184310.97 1352904 1.221201317324E11 184310.97 10 0 300 820 0 24600
74700.0 16452 2.98648683814E9 186548.99 1369356 1.2510661857053E11 186548.99 10 0 300 830 0 24900
75600.0 16452 3.02261259777E9 188787.0 1385808 1.281292311683E11 188787.0 10 0 300 840 0 25200
76500.0 16561 3.06904329073E9 191025.58 1402369 1.3119827445903E11 191025.58 10 0 300 850 0 25500
77400.0 16524 3.10175105176E9 193263.61 1418893 1.3430002551078E11 193263.61 10 0 300 860 0 25800
78300.0 16452 3.131000245E9 195501.62 1435345 1.3743102575579E11 195501.62 10 0 300 870 0 26100
79200.0 16460 3.16712600464E9 197739.64 1451805 1.4059815176043E11 197739.64 10 0 300 880 0 26400
80100.0 16560 3.21401876097E9 199978.21 1468365 1.4381217052139E11 199978.21 10 0 300 890 0 26700
81000.0 16524 3.24658784353E9 202216.24 1484889 1.4705875836493E11 202216.24 10 0 300 900 0 27000
81900.0 16453 3.27551365182E9 204454.26 1501342 1.5033427201675E11 204454.26 10 0 300 910 0 27300
82800.0 16452 3.31164395845E9 206692.84 1517794 1.536459159752E11 206692.84 10 0 300 920 0 27600
83700.0 16560 3.35904173508E9 208930.86 1534354 1.5700495771028E11 208930.86 10 0 300 930 0 27900
84600.0 16524 3.39142245504E9 211168.88 1550878 1.6039638016532E11 211168.88 10 0 300 940 0 28200
85500.0 16452 3.42002705864E9 213406.89 1567330 1.6381640722396E11 213406.89 10 0 300 950 0 28500
86400.0 16452 3.45615736527E9 215645.47 1583782 1.6727256458922E11 215645.47 10 0 300 960 0 28800
87300.0 16560 3.50401719067E9 217883.49 1600342 1.7077658177989E11 217883.49 10 0 300 970 0 29100
88200.0 16524 3.53625923776E9 220121.51 1616866 1.7431284101766E11 220121.51 10 0 300 980 0 29400
89100.0 16452 3.56454500958E9 222360.09 1633318 1.7787738602724E11 222360.09 10 0 300 990 0 29700
90000.0 16452 3.60067549617E9 224598.11 1649770 1.8147806152341E11 224598.11 10 0 300 1000 0 30000
90900.0 16560 3.64903542411E9 226836.12 1666330 1.8512709694752E11 226836.12 10 0 300 1010 0 30300
91800.0 16533 3.68109394662E9 229074.14 1682863 1.8880819089414E11 229074.14 10 0 300 1020 0 30600
92700.0 16452 3.70905841645E9 231312.72 1699315 1.9251724931059E11 231312.72 10 0 300 1030 0 30900
93600.0 16452 3.74518890304E9 233550.74 1715767 1.9626243821363E11 233550.74 10 0 300 1040 0 31200
94500.0 16561 3.79401089775E9 235788.76 1732328 2.0005644911138E11 235788.76 10 0 300 1050 0 31500
95400.0 16524 3.82593519392E9 238027.34 1748852 2.0388238430531E11 238027.34 10 0 300 1060 0 31800
96300.0 16452 3.85357655028E9 240265.37 1765304 2.0773596085558E11 240265.37 10 0 300 1070 0 32100
97200.0 16452 3.88970230991E9 242503.38 1781756 2.1162566316549E11 242503.38 10 0 300 1080 0 32400
98100.0 16560 3.93900774682E9 244741.39 1798316 2.1556467091231E11 244741.39 10 0 300 1090 0 32700
99000.0 16524 3.97076980528E9 246979.98 1814840 2.195354407176E11 246979.98 10 0 300 1100 0 33000
99900.0 16452 3.99808995715E9 249218.0 1831292 2.2353353067474E11 249218.0 10 0 300 1110 0 33300
100800.0 16452 4.03421571678E9 251456.01 1847744 2.2756774639152E11 251456.01 10 0 300 1120 0 33600
101700.0 16561 4.08400915732E9 253694.59 1864305 2.3165175554884E11 253694.59 10 0 300 1130 0 33900
102600.0 16524 4.11561025509E9 255932.62 1880829 2.3576736580393E11 255932.62 10 0 300 1140 0 34200
103500.0 16452 4.14260336402E9 258170.63 1897281 2.3990996916795E11 258170.63 10 0 300 1150 0 34500
104400.0 16460 4.17872948238E9 260408.64 1913741 2.4408869865032E11 260408.64 10 0 300 1160 0 34800
105300.0 16560 4.22900601539E9 262647.22 1930301 2.4831770466571E11 262647.22 10 0 300 1170 0 35100
106200.0 16524 4.26044594776E9 264885.25 1946825 2.5257815061347E11 264885.25 10 0 300 1180 0 35400
107100.0 16453 4.28711677089E9 267123.27 1963278 2.5686526738436E11 267123.27 10 0 300 1190 0 35700
108000.0 16452 4.32324707752E9 269361.84 1979730 2.6118851446188E11 269361.84 10 0 300 1200 0 36000
108900.0 16560 4.37400759613E9 271599.86 1996290 2.65562522058E11 271599.86 10 0 300 1210 0 36300
109800.0 16524 4.40528165848E9 273837.89 2012814 2.6996780371649E11 273837.89 10 0 300 1220 0 36600
110700.0 16452 4.4316310333E9 276076.01 2029266 2.7439943474979E11 276076.01 10 0 300 1230 0 36900
111600.0 16452 4.46776143539E9 278314.48 2045718 2.7886719618518E11 278314.48 10 0 300 1240 0 37200
112500.0 16560 4.5190044206E9 280552.5 2062278 2.8338620060578E11 280552.5 10 0 300 1250 0 37500
113400.0 16524 4.55011731759E9 282790.52 2078802 2.8793631792337E11 282790.52 10 0 300 1260 0 37800
114300.0 16453 4.57614809538E9 285029.1 2095255 2.9251246601875E11 285029.1 10 0 300 1270 0 38100
115200.0 16452 4.61227858197E9 287267.12 2111707 2.9712474460072E11 287267.12 10 0 300 1280 0 38400
116100.0 16560 4.66400125178E9 289505.13 2128267 3.017887458525E11 289505.13 10 0 300 1290 0 38700
117000.0 16532 4.69495469519E9 291743.37 2144799 3.0648370054769E11 291743.37 10 0 300 1300 0 39000
117900.0 16452 4.72066342977E9 293981.73 2161251 3.1120436397745E11 293981.73 10 0 300 1310 0 39300
118800.0 16452 4.75679194604E9 296219.75 2177703 3.1596115592349E11 296219.75 10 0 300 1320 0 39600
119700.0 16561 4.8089980849E9 298457.76 2194264 3.207701540084E11 298457.76 10 0 300 1330 0 39900
120600.0 16524 4.83979323076E9 300696.35 2210788 3.2560994723916E11 300696.35 10 0 300 1340 0 40200
121500.0 16452 4.86517959338E9 302934.37 2227240 3.3047512683254E11 302934.37 10 0 300 1350 0 40500
122400.0 16452 4.90130535302E9 305172.38 2243692 3.3537643218556E11 305172.38 10 0 300 1360 0 40800
123300.0 16560 4.95399748488E9 307410.72 2260252 3.4033042967044E11 307410.72 10 0 300 1370 0 41100
124200.0 16524 4.9846317701E9 309648.98 2276776 3.4531506144054E11 309648.98 10 0 300 1380 0 41400
125100.0 16452 5.00969294838E9 311887.0 2293228 3.5032475438892E11 311887.0 10 0 300 1390 0 41700
126000.0 16452 5.04581870802E9 314125.01 2309680 3.5537057309694E11 314125.01 10 0 300 1400 0 42000
126900.0 16561 5.09899628353E9 316363.59 2326241 3.6046956938047E11 316363.59 10 0 300 1410 0 42300
127800.0 16524 5.12946933037E9 318601.62 2342765 3.6559903871084E11 318601.62 10 0 300 1420 0 42600
128700.0 16458 5.15420635536E9 320839.63 2359223 3.707532450662E11 320839.63 10 0 300 1430 0 42900
129600.0 16454 5.19033551054E9 323078.07 2375677 3.7594358057674E11 323078.07 10 0 300 1440 0 43200
130500.0 16560 5.24399680209E9 325316.23 2392237 3.8118757737883E11 325316.23 10 0 300 1450 0 43500
131400.0 16524 5.27430498615E9 327554.25 2408761 3.8646188236497E11 327554.25 10 0 300 1460 0 43800
132300.0 16453 5.29871972543E9 329792.26 2425214 3.917606020904E11 329792.26 10 0 300 1470 0 44100
133200.0 16452 5.33485003206E9 332030.84 2441666 3.9709545212246E11 332030.84 10 0 300 1480 0 44400
134100.0 16560 5.38899468552E9 334268.86 2458226 4.0248444680798E11 334268.86 10 0 300 1490 0 44700
135000.0 16524 5.41914069693E9 336506.88 2474750 4.079035875049E11 336506.88 10 0 300 1500 0 45000
135900.0 16452 5.44323730889E9 338745.42 2491202 4.1334682481379E11 338745.42 10 0 300 1510 0 45300
136800.0 16452 5.47936792736E9 340983.48 2507654 4.1882619274115E11 340983.48 10 0 300 1520 0 45600
137700.0 16560 5.53399151442E9 343221.49 2524214 4.2436018425557E11 343221.49 10 0 300 1530 0 45900
138600.0 16524 5.56397637843E9 345459.52 2540738 4.29924160634E11 345459.52 10 0 300 1540 0 46200
139500.0 16453 5.58775107227E9 347698.09 2557191 4.3551191170627E11 347698.09 10 0 300 1550 0 46500
140400.0 16452 5.62388155886E9 349936.12 2573643 4.4113579326512E11 349936.12 10 0 300 1560 0 46800
141300.0 16566 5.67898837259E9 352174.13 2590209 4.4681478163772E11 352174.13 10 0 300 1570 0 47100
142200.0 16526 5.70881655286E9 354412.71 2606735 4.5252359819058E11 354412.71 10 0 300 1580 0 47400
143100.0 16452 5.7322692044E9 356650.74 2623187 4.5825586739499E11 356650.74 10 0 300 1590 0 47700
144000.0 16452 5.76839496583E9 358888.75 2639639 4.6402426236082E11 358888.75 10 0 300 1600 0 48000
144900.0 16561 5.82398522177E9 361126.76 2656200 4.6984824758259E11 361126.76 10 0 300 1610 0 48300
145800.0 16524 5.85365233461E9 363365.35 2672724 4.757018999172E11 363365.35 10 0 300 1620 0 48600
146700.0 16452 5.87678261318E9 365603.37 2689176 4.8157868253038E11 365603.37 10 0 300 1630 0 48900
147600.0 16452 5.91290837281E9 367841.38 2705628 4.8749159090319E11 367841.38 10 0 300 1640 0 49200
148500.0 16560 5.96898657466E9 370079.96 2722188 4.9346057747786E11 370079.96 10 0 300 1650 0 49500
149400.0 16524 5.99849278348E9 372317.99 2738712 4.9945907026133E11 372317.99 10 0 300 1660 0 49800
150300.0 16452 6.02129602016E9 374556.0 2755164 5.0548036628149E11 374556.0 10 0 300 1670 0 50100
151200.0 16452 6.05742177979E9 376794.01 2771616 5.1153778806128E11 376794.01 10 0 300 1680 0 50400
152100.0 16561 6.11398347255E9 379032.59 2788177 5.1765177153383E11 379032.59 10 0 300 1690 0 50700
153000.0 16524 6.14332847736E9 381270.62 2804701 5.2379510001119E11 381270.62 10 0 300 1700 0 51000
153900.0 16460 6.16580942719E9 383508.64 2821161 5.2996090943838E11 383508.64 10 0 300 1710 0 51300
154800.0 16452 6.20193973382E9 385747.21 2837613 5.361628491722E11 385747.21 10 0 300 1720 0 51600
155700.0 16560 6.25898507147E9 387985.23 2854173 5.4242183424367E11 387985.23 10 0 300 1730 0 51900
156600.0 16524 6.28816418822E9 390223.26 2870697 5.4870999843189E11 390223.26 10 0 300 1740 0 52200
157500.0 16453 6.31032283421E9 392461.27 2887150 5.5502032126609E11 392461.27 10 0 300 1750 0 52500
158400.0 16452 6.34645314085E9 394699.85 2903602 5.6136677440694E11 394699.85 10 0 300 1760 0 52800
159300.0 16560 6.40400328712E9 396937.87 2920162 5.6777077769406E11 396937.87 10 0 300 1770 0 53100
160200.0 16524 6.43299988104E9 399175.89 2936686 5.742037775751E11 399175.89 10 0 300 1780 0 53400
161100.0 16452 6.45484078535E9 401414.47 2953138 5.8065861836045E11 401414.47 10 0 300 1790 0 53700
162000.0 16452 6.49097127195E9 403652.49 2969590 5.8714958963241E11 403652.49 10 0 300 1800 0 54000
162900.0 16560 6.54897876092E9 405890.5 2986150 5.9369856839332E11 405890.5 10 0 300 1810 0 54300
163800.0 16524 6.57783669087E9 408128.52 3002674 6.0027640508419E11 408128.52 10 0 300 1820 0 54600
164700.0 16452 6.59935419227E9 410367.1 3019126 6.0687575927646E11 410367.1 10 0 300 1830 0 54900
165600.0 16452 6.63548467887E9 412605.12 3035578 6.1351124395533E11 412605.12 10 0 300 1840 0 55200
166500.0 16569 6.69399698546E9 414843.13 3052147 6.2020524094079E11 414843.13 10 0 300 1850 0 55500
167400.0 16524 6.72267584609E9 417081.72 3068671 6.2692791678688E11 417081.72 10 0 300 1860 0 55800
168300.0 16452 6.74387232614E9 419319.74 3085123 6.3367178911302E11 419319.74 10 0 300 1870 0 56100
169200.0 16452 6.77999808579E9 421557.76 3101575 6.4045178719881E11 421557.76 10 0 300 1880 0 56400
170100.0 16561 6.83897245915E9 423795.77 3118136 6.4729075965796E11 423795.77 10 0 300 1890 0 56700
171000.0 16524 6.86751263812E9 426034.36 3134660 6.5415827229608E11 426034.36 10 0 300 1900 0 57000
171900.0 16452 6.88838573306E9 428272.38 3151112 6.6104665802914E11 428272.38 10 0 300 1910 0 57300
172800.0 16452 6.9245114927E9 430510.39 3167564 6.6797116952184E11 430510.39 10 0 300 1920 0 57600
173700.0 16560 6.98397386968E9 432748.97 3184124 6.7495514339152E11 432748.97 10 0 300 1930 0 57900
174600.0 16524 7.01235198866E9 434987.0 3200648 6.8196749538018E11 434987.0 10 0 300 1940 0 58200
175500.0 16452 7.03289913997E9 437225.01 3217100 6.8900039452016E11 437225.01 10 0 300 1950 0 58500
176400.0 16452 7.06902489962E9 439463.02 3233552 6.9606941941978E11 439463.02 10 0 300 1960 0 58800
177300.0 16561 7.12897075788E9 441701.6 3250113 7.0319839017766E11 441701.6 10 0 300 1970 0 59100
178200.0 16524 7.15718769038E9 443939.63 3266637 7.1035557786803E11 443939.63 10 0 300 1980 0 59400
179100.0 16460 7.17741254689E9 446177.64 3283097 7.1753299041492E11 446177.64 10 0 300 1990 0 59700
180000.0 16452 7.21354285353E9 448416.22 3299549 7.2474653326846E11 448416.22 10 0 300 2000 0 60000
180900.0 16560 7.27397232658E9 450654.24 3316109 7.3202050559504E11 450654.24 10 0 300 2010 0 60300
181800.0 16524 7.30202339204E9 452892.26 3332633 7.3932252898708E11 452892.26 10 0 300 2020 0 60600
182700.0 16453 7.32192595375E9 455130.28 3349086 7.4664445494083E11 455130.28 10 0 300 2030 0 60900
183600.0 16452 7.3580562604E9 457368.85 3365538 7.5400251120123E11 457368.85 10 0 300 2040 0 61200
184500.0 16560 7.41896914865E9 459606.88 3382098 7.6142148034987E11 459606.88 10 0 300 2050 0 61500
185400.0 16524 7.4468590937E9 461844.9 3398622 7.6886833944357E11 461844.9 10 0 300 2060 0 61800
186300.0 16452 7.46644390474E9 464083.48 3415074 7.7633478334831E11 464083.48 10 0 300 2070 0 62100
187200.0 16452 7.50257439134E9 466321.5 3431526 7.8383735773965E11 466321.5 10 0 300 2080 0 62400
188100.0 16560 7.56396602471E9 468559.51 3448086 7.9140132376436E11 468559.51 10 0 300 2090 0 62700
189000.0 16524 7.59169479536E9 470797.53 3464610 7.9899301855972E11 470797.53 10 0 300 2100 0 63000
189900.0 16453 7.6109573116E9 473036.11 3481063 8.0660397587132E11 473036.11 10 0 300 2110 0 63300
190800.0 16452 7.6470877982E9 475274.13 3497515 8.1425106366952E11 475274.13 10 0 300 2120 0 63600
191700.0 16568 7.70896286477E9 477512.14 3514083 8.2196002653429E11 477512.14 10 0 300 2130 0 63900
192600.0 16524 7.73653504964E9 479750.73 3530607 8.2969656158393E11 479750.73 10 0 300 2140 0 64200
193500.0 16452 7.75547544542E9 481988.75 3547059 8.3745203702935E11 481988.75 10 0 300 2150 0 64500
194400.0 16452 7.79160120507E9 484226.76 3563511 8.4524363823441E11 484226.76 10 0 300 2160 0 64800
195300.0 16561 7.85395970483E9 486464.78 3580072 8.5309759793924E11 486464.78 10 0 300 2170 0 65100
196200.0 16524 7.8813707513E9 488703.36 3596596 8.6097896869054E11 488703.36 10 0 300 2180 0 65400
197100.0 16452 7.89998885228E9 490941.38 3613048 8.6887895754282E11 490941.38 10 0 300 2190 0 65700
198000.0 16452 7.93611461193E9 493179.4 3629500 8.7681507215475E11 493179.4 10 0 300 2200 0 66000
198900.0 16560 7.99896112431E9 495417.97 3646060 8.8481403327906E11 495417.97 10 0 300 2210 0 66300
199800.0 16524 8.0262111921E9 497656.0 3662584 8.9284024447116E11 497656.0 10 0 300 2220 0 66600
200700.0 16452 8.04450225914E9 499894.02 3679036 9.0088474673031E11 499894.02 10 0 300 2230 0 66900
201600.0 16453 8.08062801879E9 502132.03 3695489 9.089653747491E11 502132.03 10 0 300 2240 0 67200
202500.0 16560 8.14395798237E9 504370.61 3712049 9.1710933273147E11 504370.61 10 0 300 2250 0 67500
203400.0 16524 8.17104689376E9 506608.64 3728573 9.2528037962523E11 506608.64 10 0 300 2260 0 67800
204300.0 16460 8.18901566601E9 508846.65 3745033 9.3346939529124E11 508846.65 10 0 300 2270 0 68100
205200.0 16452 8.22514597265E9 511085.23 3761485 9.4169454126389E11 511085.23 10 0 300 2280 0 68400
206100.0 16560 8.2889595451E9 513323.25 3778045 9.4998350080899E11 513323.25 10 0 300 2290 0 68700
207000.0 16524 8.31588259532E9 515561.27 3794569 9.5829938340431E11 515561.27 10 0 300 2300 0 69000
207900.0 16453 8.33352907289E9 517799.28 3811022 9.666329124772E11 517799.28 10 0 300 2310 0 69300
208800.0 16452 8.3696593794E9 520037.86 3827474 9.750025718566E11 520037.86 10 0 300 2320 0 69600
209700.0 16560 8.43395642106E9 522275.88 3844034 9.8343652827766E11 522275.88 10 0 300 2330 0 69900
210600.0 16524 8.46071829676E9 524513.9 3860558 9.9189724657442E11 524513.9 10 0 300 2340 0 70200
211500.0 16452 8.47804702353E9 526752.48 3877010 1.00037529359795E12 526752.48 10 0 300 2350 0 70500
212400.0 16452 8.51417751013E9 528990.5 3893462 1.00888947110808E12 528990.5 10 0 300 2360 0 70800
213300.0 16560 8.5789532429E9 531228.52 3910022 1.01746842435098E12 531228.52 10 0 300 2370 0 71100
214200.0 16525 8.60555399821E9 533466.54 3926547 1.02607397834919E12 533466.54 10 0 300 2380 0 71400
215100.0 16452 8.62256043018E9 535705.12 3942999 1.03469653877937E12 535705.12 10 0 300 2390 0 71700
216000.0 16452 8.65869091678E9 537943.14 3959451 1.04335522969615E12 537943.14 10 0 300 2400 0 72000
216900.0 16568 8.72395011875E9 540181.15 3976019 1.05207917981489E12 540181.15 10 0 300 2410 0 72300
217800.0 16524 8.75039425227E9 542419.74 3992543 1.06082957406716E12 542419.74 10 0 300 2420 0 72600
218700.0 16452 8.76707856378E9 544657.76 4008995 1.06959665263094E12 544657.76 10 0 300 2430 0 72900
219600.0 16452 8.80320432342E9 546895.77 4025447 1.07839985695436E12 546895.77 10 0 300 2440 0 73200
220500.0 16561 8.86894699709E9 549133.78 4042008 1.08726880395145E12 549133.78 10 0 300 2450 0 73500
221400.0 16524 8.89522995371E9 551372.37 4058532 1.09616403390516E12 551372.37 10 0 300 2460 0 73800
222300.0 16452 8.91159197037E9 553610.39 4074984 1.10507562587553E12 553610.39 10 0 300 2470 0 74100
223200.0 16452 8.94771773002E9 555848.4 4091436 1.11402334360555E12 555848.4 10 0 300 2480 0 74400
224100.0 16560 9.0139483688E9 558086.98 4107996 1.12303729197435E12 558086.98 10 0 300 2490 0 74700
225000.0 16524 9.04007039424E9 560325.01 4124520 1.13207736236859E12 560325.01 10 0 300 2500 0 75000
225900.0 16452 9.05610537696E9 562563.03 4140972 1.14113346774555E12 562563.03 10 0 300 2510 0 75300
226800.0 16452 9.09223159392E9 564801.09 4157424 1.15022569933947E12 564801.09 10 0 300 2520 0 75600
227700.0 16560 9.1589456636E9 567039.61 4173984 1.15938464500307E12 567039.61 10 0 300 2530 0 75900
228600.0 16524 9.18490607546E9 569277.64 4190508 1.16856955107854E12 569277.64 10 0 300 2540 0 76200
229500.0 16461 9.20061876343E9 571515.66 4206969 1.17777016984197E12 571515.66 10 0 300 2550 0 76500
230400.0 16452 9.23674907007E9 573754.23 4223421 1.18700691891204E12 573754.23 10 0 300 2560 0 76800
231300.0 16560 9.30394678686E9 575992.26 4239981 1.19631086569891E12 575992.26 10 0 300 2570 0 77100
232200.0 16524 9.32974177686E9 578230.28 4256505 1.20564060747576E12 578230.28 10 0 300 2580 0 77400
233100.0 16453 9.34513341981E9 580468.45 4272958 1.21498574089557E12 580468.45 10 0 300 2590 0 77700
234000.0 16452 9.3812638933E9 582706.87 4289410 1.22436700478886E12 582706.87 10 0 300 2600 0 78000
234900.0 16560 9.4489435937E9 584944.89 4305970 1.23381594838257E12 584944.89 10 0 300 2610 0 78300
235800.0 16524 9.47457744533E9 587182.91 4322494 1.2432905258279E12 587182.91 10 0 300 2620 0 78600
236700.0 16452 9.4896500879E9 589421.49 4338946 1.2527801759158E12 589421.49 10 0 300 2630 0 78900
237600.0 16452 9.5257805745E9 591659.51 4355398 1.2623059564903E12 591659.51 10 0 300 2640 0 79200
238500.0 16560 9.59394045149E9 593897.52 4371958 1.2718998969418E12 593897.52 10 0 300 2650 0 79500
239400.0 16525 9.61941513889E9 596135.8 4388483 1.28151931208068E12 596135.8 10 0 300 2660 0 79800
240300.0 16452 9.63416576781E9 598374.12 4404935 1.29115347784849E12 598374.12 10 0 300 2670 0 80100
241200.0 16452 9.67029392491E9 600612.14 4421387 1.3008237717734E12 600612.14 10 0 300 2680 0 80400
242100.0 16568 9.73893723492E9 602850.15 4437955 1.31056270900832E12 602850.15 10 0 300 2690 0 80700
243000.0 16524 9.76425334443E9 605088.74 4454479 1.32032696235275E12 605088.74 10 0 300 2700 0 81000
243900.0 16452 9.77868157186E9 607326.76 4470931 1.3301056439246E12 607326.76 10 0 300 2710 0 81300
244800.0 16453 9.81480733151E9 609564.77 4487384 1.33992045125611E12 609564.77 10 0 300 2720 0 81600
245700.0 16560 9.88393708578E9 611803.16 4503944 1.34980438834189E12 611803.16 10 0 300 2730 0 81900
246600.0 16524 9.90909223525E9 614041.37 4520468 1.35971348057714E12 614041.37 10 0 300 2740 0 82200
247500.0 16452 9.9231949257E9 616279.39 4536920 1.36963667550283E12 616279.39 10 0 300 2750 0 82500
248400.0 16452 9.95932068534E9 618517.4 4553372 1.37959599618818E12 618517.4 10 0 300 2760 0 82800
249300.0 16560 1.002893544999E10 620755.98 4569932 1.38962493163817E12 620755.98 10 0 300 2770 0 83100
250200.0 16524 1.005392943342E10 622994.01 4586456 1.39967886107159E12 622994.01 10 0 300 2780 0 83400
251100.0 16452 1.006770833223E10 625232.02 4602908 1.40974656940382E12 625232.02 10 0 300 2790 0 83700
252000.0 16453 1.010383783573E10 627470.51 4619361 1.41985040723955E12 627470.51 10 0 300 2800 0 84000
252900.0 16560 1.017393632939E10 629708.62 4635921 1.43002434356894E12 629708.62 10 0 300 2810 0 84300
253800.0 16524 1.019876510038E10 631946.64 4652445 1.44022310866932E12 631946.64 10 0 300 2820 0 84600
254700.0 16460 1.021222170448E10 634184.65 4668905 1.4504353303738E12 634184.65 10 0 300 2830 0 84900
255600.0 16452 1.024835201112E10 636423.23 4685357 1.46068368238492E12 636423.23 10 0 300 2840 0 85200
256500.0 16560 1.031893385367E10 638661.25 4701917 1.47100261623859E12 638661.25 10 0 300 2850 0 85500
257400.0 16525 1.034360080177E10 640899.27 4718442 1.48134621704036E12 640899.27 10 0 300 2860 0 85800
258300.0 16452 1.035673954452E10 643137.85 4734894 1.49170295658489E12 643137.85 10 0 300 2870 0 86100
259200.0 16452 1.039287013965E10 645375.87 4751346 1.50209582672454E12 645375.87 10 0 300 2880 0 86400
260100.0 16560 1.046393069347E10 647613.89 4767906 1.512559757418E12 647613.89 10 0 300 2890 0 86700
261000.0 16524 1.048843650306E10 649851.91 4784430 1.52304819392107E12 649851.91 10 0 300 2900 0 87000
261900.0 16452 1.050125306168E10 652090.49 4800882 1.53354944698274E12 652090.49 10 0 300 2910 0 87300
262800.0 16452 1.053738354828E10 654328.51 4817334 1.54408683053102E12 654328.51 10 0 300 2920 0 87600
263700.0 16560 1.060894892662E10 656566.52 4833894 1.55469577945764E12 656566.52 10 0 300 2930 0 87900
264600.0 16524 1.063327666804E10 658805.1 4850418 1.56532905612568E12 658805.1 10 0 300 2940 0 88200
265500.0 16452 1.064577119337E10 661043.13 4866870 1.57597482731905E12 661043.13 10 0 300 2950 0 88500
266400.0 16452 1.068189695481E10 663281.14 4883322 1.58665672427386E12 663281.14 10 0 300 2960 0 88800
267300.0 16569 1.075392439088E10 665519.15 4899891 1.59741064866475E12 665519.15 10 0 300 2970 0 89100
268200.0 16524 1.077811355782E10 667757.74 4916415 1.60818876222257E12 667757.74 10 0 300 2980 0 89400
269100.0 16452 1.079028460187E10 669995.76 4932867 1.61897904682444E12 669995.76 10 0 300 2990 0 89700
270000.0 16453 1.082641036152E10 672233.77 4949320 1.62980545718595E12 672233.77 10 0 300 3000 0 90000
270900.0 16560 1.089894719807E10 674472.35 4965880 1.64070440438403E12 674472.35 10 0 300 3010 0 90300
271800.0 16524 1.092295289014E10 676710.38 4982404 1.65162735727417E12 676710.38 10 0 300 3020 0 90600
272700.0 16452 1.093479800857E10 678948.39 4998856 1.66256215528274E12 678948.39 10 0 300 3030 0 90900
273600.0 16452 1.097092376822E10 681186.41 5015308 1.67353307905095E12 681186.41 10 0 300 3040 0 91200
274500.0 16560 1.104392264115E10 683424.98 5031868 1.6845770016921E12 683424.98 10 0 300 3050 0 91500
275400.0 16524 1.106778969975E10 685663.01 5048392 1.69564479139185E12 685663.01 10 0 300 3060 0 91800
276300.0 16452 1.107931141527E10 687901.03 5064844 1.70672410280712E12 687901.03 10 0 300 3070 0 92100
277200.0 16453 1.111544172191E10 690139.61 5081297 1.71783954452903E12 690139.61 10 0 300 3080 0 92400
278100.0 16560 1.118892425767E10 692377.63 5097857 1.7290284687867E12 692377.63 10 0 300 3090 0 92700
279000.0 16524 1.121262429314E10 694615.65 5114381 1.74024109307984E12 694615.65 10 0 300 3100 0 93000
279900.0 16460 1.122382482197E10 696853.66 5130841 1.75146491790181E12 696853.66 10 0 300 3110 0 93300
280800.0 16452 1.125995512861E10 699092.24 5147293 1.76272487303042E12 699092.24 10 0 300 3120 0 93600
281700.0 16560 1.133394246404E10 701330.26 5163853 1.77405881549446E12 701330.26 10 0 300 3130 0 93900
282600.0 16525 1.135746000364E10 703568.28 5180378 1.7854162754981E12 703568.28 10 0 300 3140 0 94200
283500.0 16452 1.136834277279E10 705806.86 5196830 1.7967846182709E12 705806.86 10 0 300 3150 0 94500
284400.0 16452 1.140447325939E10 708044.88 5213282 1.80818909153029E12 708044.88 10 0 300 3160 0 94800
285300.0 16560 1.147891794647E10 710282.89 5229842 1.81966800947676E12 710282.89 10 0 300 3170 0 95100
286200.0 16524 1.15022967953E10 712520.91 5246366 1.83117030627206E12 712520.91 10 0 300 3180 0 95400
287100.0 16452 1.151285617955E10 714759.49 5262818 1.84268316245161E12 714759.49 10 0 300 3190 0 95700
288000.0 16452 1.154898666615E10 716997.51 5279270 1.85423214911776E12 716997.51 10 0 300 3200 0 96000
288900.0 16560 1.162393617989E10 719235.53 5295830 1.86585608529765E12 719235.53 10 0 300 3210 0 96300
289800.0 16524 1.164713595941E10 721474.11 5312354 1.87750322125706E12 721474.11 10 0 300 3220 0 96600
290700.0 16452 1.165737431331E10 723712.14 5328806 1.88916059557037E12 723712.14 10 0 300 3230 0 96900
291600.0 16452 1.169350007296E10 725950.15 5345258 1.90085409564333E12 725950.15 10 0 300 3240 0 97200
292500.0 16569 1.176891164443E10 728188.16 5361827 1.91262300728776E12 728188.16 10 0 300 3250 0 97500
293400.0 16524 1.179197276034E10 730426.75 5378351 1.92441498004809E12 730426.75 10 0 300 3260 0 97800
294300.0 16452 1.180188772012E10 732664.77 5394803 1.93621686776821E12 732664.77 10 0 300 3270 0 98100
295200.0 16453 1.183801347977E10 734902.78 5411256 1.94805488124798E12 734902.78 10 0 300 3280 0 98400
296100.0 16560 1.19139130459E10 737141.36 5427816 1.95996879429388E12 737141.36 10 0 300 3290 0 98700
297000.0 16524 1.193681209277E10 739379.39 5444340 1.97190560638664E12 739379.39 10 0 300 3300 0 99000
297900.0 16452 1.194640112693E10 741617.4 5460792 1.98385200751357E12 741617.4 10 0 300 3310 0 99300
298800.0 16452 1.198252688658E10 743855.41 5477244 1.99583453440015E12 743855.41 10 0 300 3320 0 99600
299700.0 16560 1.205890990391E10 746093.99 5493804 2.00789344430405E12 746093.99 10 0 300 3330 0 99900
300600.0 16524 1.208164780337E10 748332.02 5510328 2.01997509210743E12 748332.02 10 0 300 3340 0 100200
301500.0 16452 1.209091453374E10 750570.04 5526780 2.03206600664116E12 750570.04 10 0 300 3350 0 100500
302400.0 16453 1.212704484038E10 752808.61 5543233 2.04419305148154E12 752808.61 10 0 300 3360 0 100800
303300.0 16560 1.220391147558E10 755046.63 5559793 2.05639696295712E12 755046.63 10 0 300 3370 0 101100
304200.0 16524 1.222648349604E10 757284.66 5576317 2.06862344645316E12 757284.66 10 0 300 3380 0 101400
305100.0 16460 1.22354279406E10 759522.67 5592777 2.08085887439376E12 759522.67 10 0 300 3390 0 101700
306000.0 16452 1.227155824724E10 761761.25 5609229 2.093130432641E12 761761.25 10 0 300 3400 0 102000
306900.0 16560 1.234890834264E10 763999.27 5625789 2.10547934098364E12 763999.27 10 0 300 3410 0 102300
307800.0 16525 1.237131920675E10 766237.29 5642314 2.11785066019039E12 766237.29 10 0 300 3420 0 102600
308700.0 16452 1.237994589164E10 768475.87 5658766 2.13023060608203E12 768475.87 10 0 300 3430 0 102900
309600.0 16452 1.241607637824E10 770713.89 5675218 2.14264668246027E12 770713.89 10 0 300 3440 0 103200
310500.0 16560 1.249390519154E10 772951.9 5691778 2.15514058765181E12 772951.9 10 0 300 3450 0 103500
311400.0 16524 1.251615489952E10 775189.92 5708302 2.16765674255134E12 775189.92 10 0 300 3460 0 103800
312300.0 16452 1.252445929861E10 777428.5 5724754 2.18018120184994E12 777428.5 10 0 300 3470 0 104100
313200.0 16452 1.256058978521E10 779666.52 5741206 2.19274179163515E12 779666.52 10 0 300 3480 0 104400
314100.0 16560 1.263890202271E10 781904.53 5757766 2.20538069365787E12 781904.53 10 0 300 3490 0 104700
315000.0 16524 1.266099516291E10 784143.12 5774290 2.21804168882077E12 784143.12 10 0 300 3500 0 105000
315900.0 16452 1.266897743253E10 786381.14 5790742 2.2307106662533E12 786381.14 10 0 300 3510 0 105300
316800.0 16452 1.270510319218E10 788619.16 5807194 2.24341576944548E12 788619.16 10 0 300 3520 0 105600
317700.0 16569 1.278389888988E10 790857.17 5823763 2.25619966833537E12 790857.17 10 0 300 3530 0 105900
318600.0 16524 1.280583195504E10 793095.75 5840287 2.26900550029041E12 793095.75 10 0 300 3540 0 106200
319500.0 16452 1.281349083956E10 795333.78 5856739 2.28181899112997E12 795333.78 10 0 300 3550 0 106500
320400.0 16453 1.284961659921E10 797571.79 5873192 2.29466860772917E12 797571.79 10 0 300 3560 0 106800
321300.0 16560 1.292890028278E10 799810.37 5889752 2.30759750801196E12 799810.37 10 0 300 3570 0 107100
322200.0 16524 1.295067130569E10 802048.4 5906276 2.32054817931765E12 802048.4 10 0 300 3580 0 107400
323100.0 16452 1.295800424658E10 804286.41 5922728 2.33350618356423E12 804286.41 10 0 300 3590 0 107700
324000.0 16452 1.299413000623E10 806524.42 5939180 2.34650031357046E12 806524.42 10 0 300 3600 0 108000
324900.0 16560 1.307389715001E10 808763.0 5955740 2.35957421072047E12 808763.0 10 0 300 3610 0 108300
325800.0 16524 1.309550699857E10 811001.03 5972264 2.37266971771904E12 811001.03 10 0 300 3620 0 108600
326700.0 16452 1.310251765366E10 813239.04 5988716 2.3857722353727E12 813239.04 10 0 300 3630 0 108900
327600.0 16453 1.31386479603E10 815477.62 6005169 2.39891088333301E12 815477.62 10 0 300 3640 0 109200
328500.0 16560 1.32188987127E10 817715.64 6021729 2.4121297820457E12 817715.64 10 0 300 3650 0 109500
329400.0 16524 1.324034270045E10 819953.66 6038253 2.42537012474615E12 819953.66 10 0 300 3660 0 109800
330300.0 16460 1.324703111694E10 822191.68 6054713 2.43861715586309E12 822191.68 10 0 300 3670 0 110100
331200.0 16452 1.328316136738E10 824430.25 6071165 2.45190031723048E12 824430.25 10 0 300 3680 0 110400
332100.0 16560 1.336391696462E10 826668.28 6087725 2.4652642341951E12 826668.28 10 0 300 3690 0 110700
333000.0 16525 1.338517950144E10 828906.3 6104250 2.47864941369653E12 828906.3 10 0 300 3700 0 111000
333900.0 16452 1.339154901194E10 831144.87 6120702 2.49204096270847E12 831144.87 10 0 300 3710 0 111300
334800.0 16452 1.342767949854E10 833382.9 6137154 2.50546864220702E12 833382.9 10 0 300 3720 0 111600
335700.0 16560 1.350889242925E10 835620.91 6153714 2.51897753463627E12 835620.91 10 0 300 3730 0 111900
336600.0 16524 1.353001411321E10 837858.93 6170238 2.53250754874948E12 837858.93 10 0 300 3740 0 112200
337500.0 16452 1.353606241902E10 840097.51 6186690 2.5460436111685E12 840097.51 10 0 300 3750 0 112500
338400.0 16452 1.357219290562E10 842335.53 6203142 2.55961580407412E12 842335.53 10 0 300 3760 0 112800
339300.0 16560 1.365388926953E10 844573.54 6219702 2.57326969334365E12 844573.54 10 0 300 3770 0 113100
340200.0 16525 1.367485544906E10 846812.13 6236227 2.58694454879272E12 846812.13 10 0 300 3780 0 113400
341100.0 16452 1.368058055311E10 849050.15 6252679 2.60062512934582E12 849050.15 10 0 300 3790 0 113700
342000.0 16452 1.371670631275E10 851288.16 6269131 2.61434183565857E12 851288.16 10 0 300 3800 0 114000
342900.0 16568 1.379890787316E10 853526.18 6285699 2.62814074353173E12 853526.18 10 0 300 3810 0 114300
343800.0 16524 1.381969006969E10 855764.76 6302223 2.64196043360142E12 855764.76 10 0 300 3820 0 114600
344700.0 16452 1.382509396024E10 858002.78 6318675 2.65578552756166E12 858002.78 10 0 300 3830 0 114900
345600.0 16453 1.386121971989E10 860240.8 6335128 2.66964674728154E12 860240.8 10 0 300 3840 0 115200

