# seed = 1, gamma = 1.0, beta = 0.25, dee = 10.0, dcc = 50.0, dec = 15.0, dsc = 200.0, dLocalhost = 0.015, hostBroker = CLOUD, numOfCloud = 1, numOfEdge = 1, numOfSmartphone = 75 
#
# The columns have the following meaning: 
# instant[SECONDS] delayCountPartial delaySumPartial[SECONDS] delayMaxPartial[SECONDS] delayCountTot delaySumTot[SECONDS] delayMaxTot[SECONDS] runOnCloudPartial runOnEdgePartial runOnSmartphonePartial runOnCloudTot runOnEdgeTot runOnSmartphoneTot
0.0 0 0.0 0.0 0 0.0 0.0 0 0 0 0 0 0
900.0 16561 1.012893802E7 1300.84 16561 1.012893802E7 1300.84 225 10 75 225 10 75
1800.0 16532 1.79251646E7 1784.5 33093 2.805410262E7 1784.5 225 10 75 450 20 150
2700.0 16452 2.571026189E7 2268.69 49545 5.376436451E7 2268.69 225 10 75 675 30 225
3600.0 16453 3.351894596E7 2752.32 65998 8.728331046E7 2752.32 225 10 75 900 40 300
4500.0 16560 4.149026028E7 3236.51 82558 1.2877357074E8 3236.51 225 10 75 1125 50 375
5400.0 16524 4.924508641E7 3720.71 99082 1.7801865715E8 3720.71 225 10 75 1350 60 450
6300.0 16452 5.696017944E7 4204.34 115534 2.3497883659E8 4204.34 225 10 75 1575 70 525
7200.0 16461 6.476866848E7 4688.53 131995 2.9974750506E8 4688.53 225 10 75 1800 80 600
8100.0 16560 7.283988755E7 5172.73 148555 3.7258739262E8 5172.73 225 10 75 2025 90 675
9000.0 16525 8.056421097E7 5656.37 165080 4.5315160359E8 5656.37 225 10 75 2250 100 750
9900.0 16452 8.820991486E7 6140.55 181532 5.4136151845E8 6140.55 225 10 75 2475 110 825
10800.0 16452 9.602313064E7 6624.75 197984 6.3738464908E8 6624.75 225 10 75 2700 120 900
11700.0 16561 1.0420374369E8 7108.38 214545 7.4158839278E8 7108.38 225 10 75 2925 130 975
12600.0 16532 1.118841268E8 7592.58 231077 8.5347251957E8 7592.58 225 10 75 3150 140 1050
13500.0 16452 1.1946437702E8 8076.77 247529 9.7293689659E8 8076.77 225 10 75 3375 150 1125
14400.0 16453 1.2727304559E8 8560.41 263982 1.10020994218E9 8560.41 225 10 75 3600 160 1200
15300.0 16560 1.3554861253E8 9044.59 280542 1.23575855471E9 9044.59 225 10 75 3825 170 1275
16200.0 16524 1.4320780419E8 9528.8 297066 1.3789663589E9 9528.8 225 10 75 4050 180 1350
17100.0 16452 1.5071429484E8 10012.43 313518 1.52968065374E9 10012.43 225 10 75 4275 190 1425
18000.0 16458 1.5852278388E8 10496.62 329976 1.68820343762E9 10496.62 225 10 75 4500 200 1500
18900.0 16563 1.6690730339E8 10980.79 346539 1.85511074101E9 10980.79 225 10 75 4725 210 1575
19800.0 16525 1.7452740214E8 11464.45 363064 2.02963814315E9 11464.45 225 10 75 4950 220 1650
20700.0 16452 1.8196403026E8 11948.64 379516 2.21160217341E9 11948.64 225 10 75 5175 230 1725
21600.0 16452 1.8977269883E8 12432.27 395968 2.40137487224E9 12432.27 225 10 75 5400 240 1800
22500.0 16561 1.9825733751E8 12916.46 412529 2.59963220975E9 12916.46 225 10 75 5625 250 1875
23400.0 16524 2.0584684459E8 13400.66 429053 2.80547905434E9 13400.66 225 10 75 5850 260 1950
24300.0 16460 2.1321394808E8 13884.29 445513 3.01869300242E9 13884.29 225 10 75 6075 270 2025
25200.0 16453 2.2102243712E8 14368.48 461966 3.23971543954E9 14368.48 225 10 75 6300 280 2100
26100.0 16560 2.2962580004E8 14852.68 478526 3.46934123958E9 14852.68 225 10 75 6525 290 2175
27000.0 16524 2.3716645817E8 15336.32 495050 3.70650769775E9 15336.32 225 10 75 6750 300 2250
27900.0 16452 2.4446368382E8 15820.51 511502 3.95097138158E9 15820.51 225 10 75 6975 310 2325
28800.0 16453 2.5227689961E8 16304.7 527955 4.20324828118E9 16304.7 225 10 75 7200 320 2400
29700.0 16568 2.6097082482E8 16788.33 544523 4.464219106E9 16788.33 225 10 75 7425 330 2475
30600.0 16525 2.684858768E8 17272.53 561048 4.7327049828E9 17272.53 225 10 75 7650 340 2550
31500.0 16452 2.7571814647E8 17756.73 577500 5.00842312927E9 17756.73 225 10 75 7875 350 2625
32400.0 16452 2.8352681504E8 18240.36 593952 5.29194994432E9 18240.36 225 10 75 8100 360 2700
33300.0 16560 2.9232509934E8 18724.54 610512 5.58427504365E9 18724.54 225 10 75 8325 370 2775
34200.0 16525 2.9981005242E8 19208.75 627037 5.88408509607E9 19208.75 225 10 75 8550 380 2850
35100.0 16460 3.0696806483E8 19692.38 643497 6.19105316091E9 19692.38 225 10 75 8775 390 2925
36000.0 16453 3.1477655387E8 20176.57 659950 6.50582971478E9 20176.57 225 10 75 9000 400 3000
36900.0 16560 3.2368387134E8 20660.75 676510 6.82951358612E9 20660.75 225 10 75 9225 410 3075
37800.0 16524 3.3112966095E8 21144.4 693034 7.16064324707E9 21144.4 225 10 75 9450 420 3150
38700.0 16452 3.382178009E8 21628.59 709486 7.49886104797E9 21628.59 225 10 75 9675 430 3225
39600.0 16452 3.4602681433E8 22112.26 725938 7.8448878623E9 22112.26 225 10 75 9900 440 3300
40500.0 16569 3.5503418172E8 22596.41 742507 8.19992204403E9 22596.41 225 10 75 10125 450 3375
41400.0 16524 3.6244907902E8 23080.61 759031 8.56237112304E9 23080.61 225 10 75 10350 460 3450
42300.0 16453 3.6946770436E8 23564.24 775484 8.93183882741E9 23564.24 225 10 75 10575 470 3525
43200.0 16452 3.772761934E8 24048.43 791936 9.30911502081E9 24048.43 225 10 75 10800 480 3600
44100.0 16560 3.8639282914E8 24532.63 808496 9.69550784994E9 24532.63 225 10 75 11025 490 3675
45000.0 16525 3.9376869293E8 25016.27 825021 1.008927654287E10 25016.27 225 10 75 11250 500 3750
45900.0 16460 4.0071744048E8 25500.46 841481 1.048999398336E10 25500.46 225 10 75 11475 510 3825
46800.0 16452 4.0853065626E8 25984.65 857933 1.089852463962E10 25984.65 225 10 75 11700 520 3900
47700.0 16561 4.1775672199E8 26468.28 874494 1.131628136161E10 26468.28 225 10 75 11925 530 3975
48600.0 16524 4.2508811188E8 26952.48 891018 1.174136947349E10 26952.48 225 10 75 12150 540 4050
49500.0 16452 4.3197190346E8 27436.68 907470 1.217334137694E10 27436.68 225 10 75 12375 550 4125
50400.0 16453 4.3978057203E8 27920.31 923923 1.261312194897E10 27920.31 225 10 75 12600 560 4200
51300.0 16568 4.4910157364E8 28404.49 940491 1.30622235226E10 28404.49 225 10 75 12825 570 4275
52200.0 16524 4.5641228777E8 28888.7 957015 1.351863581037E10 28888.7 225 10 75 13050 580 4350
53100.0 16453 4.6322182209E8 29372.33 973468 1.398185763246E10 29372.33 225 10 75 13275 590 4425
54000.0 16452 4.7103031113E8 29856.52 989920 1.445288794359E10 29856.52 225 10 75 13500 600 4500
54900.0 16560 4.8046039057E8 30340.7 1006480 1.493334833416E10 30340.7 225 10 75 13725 610 4575
55800.0 16525 4.8773189783E8 30824.35 1023005 1.542108023199E10 30824.35 225 10 75 13950 620 4650
56700.0 16452 4.9447155826E8 31308.54 1039457 1.591555179025E10 31308.54 225 10 75 14175 630 4725
57600.0 16460 5.0228114158E8 31792.29 1055917 1.641783293183E10 31792.29 225 10 75 14400 640 4800
58500.0 16561 5.1181132116E8 32276.36 1072478 1.692964425299E10 32276.36 225 10 75 14625 650 4875
59400.0 16524 5.1905129457E8 32760.56 1089002 1.744869554756E10 32760.56 225 10 75 14850 660 4950
60300.0 16452 5.257214418E8 33244.19 1105454 1.797441698936E10 33244.19 225 10 75 15075 670 5025
61200.0 16452 5.3352993084E8 33728.38 1121906 1.85079469202E10 33728.38 225 10 75 15300 680 5100
62100.0 16561 5.4316929283E8 34212.58 1138467 1.905111621303E10 34212.58 225 10 75 15525 690 5175
63000.0 16532 5.5037090859E8 34696.22 1154999 1.960148712162E10 34696.22 225 10 75 15750 700 5250
63900.0 16453 5.5697117798E8 35180.4 1171452 2.015845829959E10 35180.4 225 10 75 15975 710 5325
64800.0 16452 5.6478439376E8 35664.6 1187904 2.072324269335E10 35664.6 225 10 75 16200 720 5400
65700.0 16560 5.7453317673E8 36148.23 1204464 2.129777587008E10 36148.23 225 10 75 16425 730 5475
66600.0 16524 5.8169033648E8 36632.43 1220988 2.187946620657E10 36632.43 225 10 75 16650 740 5550
67500.0 16453 5.882256409E8 37116.62 1237441 2.246769184746E10 37116.62 225 10 75 16875 750 5625
68400.0 16460 5.9603430947E8 37600.26 1253901 2.306372615693E10 37600.26 225 10 75 17100 760 5700
69300.0 16561 6.0587801932E8 38084.44 1270462 2.366960417625E10 38084.44 225 10 75 17325 770 5775
70200.0 16524 6.1301449432E8 38568.65 1286986 2.428261867057E10 38568.65 225 10 75 17550 780 5850
71100.0 16452 6.1947555947E8 39052.28 1303438 2.490209423005E10 39052.28 225 10 75 17775 790 5925
72000.0 16452 6.2728404851E8 39536.47 1319890 2.552937827856E10 39536.47 225 10 75 18000 800 6000
72900.0 16560 6.3723693594E8 40020.66 1336450 2.61666152145E10 40020.66 225 10 75 18225 810 6075
73800.0 16533 6.4433411522E8 40504.3 1352983 2.681094932972E10 40504.3 225 10 75 18450 820 6150
74700.0 16452 6.5072529565E8 40988.49 1369435 2.746167462537E10 40988.49 225 10 75 18675 830 6225
75600.0 16453 6.5853541418E8 41472.31 1385888 2.812021003955E10 41472.31 225 10 75 18900 840 6300
76500.0 16560 6.6859785955E8 41956.31 1402448 2.87888078991E10 41956.31 225 10 75 19125 850 6375
77400.0 16524 6.7565351076E8 42440.51 1418972 2.946446140987E10 42440.51 225 10 75 19350 860 6450
78300.0 16453 6.8197517983E8 42924.14 1435425 3.01464365897E10 42924.14 225 10 75 19575 870 6525
79200.0 16460 6.8978366887E8 43408.33 1451885 3.083622025857E10 43408.33 225 10 75 19800 880 6600
80100.0 16560 6.999457391E8 43892.53 1468445 3.153616599767E10 43892.53 225 10 75 20025 890 6675
81000.0 16525 7.0697361325E8 44376.17 1484970 3.224313961092E10 44376.17 225 10 75 20250 900 6750
81900.0 16452 7.1322491595E8 44860.35 1501422 3.295636452687E10 44860.35 225 10 75 20475 910 6825
82800.0 16452 7.2103813173E8 45344.55 1517874 3.367740265861E10 45344.55 225 10 75 20700 920 6900
83700.0 16561 7.3130963195E8 45828.18 1534435 3.440871229056E10 45828.18 225 10 75 20925 930 6975
84600.0 16532 7.3829255263E8 46312.38 1550967 3.514700484319E10 46312.38 225 10 75 21150 940 7050
85500.0 16452 7.4447937882E8 46796.57 1567419 3.5891484222E10 46796.57 225 10 75 21375 950 7125
86400.0 16453 7.5228804739E8 47280.2 1583872 3.664377226939E10 47280.2 225 10 75 21600 960 7200
87300.0 16560 7.6265446549E8 47764.39 1600432 3.740642673488E10 47764.39 225 10 75 21825 970 7275
88200.0 16524 7.6961719909E8 48248.6 1616956 3.817604393397E10 48248.6 225 10 75 22050 980 7350
89100.0 16453 7.7572929734E8 48732.23 1633409 3.895177323131E10 48732.23 225 10 75 22275 990 7425
90000.0 16458 7.8353778637E8 49216.42 1649867 3.973531101768E10 49216.42 225 10 75 22500 1000 7500
90900.0 16562 7.9402281754E8 49700.6 1666429 4.052933383523E10 49700.6 225 10 75 22725 1010 7575
91800.0 16525 8.009363223E8 50184.25 1682954 4.133027015753E10 50184.25 225 10 75 22950 1020 7650
92700.0 16452 8.069790335E8 50668.44 1699406 4.213724919103E10 50668.44 225 10 75 23175 1030 7725
93600.0 16452 8.1478975955E8 51152.34 1715858 4.295203895058E10 51152.34 225 10 75 23400 1040 7800
94500.0 16561 8.2536556705E8 51636.26 1732419 4.377740451763E10 51636.26 225 10 75 23625 1050 7875
95400.0 16524 8.3225618377E8 52120.46 1748943 4.46096607014E10 52120.46 225 10 75 23850 1060 7950
96300.0 16460 8.3822889498E8 52604.09 1765403 4.544788959638E10 52604.09 225 10 75 24075 1070 8025
97200.0 16453 8.4603738402E8 53088.28 1781856 4.62939269804E10 53088.28 225 10 75 24300 1080 8100
98100.0 16560 8.5672217143E8 53572.47 1798416 4.715064915183E10 53572.47 225 10 75 24525 1090 8175
99000.0 16524 8.635753091E8 54056.11 1814940 4.801422446093E10 54056.11 225 10 75 24750 1100 8250
99900.0 16452 8.6947863115E8 54540.3 1831392 4.888370309208E10 54540.3 225 10 75 24975 1110 8325
100800.0 16452 8.7729184693E8 55024.5 1847844 4.976099493901E10 55024.5 225 10 75 25200 1120 8400
101700.0 16569 8.8807662313E8 55508.13 1864413 5.064907156214E10 55508.13 225 10 75 25425 1130 8475
102600.0 16525 8.9489474599E8 55992.32 1880938 5.154396630813E10 55992.32 225 10 75 25650 1140 8550
103500.0 16452 9.0073309406E8 56476.52 1897390 5.244469940219E10 56476.52 225 10 75 25875 1150 8625
104400.0 16452 9.0854176263E8 56960.15 1913842 5.335324116482E10 56960.15 225 10 75 26100 1160 8700
105300.0 16560 9.1943091591E8 57444.34 1930402 5.427267208072E10 57444.34 225 10 75 26325 1170 8775
106200.0 16525 9.2621890382E8 57928.54 1946927 5.519889098454E10 57928.54 225 10 75 26550 1180 8850
107100.0 16460 9.3198301263E8 58412.18 1963387 5.613087399717E10 58412.18 225 10 75 26775 1190 8925
108000.0 16453 9.3979150167E8 58896.36 1979840 5.707066549883E10 58896.36 225 10 75 27000 1200 9000
108900.0 16560 9.5078986792E8 59380.56 1996400 5.802145536676E10 59380.56 225 10 75 27225 1210 9075
109800.0 16524 9.5753852583E8 59864.2 2012924 5.897899389258E10 59864.2 225 10 75 27450 1220 9150
110700.0 16452 9.632327489E8 60348.39 2029376 5.994222664149E10 60348.39 225 10 75 27675 1230 9225
111600.0 16453 9.7104417112E8 60832.37 2045829 6.09132708126E10 60832.37 225 10 75 27900 1240 9300
112500.0 16568 9.8214271723E8 61316.21 2062397 6.189541352983E10 61316.21 225 10 75 28125 1250 9375
113400.0 16524 9.8885789317E8 61800.41 2078921 6.2884271423E10 61800.41 225 10 75 28350 1260 9450
114300.0 16453 9.9448261499E8 62284.04 2095374 6.387875403799E10 62284.04 225 10 75 28575 1270 9525
115200.0 16452 1.00229110403E9 62768.23 2111826 6.488104514202E10 62768.23 225 10 75 28800 1280 9600
116100.0 16560 1.01349859963E9 63252.42 2128386 6.589454374165E10 63252.42 225 10 75 29025 1290 9675
117000.0 16524 1.02017751629E9 63736.06 2144910 6.691472125793E10 63736.06 225 10 75 29250 1300 9750
117900.0 16461 1.02573235127E9 64220.25 2161371 6.79404536092E10 64220.25 225 10 75 29475 1310 9825
118800.0 16452 1.03354556705E9 64704.45 2177823 6.897399917625E10 64704.45 225 10 75 29700 1320 9900
119700.0 16561 1.04485307843E9 65188.08 2194384 7.001885225468E10 65188.08 225 10 75 29925 1330 9975
120600.0 16524 1.05149693528E9 65672.27 2210908 7.107034918996E10 65672.27 225 10 75 30150 1340 10050
121500.0 16452 1.05698681428E9 66156.47 2227360 7.212733600425E10 66156.47 225 10 75 30375 1350 10125
122400.0 16453 1.06479548285E9 66640.1 2243813 7.31921314871E10 66640.1 225 10 75 30600 1360 10200
123300.0 16568 1.07620734432E9 67124.29 2260381 7.426833883142E10 67124.29 225 10 75 30825 1370 10275
124200.0 16524 1.08282111122E9 67608.49 2276905 7.535115994264E10 67608.49 225 10 75 31050 1380 10350
125100.0 16453 1.08823673296E9 68092.12 2293358 7.64393966756E10 68092.12 225 10 75 31275 1390 10425
126000.0 16452 1.096045222E9 68576.31 2309810 7.75354418976E10 68576.31 225 10 75 31500 1400 10500
126900.0 16560 1.10756637222E9 69060.51 2326370 7.864300826982E10 69060.51 225 10 75 31725 1410 10575
127800.0 16524 1.11414072534E9 69544.15 2342894 7.975714899516E10 69544.15 225 10 75 31950 1420 10650
128700.0 16452 1.11948646924E9 70028.34 2359346 8.087663546439E10 70028.34 225 10 75 32175 1430 10725
129600.0 16461 1.12729840573E9 70512.39 2375807 8.200393387013E10 70512.39 225 10 75 32400 1440 10800
130500.0 16561 1.13891976134E9 70996.16 2392368 8.314285363146E10 70996.16 225 10 75 32625 1450 10875
131400.0 16524 1.14546010764E9 71480.36 2408892 8.42883137391E10 71480.36 225 10 75 32850 1460 10950
132300.0 16452 1.1507363513E9 71963.99 2425344 8.54390500904E10 71963.99 225 10 75 33075 1470 11025
133200.0 16453 1.15854484034E9 72448.17 2441797 8.659759493074E10 72448.17 225 10 75 33300 1480 11100
134100.0 16560 1.17027507118E9 72932.37 2458357 8.776787000192E10 72932.37 225 10 75 33525 1490 11175
135000.0 16532 1.17677973076E9 73416.01 2474889 8.894464973268E10 73416.01 225 10 75 33750 1500 11250
135900.0 16453 1.18198608757E9 73900.2 2491342 9.012663582025E10 73900.2 225 10 75 33975 1510 11325
136800.0 16452 1.18979930335E9 74384.39 2507794 9.13164351236E10 74384.39 225 10 75 34200 1520 11400
137700.0 16560 1.20162951399E9 74868.03 2524354 9.251806463759E10 74868.03 225 10 75 34425 1530 11475
138600.0 16524 1.20809914975E9 75352.22 2540878 9.372616378735E10 75352.22 225 10 75 34650 1540 11550
139500.0 16452 1.21324055059E9 75836.42 2557330 9.493940433794E10 75836.42 225 10 75 34875 1550 11625
140400.0 16461 1.22104921916E9 76320.05 2573791 9.61604535571E10 76320.05 225 10 75 35100 1560 11700
141300.0 16561 1.23298380687E9 76804.24 2590352 9.739343736397E10 76804.24 225 10 75 35325 1570 11775
142200.0 16524 1.23942332569E9 77288.44 2606876 9.863286068967E10 77288.44 225 10 75 35550 1580 11850
143100.0 16452 1.24449046927E9 77772.07 2623328 9.987735115894E10 77772.07 225 10 75 35775 1590 11925
144000.0 16452 1.25229895831E9 78256.26 2639780 1.0112965011724E11 78256.26 225 10 75 36000 1600 12000
144900.0 16561 1.26434282577E9 78740.46 2656341 1.0239399294301E11 78740.46 225 10 75 36225 1610 12075
145800.0 16532 1.27074293081E9 79224.1 2672873 1.0366473587382E11 79224.1 225 10 75 36450 1620 12150
146700.0 16452 1.27574020554E9 79708.28 2689325 1.0494047607937E11 79708.28 225 10 75 36675 1630 12225
147600.0 16453 1.28355262149E9 80192.4 2705778 1.0622402870085E11 80192.4 225 10 75 36900 1640 12300
148500.0 16560 1.29569672708E9 80676.11 2722338 1.0751972542793E11 80676.11 225 10 75 37125 1650 12375
149400.0 16524 1.30206234128E9 81160.31 2738862 1.0882178776921E11 81160.31 225 10 75 37350 1660 12450
150300.0 16453 1.30699009775E9 81643.94 2755315 1.1012877786696E11 81643.94 225 10 75 37575 1670 12525
151200.0 16460 1.31479858679E9 82128.12 2771775 1.1144357645375E11 82128.12 225 10 75 37800 1680 12600
152100.0 16560 1.32705152591E9 82612.32 2788335 1.1277062797966E11 82612.32 225 10 75 38025 1690 12675
153000.0 16525 1.33338194645E9 83095.96 2804860 1.1410400992611E11 83095.96 225 10 75 38250 1700 12750
153900.0 16452 1.33823983408E9 83580.15 2821312 1.1544224976019E11 83580.15 225 10 75 38475 1710 12825
154800.0 16452 1.34605304986E9 84064.34 2837764 1.1678830281005E11 84064.34 225 10 75 38700 1720 12900
155700.0 16561 1.35840598677E9 84547.97 2854325 1.1814670879682E11 84547.97 225 10 75 38925 1730 12975
156600.0 16532 1.3647013835E9 85032.17 2870857 1.1951141018032E11 85032.17 225 10 75 39150 1740 13050
157500.0 16452 1.3694942971E9 85516.37 2887309 1.2088090447742E11 85516.37 225 10 75 39375 1750 13125
158400.0 16453 1.37730296567E9 86000.0 2903762 1.2225820744308E11 86000.0 225 10 75 39600 1760 13200
159300.0 16560 1.38976969715E9 86484.19 2920322 1.2364797714024E11 86484.19 225 10 75 39825 1770 13275
160200.0 16524 1.39602554144E9 86968.39 2936846 1.2504400268167E11 86968.39 225 10 75 40050 1780 13350
161100.0 16453 1.40074421578E9 87452.02 2953299 1.2644474689745E11 87452.02 225 10 75 40275 1790 13425
162000.0 16460 1.40855270481E9 87936.21 2969759 1.2785329960226E11 87936.21 225 10 75 40500 1800 13500
162900.0 16560 1.42111928056E9 88420.41 2986319 1.2927441888282E11 88420.41 225 10 75 40725 1810 13575
163800.0 16525 1.42734566192E9 88904.05 3002844 1.3070176454473E11 88904.05 225 10 75 40950 1820 13650
164700.0 16452 1.43199395194E9 89388.23 3019296 1.3213375849668E11 89388.23 225 10 75 41175 1830 13725
165600.0 16452 1.43980684165E9 89872.41 3035748 1.3357356533833E11 89872.41 225 10 75 41400 1840 13800
166500.0 16561 1.45248315832E9 90356.06 3052309 1.3502604849665E11 90356.06 225 10 75 41625 1850 13875
167400.0 16524 1.45866459234E9 90840.26 3068833 1.3648471308899E11 90840.26 225 10 75 41850 1860 13950
168300.0 16460 1.4632439871E9 91323.89 3085293 1.3794795707609E11 91323.89 225 10 75 42075 1870 14025
169200.0 16453 1.47105235955E9 91808.08 3101746 1.3941900943563E11 91808.08 225 10 75 42300 1880 14100
170100.0 16560 1.48382801603E9 92292.27 3118306 1.4090283745167E11 92292.27 225 10 75 42525 1890 14175
171000.0 16524 1.48998469481E9 92775.91 3134830 1.4239282214648E11 92775.91 225 10 75 42750 1900 14250
171900.0 16452 1.49449360668E9 93260.1 3151282 1.4388731575316E11 93260.1 225 10 75 42975 1910 14325
172800.0 16453 1.50230682246E9 93744.3 3167735 1.4538962257562E11 93744.3 225 10 75 43200 1920 14400
173700.0 16568 1.51518246774E9 94227.93 3184303 1.4690480504335E11 94227.93 225 10 75 43425 1930 14475
174600.0 16525 1.52130363424E9 94712.12 3200828 1.4842610867759E11 94712.12 225 10 75 43650 1940 14550
175500.0 16452 1.52574806959E9 95196.32 3217280 1.4995185674717E11 95196.32 225 10 75 43875 1950 14625
176400.0 16452 1.53355673816E9 95679.95 3233732 1.5148541348533E11 95679.95 225 10 75 44100 1960 14700
177300.0 16560 1.54653676051E9 96164.14 3250292 1.5303195024585E11 96164.14 225 10 75 44325 1970 14775
178200.0 16525 1.55262780107E9 96648.34 3266817 1.5458457804691E11 96648.34 225 10 75 44550 1980 14850
179100.0 16460 1.55699798816E9 97131.97 3283277 1.5614157603507E11 97131.97 225 10 75 44775 1990 14925
180000.0 16453 1.5648064772E9 97616.16 3299730 1.5770638251227E11 97616.16 225 10 75 45000 2000 15000
180900.0 16560 1.57789578831E9 98100.36 3316290 1.5928427830058E11 98100.36 225 10 75 45225 2010 15075
181800.0 16524 1.58394741503E9 98584.0 3332814 1.608682257156E11 98584.0 225 10 75 45450 2020 15150
182700.0 16452 1.58824772427E9 99068.19 3349266 1.6245647343988E11 99068.19 225 10 75 45675 2030 15225
183600.0 16453 1.59606064265E9 99552.36 3365719 1.6405253408253E11 99552.36 225 10 75 45900 2040 15300
184500.0 16568 1.60925020728E9 100036.01 3382287 1.656617842898E11 100036.01 225 10 75 46125 2050 15375
185400.0 16524 1.61526684286E9 100520.21 3398811 1.6727705113267E11 100520.21 225 10 75 46350 2060 15450
186300.0 16453 1.61949772454E9 101003.85 3415264 1.6889654885721E11 101003.85 225 10 75 46575 2070 15525
187200.0 16452 1.6273061659E9 101488.03 3431716 1.7052385502311E11 101488.03 225 10 75 46800 2080 15600
188100.0 16560 1.64060452129E9 101972.22 3448276 1.721644595444E11 101972.22 225 10 75 47025 2090 15675
189000.0 16525 1.64658645443E9 102455.86 3464801 1.7381104599883E11 102455.86 225 10 75 47250 2100 15750
189900.0 16460 1.65074737652E9 102940.05 3481261 1.7546179337536E11 102940.05 225 10 75 47475 2110 15825
190800.0 16452 1.6585605923E9 103424.25 3497713 1.7712035396766E11 103424.25 225 10 75 47700 2120 15900
191700.0 16561 1.67195896394E9 103907.88 3514274 1.787923129316E11 103907.88 225 10 75 47925 2130 15975
192600.0 16524 1.67790588227E9 104392.07 3530798 1.8047021881387E11 104392.07 225 10 75 48150 2140 16050
193500.0 16452 1.68200183938E9 104876.27 3547250 1.8215222065325E11 104876.27 225 10 75 48375 2150 16125
194400.0 16453 1.68981050795E9 105359.9 3563703 1.838420311612E11 105359.9 225 10 75 48600 2160 16200
195300.0 16568 1.70331323867E9 105844.09 3580271 1.8554534439987E11 105844.09 225 10 75 48825 2170 16275
196200.0 16524 1.70923004905E9 106328.29 3596795 1.8725457444892E11 106328.29 225 10 75 49050 2180 16350
197100.0 16453 1.7132517579E9 106811.93 3613248 1.8896782620682E11 106811.93 225 10 75 49275 2190 16425
198000.0 16452 1.72106024694E9 107296.11 3629700 1.9068888645375E11 107296.11 225 10 75 49500 2200 16500
198900.0 16560 1.7346722664E9 107780.31 3646260 1.9242355872016E11 107780.31 225 10 75 49725 2210 16575
199800.0 16525 1.740549663E9 108263.95 3662785 1.9416410838316E11 108263.95 225 10 75 49950 2220 16650
200700.0 16458 1.74450149402E9 108748.14 3679243 1.9590860987718E11 108748.14 225 10 75 50175 2230 16725
201600.0 16454 1.75231446406E9 109232.32 3695697 1.9766092434124E11 109232.32 225 10 75 50400 2240 16800
202500.0 16561 1.76602672187E9 109715.96 3712258 1.9942695106311E11 109715.96 225 10 75 50625 2250 16875
203400.0 16524 1.77186909084E9 110200.16 3728782 2.0119882015395E11 110200.16 225 10 75 50850 2260 16950
204300.0 16452 1.77575204131E9 110683.87 3745234 2.0297457219525E11 110683.87 225 10 75 51075 2270 17025
205200.0 16453 1.7835605524E9 111167.98 3761687 2.0475813274765E11 111167.98 225 10 75 51300 2280 17100
206100.0 16560 1.79738095764E9 111652.17 3778247 2.0655551370529E11 111652.17 225 10 75 51525 2290 17175
207000.0 16532 1.80318867859E9 112135.81 3794779 2.0835870238388E11 112135.81 225 10 75 51750 2300 17250
207900.0 16453 1.80700112249E9 112620.0 3811232 2.1016570350637E11 112620.0 225 10 75 51975 2310 17325
208800.0 16452 1.81481433827E9 113104.2 3827684 2.1198051784464E11 113104.2 225 10 75 52200 2320 17400
209700.0 16560 1.82873543618E9 113587.83 3844244 2.1380925328083E11 113587.83 225 10 75 52425 2330 17475
210600.0 16524 1.83450810621E9 114072.02 3860768 2.1564376138703E11 114072.02 225 10 75 52650 2340 17550
211500.0 16453 1.83825558513E9 114556.22 3877221 2.1748201697217E11 114556.22 225 10 75 52875 2350 17625
212400.0 16460 1.8460642537E9 115039.85 3893681 2.1932808122587E11 115039.85 225 10 75 53100 2360 17700
213300.0 16561 1.86008969269E9 115524.04 3910242 2.2118817091856E11 115524.04 225 10 75 53325 2370 17775
214200.0 16524 1.86583227277E9 116008.24 3926766 2.2305400319133E11 116008.24 225 10 75 53550 2380 17850
215100.0 16452 1.86950550344E9 116491.87 3943218 2.2492350869477E11 116491.87 225 10 75 53775 2390 17925
216000.0 16452 1.87731399247E9 116976.06 3959670 2.2680082268724E11 116976.06 225 10 75 54000 2400 18000
216900.0 16561 1.89144873821E9 117460.26 3976231 2.2869227142545E11 117460.26 225 10 75 54225 2410 18075
217800.0 16532 1.89715188651E9 117943.9 3992763 2.3058942331196E11 117943.9 225 10 75 54450 2420 18150
218700.0 16453 1.90075523933E9 118428.09 4009216 2.324901785513E11 118428.09 225 10 75 54675 2430 18225
219600.0 16452 1.90856826734E9 118912.27 4025668 2.3439874681863E11 118912.27 225 10 75 54900 2440 18300
220500.0 16560 1.92280316818E9 119395.91 4042228 2.3632154998682E11 119395.91 225 10 75 55125 2450 18375
221400.0 16524 1.92847131413E9 119880.11 4058752 2.3825002130095E11 119880.11 225 10 75 55350 2460 18450
222300.0 16453 1.93200634597E9 120363.9 4075205 2.4018202764691E11 120363.9 225 10 75 55575 2470 18525
223200.0 16460 1.93981499928E9 120847.93 4091665 2.4212184264619E11 120847.93 225 10 75 55800 2480 18600
224100.0 16560 1.95415743077E9 121332.12 4108225 2.4407600007696E11 121332.12 225 10 75 56025 2490 18675
225000.0 16525 1.95979089452E9 121815.76 4124750 2.4603579097149E11 121815.76 225 10 75 56250 2500 18750
225900.0 16452 1.96325486021E9 122299.95 4141202 2.4799904583169E11 122299.95 225 10 75 56475 2510 18825
226800.0 16452 1.97106807599E9 122784.15 4157654 2.4997011390768E11 122784.15 225 10 75 56700 2520 18900
227700.0 16561 1.98551187315E9 123267.78 4174215 2.5195562578083E11 123267.78 225 10 75 56925 2530 18975
228600.0 16532 1.99111032209E9 123751.97 4190747 2.5394673610292E11 123751.97 225 10 75 57150 2540 19050
229500.0 16452 1.9945093228E9 124236.17 4207199 2.5594124542571E11 124236.17 225 10 75 57375 2550 19125
230400.0 16453 2.00231799137E9 124719.8 4223652 2.5794356341708E11 124719.8 225 10 75 57600 2560 19200
231300.0 16560 2.0168661656E9 125203.99 4240212 2.5996042958268E11 125203.99 225 10 75 57825 2570 19275
232200.0 16524 2.0224344886E9 125688.19 4256736 2.6198286407128E11 125688.19 225 10 75 58050 2580 19350
233100.0 16453 2.02575924104E9 126171.82 4273189 2.6400862331232E11 126171.82 225 10 75 58275 2590 19425
234000.0 16460 2.03356773008E9 126656.01 4289649 2.6604219104241E11 126656.01 225 10 75 58500 2600 19500
234900.0 16560 2.04822517507E9 127140.21 4306209 2.6809041621748E11 127140.21 225 10 75 58725 2610 19575
235800.0 16525 2.05375410228E9 127623.85 4322734 2.7014417031976E11 127623.85 225 10 75 58950 2620 19650
236700.0 16452 2.05700897689E9 128108.03 4339186 2.7220117929665E11 128108.03 225 10 75 59175 2630 19725
237600.0 16452 2.06482208187E9 128592.22 4355638 2.7426600137852E11 128592.22 225 10 75 59400 2640 19800
238500.0 16561 2.07957963339E9 129075.86 4372199 2.7634558101191E11 129075.86 225 10 75 59625 2650 19875
239400.0 16524 2.08507352985E9 129560.06 4388723 2.7843065454176E11 129560.06 225 10 75 59850 2660 19950
240300.0 16460 2.08826075034E9 130043.93 4405183 2.805189152921E11 130043.93 225 10 75 60075 2670 20025
241200.0 16453 2.09606952492E9 130527.88 4421636 2.8261498481702E11 130527.88 225 10 75 60300 2680 20100
242100.0 16560 2.11093386E9 131012.07 4438196 2.8472591867702E11 131012.07 225 10 75 60525 2690 20175
243000.0 16524 2.11639309369E9 131495.71 4454720 2.8684231177071E11 131495.71 225 10 75 60750 2700 20250
243900.0 16452 2.11950858124E9 131979.9 4471172 2.8896182035196E11 131979.9 225 10 75 60975 2710 20325
244800.0 16452 2.12732179702E9 132464.09 4487624 2.9108914214898E11 132464.09 225 10 75 61200 2720 20400
245700.0 16569 2.14228832038E9 132947.72 4504193 2.9323143046936E11 132947.72 225 10 75 61425 2730 20475
246600.0 16525 2.14771252125E9 133431.92 4520718 2.9537914299061E11 133431.92 225 10 75 61650 2740 20550
247500.0 16452 2.15076304383E9 133916.12 4537170 2.9752990603445E11 133916.12 225 10 75 61875 2750 20625
248400.0 16452 2.1585717124E9 134399.75 4553622 2.9968847774685E11 134399.75 225 10 75 62100 2760 20700
249300.0 16560 2.17364260384E9 134883.93 4570182 3.0186212035069E11 134883.93 225 10 75 62325 2770 20775
250200.0 16525 2.17903668771E9 135368.14 4586707 3.0404115703839E11 135368.14 225 10 75 62550 2780 20850
251100.0 16460 2.18201296203E9 135851.77 4603167 3.0622317000042E11 135851.77 225 10 75 62775 2790 20925
252000.0 16453 2.18982145106E9 136335.96 4619620 3.0841299145148E11 136335.96 225 10 75 63000 2800 21000
252900.0 16560 2.20500161325E9 136820.15 4636180 3.1061799306473E11 136820.15 225 10 75 63225 2810 21075
253800.0 16524 2.21035630139E9 137303.79 4652704 3.1282834936613E11 137303.79 225 10 75 63450 2820 21150
254700.0 16452 2.21326269787E9 137787.98 4669156 3.15041612064E11 137787.98 225 10 75 63675 2830 21225
255600.0 16452 2.22107582477E9 138272.17 4685608 3.1726268788876E11 138272.17 225 10 75 63900 2840 21300
256500.0 16569 2.23635607187E9 138755.81 4702177 3.1949904396064E11 138755.81 225 10 75 64125 2850 21375
257400.0 16524 2.24167572896E9 139240.01 4718701 3.217407196896E11 139240.01 225 10 75 64350 2860 21450
258300.0 16453 2.2445150337E9 139723.95 4735154 3.239852347233E11 139723.95 225 10 75 64575 2870 21525
259200.0 16452 2.2523238388E9 140207.83 4751606 3.262375585621E11 140207.83 225 10 75 64800 2880 21600
260100.0 16560 2.267710295E9 140692.02 4768166 3.285052688571E11 140692.02 225 10 75 65025 2890 21675
261000.0 16525 2.27299528952E9 141175.66 4784691 3.3077826414662E11 141175.66 225 10 75 65250 2900 21750
261900.0 16460 2.27576229895E9 141659.84 4801151 3.3305402644557E11 141659.84 225 10 75 65475 2910 21825
262800.0 16452 2.28357551473E9 142144.04 4817603 3.353376019603E11 142144.04 225 10 75 65700 2920 21900
263700.0 16561 2.29907418746E9 142627.67 4834164 3.3763667614775E11 142627.67 225 10 75 65925 2930 21975
264600.0 16524 2.30431471703E9 143111.87 4850688 3.3994099086478E11 143111.87 225 10 75 66150 2940 22050
265500.0 16452 2.30701676148E9 143596.06 4867140 3.4224800762626E11 143596.06 225 10 75 66375 2950 22125
266400.0 16453 2.31482543005E9 144079.7 4883593 3.4456283305631E11 144079.7 225 10 75 66600 2960 22200
267300.0 16568 2.33041902967E9 144563.88 4900161 3.4689325208598E11 144563.88 225 10 75 66825 2970 22275
268200.0 16524 2.33563938132E9 145048.09 4916685 3.4922889146731E11 145048.09 225 10 75 67050 2980 22350
269100.0 16453 2.33826667984E9 145531.72 4933138 3.5156715814714E11 145531.72 225 10 75 67275 2990 22425
270000.0 16452 2.34607516887E9 146015.91 4949590 3.5391323331602E11 146015.91 225 10 75 67500 3000 22500
270900.0 16560 2.36178750174E9 146500.1 4966150 3.5627502081775E11 146500.1 225 10 75 67725 3010 22575
271800.0 16525 2.36695848843E9 146983.74 4982675 3.5864197930619E11 146983.74 225 10 75 67950 3020 22650
272700.0 16458 2.36951641579E9 147467.93 4999133 3.6101149572198E11 147467.93 225 10 75 68175 3030 22725
273600.0 16454 2.377329574E9 147952.12 5015587 3.6338882529597E11 147952.12 225 10 75 68400 3040 22800
274500.0 16561 2.39313248966E9 148435.76 5032148 3.6578195778564E11 148435.76 225 10 75 68625 3050 22875
275400.0 16524 2.39827842279E9 148919.95 5048672 3.6818023620843E11 148919.95 225 10 75 68850 3060 22950
276300.0 16452 2.40076930744E9 149403.97 5065124 3.7058100551587E11 149403.97 225 10 75 69075 3070 23025
277200.0 16453 2.40857812455E9 149887.78 5081577 3.7298958364042E11 149887.78 225 10 75 69300 3080 23100
278100.0 16560 2.42448675424E9 150371.97 5098137 3.7541407039466E11 150371.97 225 10 75 69525 3090 23175
279000.0 16532 2.4295974829E9 150855.61 5114669 3.7784366787756E11 150855.61 225 10 75 69750 3100 23250
279900.0 16453 2.4320160232E9 151339.79 5131122 3.8027568390076E11 151339.79 225 10 75 69975 3110 23325
280800.0 16452 2.43982923898E9 151823.99 5147574 3.8271551313975E11 151823.99 225 10 75 70200 3120 23400
281700.0 16560 2.45585061992E9 152307.62 5164134 3.8517136375967E11 152307.62 225 10 75 70425 3130 23475
282600.0 16524 2.46091691958E9 152791.82 5180658 3.8763228067924E11 152791.82 225 10 75 70650 3140 23550
283500.0 16453 2.46327050367E9 153276.01 5197111 3.9009555118291E11 153276.01 225 10 75 70875 3150 23625
284400.0 16460 2.47107915447E9 153759.64 5213571 3.9256663033738E11 153759.64 225 10 75 71100 3160 23700
285300.0 16561 2.48719548029E9 154243.83 5230132 3.9505382581767E11 154243.83 225 10 75 71325 3170 23775
286200.0 16524 2.49224157493E9 154728.04 5246656 3.975460673926E11 154728.04 225 10 75 71550 3180 23850
287100.0 16452 2.49452040431E9 155211.67 5263108 4.0004058779691E11 155211.67 225 10 75 71775 3190 23925
288000.0 16452 2.50232889335E9 155695.85 5279560 4.0254291669026E11 155695.85 225 10 75 72000 3200 24000
288900.0 16561 2.51856394341E9 156180.05 5296121 4.0506148063367E11 156180.05 225 10 75 72225 3210 24075
289800.0 16532 2.52356070015E9 156663.69 5312653 4.0758504133382E11 156663.69 225 10 75 72450 3220 24150
290700.0 16453 2.52577014037E9 157147.88 5329106 4.1011081147419E11 157147.88 225 10 75 72675 3230 24225
291600.0 16452 2.53358335615E9 157632.07 5345558 4.1264439483034E11 157632.07 225 10 75 72900 3240 24300
292500.0 16560 2.54990895047E9 158115.71 5362118 4.1519430378081E11 158115.71 225 10 75 73125 3250 24375
293400.0 16524 2.55488062562E9 158599.9 5378642 4.1774918440643E11 158599.9 225 10 75 73350 3260 24450
294300.0 16453 2.55702362214E9 159084.0 5395095 4.2030620802856E11 159084.0 225 10 75 73575 3270 24525
295200.0 16460 2.56483255741E9 159567.73 5411555 4.2287104058597E11 159567.73 225 10 75 73800 3280 24600
296100.0 16560 2.58126319072E9 160051.91 5428115 4.2545230377669E11 160051.91 225 10 75 74025 3290 24675
297000.0 16525 2.58619970632E9 160535.55 5444640 4.2803850348302E11 160535.55 225 10 75 74250 3300 24750
297900.0 16452 2.58826976055E9 161019.74 5461092 4.3062677324356E11 161019.74 225 10 75 74475 3310 24825
298800.0 16452 2.59608297633E9 161503.94 5477544 4.3322285621989E11 161503.94 225 10 75 74700 3320 24900
299700.0 16561 2.61261765127E9 161987.57 5494105 4.3583547387117E11 161987.57 225 10 75 74925 3330 24975
300600.0 16532 2.61751913519E9 162471.77 5510637 4.3845299300636E11 162471.77 225 10 75 75150 3340 25050
301500.0 16452 2.61952422335E9 162955.96 5527089 4.4107251722971E11 162955.96 225 10 75 75375 3350 25125
302400.0 16453 2.62733289192E9 163439.59 5543542 4.4369985012163E11 163439.59 225 10 75 75600 3360 25200
303300.0 16560 2.64397191699E9 163923.78 5560102 4.4634382203862E11 163923.78 225 10 75 75825 3370 25275
304200.0 16524 2.64884329297E9 164407.99 5576626 4.4899266533159E11 164407.99 225 10 75 76050 3380 25350
305100.0 16453 2.65077414187E9 164891.62 5593079 4.5164343947346E11 164891.62 225 10 75 76275 3390 25425
306000.0 16460 2.65858263091E9 165375.8 5609539 4.5430202210436E11 165375.8 225 10 75 76500 3400 25500
306900.0 16560 2.67533095373E9 165860.0 5626099 4.5697735305809E11 165860.0 225 10 75 76725 3410 25575
307800.0 16525 2.68016291598E9 166343.64 5642624 4.5965751597407E11 166343.64 225 10 75 76950 3420 25650
308700.0 16452 2.68202387804E9 166827.83 5659076 4.6233953985211E11 166827.83 225 10 75 77175 3430 25725
309600.0 16452 2.68983709382E9 167312.02 5675528 4.6502937694593E11 167312.02 225 10 75 77400 3440 25800
310500.0 16561 2.70668540521E9 167795.65 5692089 4.6773606235114E11 167795.65 225 10 75 77625 3450 25875
311400.0 16524 2.71148233493E9 168279.85 5708613 4.7044754468607E11 168279.85 225 10 75 77850 3460 25950
312300.0 16460 2.71327795708E9 168764.02 5725073 4.7316082264315E11 168764.02 225 10 75 78075 3470 26025
313200.0 16453 2.72108700184E9 169247.68 5741526 4.7588190964499E11 169247.68 225 10 75 78300 3480 26100
314100.0 16560 2.73803967131E9 169731.87 5758086 4.786199493163E11 169731.87 225 10 75 78525 3490 26175
315000.0 16524 2.74280195799E9 170215.51 5774610 4.8136275127429E11 170215.51 225 10 75 78750 3500 26250
315900.0 16453 2.74452353289E9 170699.69 5791063 4.8410727480718E11 170699.69 225 10 75 78975 3510 26325
316800.0 16452 2.75233674867E9 171183.89 5807515 4.8685961155585E11 171183.89 225 10 75 79200 3520 26400
317700.0 16568 2.76939414081E9 171667.52 5824083 4.8962900569665E11 171667.52 225 10 75 79425 3530 26475
318600.0 16525 2.77412187467E9 172151.72 5840608 4.9240312757133E11 172151.72 225 10 75 79650 3540 26550
319500.0 16452 2.77577799591E9 172635.91 5857060 4.9517890556724E11 172635.91 225 10 75 79875 3550 26625
320400.0 16452 2.78358666448E9 173119.54 5873512 4.9796249223171E11 173119.54 225 10 75 80100 3560 26700
321300.0 16560 2.80074840695E9 173603.73 5890072 5.0076324063867E11 173603.73 225 10 75 80325 3570 26775
322200.0 16525 2.80544555293E9 174087.94 5906597 5.035686861916E11 174087.94 225 10 75 80550 3580 26850
323100.0 16460 2.80702791459E9 174571.57 5923057 5.0637571410619E11 174571.57 225 10 75 80775 3590 26925
324000.0 16453 2.81483640363E9 175055.75 5939510 5.0919055050982E11 175055.75 225 10 75 81000 3600 27000
324900.0 16560 2.83210744385E9 175539.95 5956070 5.1202265795367E11 175539.95 225 10 75 81225 3610 27075
325800.0 16524 2.83676515811E9 176023.59 5972594 5.1485942311178E11 176023.59 225 10 75 81450 3620 27150
326700.0 16452 2.83827765092E9 176507.78 5989046 5.176977007627E11 176507.78 225 10 75 81675 3630 27225
327600.0 16453 2.8460908667E9 176991.97 6005499 5.2054379162941E11 176991.97 225 10 75 81900 3640 27300
328500.0 16568 2.86346186846E9 177475.61 6022067 5.2340725349787E11 177475.61 225 10 75 82125 3650 27375
329400.0 16525 2.86808458616E9 177959.8 6038592 5.2627533808403E11 177959.8 225 10 75 82350 3660 27450
330300.0 16452 2.86953178793E9 178443.98 6055044 5.2914486987196E11 178443.98 225 10 75 82575 3670 27525
331200.0 16452 2.87734077644E9 178927.63 6071496 5.320222106484E11 178927.63 225 10 75 82800 3680 27600
332100.0 16560 2.89482561512E9 179411.82 6088056 5.3491703626351E11 179411.82 225 10 75 83025 3690 27675
333000.0 16525 2.8994046978E9 179895.46 6104581 5.3781644096132E11 179895.46 225 10 75 83250 3700 27750
333900.0 16460 2.90077730599E9 180379.64 6121041 5.407172182673E11 180379.64 225 10 75 83475 3710 27825
334800.0 16452 2.90859052177E9 180863.84 6137493 5.4362580878907E11 180863.84 225 10 75 83700 3720 27900
335700.0 16561 2.92617062227E9 181347.47 6154054 5.4655197941134E11 181347.47 225 10 75 83925 3730 27975
336600.0 16524 2.93072363739E9 181831.67 6170578 5.4948270304873E11 181831.67 225 10 75 84150 3740 28050
337500.0 16452 2.93203176906E9 182315.86 6187030 5.524147348178E11 182315.86 225 10 75 84375 3750 28125
338400.0 16453 2.93984043763E9 182799.5 6203483 5.5535457525543E11 182799.5 225 10 75 84600 3760 28200
339300.0 16568 2.95752489748E9 183283.68 6220051 5.583121001529E11 183283.68 225 10 75 84825 3770 28275
340200.0 16524 2.96204828412E9 183767.89 6236575 5.6127414843702E11 183767.89 225 10 75 85050 3780 28350
341100.0 16453 2.96328168785E9 184251.52 6253028 5.6423743012488E11 184251.52 225 10 75 85275 3790 28425
342000.0 16452 2.97109017689E9 184735.71 6269480 5.6720852030176E11 184735.71 225 10 75 85500 3800 28500
342900.0 16560 2.98889337894E9 185219.9 6286040 5.701974136807E11 185219.9 225 10 75 85725 3810 28575
343800.0 16525 2.99336741867E9 185703.54 6302565 5.7319078109937E11 185703.54 225 10 75 85950 3820 28650
344700.0 16460 2.99453142424E9 186187.73 6319025 5.7618531252361E11 186187.73 225 10 75 86175 3830 28725
345600.0 16452 3.00234464002E9 186671.93 6335477 5.7918765716362E11 186671.93 225 10 75 86400 3840 28800

