# seed = 1, gamma = 0.75, beta = 1.0, dee = 10.0, dcc = 50.0, dec = 150.0, dsc = 2000.0, dLocalhost = 0.015, hostBroker = EDGE, numOfCloud = 1, numOfEdge = 1, numOfSmartphone = 300 
#
# The columns have the following meaning: 
# instant[SECONDS] delayCountPartial delaySumPartial[SECONDS] delayMaxPartial[SECONDS] delayCountTot delaySumTot[SECONDS] delayMaxTot[SECONDS] runOnCloudPartial runOnEdgePartial runOnSmartphonePartial runOnCloudTot runOnEdgeTot runOnSmartphoneTot
0.0 0 0.0 0.0 0 0.0 0.0 0 0 0 0 0 0
900.0 16560 2.6495004043E8 32668.64 16560 2.6495004043E8 32668.64 3 7 300 3 7 300
1800.0 16524 7.8907753139E8 65142.56 33084 1.05402757182E9 65142.56 3 7 300 6 14 600
2700.0 16452 1.31178116422E9 97616.23 49536 2.36580873604E9 97616.23 3 7 300 9 21 900
3600.0 16452 1.83596684341E9 130089.75 65988 4.20177557945E9 130089.75 3 7 300 12 28 1200
4500.0 16560 2.36895171348E9 162563.27 82548 6.57072729293E9 162563.27 3 7 300 15 35 1500
5400.0 16524 2.89052039015E9 195036.8 99072 9.46124768309E9 195036.8 3 7 300 18 42 1800
6300.0 16452 3.40853273951E9 227510.32 115524 1.286978042259E10 227510.32 3 7 300 21 49 2100
7200.0 16452 3.9327171964E9 259983.83 131976 1.6802497619E10 259983.83 3 7 300 24 56 2400
8100.0 16561 4.47248876124E9 292457.35 148537 2.127498638024E10 292457.35 3 7 300 27 63 2700
9000.0 16524 4.99193515526E9 324930.88 165061 2.62669215355E10 324930.88 3 7 300 30 70 3000
9900.0 16452 5.50528309277E9 357404.4 181513 3.177220462827E10 357404.4 3 7 300 33 77 3300
10800.0 16452 6.02946754966E9 389877.92 197965 3.780167217793E10 389877.92 3 7 300 36 84 3600
11700.0 16560 6.57648099914E9 422351.44 214525 4.437815317707E10 422351.44 3 7 300 39 91 3900
12600.0 16524 7.09337347094E9 454824.97 231049 5.147152664801E10 454824.97 3 7 300 42 98 4200
13500.0 16452 7.60203344604E9 487298.49 247501 5.907356009404E10 487298.49 3 7 300 45 105 4500
14400.0 16452 8.12621790293E9 519772.01 263953 6.719977799697E10 519772.01 3 7 300 48 112 4800
15300.0 16560 8.68001802018E9 552245.53 280513 7.587979601715E10 552245.53 3 7 300 51 119 5100
16200.0 16524 9.19478823607E9 584719.06 297037 8.507458425322E10 584719.06 3 7 300 54 126 5400
17100.0 16452 9.69878379933E9 617192.58 313489 9.477336805256E10 617192.58 3 7 300 57 133 5700
18000.0 16452 1.022296825624E10 649666.1 329941 1.049963363088E11 649666.1 3 7 300 60 140 6000
18900.0 16560 1.07837826542E10 682139.62 346501 1.15780118963E11 682139.62 3 7 300 63 147 6300
19800.0 16524 1.129621476753E10 714613.14 363025 1.2707633373053E11 714613.14 3 7 300 66 154 6600
20700.0 16452 1.179553415266E10 747086.66 379477 1.3887186788319E11 747086.66 3 7 300 69 161 6900
21600.0 16452 1.231971860956E10 779560.18 395929 1.5119158649275E11 779560.18 3 7 300 72 168 7200
22500.0 16560 1.288754727922E10 812033.7 412489 1.6407913377197E11 812033.7 3 7 300 75 175 7500
23400.0 16524 1.339764131699E10 844507.23 429013 1.7747677508896E11 844507.23 3 7 300 78 182 7800
24300.0 16452 1.389228450598E10 876980.75 445465 1.9136905959494E11 876980.75 3 7 300 81 189 8100
25200.0 16452 1.441646896289E10 909454.27 461917 2.0578552855783E11 909454.27 3 7 300 84 196 8400
26100.0 16560 1.499153955318E10 941927.79 478477 2.2077706811101E11 941927.79 3 7 300 87 203 8700
27000.0 16524 1.549906785777E10 974401.32 495001 2.3627613596878E11 974401.32 3 7 300 90 210 9000
27900.0 16452 1.598903485963E10 1006874.84 511453 2.522651708284E11 1006874.84 3 7 300 93 217 9300
28800.0 16452 1.651321931653E10 1039348.36 527905 2.6877839014494E11 1039348.36 3 7 300 96 224 9600
29700.0 16560 1.709507656564E10 1071821.88 544465 2.8587346671058E11 1071821.88 3 7 300 99 231 9900
30600.0 16524 1.760049438971E10 1104295.41 560989 3.0347396110029E11 1104295.41 3 7 300 102 238 10200
31500.0 16452 1.808578521344E10 1136768.93 577441 3.2155974631373E11 1136768.93 3 7 300 105 245 10500
32400.0 16452 1.860996967035E10 1169242.44 593893 3.4016971598407E11 1169242.44 3 7 300 108 252 10800
33300.0 16561 1.919884119116E10 1201715.96 610454 3.5936855717523E11 1201715.96 3 7 300 111 259 11100
34200.0 16529 1.970192452268E10 1234189.49 626983 3.7907048169791E11 1234189.49 3 7 300 114 266 11400
35100.0 16454 2.018253897431E10 1266663.39 643437 3.9925302067222E11 1266663.39 3 7 300 117 273 11700
36000.0 16452 2.070672771676E10 1299137.1 659889 4.1995974838899E11 1299137.1 3 7 300 120 280 12000
36900.0 16560 2.13026150842E10 1331610.62 676449 4.4126236347318E11 1331610.62 3 7 300 123 287 12300
37800.0 16524 2.180335672895E10 1364084.15 692973 4.6306572020213E11 1364084.15 3 7 300 126 294 12600
38700.0 16452 2.227929514888E10 1396557.67 709425 4.8534501535101E11 1396557.67 3 7 300 129 301 12900
39600.0 16452 2.280347960579E10 1429031.19 725877 5.081484949568E11 1429031.19 3 7 300 132 308 13200
40500.0 16560 2.340637971888E10 1461504.71 742437 5.3155487467568E11 1461504.71 3 7 300 135 315 13500
41400.0 16524 2.390478327006E10 1493978.24 758961 5.5545965794574E11 1493978.24 3 7 300 138 322 13800
42300.0 16452 2.437604550286E10 1526451.76 775413 5.798357034486E11 1526451.76 3 7 300 141 329 14100
43200.0 16452 2.490022995977E10 1558925.28 791865 6.0473593340836E11 1558925.28 3 7 300 144 336 14400
44100.0 16560 2.551014434455E10 1591398.8 808425 6.3024607775292E11 1591398.8 3 7 300 147 343 14700
45000.0 16524 2.600620981117E10 1623872.33 824949 6.5625228756409E11 1623872.33 3 7 300 150 350 15000
45900.0 16452 2.647279585689E10 1656345.85 841401 6.8272508342098E11 1656345.85 3 7 300 153 357 15300
46800.0 16452 2.69969803138E10 1688819.36 857853 7.0972206373478E11 1688819.36 3 7 300 156 364 15600
47700.0 16560 2.761413661918E10 1721292.88 874413 7.3733620035396E11 1721292.88 3 7 300 159 371 15900
48600.0 16524 2.810763634345E10 1753766.41 890937 7.654438366974E11 1753766.41 3 7 300 162 378 16200
49500.0 16452 2.856954621103E10 1786239.93 907389 7.9401338290843E11 1786239.93 3 7 300 165 385 16500
50400.0 16452 2.909373066793E10 1818713.45 923841 8.2310711357636E11 1818713.45 3 7 300 168 392 16800
51300.0 16560 2.971767362313E10 1851186.97 940401 8.5282478719949E11 1851186.97 3 7 300 171 399 17100
52200.0 16524 3.020906289372E10 1883660.5 956925 8.8303385009321E11 1883660.5 3 7 300 174 406 17400
53100.0 16452 3.066629656516E10 1916134.02 973377 9.1370014665837E11 1916134.02 3 7 300 177 413 17700
54000.0 16452 3.119048102207E10 1948607.54 989829 9.4489062768045E11 1948607.54 3 7 300 180 420 18000
54900.0 16560 3.182143825797E10 1981081.06 1006389 9.7671206593842E11 1981081.06 3 7 300 183 427 18300
55800.0 16524 3.231048943494E10 2013554.59 1022913 1.00902255537336E12 2013554.59 3 7 300 186 434 18600
56700.0 16452 3.276304691925E10 2046028.11 1039365 1.0417856022926E12 2046028.11 3 7 300 189 441 18900
57600.0 16452 3.328723137616E10 2078501.63 1055817 1.07507283366876E12 2078501.63 3 7 300 192 448 19200
58500.0 16560 3.392520289275E10 2110975.15 1072377 1.10899803656151E12 2110975.15 3 7 300 195 455 19500
59400.0 16524 3.441191597609E10 2143448.67 1088901 1.14340995253759E12 2143448.67 3 7 300 198 462 19800
60300.0 16452 3.48597972732E10 2175922.19 1105353 1.17826974981079E12 2175922.19 3 7 300 201 469 20100
61200.0 16452 3.538398173005E10 2208395.71 1121805 1.21365373154084E12 2208395.71 3 7 300 204 476 20400
62100.0 16560 3.602896752729E10 2240869.23 1138365 1.24968269906813E12 2240869.23 3 7 300 207 483 20700
63000.0 16524 3.651334251706E10 2273342.76 1154889 1.28619604158519E12 2273342.76 3 7 300 210 490 21000
63900.0 16452 3.695654762704E10 2305816.28 1171341 1.32315258921222E12 2305816.28 3 7 300 213 497 21300
64800.0 16452 3.748073208388E10 2338289.8 1187793 1.3606333212961E12 2338289.8 3 7 300 216 504 21600
65700.0 16560 3.813295979272E10 2370763.32 1204353 1.39876628108883E12 2370763.32 3 7 300 219 511 21900
66600.0 16524 3.861476905803E10 2403236.85 1220877 1.43738105014686E12 2403236.85 3 7 300 222 518 22200
67500.0 16453 3.905329798087E10 2435710.37 1237330 1.47643434812773E12 2435710.37 3 7 300 225 525 22500
68400.0 16452 3.957748551332E10 2468184.25 1253782 1.51601183364105E12 2468184.25 3 7 300 228 532 22800
69300.0 16560 4.023650427097E10 2500657.97 1270342 1.55624833791202E12 2500657.97 3 7 300 231 539 23100
70200.0 16524 4.071620483136E10 2533131.51 1286866 1.59696454274338E12 2533131.51 3 7 300 234 546 23400
71100.0 16452 4.11500575555E10 2565605.03 1303318 1.63811460029888E12 2565605.03 3 7 300 237 553 23700
72000.0 16452 4.167424201235E10 2598078.55 1319770 1.67978884231123E12 2598078.55 3 7 300 240 560 24000
72900.0 16560 4.234027068255E10 2630552.06 1336330 1.72212911299378E12 2630552.06 3 7 300 243 567 24300
73800.0 16524 4.281763138133E10 2663025.59 1352854 1.76494674437511E12 2663025.59 3 7 300 246 574 24600
74700.0 16452 4.324680790934E10 2695499.11 1369306 1.80819355228445E12 2695499.11 3 7 300 249 581 24900
75600.0 16452 4.377099236619E10 2727972.63 1385758 1.85196454465064E12 2727972.63 3 7 300 252 588 25200
76500.0 16560 4.444426293898E10 2760446.15 1402318 1.89640880758962E12 2760446.15 3 7 300 255 595 25500
77400.0 16524 4.491905792231E10 2792919.68 1418842 1.94132786551193E12 2792919.68 3 7 300 258 602 25800
78300.0 16452 4.534355826318E10 2825393.2 1435294 1.9866714237751E12 2825393.2 3 7 300 261 609 26100
79200.0 16452 4.586774272002E10 2857866.72 1451746 2.03253916649513E12 2857866.72 3 7 300 264 616 26400
80100.0 16560 4.654779994263E10 2890340.24 1468306 2.07908696643775E12 2890340.24 3 7 300 267 623 26700
81000.0 16524 4.702049623856E10 2922813.77 1484830 2.12610746267631E12 2922813.77 3 7 300 270 630 27000
81900.0 16452 4.744030861696E10 2955287.29 1501282 2.17354777129327E12 2955287.29 3 7 300 273 637 27300
82800.0 16452 4.796449307381E10 2987760.81 1517734 2.22151226436708E12 2987760.81 3 7 300 276 644 27600
83700.0 16560 4.865179221701E10 3020234.33 1534294 2.27016405658409E12 3020234.33 3 7 300 279 651 27900
84600.0 16524 4.91219110042E10 3052707.85 1550818 2.31928596758828E12 3052707.85 3 7 300 282 658 28200
85500.0 16452 4.953705897074E10 3085181.37 1567270 2.36882302655903E12 3085181.37 3 7 300 285 665 28500
86400.0 16452 5.006124342759E10 3117654.89 1583722 2.41888426998662E12 3117654.89 3 7 300 288 672 28800
87300.0 16560 5.07553292026E10 3150128.41 1600282 2.46963959918922E12 3150128.41 3 7 300 291 679 29100
88200.0 16524 5.122334931139E10 3182601.94 1616806 2.52086294850061E12 3182601.94 3 7 300 294 686 29400
89100.0 16452 5.163380932453E10 3215075.46 1633258 2.57249675782514E12 3215075.46 3 7 300 297 693 29700
90000.0 16452 5.215799378137E10 3247548.98 1649710 2.62465475160651E12 3247548.98 3 7 300 300 700 30000
90900.0 16560 5.285932147698E10 3280022.5 1666270 2.67751407308349E12 3280022.5 3 7 300 303 707 30300
91800.0 16524 5.332476407709E10 3312496.03 1682794 2.73083883716058E12 3312496.03 3 7 300 306 714 30600
92700.0 16452 5.373055967836E10 3344969.55 1699246 2.78456939683895E12 3344969.55 3 7 300 309 721 30900
93600.0 16452 5.425474413521E10 3377443.07 1715698 2.83882414097416E12 3377443.07 3 7 300 312 728 31200
94500.0 16560 5.496285848063E10 3409916.59 1732258 2.89378699945479E12 3409916.59 3 7 300 315 735 31500
95400.0 16524 5.542620239334E10 3442390.12 1748782 2.94921320184813E12 3442390.12 3 7 300 318 742 31800
96300.0 16452 5.58273100322E10 3474863.64 1765234 3.00504051188033E12 3474863.64 3 7 300 321 749 32100
97200.0 16452 5.635149448905E10 3507337.15 1781686 3.06139200636938E12 3507337.15 3 7 300 324 756 32400
98100.0 16560 5.706662311517E10 3539810.67 1798246 3.11845862948454E12 3539810.67 3 7 300 327 763 32700
99000.0 16524 5.752761715903E10 3572284.2 1814770 3.17598624664358E12 3572284.2 3 7 300 330 770 33000
99900.0 16452 5.792406038604E10 3604757.72 1831222 3.23391030702962E12 3604757.72 3 7 300 333 777 33300
100800.0 16452 5.844824484289E10 3637231.24 1847674 3.2923585518725E12 3637231.24 3 7 300 336 784 33600
101700.0 16560 5.917039072656E10 3669705.1 1864234 3.35152894259907E12 3669705.1 3 7 300 339 791 33900
102600.0 16524 5.962905063176E10 3702178.86 1880758 3.41115799323082E12 3702178.86 3 7 300 342 798 34200
103500.0 16452 6.002081996225E10 3734652.38 1897210 3.47117881319308E12 3734652.38 3 7 300 345 805 34500
104400.0 16452 6.05450044191E10 3767125.9 1913662 3.53172381761218E12 3767125.9 3 7 300 348 812 34800
105300.0 16560 6.127416164648E10 3799599.42 1930222 3.59299797925866E12 3799599.42 3 7 300 351 819 35100
106200.0 16524 6.173047948393E10 3832072.95 1946746 3.65472845874259E12 3832072.95 3 7 300 354 826 35400
107100.0 16452 6.211757031609E10 3864546.47 1963198 3.71684602905868E12 3864546.47 3 7 300 357 833 35700
108000.0 16452 6.264175477294E10 3897019.99 1979650 3.77948778383162E12 3897019.99 3 7 300 360 840 36000
108900.0 16560 6.337792627202E10 3929493.51 1996210 3.84286571010364E12 3929493.51 3 7 300 363 847 36300
109800.0 16524 6.383190603395E10 3961967.04 2012734 3.90669761613759E12 3961967.04 3 7 300 366 854 36600
110700.0 16452 6.421432067004E10 3994440.56 2029186 3.97091193680763E12 3994440.56 3 7 300 369 861 36900
111600.0 16452 6.473850512688E10 4026914.07 2045638 4.03565044193451E12 4026914.07 3 7 300 372 868 37200
112500.0 16560 6.548169091567E10 4059387.59 2062198 4.10113213285018E12 4059387.59 3 7 300 375 875 37500
113400.0 16524 6.593333256603E10 4091861.12 2078722 4.16706546541621E12 4091861.12 3 7 300 378 882 37800
114300.0 16452 6.631107102398E10 4124334.64 2095174 4.2333765364402E12 4124334.64 3 7 300 381 889 38100
115200.0 16452 6.683525548083E10 4156808.16 2111626 4.30021179192103E12 4156808.16 3 7 300 384 896 38400
116100.0 16560 6.758545553232E10 4189281.68 2128186 4.36779724745334E12 4189281.68 3 7 300 387 903 38700
117000.0 16524 6.803475911612E10 4221755.21 2144710 4.43583200656946E12 4221755.21 3 7 300 390 910 39000
117900.0 16452 6.840782137793E10 4254228.73 2161162 4.5042398279474E12 4254228.73 3 7 300 393 917 39300
118800.0 16452 6.893200583478E10 4286702.25 2177614 4.57317183378218E12 4286702.25 3 7 300 396 924 39600
119700.0 16560 6.968922019398E10 4319175.77 2194174 4.64286105397616E12 4319175.77 3 7 300 399 931 39900
120600.0 16524 7.013618564821E10 4351649.3 2210698 4.71299723962437E12 4351649.3 3 7 300 402 938 40200
121500.0 16452 7.050457173189E10 4384122.82 2227150 4.78350181135626E12 4384122.82 3 7 300 405 945 40500
122400.0 16452 7.102875618874E10 4416596.34 2243602 4.85453056754501E12 4416596.34 3 7 300 408 952 40800
123300.0 16560 7.179298481064E10 4449069.86 2260162 4.92632355235565E12 4449069.86 3 7 300 411 959 41100
124200.0 16524 7.223761219831E10 4481543.38 2276686 4.99856116455395E12 4481543.38 3 7 300 414 966 41400
125100.0 16452 7.260132208585E10 4514016.9 2293138 5.07116248663981E12 4514016.9 3 7 300 417 973 41700
126000.0 16452 7.31255065427E10 4546490.42 2309590 5.14428799318251E12 4546490.42 3 7 300 420 980 42000
126900.0 16560 7.38967494543E10 4578963.94 2326150 5.21818474263681E12 4578963.94 3 7 300 423 987 42300
127800.0 16524 7.43390387394E10 4611437.47 2342674 5.29252378137621E12 4611437.47 3 7 300 426 994 42600
128700.0 16452 7.469807243981E10 4643910.99 2359126 5.36722185381602E12 4643910.99 3 7 300 429 1001 42900
129600.0 16452 7.522225689666E10 4676384.51 2375578 5.44244411071268E12 4676384.51 3 7 300 432 1008 43200
130500.0 16560 7.600051409796E10 4708858.03 2392138 5.51844462481065E12 4708858.03 3 7 300 435 1015 43500
131400.0 16524 7.644046527149E10 4741331.56 2408662 5.59488509008214E12 4741331.56 3 7 300 438 1022 43800
132300.0 16452 7.679482279377E10 4773805.08 2425114 5.67167991287591E12 4773805.08 3 7 300 441 1029 44100
133200.0 16452 7.731900725062E10 4806278.6 2441566 5.74899892012653E12 4806278.6 3 7 300 444 1036 44400
134100.0 16560 7.810427872363E10 4838752.12 2458126 5.82710319885016E12 4838752.12 3 7 300 447 1043 44700
135000.0 16524 7.854189535386E10 4871225.96 2474650 5.90564509420402E12 4871225.96 3 7 300 450 1050 45000
135900.0 16452 7.889158026447E10 4903699.73 2491102 5.98453667446849E12 4903699.73 3 7 300 453 1057 45300
136800.0 16452 7.941576683144E10 4936173.26 2507554 6.06395244129993E12 4936173.26 3 7 300 456 1064 45600
137700.0 16560 8.020805260702E10 4968646.78 2524114 6.14416049390695E12 4968646.78 3 7 300 459 1071 45900
138600.0 16524 8.064332760112E10 5001120.3 2540638 6.22480382150807E12 5001120.3 3 7 300 462 1078 46200
139500.0 16452 8.098833272855E10 5033593.82 2557090 6.30579215423662E12 5033593.82 3 7 300 465 1085 46500
140400.0 16452 8.15125171854E10 5066067.34 2573542 6.38730467142202E12 5066067.34 3 7 300 468 1092 46800
141300.0 16560 8.231181725068E10 5098540.86 2590102 6.4696164886727E12 5098540.86 3 7 300 471 1099 47100
142200.0 16524 8.274475415122E10 5131014.39 2606626 6.55236124282392E12 5131014.39 3 7 300 474 1106 47400
143100.0 16452 8.308508308251E10 5163487.91 2623078 6.63544632590642E12 5163487.91 3 7 300 477 1113 47700
144000.0 16452 8.360926753936E10 5195961.43 2639530 6.71905559344578E12 5195961.43 3 7 300 480 1120 48000
144900.0 16560 8.441558188534E10 5228434.95 2656090 6.80347117533112E12 5228434.95 3 7 300 483 1127 48300
145800.0 16524 8.484618068331E10 5260908.48 2672614 6.88831735601444E12 5260908.48 3 7 300 486 1134 48600
146700.0 16452 8.518183343647E10 5293382.0 2689066 6.9734991894509E12 5293382.0 3 7 300 489 1141 48900
147600.0 16452 8.570601789332E10 5325855.52 2705518 7.05920520734422E12 5325855.52 3 7 300 492 1148 49200
148500.0 16560 8.651934652E10 5358329.04 2722078 7.14572455386422E12 5358329.04 3 7 300 495 1155 49500
149400.0 16524 8.694760723341E10 5390802.57 2738602 7.23267216109763E12 5390802.57 3 7 300 498 1162 49800
150300.0 16452 8.727858379042E10 5423276.09 2755054 7.31995074488805E12 5423276.09 3 7 300 501 1169 50100
151200.0 16452 8.780276824727E10 5455749.6 2771506 7.40775351313533E12 5455749.6 3 7 300 504 1176 50400
152100.0 16560 8.862311114567E10 5488223.12 2788066 7.49637662428099E12 5488223.12 3 7 300 507 1183 50700
153000.0 16524 8.904903376555E10 5520696.65 2804590 7.58542565804655E12 5520696.65 3 7 300 510 1190 51000
153900.0 16452 8.937533414444E10 5553170.17 2821042 7.67480099219098E12 5553170.17 3 7 300 513 1197 51300
154800.0 16452 8.989951860129E10 5585643.69 2837494 7.76470051079227E12 5585643.69 3 7 300 516 1204 51600
155700.0 16560 9.072687578938E10 5618117.21 2854054 7.85542738658165E12 5618117.21 3 7 300 519 1211 51900
156600.0 16524 9.11504603157E10 5650590.74 2870578 7.94657784689736E12 5650590.74 3 7 300 522 1218 52200
157500.0 16452 9.14720844984E10 5683064.26 2887030 8.03804993139575E12 5683064.26 3 7 300 525 1225 52500
158400.0 16452 9.199626895525E10 5715537.78 2903482 8.130046200351E12 5715537.78 3 7 300 528 1232 52800
159300.0 16560 9.283086804594E10 5748011.3 2920042 8.22287706839694E12 5748011.3 3 7 300 531 1239 53100
160200.0 16524 9.32518868478E10 5780484.83 2936566 8.31612895524473E12 5780484.83 3 7 300 534 1246 53400
161100.0 16452 9.356883485235E10 5812958.35 2953018 8.40969779009709E12 5812958.35 3 7 300 537 1253 53700
162000.0 16452 9.40930193092E10 5845431.87 2969470 8.50379080940629E12 5845431.87 3 7 300 540 1260 54000
162900.0 16560 9.493440504971E10 5877905.39 2986030 8.598725214456E12 5877905.39 3 7 300 543 1267 54300
163800.0 16524 9.535332518206E10 5910378.91 3002554 8.69407853963806E12 5910378.91 3 7 300 546 1274 54600
164700.0 16452 9.566558520621E10 5942852.43 3019006 8.78974412484427E12 5942852.43 3 7 300 549 1281 54900
165600.0 16452 9.618976966306E10 5975325.95 3035458 8.88593389450732E12 5975325.95 3 7 300 552 1288 55200
166500.0 16560 9.703839731515E10 6007799.47 3052018 8.98297229182248E12 6007799.47 3 7 300 555 1295 55500
167400.0 16530 9.745474206897E10 6040273.0 3068548 9.08042703389145E12 6040273.0 3 7 300 558 1302 55800
168300.0 16455 9.776233771522E10 6072746.79 3085003 9.17818937160667E12 6072746.79 3 7 300 561 1309 56100
169200.0 16452 9.828652682878E10 6105220.61 3101455 9.27647589843545E12 6105220.61 3 7 300 564 1316 56400
170100.0 16560 9.914194357344E10 6137694.13 3118015 9.3756178420089E12 6137694.13 3 7 300 567 1323 56700
171000.0 16524 9.955618749938E10 6170167.66 3134539 9.47517402950827E12 6170167.66 3 7 300 570 1330 57000
171900.0 16452 9.985909513768E10 6202641.18 3150991 9.57503312464595E12 6202641.18 3 7 300 573 1337 57300
172800.0 16452 1.0038327959453E11 6235114.7 3167443 9.67541640424048E12 6235114.7 3 7 300 576 1344 57600
173700.0 16560 1.01245708208E11 6267588.22 3184003 9.77666211244848E12 6267588.22 3 7 300 579 1351 57900
174600.0 16524 1.0165760226509E11 6300061.75 3200527 9.87831971471356E12 6300061.75 3 7 300 582 1358 58200
175500.0 16452 1.0195584549153E11 6332535.27 3216979 9.98027556020509E12 6332535.27 3 7 300 585 1365 58500
176400.0 16452 1.0248002994838E11 6365008.79 3233431 1.008275559015348E13 6365008.79 3 7 300 588 1372 58800
177300.0 16560 1.0334947285155E11 6397482.3 3249991 1.018610506300502E13 6397482.3 3 7 300 591 1379 59100
178200.0 16524 1.0375902880607E11 6429955.83 3266515 1.02898640918111E13 6429955.83 3 7 300 594 1386 59400
179100.0 16452 1.0405259584538E11 6462429.35 3282967 1.039391668765648E13 6462429.35 3 7 300 597 1393 59700
180000.0 16452 1.0457678030223E11 6494902.87 3299419 1.049849346795871E13 6494902.87 3 7 300 600 1400 60000
180900.0 16560 1.054532374951E11 6527376.39 3315979 1.060394670545381E13 6527376.39 3 7 300 603 1407 60300
181800.0 16524 1.05860455347E11 6559849.92 3332503 1.070980716080081E13 6559849.92 3 7 300 606 1414 60600
182700.0 16452 1.0614934619918E11 6592323.44 3348955 1.081595650699999E13 6592323.44 3 7 300 609 1421 60900
183600.0 16452 1.0667353065603E11 6624796.96 3365407 1.092263003765602E13 6624796.96 3 7 300 612 1428 61200
184500.0 16560 1.075570021026E11 6657270.48 3381967 1.103018703975862E13 6657270.48 3 7 300 615 1435 61500
185400.0 16524 1.0796188188794E11 6689744.01 3398491 1.113814892164656E13 6689744.01 3 7 300 618 1442 61800
186300.0 16452 1.0824609655297E11 6722217.53 3414943 1.124639501819953E13 6722217.53 3 7 300 621 1449 62100
187200.0 16452 1.0877028100982E11 6754691.05 3431395 1.135516529920936E13 6754691.05 3 7 300 624 1456 62400
188100.0 16560 1.096607667641E11 6787164.57 3447955 1.146482606597346E13 6787164.57 3 7 300 627 1463 62700
189000.0 16524 1.1006330842887E11 6819638.09 3464479 1.157488937440232E13 6819638.09 3 7 300 630 1470 63000
189900.0 16452 1.1034284690677E11 6852111.61 3480931 1.16852322213091E13 6852111.61 3 7 300 633 1477 63300
190800.0 16452 1.1086703136362E11 6884585.13 3497383 1.179609925267272E13 6884585.13 3 7 300 636 1484 63600
191700.0 16560 1.117645313896E11 6917058.65 3513943 1.190786378406232E13 6917058.65 3 7 300 639 1491 63900
192600.0 16524 1.121647349698E11 6949532.18 3530467 1.202002851903212E13 6949532.18 3 7 300 642 1498 64200
193500.0 16452 1.1243959726057E11 6982005.7 3546919 1.213246811629269E13 6982005.7 3 7 300 645 1505 64500
194400.0 16452 1.1296378171742E11 7014479.22 3563371 1.22454318980101E13 7014479.22 3 7 300 648 1512 64800
195300.0 16560 1.138682960151E11 7046952.74 3579931 1.23593001940252E13 7046952.74 3 7 300 651 1519 65100
196200.0 16524 1.1426616151073E11 7079426.27 3596455 1.247356635553593E13 7079426.27 3 7 300 654 1526 65400
197100.0 16452 1.1453634761436E11 7111899.79 3612907 1.25881027031503E13 7111899.79 3 7 300 657 1533 65700
198000.0 16452 1.1506053207121E11 7144373.31 3629359 1.270316323522151E13 7144373.31 3 7 300 660 1540 66000
198900.0 16560 1.159720606586E11 7176846.83 3645919 1.281913529588011E13 7176846.83 3 7 300 663 1547 66300
199800.0 16524 1.1636758805166E11 7209320.36 3662443 1.293550288393177E13 7209320.36 3 7 300 666 1554 66600
200700.0 16453 1.1663309837343E11 7241793.88 3678896 1.305213598230521E13 7241793.88 3 7 300 669 1561 66900
201600.0 16452 1.1715728433923E11 7274267.63 3695348 1.316929326664444E13 7274267.63 3 7 300 672 1568 67200
202500.0 16560 1.1807583218357E11 7306741.48 3711908 1.328736909882801E13 7306741.48 3 7 300 675 1575 67500
203400.0 16524 1.1846902383989E11 7339215.01 3728432 1.34058381226679E13 7339215.01 3 7 300 678 1582 67800
204300.0 16452 1.1872985754868E11 7371688.53 3744884 1.352456798021658E13 7371688.53 3 7 300 681 1589 68100
205200.0 16452 1.1925404200553E11 7404162.05 3761336 1.36438220222221E13 7404162.05 3 7 300 684 1596 68400
206100.0 16560 1.2017959916718E11 7436635.57 3777896 1.376400162138929E13 7436635.57 3 7 300 687 1603 68700
207000.0 16524 1.2057045038072E11 7469109.1 3794420 1.388457207177E13 7469109.1 3 7 300 690 1610 69000
207900.0 16452 1.2082660790236E11 7501582.62 3810872 1.400539867967237E13 7501582.62 3 7 300 693 1617 69300
208800.0 16452 1.2135079235921E11 7534056.14 3827324 1.412674947203158E13 7534056.14 3 7 300 696 1624 69600
209700.0 16560 1.2228336382858E11 7566529.66 3843884 1.424903283586016E13 7566529.66 3 7 300 699 1631 69900
210600.0 16524 1.2267187692143E11 7599003.19 3860408 1.437170471278159E13 7599003.19 3 7 300 702 1638 70200
211500.0 16452 1.2292335825594E11 7631476.71 3876860 1.449462807103753E13 7631476.71 3 7 300 705 1645 70500
212400.0 16452 1.2344754271279E11 7663950.23 3893312 1.461807561375033E13 7663950.23 3 7 300 708 1652 70800
213300.0 16560 1.2438712843586E11 7696423.75 3909872 1.474246274218619E13 7696423.75 3 7 300 711 1659 71100
214200.0 16524 1.2477330346215E11 7728897.28 3926396 1.486723604564833E13 7728897.28 3 7 300 714 1666 71400
215100.0 16452 1.2502010860952E11 7761370.8 3942848 1.499225615425786E13 7761370.8 3 7 300 717 1673 71700
216000.0 16452 1.2554429306637E11 7793844.31 3959300 1.511780044732423E13 7793844.31 3 7 300 720 1680 72000
216900.0 16560 1.2649089309714E11 7826317.83 3975860 1.524429134042137E13 7826317.83 3 7 300 723 1687 72300
217800.0 16524 1.2687473000286E11 7858791.36 3992384 1.537116607042423E13 7858791.36 3 7 300 726 1694 72600
218700.0 16452 1.2711685896311E11 7891264.88 4008836 1.549828292938734E13 7891264.88 3 7 300 729 1701 72900
219600.0 16452 1.2764104341996E11 7923738.4 4025288 1.56259239728073E13 7923738.4 3 7 300 732 1708 73200
220500.0 16560 1.2859465771342E11 7956211.92 4041848 1.575451863052072E13 7956211.92 3 7 300 735 1715 73500
221400.0 16524 1.2897615654358E11 7988685.45 4058372 1.58834947870643E13 7988685.45 3 7 300 738 1722 73800
222300.0 16452 1.2921360931663E11 8021158.97 4074824 1.601270839638093E13 8021158.97 3 7 300 741 1729 74100
223200.0 16452 1.2973779377348E11 8053632.49 4091276 1.614244619015441E13 8053632.49 3 7 300 744 1736 74400
224100.0 16560 1.3069842235665E11 8086106.01 4107836 1.627314461251106E13 8086106.01 3 7 300 747 1743 74700
225000.0 16524 1.3107758308424E11 8118579.54 4124360 1.64042221955953E13 8118579.54 3 7 300 750 1750 75000
225900.0 16452 1.3131035967016E11 8151053.06 4140812 1.653553255526546E13 8151053.06 3 7 300 753 1757 75300
226800.0 16452 1.3183454412701E11 8183526.58 4157264 1.666736709939247E13 8183526.58 3 7 300 756 1764 75600
227700.0 16560 1.3280218698188E11 8216000.1 4173824 1.680016928637435E13 8216000.1 3 7 300 759 1771 75900
228600.0 16524 1.331790096249E11 8248473.62 4190348 1.693334829599924E13 8248473.62 3 7 300 762 1778 76200
229500.0 16452 1.3340711002368E11 8280947.14 4206800 1.706675540602293E13 8280947.14 3 7 300 765 1785 76500
230400.0 16452 1.3393129448053E11 8313420.66 4223252 1.720068670050346E13 8313420.66 3 7 300 768 1792 76800
231300.0 16560 1.3490595162511E11 8345894.18 4239812 1.733559265212857E13 8345894.18 3 7 300 771 1799 77100
232200.0 16524 1.3528043616561E11 8378367.71 4256336 1.747087308829418E13 8378367.71 3 7 300 774 1806 77400
233100.0 16452 1.3550386037747E11 8410841.23 4272788 1.760637694867164E13 8410841.23 3 7 300 777 1813 77700
234000.0 16452 1.3602804483455E11 8443314.75 4289240 1.77424049935062E13 8443314.75 3 7 300 780 1820 78000
234900.0 16560 1.370097176852E11 8475788.48 4305800 1.78794147111914E13 8475788.48 3 7 300 783 1827 78300
235800.0 16524 1.3738186982923E11 8508262.37 4322324 1.801679658102063E13 8508262.37 3 7 300 786 1834 78600
236700.0 16452 1.3760061996664E11 8540735.89 4338776 1.815439720098727E13 8540735.89 3 7 300 789 1841 78900
237600.0 16452 1.3812480442372E11 8573209.41 4355228 1.829252200541099E13 8573209.41 3 7 300 792 1848 79200
238500.0 16560 1.3911349016083E11 8605682.93 4371788 1.843163549557182E13 8605682.93 3 7 300 795 1855 79500
239400.0 16524 1.3948329850408E11 8638156.46 4388312 1.85711187940759E13 8638156.46 3 7 300 798 1862 79800
240300.0 16452 1.3969737032109E11 8670629.98 4404764 1.871081616439699E13 8670629.98 3 7 300 801 1869 80100
241200.0 16452 1.4022155477817E11 8703103.5 4421216 1.885103771917516E13 8703103.5 3 7 300 804 1876 80400
242100.0 16560 1.4121725478699E11 8735577.02 4437776 1.899225497396215E13 8735577.02 3 7 300 807 1883 80700
243000.0 16524 1.4158472504567E11 8768050.54 4454300 1.913383969900782E13 8768050.54 3 7 300 810 1890 81000
243900.0 16452 1.4179412067554E11 8800524.06 4470752 1.927563381968336E13 8800524.06 3 7 300 813 1897 81300
244800.0 16452 1.4231830513263E11 8832997.58 4487204 1.941795212481599E13 8832997.58 3 7 300 816 1904 81600
245700.0 16560 1.4332101943114E11 8865471.1 4503764 1.956127314424714E13 8865471.1 3 7 300 819 1911 81900
246600.0 16524 1.4368615158726E11 8897944.63 4520288 1.970495929583439E13 8897944.63 3 7 300 822 1918 82200
247500.0 16452 1.4389087103E11 8930418.15 4536740 1.984885016686439E13 8930418.15 3 7 300 825 1925 82500
248400.0 16452 1.4441505548708E11 8962891.67 4553192 1.999326522235147E13 8962891.67 3 7 300 828 1932 82800
249300.0 16560 1.4542478406626E11 8995365.19 4569752 2.013869000641773E13 8995365.19 3 7 300 831 1939 83100
250200.0 16524 1.4578757812879E11 9027838.72 4586276 2.028447758454652E13 9027838.72 3 7 300 834 1946 83400
251100.0 16452 1.459876213844E11 9060312.24 4602728 2.043046520593091E13 9060312.24 3 7 300 837 1953 83700
252000.0 16452 1.4651180584148E11 9092785.76 4619180 2.05769770117724E13 9092785.76 3 7 300 840 1960 84000
252900.0 16560 1.4752854869236E11 9125259.28 4635740 2.072450556046476E13 9125259.28 3 7 300 843 1967 84300
253800.0 16524 1.4788900467038E11 9157732.81 4652264 2.087239456513514E13 9157732.81 3 7 300 846 1974 84600
254700.0 16452 1.4808437173885E11 9190206.33 4668716 2.102047893687399E13 9190206.33 3 7 300 849 1981 84900
255600.0 16452 1.4860855619593E11 9222679.85 4685168 2.116908749306992E13 9222679.85 3 7 300 852 1988 85200
256500.0 16560 1.4963231333652E11 9255153.36 4701728 2.131871980640644E13 9255153.36 3 7 300 855 1995 85500
257400.0 16524 1.4999043121197E11 9287626.89 4718252 2.146871023761841E13 9287626.89 3 7 300 858 2002 85800
258300.0 16452 1.501811220933E11 9320100.41 4734704 2.161889135971171E13 9320100.41 3 7 300 861 2009 86100
259200.0 16452 1.5070530655038E11 9352573.93 4751156 2.17695966662621E13 9352573.93 3 7 300 864 2016 86400
260100.0 16560 1.5173607796268E11 9385047.45 4767716 2.192133274422478E13 9385047.45 3 7 300 867 2023 86700
261000.0 16524 1.5209185775346E11 9417520.98 4784240 2.207342460197824E13 9417520.98 3 7 300 870 2030 87000
261900.0 16452 1.5227787244765E11 9449994.5 4800692 2.222570247442588E13 9449994.5 3 7 300 873 2037 87300
262800.0 16452 1.5280205690473E11 9482468.02 4817144 2.237850453133061E13 9482468.02 3 7 300 876 2044 87600
263700.0 16560 1.5384007023766E11 9514941.54 4833704 2.253234460156828E13 9514941.54 3 7 300 879 2051 87900
264600.0 16524 1.5419328429499E11 9547415.07 4850228 2.268653788586327E13 9547415.07 3 7 300 882 2058 88200
265500.0 16452 1.5437462280204E11 9579888.59 4866680 2.284091250866531E13 9579888.59 3 7 300 885 2065 88500
266400.0 16452 1.5489880725913E11 9612362.11 4883132 2.299581131592443E13 9612362.11 3 7 300 888 2072 88800
267300.0 16560 1.5594360723283E11 9644835.63 4899692 2.315175492315727E13 9644835.63 3 7 300 891 2079 89100
268200.0 16524 1.5629472375701E11 9677309.33 4916216 2.330804964691427E13 9677309.33 3 7 300 894 2086 89400
269100.0 16452 1.5647137903627E11 9709783.22 4932668 2.346452102595054E13 9709783.22 3 7 300 897 2093 89700
270000.0 16452 1.5699556669603E11 9742256.77 4949120 2.362151659264658E13 9742256.77 3 7 300 900 2100 90000
270900.0 16560 1.580476087791E11 9774730.29 4965680 2.377956420142567E13 9774730.29 3 7 300 903 2107 90300
271800.0 16524 1.5839614662115E11 9807203.81 4982204 2.393796034804682E13 9807203.81 3 7 300 906 2114 90600
272700.0 16452 1.5856813274235E11 9839677.33 4998656 2.409652848078917E13 9839677.33 3 7 300 909 2121 90900
273600.0 16452 1.5909231719943E11 9872150.85 5015108 2.42556207979886E13 9872150.85 3 7 300 912 2128 91200
274500.0 16560 1.6015114575643E11 9904624.37 5031668 2.441577194374502E13 9904624.37 3 7 300 915 2135 91500
275400.0 16525 1.6049758517609E11 9937097.9 5048193 2.457626952892111E13 9937097.9 3 7 300 918 2142 91800
276300.0 16452 1.6066488309691E11 9969571.42 5064645 2.473693441201802E13 9969571.42 3 7 300 921 2149 92100
277200.0 16452 1.6118906755399E11 1.000204494E7 5081097 2.489812347957201E13 1.000204494E7 3 7 300 924 2156 92400
278100.0 16560 1.6225491041869E11 1.003451846E7 5097657 2.50603783899907E13 1.003451846E7 3 7 300 927 2163 92700
279000.0 16524 1.6259899970454E11 1.006699199E7 5114181 2.522297738969525E13 1.006699199E7 3 7 300 930 2170 93000
279900.0 16452 1.6276163345147E11 1.009946551E7 5130633 2.538573902314672E13 1.009946551E7 3 7 300 933 2177 93300
280800.0 16452 1.6328581790855E11 1.013193903E7 5147085 2.554902484105527E13 1.013193903E7 3 7 300 936 2184 93600
281700.0 16560 1.6435890266689E11 1.016441255E7 5163645 2.571338374372216E13 1.016441255E7 3 7 300 939 2191 93900
282600.0 16524 1.6470042625524E11 1.019688608E7 5180169 2.58780841699774E13 1.019688608E7 3 7 300 942 2198 94200
283500.0 16452 1.6485838380603E11 1.02293596E7 5196621 2.604294255378343E13 1.02293596E7 3 7 300 945 2205 94500
284400.0 16452 1.6538256826311E11 1.026183311E7 5213073 2.620832512204654E13 1.026183311E7 3 7 300 948 2212 94800
285300.0 16560 1.6646243968022E11 1.029430663E7 5229633 2.637478756172676E13 1.029430663E7 3 7 300 951 2219 95100
286200.0 16524 1.6680186457227E11 1.032678016E7 5246157 2.654158942629904E13 1.032678016E7 3 7 300 954 2226 95400
287100.0 16452 1.6695513416064E11 1.035925368E7 5262609 2.670854456045968E13 1.035925368E7 3 7 300 957 2233 95700
288000.0 16452 1.6747931861772E11 1.03917272E7 5279061 2.687602387907741E13 1.03917272E7 3 7 300 960 2240 96000
288900.0 16560 1.6856643195548E11 1.042420072E7 5295621 2.704459031103288E13 1.042420072E7 3 7 300 963 2247 96300
289800.0 16524 1.689032793388E11 1.045667425E7 5312145 2.721349359037168E13 1.045667425E7 3 7 300 966 2254 96600
290700.0 16452 1.6905188451531E11 1.048914777E7 5328597 2.738254547488699E13 1.048914777E7 3 7 300 969 2261 96900
291600.0 16452 1.6957606897239E11 1.052162129E7 5345049 2.755212154385938E13 1.052162129E7 3 7 300 972 2268 97200
292500.0 16560 1.7066996895092E11 1.055409481E7 5361609 2.77227915128103E13 1.055409481E7 3 7 300 975 2275 97500
293400.0 16524 1.7100471766488E11 1.058656834E7 5378133 2.789379623047519E13 1.058656834E7 3 7 300 978 2282 97800
294300.0 16452 1.7114863486998E11 1.061904186E7 5394585 2.806494486534517E13 1.061904186E7 3 7 300 981 2289 98100
295200.0 16452 1.7167281932706E11 1.065151538E7 5411037 2.823661768467223E13 1.065151538E7 3 7 300 984 2296 98400
296100.0 16560 1.7277373357729E11 1.06839889E7 5427597 2.840939141824953E13 1.06839889E7 3 7 300 987 2303 98700
297000.0 16524 1.7310613241341E11 1.071646242E7 5444121 2.858249755066294E13 1.071646242E7 3 7 300 990 2310 99000
297900.0 16452 1.7324538522465E11 1.074893594E7 5460573 2.875574293588759E13 1.074893594E7 3 7 300 993 2317 99300
298800.0 16452 1.7376956968173E11 1.078140946E7 5477025 2.892951250556932E13 1.078140946E7 3 7 300 996 2324 99600
299700.0 16560 1.7487749822167E11 1.081388298E7 5493585 2.910439000379099E13 1.081388298E7 3 7 300 999 2331 99900
300600.0 16530 1.7520755932989E11 1.084635651E7 5510115 2.927959756312088E13 1.084635651E7 3 7 300 1002 2338 100200
301500.0 16452 1.7534213676099E11 1.087883018E7 5526567 2.945493969988187E13 1.087883018E7 3 7 300 1005 2345 100500
302400.0 16454 1.7586632644795E11 1.091130406E7 5543021 2.963080602632982E13 1.091130406E7 3 7 300 1008 2352 100800
303300.0 16560 1.7698127142811E11 1.094377764E7 5559581 2.980778729775793E13 1.094377764E7 3 7 300 1011 2359 101100
304200.0 16524 1.7730899473585E11 1.097625117E7 5576105 2.998509629249377E13 1.097625117E7 3 7 300 1014 2366 101400
305100.0 16452 1.7743889515226E11 1.100872469E7 5592557 3.016253518764603E13 1.100872469E7 3 7 300 1017 2373 101700
306000.0 16452 1.7796307960934E11 1.104119821E7 5609009 3.034049826725537E13 1.104119821E7 3 7 300 1020 2380 102000
306900.0 16560 1.7908503674157E11 1.107367173E7 5625569 3.051958330399694E13 1.107367173E7 3 7 300 1023 2387 102300
307800.0 16524 1.7941042128676E11 1.110614526E7 5642093 3.06989937252837E13 1.110614526E7 3 7 300 1026 2394 102600
308700.0 16452 1.7953564550703E11 1.113861878E7 5658545 3.087852937079073E13 1.113861878E7 3 7 300 1029 2401 102900
309600.0 16452 1.8005982996412E11 1.11710923E7 5674997 3.105858920075484E13 1.11710923E7 3 7 300 1032 2408 103200
310500.0 16560 1.8118880137683E11 1.120356581E7 5691557 3.123977800213168E13 1.120356581E7 3 7 300 1035 2415 103500
311400.0 16524 1.8151184781973E11 1.123603934E7 5708081 3.142128984995141E13 1.123603934E7 3 7 300 1038 2422 103800
312300.0 16452 1.8163239586186E11 1.126851286E7 5724533 3.160292224581327E13 1.126851286E7 3 7 300 1041 2429 104100
313200.0 16452 1.8215658031895E11 1.130098638E7 5740985 3.178507882613222E13 1.130098638E7 3 7 300 1044 2436 104400
314100.0 16560 1.8329256599437E11 1.13334599E7 5757545 3.196837139212659E13 1.13334599E7 3 7 300 1047 2443 104700
315000.0 16524 1.836132743707E11 1.136593343E7 5774069 3.215198466649728E13 1.136593343E7 3 7 300 1050 2450 105000
315900.0 16452 1.8372914621669E11 1.139840695E7 5790521 3.233571381271398E13 1.139840695E7 3 7 300 1053 2457 105300
316800.0 16452 1.8425333067378E11 1.143088047E7 5806973 3.251996714338776E13 1.143088047E7 3 7 300 1056 2464 105600
317700.0 16560 1.8539633064791E11 1.146335399E7 5823533 3.270536347403567E13 1.146335399E7 3 7 300 1059 2471 105900
318600.0 16524 1.85714712688E11 1.149582752E7 5840057 3.289107818672366E13 1.149582752E7 3 7 300 1062 2478 106200
319500.0 16452 1.8582589657158E11 1.152830104E7 5856509 3.307690408329525E13 1.152830104E7 3 7 300 1065 2485 106500
320400.0 16452 1.8635008102866E11 1.156077456E7 5872961 3.32632541643239E13 1.156077456E7 3 7 300 1068 2492 106800
321300.0 16560 1.875000952655E11 1.159324808E7 5889521 3.34507542595894E13 1.159324808E7 3 7 300 1071 2499 107100
322200.0 16524 1.8781612745474E11 1.16257216E7 5906045 3.363857038704415E13 1.16257216E7 3 7 300 1074 2506 107400
323100.0 16452 1.8792264692646E11 1.165819512E7 5922497 3.382649303397061E13 1.165819512E7 3 7 300 1077 2513 107700
324000.0 16452 1.8844683138355E11 1.169066864E7 5938949 3.401493986535416E13 1.169066864E7 3 7 300 1080 2520 108000
324900.0 16560 1.8960385991909E11 1.172314216E7 5955509 3.420454372527325E13 1.172314216E7 3 7 300 1083 2527 108300
325800.0 16524 1.8991755398782E11 1.175561569E7 5972033 3.439446127926107E13 1.175561569E7 3 7 300 1086 2534 108600
326700.0 16452 1.900193972814E11 1.178808921E7 5988485 3.458448067654247E13 1.178808921E7 3 7 300 1089 2541 108900
327600.0 16452 1.9054358173849E11 1.182056273E7 6004937 3.477502425828096E13 1.182056273E7 3 7 300 1092 2548 109200
328500.0 16560 1.9170762452774E11 1.185303625E7 6021497 3.49667318828087E13 1.185303625E7 3 7 300 1095 2555 109500
329400.0 16524 1.920189805299E11 1.188550978E7 6038021 3.515875086333859E13 1.188550978E7 3 7 300 1098 2562 109800
330300.0 16452 1.9211614763634E11 1.19179833E7 6054473 3.535086701097493E13 1.19179833E7 3 7 300 1101 2569 110100
331200.0 16452 1.9264033209343E11 1.195045682E7 6070925 3.554350734306835E13 1.195045682E7 3 7 300 1104 2576 110400
332100.0 16560 1.9381161682149E11 1.198293034E7 6087485 3.573731895988984E13 1.198293034E7 3 7 300 1107 2583 110700
333000.0 16524 1.9412041885625E11 1.201540387E7 6104009 3.593143937874609E13 1.201540387E7 3 7 300 1110 2590 111000
333900.0 16453 1.9421289810247E11 1.204787739E7 6120462 3.612565227684856E13 1.204787739E7 3 7 300 1113 2597 111300
334800.0 16452 1.9473708341808E11 1.208035102E7 6136914 3.632038936026664E13 1.208035102E7 3 7 300 1116 2604 111600
335700.0 16560 1.9591515887629E11 1.211282491E7 6153474 3.651630451914293E13 1.211282491E7 3 7 300 1119 2611 111900
336600.0 16524 1.9622184241569E11 1.214529852E7 6169998 3.671252636155862E13 1.214529852E7 3 7 300 1122 2618 112200
337500.0 16452 1.9630965755374E11 1.217777204E7 6186450 3.690883601911236E13 1.217777204E7 3 7 300 1125 2625 112500
338400.0 16452 1.9683384201083E11 1.221024556E7 6202902 3.710566986112318E13 1.221024556E7 3 7 300 1128 2632 112800
339300.0 16560 1.98018927682E11 1.224271908E7 6219462 3.730368878880519E13 1.224271908E7 3 7 300 1131 2639 113100
340200.0 16524 1.9832328115952E11 1.227519261E7 6235986 3.75020120699647E13 1.227519261E7 3 7 300 1134 2646 113400
341100.0 16452 1.9840640790874E11 1.230766613E7 6252438 3.770041847787344E13 1.230766613E7 3 7 300 1137 2653 113700
342000.0 16452 1.9893059236582E11 1.234013965E7 6268890 3.789934907023926E13 1.234013965E7 3 7 300 1140 2660 114000
342900.0 16560 2.0012291997581E11 1.237261317E7 6285450 3.809947199021507E13 1.237261317E7 3 7 300 1143 2667 114300
343800.0 16524 2.0042469593537E11 1.24050867E7 6301974 3.829989668615043E13 1.24050867E7 3 7 300 1146 2674 114600
344700.0 16452 2.0050315826373E11 1.243756022E7 6318426 3.850039984441416E13 1.243756022E7 3 7 300 1149 2681 114900
345600.0 16452 2.0102734272081E11 1.247003374E7 6334878 3.870142718713497E13 1.247003374E7 3 7 300 1152 2688 115200

