# seed = 1, gamma = 0.25, beta = 0.75, dee = 100.0, dcc = 50.0, dec = 150.0, dsc = 2000.0, dLocalhost = 0.015, hostBroker = CLOUD, numOfCloud = 1, numOfEdge = 1, numOfSmartphone = 225 
#
# The columns have the following meaning: 
# instant[SECONDS] delayCountPartial delaySumPartial[SECONDS] delayMaxPartial[SECONDS] delayCountTot delaySumTot[SECONDS] delayMaxTot[SECONDS] runOnCloudPartial runOnEdgePartial runOnSmartphonePartial runOnCloudTot runOnEdgeTot runOnSmartphoneTot
0.0 0 0.0 0.0 0 0.0 0.0 0 0 0 0 0 0
900.0 16560 1.8608717494E8 22945.49 16560 1.8608717494E8 22945.49 83 2 225 83 2 225
1800.0 16524 5.5015267178E8 45505.24 33084 7.3623984671E8 45505.24 83 2 225 166 4 450
2700.0 16452 9.1331358393E8 68064.47 49536 1.64955343064E9 68064.47 83 2 225 249 6 675
3600.0 16452 1.27742105078E9 90623.68 65988 2.92697448142E9 90623.68 83 2 225 332 8 900
4500.0 16560 1.64773272733E9 113182.9 82548 4.57470720875E9 113182.9 83 2 225 415 10 1125
5400.0 16524 2.01001697543E9 135742.12 99072 6.58472418418E9 135742.12 83 2 225 498 12 1350
6300.0 16453 2.36991741209E9 158301.34 115525 8.95464159627E9 158301.34 83 2 225 581 14 1575
7200.0 16452 2.73402457339E9 180860.55 131977 1.168866616966E10 180860.55 83 2 225 664 16 1800
8100.0 16560 3.10904892575E9 203419.76 148537 1.479771509541E10 203419.76 83 2 225 747 18 2025
9000.0 16524 3.46986097603E9 225978.99 165061 1.826757607144E10 225978.99 83 2 225 830 20 2250
9900.0 16452 3.82652062942E9 248538.2 181513 2.209409670086E10 248538.2 83 2 225 913 22 2475
10800.0 16452 4.19062809626E9 271097.42 197965 2.628472479712E10 271097.42 83 2 225 996 24 2700
11700.0 16560 4.57068537255E9 293656.63 214525 3.085541016967E10 293656.63 83 2 225 1079 26 2925
12600.0 16524 4.92972107566E9 316215.86 231049 3.578513124533E10 316215.86 83 2 225 1162 28 3150
13500.0 16452 5.28312415229E9 338775.07 247501 4.106825539763E10 338775.07 83 2 225 1245 30 3375
14400.0 16452 5.64723161914E9 361334.29 263953 4.671548701676E10 361334.29 83 2 225 1328 32 3600
15300.0 16560 6.03200154424E9 383893.5 280513 5.2747488561E10 383893.5 83 2 225 1411 34 3825
16200.0 16524 6.38956507627E9 406452.72 297037 5.913705363728E10 406452.72 83 2 225 1494 36 4050
17100.0 16452 6.73972767517E9 429011.94 313489 6.587678131244E10 429011.94 83 2 225 1577 38 4275
18000.0 16452 7.10383514201E9 451571.15 329941 7.298061645445E10 451571.15 83 2 225 1660 40 4500
18900.0 16560 7.49347785799E9 474130.37 346501 8.047409431244E10 474130.37 83 2 225 1743 42 4725
19800.0 16524 7.84941711739E9 496689.59 363025 8.832351142983E10 496689.59 83 2 225 1826 44 4950
20700.0 16452 8.19633119804E9 519248.81 379477 9.651984262787E10 519248.81 83 2 225 1909 46 5175
21600.0 16452 8.56043866489E9 541808.02 395929 1.0508028129277E11 541808.02 83 2 225 1992 48 5400
22500.0 16560 8.95495416276E9 564367.24 412489 1.1403523545552E11 564367.24 83 2 225 2075 50 5625
23400.0 16525 9.30926917655E9 586926.46 429014 1.2334450463208E11 586926.46 83 2 225 2158 52 5850
24300.0 16457 9.65293472097E9 609485.68 445471 1.3299743935304E11 609485.68 83 2 225 2241 54 6075
25200.0 16454 1.001704781175E10 632045.43 461925 1.430144871648E11 632045.43 83 2 225 2324 56 6300
26100.0 16560 1.041660000522E10 654604.68 478485 1.5343108717002E11 654604.68 83 2 225 2407 58 6525
27000.0 16524 1.076913051157E10 677163.9 495009 1.6420021768158E11 677163.9 83 2 225 2490 60 6750
27900.0 16452 1.110954750807E10 699723.12 511461 1.7530976518965E11 699723.12 83 2 225 2573 62 6975
28800.0 16452 1.147365497493E10 722282.33 527913 1.8678342016459E11 722282.33 83 2 225 2656 64 7200
29700.0 16560 1.187791610357E10 744841.55 544473 1.9866133626816E11 744841.55 83 2 225 2739 66 7425
30600.0 16524 1.222898255323E10 767400.77 560997 2.1089031882139E11 767400.77 83 2 225 2822 68 7650
31500.0 16452 1.256615103149E10 789959.99 577449 2.2345646985289E11 789959.99 83 2 225 2905 70 7875
32400.0 16452 1.293025849835E10 812519.2 593901 2.3638672835124E11 812519.2 83 2 225 2988 72 8100
33300.0 16560 1.333939240886E10 835078.41 610461 2.497261207601E11 835078.41 83 2 225 3071 74 8325
34200.0 16524 1.368883461296E10 857637.64 626985 2.6341495537306E11 857637.64 83 2 225 3154 76 8550
35100.0 16452 1.402275455497E10 880196.85 643437 2.7743770992802E11 880196.85 83 2 225 3237 78 8775
36000.0 16452 1.438686202183E10 902756.07 659889 2.9182457194985E11 902756.07 83 2 225 3320 80 9000
36900.0 16560 1.480086872321E10 925315.28 676449 3.0662544067306E11 925315.28 83 2 225 3403 82 9225
37800.0 16524 1.514868666373E10 947874.51 692973 3.2177412733679E11 947874.51 83 2 225 3486 84 9450
38700.0 16452 1.547935807855E10 970433.72 709425 3.3725348541534E11 970433.72 83 2 225 3569 86 9675
39600.0 16452 1.584346554541E10 992992.94 725877 3.5309695096075E11 992992.94 83 2 225 3652 88 9900
40500.0 16560 1.626234503767E10 1015552.15 742437 3.6935929599841E11 1015552.15 83 2 225 3735 90 10125
41400.0 16524 1.660853871456E10 1038111.37 758961 3.8596783471298E11 1038111.37 83 2 225 3818 92 10350
42300.0 16452 1.693596160213E10 1060670.59 775413 4.0290379631511E11 1060670.59 83 2 225 3901 94 10575
43200.0 16452 1.730006906899E10 1083229.8 791865 4.202038653841E11 1083229.8 83 2 225 3984 96 10800
44100.0 16560 1.772382134312E10 1105789.02 808425 4.3792768672722E11 1105789.02 83 2 225 4067 98 11025
45000.0 16524 1.80683907654E10 1128348.24 824949 4.5599607749262E11 1128348.24 83 2 225 4150 100 11250
45900.0 16452 1.839256512577E10 1150907.46 841401 4.7438864261839E11 1150907.46 83 2 225 4233 102 11475
46800.0 16452 1.875667259263E10 1173466.67 857853 4.9314531521102E11 1173466.67 83 2 225 4316 104 11700
47700.0 16561 1.918545822139E10 1196025.89 874414 5.1233077343241E11 1196025.89 83 2 225 4399 106 11925
48600.0 16524 1.952824700986E10 1218585.63 890938 5.3185902044227E11 1218585.63 83 2 225 4482 108 12150
49500.0 16452 1.984917773839E10 1241144.9 907390 5.5170819818065E11 1241144.9 83 2 225 4565 110 12375
50400.0 16452 2.021328537118E10 1263704.11 923842 5.7192148355183E11 1263704.11 83 2 225 4648 112 12600
51300.0 16560 2.064678326701E10 1286263.33 940402 5.9256826681884E11 1286263.33 83 2 225 4731 114 12825
52200.0 16524 2.098810414283E10 1308822.55 956926 6.1355637096167E11 1308822.55 83 2 225 4814 116 13050
53100.0 16452 2.130578142806E10 1331381.77 973378 6.3486215238973E11 1331381.77 83 2 225 4897 118 13275
54000.0 16452 2.166988889492E10 1353940.98 989830 6.5653204128466E11 1353940.98 83 2 225 4980 120 13500
54900.0 16560 2.210825958163E10 1376500.2 1006390 6.7864030086629E11 1376500.2 83 2 225 5063 122 13725
55800.0 16524 2.244795619377E10 1399059.42 1022914 7.0108825706006E11 1399059.42 83 2 225 5146 124 13950
56700.0 16452 2.276238495176E10 1421618.63 1039366 7.2385064201182E11 1421618.63 83 2 225 5229 126 14175
57600.0 16452 2.312649241862E10 1444177.85 1055818 7.4697713443043E11 1444177.85 83 2 225 5312 128 14400
58500.0 16560 2.35697358962E10 1466737.06 1072378 7.7054687032663E11 1466737.06 83 2 225 5395 130 14625
59400.0 16524 2.390780824471E10 1489296.29 1088902 7.9445467857134E11 1489296.29 83 2 225 5478 132 14850
60300.0 16452 2.421898847545E10 1511855.5 1105354 8.1867366704679E11 1511855.5 83 2 225 5561 134 15075
61200.0 16452 2.458309594231E10 1534414.72 1121806 8.432567629891E11 1534414.72 83 2 225 5644 136 15300
62100.0 16560 2.503121221077E10 1556973.93 1138366 8.6828797519986E11 1556973.93 83 2 225 5727 138 15525
63000.0 16524 2.536766029565E10 1579533.16 1154890 8.9365563549551E11 1579533.16 83 2 225 5810 140 15750
63900.0 16452 2.567559199914E10 1602092.37 1171342 9.1933122749465E11 1602092.37 83 2 225 5893 142 15975
64800.0 16452 2.6039699466E10 1624651.58 1187794 9.4537092696065E11 1624651.58 83 2 225 5976 144 16200
65700.0 16560 2.649284868534E10 1647210.8 1204354 9.71863775646E11 1647210.8 83 2 225 6059 146 16425
66600.0 16524 2.682751234659E10 1669770.02 1220878 9.9869128799259E11 1669770.02 83 2 225 6142 148 16650
67500.0 16452 2.713219552283E10 1692329.24 1237330 1.02582348351542E12 1692329.24 83 2 225 6225 150 16875
68400.0 16452 2.749630298969E10 1714888.45 1253782 1.05331978650512E12 1714888.45 83 2 225 6308 152 17100
69300.0 16560 2.79541648309E10 1737447.67 1270342 1.08127395133602E12 1737447.67 83 2 225 6391 154 17325
70200.0 16524 2.828736438853E10 1760006.89 1286866 1.10956131572455E12 1760006.89 83 2 225 6474 156 17550
71100.0 16452 2.858879904653E10 1782566.11 1303318 1.13815011477107E12 1782566.11 83 2 225 6557 158 17775
72000.0 16452 2.895291067954E10 1805125.79 1319770 1.16710302545061E12 1805125.79 83 2 225 6640 160 18000
72900.0 16560 2.941564969207E10 1827685.11 1336330 1.19651867514268E12 1827685.11 83 2 225 6723 162 18225
73800.0 16524 2.974722571086E10 1850244.33 1352854 1.22626590085353E12 1850244.33 83 2 225 6806 164 18450
74700.0 16452 3.004541181199E10 1872803.55 1369306 1.25631131266553E12 1872803.55 83 2 225 6889 166 18675
75600.0 16452 3.040951927885E10 1895362.76 1385758 1.28672083194438E12 1895362.76 83 2 225 6972 168 18900
76500.0 16560 3.087728689273E10 1917921.98 1402318 1.31759811883711E12 1917921.98 83 2 225 7055 170 19125
77400.0 16524 3.12070777618E10 1940481.2 1418842 1.3488051965989E12 1940481.2 83 2 225 7138 172 19350
78300.0 16452 3.150201533568E10 1963040.42 1435294 1.38030721193459E12 1963040.42 83 2 225 7221 174 19575
79200.0 16452 3.186612280254E10 1985599.63 1451746 1.41217333473713E12 1985599.63 83 2 225 7304 176 19800
80100.0 16560 3.233860304728E10 2008158.84 1468306 1.44451193778441E12 2008158.84 83 2 225 7387 178 20025
81000.0 16524 3.266693786225E10 2030718.07 1484830 1.47717887564666E12 2030718.07 83 2 225 7470 180 20250
81900.0 16452 3.295861885932E10 2053277.28 1501282 1.51013749450598E12 2053277.28 83 2 225 7553 182 20475
82800.0 16452 3.332272632617E10 2075836.5 1517734 1.54346022083216E12 2075836.5 83 2 225 7636 184 20700
83700.0 16560 3.380023953075E10 2098395.71 1534294 1.57726046036291E12 2098395.71 83 2 225 7719 186 20925
84600.0 16524 3.412678186351E10 2120954.94 1550818 1.61138724222641E12 2120954.94 83 2 225 7802 188 21150
85500.0 16452 3.441522238278E10 2143514.15 1567270 1.64580246460919E12 2143514.15 83 2 225 7885 190 21375
86400.0 16452 3.477932984958E10 2166073.37 1583722 1.68058179445877E12 2166073.37 83 2 225 7968 192 21600
87300.0 16560 3.526155566701E10 2188632.58 1600282 1.71584335012578E12 2188632.58 83 2 225 8051 194 21825
88200.0 16524 3.558664195466E10 2211191.8 1616806 1.75142999208044E12 2211191.8 83 2 225 8134 196 22050
89100.0 16452 3.587182590618E10 2233751.02 1633258 1.78730181798662E12 2233751.02 83 2 225 8217 198 22275
90000.0 16452 3.623593337298E10 2256310.23 1649710 1.8235377513596E12 2256310.23 83 2 225 8300 200 22500
90900.0 16560 3.672319215029E10 2278869.45 1666270 1.86026094350988E12 2278869.45 83 2 225 8383 202 22725
91800.0 16524 3.704648595585E10 2301428.67 1682794 1.89730742946574E12 2301428.67 83 2 225 8466 204 22950
92700.0 16452 3.732842942963E10 2323987.89 1699246 1.93463585889537E12 2323987.89 83 2 225 8549 206 23175
93600.0 16452 3.769253689643E10 2346547.1 1715698 1.97232839579179E12 2346547.1 83 2 225 8632 208 23400
94500.0 16560 3.81845083046E10 2369106.32 1732258 2.01051290409639E12 2369106.32 83 2 225 8715 210 23625
95400.0 16524 3.850634999155E10 2391665.98 1748782 2.04901925408794E12 2391665.98 83 2 225 8798 212 23850
96300.0 16452 3.878504135705E10 2414225.33 1765234 2.08780429544499E12 2414225.33 83 2 225 8881 214 24075
97200.0 16452 3.914914965538E10 2436784.54 1781686 2.12695344510037E12 2436784.54 83 2 225 8964 216 24300
98100.0 16560 3.964599388532E10 2459343.76 1798246 2.16659943898569E12 2459343.76 83 2 225 9047 218 24525
99000.0 16524 3.996619931335E10 2481902.98 1814770 2.20656563829904E12 2481902.98 83 2 225 9130 220 24750
99900.0 16452 4.024164571203E10 2504462.2 1831222 2.24680728401107E12 2504462.2 83 2 225 9213 222 24975
100800.0 16452 4.060575317883E10 2527021.41 1847674 2.2874130371899E12 2527021.41 83 2 225 9296 224 25200
101700.0 16560 4.110747019964E10 2549580.62 1864234 2.32852050738954E12 2549580.62 83 2 225 9379 226 25425
102600.0 16524 4.142605137305E10 2572139.85 1880758 2.36994655876259E12 2572139.85 83 2 225 9462 228 25650
103500.0 16452 4.169824923548E10 2594699.06 1897210 2.41164480799807E12 2594699.06 83 2 225 9545 230 25875
104400.0 16452 4.206235670228E10 2617258.28 1913662 2.45370716470036E12 2617258.28 83 2 225 9628 232 26100
105300.0 16560 4.256894652297E10 2639817.49 1930222 2.49627611122332E12 2639817.49 83 2 225 9711 234 26325
106200.0 16524 4.288590341475E10 2662376.72 1946746 2.53916201463807E12 2662376.72 83 2 225 9794 236 26550
107100.0 16452 4.315485275893E10 2684935.93 1963198 2.582316867397E12 2684935.93 83 2 225 9877 238 26775
108000.0 16452 4.351896022573E10 2707495.15 1979650 2.62583582762274E12 2707495.15 83 2 225 9960 240 27000
108900.0 16560 4.403042282829E10 2730054.36 1996210 2.66986625045103E12 2730054.36 83 2 225 10043 242 27225
109800.0 16524 4.43457554745E10 2752613.58 2012734 2.71421200592553E12 2752613.58 83 2 225 10126 244 27450
110700.0 16452 4.461145628249E10 2775172.8 2029186 2.75882346220802E12 2775172.8 83 2 225 10209 246 27675
111600.0 16452 4.497556374929E10 2797732.01 2045638 2.80379902595731E12 2797732.01 83 2 225 10292 248 27900
112500.0 16560 4.549189915172E10 2820291.23 2062198 2.84929092510903E12 2820291.23 83 2 225 10375 250 28125
113400.0 16524 4.580560751631E10 2842850.45 2078722 2.89509653262534E12 2842850.45 83 2 225 10458 252 28350
114300.0 16452 4.606805980605E10 2865409.67 2095174 2.9411645924314E12 2865409.67 83 2 225 10541 254 28575
115200.0 16452 4.643216727285E10 2887968.88 2111626 2.98759675970425E12 2887968.88 83 2 225 10624 256 28800
116100.0 16560 4.695337544815E10 2910528.1 2128186 3.0345501351524E12 2910528.1 83 2 225 10707 258 29025
117000.0 16524 4.726545957612E10 2933087.32 2144710 3.08181559472852E12 2933087.32 83 2 225 10790 260 29250
117900.0 16458 4.752466470898E10 2955646.54 2161168 3.1293402594375E12 2955646.54 83 2 225 10873 262 29475
118800.0 16455 4.788877507031E10 2978206.15 2177623 3.17722903450781E12 2978206.15 83 2 225 10956 264 29700
119700.0 16560 4.841485973609E10 3000765.53 2194183 3.22564389424391E12 3000765.53 83 2 225 11039 266 29925
120600.0 16524 4.872532086398E10 3023324.76 2210707 3.27436921510789E12 3023324.76 83 2 225 11122 268 30150
121500.0 16452 4.898127607865E10 3045883.98 2227159 3.32335049118654E12 3045883.98 83 2 225 11205 270 30375
122400.0 16452 4.934538354545E10 3068443.19 2243611 3.37269587473199E12 3068443.19 83 2 225 11288 272 30600
123300.0 16560 4.987633734236E10 3091002.4 2260171 3.42257221207435E12 3091002.4 83 2 225 11371 274 30825
124200.0 16524 5.018517292379E10 3113561.63 2276695 3.47275738499814E12 3113561.63 83 2 225 11454 276 31050
125100.0 16452 5.043787960221E10 3136120.84 2293147 3.52319526460035E12 3136120.84 83 2 225 11537 278 31275
126000.0 16452 5.080198706901E10 3158680.06 2309599 3.57399725166936E12 3158680.06 83 2 225 11620 280 31500
126900.0 16560 5.133781366579E10 3181239.27 2326159 3.62533506533515E12 3181239.27 83 2 225 11703 282 31725
127800.0 16524 5.16450249746E10 3203798.5 2342683 3.67698009030975E12 3203798.5 83 2 225 11786 284 31950
128700.0 16452 5.189448312577E10 3226357.71 2359135 3.72887457343552E12 3226357.71 83 2 225 11869 286 32175
129600.0 16452 5.225859059257E10 3248916.93 2375587 3.78113316402809E12 3248916.93 83 2 225 11952 288 32400
130500.0 16560 5.279928998923E10 3271476.14 2392147 3.83393245401731E12 3271476.14 83 2 225 12035 290 32625
131400.0 16524 5.31048770164E10 3294035.36 2408671 3.88703733103372E12 3294035.36 83 2 225 12118 292 32850
132300.0 16452 5.335108664933E10 3316594.58 2425123 3.94038841768304E12 3316594.58 83 2 225 12201 294 33075
133200.0 16452 5.371519411613E10 3339153.79 2441575 3.99410361179917E12 3339153.79 83 2 225 12284 296 33300
134100.0 16560 5.426076629466E10 3361713.01 2458135 4.04836437809383E12 3361713.01 83 2 225 12367 298 33525
135000.0 16524 5.456472907621E10 3384272.23 2474659 4.10292910717004E12 3384272.23 83 2 225 12450 300 33750
135900.0 16452 5.480769017289E10 3406831.45 2491111 4.15773679734293E12 3406831.45 83 2 225 12533 302 33975
136800.0 16452 5.517179763969E10 3429390.66 2507563 4.21290859498261E12 3429390.66 83 2 225 12616 304 34200
137700.0 16560 5.572224260009E10 3451949.88 2524123 4.2686308375827E12 3451949.88 83 2 225 12699 306 34425
138600.0 16524 5.602458111802E10 3474509.1 2540647 4.32465541870072E12 3474509.1 83 2 225 12782 308 34650
139500.0 16452 5.626429369645E10 3497068.32 2557099 4.38091971239717E12 3497068.32 83 2 225 12865 310 34875
140400.0 16452 5.662840116324E10 3519627.53 2573551 4.43754811356041E12 3519627.53 83 2 225 12948 312 35100
141300.0 16561 5.718371925908E10 3542186.74 2590112 4.49473183281949E12 3542186.74 83 2 225 13031 314 35325
142200.0 16524 5.748443657372E10 3564746.35 2606636 4.55221626939322E12 3564746.35 83 2 225 13114 316 35550
143100.0 16452 5.772090514862E10 3587305.75 2623088 4.60993717454184E12 3587305.75 83 2 225 13197 318 35775
144000.0 16452 5.808501390439E10 3609864.97 2639540 4.66802218844623E12 3609864.97 83 2 225 13280 320 36000
144900.0 16560 5.864520448638E10 3632424.18 2656100 4.72666739293261E12 3632424.18 83 2 225 13363 322 36225
145800.0 16524 5.894429445778E10 3654983.41 2672624 4.78561168739039E12 3654983.41 83 2 225 13446 324 36450
146700.0 16452 5.917750996115E10 3677542.62 2689076 4.84478919735154E12 3677542.62 83 2 225 13529 326 36675
147600.0 16452 5.954161742795E10 3700101.84 2705528 4.9043308147795E12 3700101.84 83 2 225 13612 328 36900
148500.0 16560 6.010668080081E10 3722661.05 2722088 4.96443749558031E12 3722661.05 83 2 225 13695 330 37125
149400.0 16524 6.040414651759E10 3745220.28 2738612 5.0248416420979E12 3745220.28 83 2 225 13778 332 37350
150300.0 16452 6.063411348471E10 3767779.49 2755064 5.0854757555826E12 3767779.49 83 2 225 13861 334 37575
151200.0 16452 6.099822095151E10 3790338.7 2771516 5.14647397653412E12 3790338.7 83 2 225 13944 336 37800
152100.0 16560 6.156815710624E10 3812897.92 2788076 5.20804213364036E12 3812897.92 83 2 225 14027 338 38025
153000.0 16524 6.186399855945E10 3835457.14 2804600 5.26990613219981E12 3835457.14 83 2 225 14110 340 38250
153900.0 16452 6.209071700832E10 3858016.36 2821052 5.33199684920814E12 3858016.36 83 2 225 14193 342 38475
154800.0 16452 6.245482447512E10 3880575.57 2837504 5.39445167368326E12 3880575.57 83 2 225 14276 344 38700
155700.0 16560 6.302963342973E10 3903134.79 2854064 5.45748130711299E12 3903134.79 83 2 225 14359 346 38925
156600.0 16524 6.332385061931E10 3925694.01 2870588 5.5208051577323E12 3925694.01 83 2 225 14442 348 39150
157500.0 16452 6.354732053188E10 3948253.23 2887040 5.58435247826418E12 3948253.23 83 2 225 14525 350 39375
158400.0 16452 6.391142799868E10 3970812.44 2903492 5.64826390626286E12 3970812.44 83 2 225 14608 352 39600
159300.0 16560 6.449126989517E10 3993371.66 2920052 5.71275517615804E12 3993371.66 83 2 225 14691 354 39825
160200.0 16524 6.478370266112E10 4015930.88 2936576 5.77753887881916E12 4015930.88 83 2 225 14774 356 40050
161100.0 16452 6.500392405544E10 4038490.09 2953028 5.8425428028746E12 4038490.09 83 2 225 14857 358 40275
162000.0 16452 6.536803152224E10 4061049.31 2969480 5.90791083439684E12 4061049.31 83 2 225 14940 360 40500
162900.0 16560 6.595258604959E10 4083608.52 2986040 5.97386342044643E12 4083608.52 83 2 225 15023 362 40725
163800.0 16524 6.624356277933E10 4106167.75 3002564 6.04010698322576E12 4106167.75 83 2 225 15106 364 40950
164700.0 16452 6.646052757889E10 4128726.96 3019016 6.10656751080466E12 4128726.96 83 2 225 15189 366 41175
165600.0 16452 6.682463825978E10 4151286.53 3035468 6.17339214906444E12 4151286.53 83 2 225 15272 368 41400
166500.0 16560 6.741423043396E10 4173845.96 3052028 6.2408063794984E12 4173845.96 83 2 225 15355 370 41625
167400.0 16524 6.77034160119E10 4196405.19 3068552 6.3085097955103E12 4196405.19 83 2 225 15438 372 41850
168300.0 16452 6.791714032216E10 4218964.4 3085004 6.37642693583247E12 4218964.4 83 2 225 15521 374 42075
169200.0 16452 6.828124778896E10 4241523.62 3101456 6.44470818362143E12 4241523.62 83 2 225 15604 376 42300
170100.0 16560 6.88755479289E10 4264082.83 3118016 6.51358373155033E12 4264082.83 83 2 225 15687 378 42525
171000.0 16524 6.916327611211E10 4286642.05 3134540 6.58274700766244E12 4286642.05 83 2 225 15770 380 42750
171900.0 16452 6.937374384562E10 4309201.27 3150992 6.65212075150806E12 4309201.27 83 2 225 15853 382 42975
172800.0 16452 6.973785131242E10 4331760.48 3167444 6.72185860282048E12 4331760.48 83 2 225 15936 384 43200
173700.0 16560 7.033702424323E10 4354319.7 3184004 6.79219562706371E12 4354319.7 83 2 225 16019 386 43425
174600.0 16524 7.062312011331E10 4376878.92 3200528 6.86281874717702E12 4376878.92 83 2 225 16102 388 43650
175500.0 16452 7.083034736907E10 4399438.14 3216980 6.93364909454609E12 4399438.14 83 2 225 16185 390 43875
176400.0 16452 7.119445483587E10 4421997.35 3233432 7.00484354938196E12 4421997.35 83 2 225 16268 392 44100
177300.0 16560 7.179850056656E10 4444556.57 3249992 7.07664204994852E12 4444556.57 83 2 225 16351 394 44325
178200.0 16524 7.208297216401E10 4467115.79 3266516 7.14872502211253E12 4467115.79 83 2 225 16434 396 44550
179100.0 16452 7.228695089253E10 4489675.01 3282968 7.22101197300505E12 4489675.01 83 2 225 16517 398 44775
180000.0 16452 7.265105835933E10 4512234.22 3299420 7.29366303136438E12 4512234.22 83 2 225 16600 400 45000
180900.0 16560 7.325997688988E10 4534793.43 3315980 7.36692300825426E12 4534793.43 83 2 225 16683 402 45225
181800.0 16524 7.354282421466E10 4557352.66 3332504 7.44046583246892E12 4557352.66 83 2 225 16766 404 45450
182700.0 16452 7.374355441593E10 4579911.87 3348956 7.51420938688485E12 4579911.87 83 2 225 16849 406 45675
183600.0 16452 7.410766188273E10 4602471.09 3365408 7.58831704876757E12 4602471.09 83 2 225 16932 408 45900
184500.0 16560 7.472145317716E10 4625030.3 3381968 7.66303850194473E12 4625030.3 83 2 225 17015 410 46125
185400.0 16524 7.500267626531E10 4647589.53 3398492 7.73804117821003E12 4647589.53 83 2 225 17098 412 46350
186300.0 16452 7.520015793933E10 4670148.74 3414944 7.81324133614936E12 4670148.74 83 2 225 17181 414 46575
187200.0 16452 7.556426540613E10 4692707.96 3431396 7.88880560155549E12 4692707.96 83 2 225 17264 416 46800
188100.0 16560 7.618292951843E10 4715267.17 3447956 7.96498853107392E12 4715267.17 83 2 225 17347 418 47025
189000.0 16524 7.646253058493E10 4737826.69 3464480 8.04145106165885E12 4737826.69 83 2 225 17430 420 47250
189900.0 16452 7.66567687262E10 4760386.18 3480932 8.11810783038505E12 4760386.18 83 2 225 17513 422 47475
190800.0 16452 7.702087814534E10 4782945.39 3497384 8.19512870853038E12 4782945.39 83 2 225 17596 424 47700
191700.0 16560 7.764441507034E10 4805504.61 3513944 8.27277312360072E12 4805504.61 83 2 225 17679 426 47925
192600.0 16524 7.792238960297E10 4828063.83 3530468 8.35069551320369E12 4828063.83 83 2 225 17762 428 48150
193500.0 16453 7.811337420194E10 4850623.05 3546921 8.42880888740563E12 4850623.05 83 2 225 17845 430 48375
194400.0 16452 7.847748166874E10 4873182.26 3563373 8.50728636907436E12 4873182.26 83 2 225 17928 432 48600
195300.0 16560 7.910589137561E10 4895741.48 3579933 8.58639226044998E12 4895741.48 83 2 225 18011 434 48825
196200.0 16524 7.938224165361E10 4918300.7 3596457 8.66577450210359E12 4918300.7 83 2 225 18094 436 49050
197100.0 16452 7.956997772534E10 4940859.92 3612909 8.74534447982893E12 4940859.92 83 2 225 18177 438 49275
198000.0 16452 7.993408519214E10 4963419.13 3629361 8.82527856502106E12 4963419.13 83 2 225 18260 440 49500
198900.0 16560 8.056736769889E10 4985978.35 3645921 8.90584593271995E12 4985978.35 83 2 225 18343 442 49725
199800.0 16524 8.084209370426E10 5008537.57 3662445 8.98668802642421E12 5008537.57 83 2 225 18426 444 49950
200700.0 16452 8.102658124874E10 5031096.78 3678897 9.06771460767295E12 5031096.78 83 2 225 18509 446 50175
201600.0 16452 8.139068871554E10 5053656.0 3695349 9.14910529638849E12 5053656.0 83 2 225 18592 448 50400
202500.0 16560 8.202884402216E10 5076215.21 3711909 9.23113414041065E12 5076215.21 83 2 225 18675 450 50625
203400.0 16524 8.230194575491E10 5098774.44 3728433 9.31343608616556E12 5098774.44 83 2 225 18758 452 50850
204300.0 16452 8.248318477214E10 5121333.65 3744885 9.39591927093769E12 5121333.65 83 2 225 18841 454 51075
205200.0 16452 8.284729223894E10 5143892.87 3761337 9.47876656317663E12 5143892.87 83 2 225 18924 456 51300
206100.0 16560 8.349032030943E10 5166452.08 3777897 9.56225688348606E12 5166452.08 83 2 225 19007 458 51525
207000.0 16524 8.376179780545E10 5189011.31 3794421 9.64601868129151E12 5189011.31 83 2 225 19090 460 51750
207900.0 16452 8.393978829543E10 5211570.52 3810873 9.72995846958694E12 5211570.52 83 2 225 19173 462 51975
208800.0 16452 8.430389576223E10 5234129.73 3827325 9.81426236534917E12 5234129.73 83 2 225 19256 464 52200
209700.0 16560 8.49517966506E10 5256688.95 3843885 9.89921416199977E12 5256688.95 83 2 225 19339 466 52425
210600.0 16524 8.522164985588E10 5279248.17 3860409 9.98443581185565E12 5279248.17 83 2 225 19422 468 52650
211500.0 16458 8.539639187561E10 5301807.39 3876867 1.006983220373127E13 5301807.39 83 2 225 19505 470 52875
212400.0 16454 8.576050163655E10 5324366.87 3893321 1.015559270536781E13 5324366.87 83 2 225 19588 472 53100
213300.0 16560 8.64132798005E10 5346926.38 3909881 1.024200598516831E13 5346926.38 83 2 225 19671 474 53325
214200.0 16524 8.66815111443E10 5369485.61 3926405 1.032868749631261E13 5369485.61 83 2 225 19754 476 53550
215100.0 16452 8.685300455923E10 5392044.83 3942857 1.041554050087184E13 5392044.83 83 2 225 19837 478 53775
216000.0 16452 8.721711202603E10 5414604.04 3959309 1.050275761289787E13 5414604.04 83 2 225 19920 480 54000
216900.0 16560 8.787475852697E10 5437163.26 3975869 1.059063237142484E13 5437163.26 83 2 225 20003 482 54225
217800.0 16524 8.814136319474E10 5459722.48 3992393 1.067877373461958E13 5459722.48 83 2 225 20086 484 54450
218700.0 16452 8.830960808241E10 5482281.7 4008845 1.076708334270199E13 5482281.7 83 2 225 20169 486 54675
219600.0 16452 8.867371554921E10 5504840.91 4025297 1.08557570582512E13 5504840.91 83 2 225 20252 488 54900
220500.0 16560 8.933623482303E10 5527400.12 4041857 1.094509329307423E13 5527400.12 83 2 225 20335 490 55125
221400.0 16524 8.960121524517E10 5549959.35 4058381 1.10346945083194E13 5549959.35 83 2 225 20418 492 55350
222300.0 16452 8.976621160554E10 5572518.56 4074833 1.112446071992494E13 5572518.56 83 2 225 20501 494 55575
223200.0 16452 9.013031907234E10 5595077.78 4091285 1.121459103899729E13 5595077.78 83 2 225 20584 496 55800
224100.0 16560 9.079771114603E10 5617636.99 4107845 1.130538875014332E13 5617636.99 83 2 225 20667 498 56025
225000.0 16524 9.106106729555E10 5640196.22 4124369 1.139644981743886E13 5640196.22 83 2 225 20750 500 56250
225900.0 16452 9.122281512867E10 5662755.43 4140821 1.148767263256754E13 5662755.43 83 2 225 20833 502 56475
226800.0 16452 9.158692259547E10 5685314.65 4157273 1.157925955516301E13 5685314.65 83 2 225 20916 504 56700
227700.0 16560 9.225918745103E10 5707873.86 4173833 1.167151874261404E13 5707873.86 83 2 225 20999 506 56925
228600.0 16524 9.252091934592E10 5730433.08 4190357 1.176403966195996E13 5730433.08 83 2 225 21082 508 57150
229500.0 16452 9.26794186518E10 5752992.3 4206809 1.185671908061177E13 5752992.3 83 2 225 21165 510 57375
230400.0 16452 9.30435261186E10 5775551.51 4223261 1.194976260673037E13 5775551.51 83 2 225 21248 512 57600
231300.0 16560 9.372066377404E10 5798110.73 4239821 1.204348327050441E13 5798110.73 83 2 225 21331 514 57825
232200.0 16524 9.39807713963E10 5820669.95 4256345 1.213746404190071E13 5820669.95 83 2 225 21414 516 58050
233100.0 16452 9.413602217493E10 5843229.17 4272797 1.223160006407564E13 5843229.17 83 2 225 21497 518 58275
234000.0 16452 9.450012964173E10 5865788.38 4289249 1.232610019371737E13 5865788.38 83 2 225 21580 520 58500
234900.0 16561 9.518214010097E10 5888347.6 4305810 1.242128233381834E13 5888347.6 83 2 225 21663 522 58725
235800.0 16524 9.544062506718E10 5910907.05 4322334 1.251672295888552E13 5910907.05 83 2 225 21746 524 58950
236700.0 16452 9.559263238332E10 5933466.6 4338786 1.261231559126884E13 5933466.6 83 2 225 21829 526 59175
237600.0 16452 9.595674239353E10 5956025.82 4355238 1.270827233366238E13 5956025.82 83 2 225 21912 528 59400
238500.0 16560 9.664362566158E10 5978585.04 4371798 1.280491595932396E13 5978585.04 83 2 225 21995 530 59625
239400.0 16524 9.690048474631E10 6001144.26 4388322 1.290181644407027E13 6001144.26 83 2 225 22078 532 59850
240300.0 16452 9.704923844986E10 6023703.48 4404774 1.299886568252013E13 6023703.48 83 2 225 22161 534 60075
241200.0 16452 9.741334591666E10 6046262.69 4421226 1.309627902843679E13 6046262.69 83 2 225 22244 536 60300
242100.0 16560 9.810510196658E10 6068821.9 4437786 1.319438413040337E13 6068821.9 83 2 225 22327 538 60525
243000.0 16524 9.836033679669E10 6091381.13 4454310 1.329274446720006E13 6091381.13 83 2 225 22410 540 60750
243900.0 16452 9.850584197299E10 6113940.34 4470762 1.339125030917305E13 6113940.34 83 2 225 22493 542 60975
244800.0 16452 9.886994943979E10 6136499.56 4487214 1.349012025861284E13 6136499.56 83 2 225 22576 544 61200
245700.0 16560 9.956657828958E10 6159058.77 4503774 1.358968683690243E13 6159058.77 83 2 225 22659 546 61425
246600.0 16524 9.982018884706E10 6181618.0 4520298 1.368950702574949E13 6181618.0 83 2 225 22742 548 61650
247500.0 16452 9.996244549612E10 6204177.21 4536750 1.378946947124561E13 6204177.21 83 2 225 22825 550 61875
248400.0 16452 1.0032655296292E11 6226736.43 4553202 1.388979602420853E13 6226736.43 83 2 225 22908 552 62100
249300.0 16560 1.0102805460354E11 6249295.64 4569762 1.399082407881208E13 6249295.64 83 2 225 22991 554 62325
250200.0 16524 1.0128004089739E11 6271854.86 4586286 1.409210411970946E13 6271854.86 83 2 225 23074 556 62550
251100.0 16452 1.014190490192E11 6294414.08 4602738 1.419352316872866E13 6294414.08 83 2 225 23157 558 62775
252000.0 16452 1.01783156486E11 6316973.29 4619190 1.429530632521466E13 6316973.29 83 2 225 23240 560 63000
252900.0 16560 1.0248953090849E11 6339532.51 4635750 1.439779585612315E13 6339532.51 83 2 225 23323 562 63225
253800.0 16524 1.0273989294777E11 6362091.73 4652274 1.450053574907092E13 6362091.73 83 2 225 23406 564 63450
254700.0 16452 1.0287565254233E11 6384650.95 4668726 1.460341140161325E13 6384650.95 83 2 225 23489 566 63675
255600.0 16452 1.0323976000913E11 6407210.16 4685178 1.470665116162238E13 6407210.16 83 2 225 23572 568 63900
256500.0 16560 1.0395100723149E11 6429769.38 4701738 1.481060216885387E13 6429769.38 83 2 225 23655 570 64125
257400.0 16524 1.0419974499814E11 6452328.6 4718262 1.491480191385201E13 6452328.6 83 2 225 23738 572 64350
258300.0 16452 1.0433225606546E11 6474887.82 4734714 1.501913416991747E13 6474887.82 83 2 225 23821 574 64575
259200.0 16452 1.0469636535062E11 6497447.23 4751166 1.51238305352681E13 6497447.23 83 2 225 23904 576 64800
260100.0 16560 1.0541248998276E11 6520006.81 4767726 1.522924302525085E13 6520006.81 83 2 225 23987 578 65025
261000.0 16524 1.0565960630579E11 6542566.04 4784250 1.533490263155664E13 6542566.04 83 2 225 24070 580 65250
261900.0 16452 1.0578886882525E11 6565125.26 4800702 1.544069150038189E13 6565125.26 83 2 225 24153 582 65475
262800.0 16452 1.0615297629205E11 6587684.47 4817154 1.554684447667394E13 6587684.47 83 2 225 24236 584 65700
263700.0 16560 1.0687412928711E11 6610243.68 4833714 1.565371860596105E13 6610243.68 83 2 225 24319 586 65925
264600.0 16524 1.0711945835611E11 6632802.91 4850238 1.576083806431716E13 6632802.91 83 2 225 24402 588 66150
265500.0 16452 1.0724547234833E11 6655362.12 4866690 1.586808353666549E13 6655362.12 83 2 225 24485 590 66375
266400.0 16452 1.0760957981513E11 6677921.34 4883142 1.597569311648062E13 6677921.34 83 2 225 24568 592 66600
267300.0 16560 1.08335445432E11 6700480.55 4899702 1.608402856191262E13 6700480.55 83 2 225 24651 594 66825
268200.0 16524 1.085793184651E11 6723039.78 4916226 1.619260788037772E13 6723039.78 83 2 225 24734 596 67050
269100.0 16452 1.0870207587156E11 6745598.99 4932678 1.630130995624928E13 6745598.99 83 2 225 24817 598 67275
270000.0 16452 1.0906618333836E11 6768158.21 4949130 1.641037613958765E13 6768158.21 83 2 225 24900 600 67500
270900.0 16560 1.0979708192417E11 6790717.42 4965690 1.652017322151182E13 6790717.42 83 2 225 24983 602 67725
271800.0 16524 1.1003916244808E11 6813276.64 4982214 1.66302123839599E13 6813276.64 83 2 225 25066 604 67950
272700.0 16452 1.101586793948E11 6835835.86 4998666 1.67403710633547E13 6835835.86 83 2 225 25149 606 68175
273600.0 16452 1.105227868616E11 6858395.07 5015118 1.68508938502163E13 6858395.07 83 2 225 25232 608 68400
274500.0 16560 1.1125839805122E11 6880954.29 5031678 1.696215224826752E13 6880954.29 83 2 225 25315 610 68625
275400.0 16524 1.1149902256607E11 6903513.51 5048202 1.707365127083359E13 6903513.51 83 2 225 25398 612 68850
276300.0 16452 1.1161528291804E11 6926072.73 5064654 1.718526655375164E13 6926072.73 83 2 225 25481 614 69075
277200.0 16452 1.1197939038484E11 6948631.94 5081106 1.729724594413648E13 6948631.94 83 2 225 25564 616 69300
278100.0 16560 1.1271987439233E11 6971191.16 5097666 1.740996581852881E13 6971191.16 83 2 225 25647 618 69525
279000.0 16524 1.1295886654905E11 6993750.38 5114190 1.752292468507786E13 6993750.38 83 2 225 25730 620 69750
279900.0 16452 1.1307188644128E11 7016309.6 5130642 1.763599657151913E13 7016309.6 83 2 225 25813 622 69975
280800.0 16452 1.1343599390808E11 7038868.81 5147094 1.774943256542721E13 7038868.81 83 2 225 25896 624 70200
281700.0 16560 1.141815108485E11 7061428.02 5163654 1.786361407627571E13 7061428.02 83 2 225 25979 626 70425
282600.0 16524 1.1441871970884E11 7083987.41 5180178 1.797803279598455E13 7083987.41 83 2 225 26062 628 70650
283500.0 16452 1.1452849606149E11 7106547.03 5196630 1.809256129204604E13 7106547.03 83 2 225 26145 630 70875
284400.0 16452 1.1489260667093E11 7129106.25 5213082 1.820745389871697E13 7129106.25 83 2 225 26228 632 71100
285300.0 16560 1.1564283628208E11 7151665.46 5229642 1.832309673499905E13 7151665.46 83 2 225 26311 634 71325
286200.0 16524 1.158785879688E11 7174224.69 5246166 1.843897532296786E13 7174224.69 83 2 225 26394 636 71550
287100.0 16452 1.1598510272742E11 7196783.9 5262618 1.855496042569528E13 7196783.9 83 2 225 26477 638 71775
288000.0 16452 1.1634921019422E11 7219343.12 5279070 1.86713096358895E13 7219343.12 83 2 225 26560 640 72000
288900.0 16560 1.171044727653E11 7241902.33 5295630 1.87884141086548E13 7241902.33 83 2 225 26643 642 72225
289800.0 16524 1.1733843196989E11 7264461.56 5312154 1.890575254062469E13 7264461.56 83 2 225 26726 644 72450
290700.0 16452 1.1744170625077E11 7287020.77 5328606 1.902319424687546E13 7287020.77 83 2 225 26809 646 72675
291600.0 16452 1.1780581371757E11 7309579.99 5345058 1.914100006059303E13 7309579.99 83 2 225 26892 648 72900
292500.0 16560 1.1856578891046E11 7332139.2 5361618 1.925956584950349E13 7332139.2 83 2 225 26975 650 73125
293400.0 16524 1.1879829207899E11 7354698.42 5378142 1.937836414158248E13 7354698.42 83 2 225 27058 652 73350
294300.0 16452 1.1889830977412E11 7377257.64 5394594 1.94972624513566E13 7377257.64 83 2 225 27141 654 73575
295200.0 16452 1.1926241724092E11 7399816.85 5411046 1.961652486859752E13 7399816.85 83 2 225 27224 656 73800
296100.0 16560 1.2002726521568E11 7422376.07 5427606 1.97365521338132E13 7422376.07 83 2 225 27307 658 74025
297000.0 16524 1.2025813606208E11 7444935.29 5444130 1.985681026987527E13 7444935.29 83 2 225 27390 660 74250
297900.0 16452 1.2035491329746E11 7467494.51 5460582 1.997716518317273E13 7467494.51 83 2 225 27473 662 74475
298800.0 16452 1.2071902076426E11 7490053.72 5477034 2.0097884203937E13 7490053.72 83 2 225 27556 664 74700
299700.0 16560 1.214887415389E11 7512612.94 5493594 2.02193729454759E13 7512612.94 83 2 225 27639 666 74925
300600.0 16524 1.2171798812167E11 7535172.16 5510118 2.034109093359757E13 7535172.16 83 2 225 27722 668 75150
301500.0 16452 1.2181151682081E11 7557731.38 5526570 2.046290245041838E13 7557731.38 83 2 225 27805 670 75375
302400.0 16452 1.2217562428761E11 7580290.59 5543022 2.058507807470598E13 7580290.59 83 2 225 27888 672 75600
303300.0 16560 1.2295021783516E11 7602849.8 5559582 2.070802829254114E13 7602849.8 83 2 225 27971 674 75825
304200.0 16524 1.2317784016332E11 7625409.03 5576106 2.083120613270446E13 7625409.03 83 2 225 28054 676 76050
305100.0 16458 1.2326812034421E11 7647968.24 5592564 2.095447425304867E13 7647968.24 83 2 225 28137 678 76275
306000.0 16455 1.2363222913017E11 7670527.59 5609019 2.107810648217884E13 7670527.59 83 2 225 28220 680 76500
306900.0 16560 1.2441169957887E11 7693087.24 5625579 2.120251818175771E13 7693087.24 83 2 225 28303 682 76725
307800.0 16524 1.2463770148428E11 7715646.47 5642103 2.1327155883242E13 7715646.47 83 2 225 28386 684 76950
308700.0 16452 1.2472473310832E11 7738205.68 5658555 2.145188061635031E13 7738205.68 83 2 225 28469 686 77175
309600.0 16452 1.2508884057512E11 7760764.9 5675007 2.157696945692543E13 7760764.9 83 2 225 28552 688 77400
310500.0 16560 1.2587317975311E11 7783324.11 5691567 2.170284263667854E13 7783324.11 83 2 225 28635 690 77625
311400.0 16524 1.2609755352604E11 7805883.34 5708091 2.182894019020457E13 7805883.34 83 2 225 28718 692 77850
312300.0 16452 1.2618133663182E11 7828442.55 5724543 2.19551215268364E13 7828442.55 83 2 225 28801 694 78075
313200.0 16452 1.2654544409862E11 7851001.77 5740995 2.208166697093502E13 7851001.77 83 2 225 28884 696 78300
314100.0 16560 1.2733465604949E11 7873560.98 5757555 2.220900162698451E13 7873560.98 83 2 225 28967 698 78525
315000.0 16524 1.275574055858E11 7896120.21 5774079 2.23365590325703E13 7896120.21 83 2 225 29050 700 78750
315900.0 16452 1.2763794015533E11 7918679.42 5790531 2.246419697272564E13 7918679.42 83 2 225 29133 702 78975
316800.0 16452 1.2800204762213E11 7941238.63 5806983 2.259219902034777E13 7941238.63 83 2 225 29216 704 79200
317700.0 16560 1.2879613238187E11 7963797.85 5823543 2.272099515272964E13 7963797.85 83 2 225 29299 706 79425
318600.0 16524 1.2901726568612E11 7986357.07 5840067 2.285001241841576E13 7986357.07 83 2 225 29382 708 79650
319500.0 16452 1.290945436789E11 8008916.29 5856519 2.297910696209466E13 8008916.29 83 2 225 29465 710 79875
320400.0 16452 1.2945865114569E11 8031475.5 5872971 2.310856561324035E13 8031475.5 83 2 225 29548 712 80100
321300.0 16560 1.3025760867831E11 8054034.72 5889531 2.323882322191866E13 8054034.72 83 2 225 29631 714 80325
322200.0 16524 1.3047710968742E11 8076593.94 5906055 2.336930033160608E13 8076593.94 83 2 225 29714 716 80550
323100.0 16452 1.3055114720246E11 8099153.16 5922507 2.349985147880854E13 8099153.16 83 2 225 29797 718 80775
324000.0 16452 1.3091525466926E11 8121712.37 5938959 2.363076673347779E13 8121712.37 83 2 225 29880 720 81000
324900.0 16560 1.3171908501074E11 8144271.59 5955519 2.376248581848853E13 8144271.59 83 2 225 29963 722 81225
325800.0 16524 1.3193696172928E11 8166830.81 5972043 2.389442278021782E13 8166830.81 83 2 225 30046 724 81450
326700.0 16452 1.3200775072607E11 8189390.02 5988495 2.402643053094389E13 8189390.02 83 2 225 30129 726 81675
327600.0 16452 1.3237185819287E11 8211949.24 6004947 2.415880238913676E13 8211949.24 83 2 225 30212 728 81900
328500.0 16561 1.3318056129823E11 8234508.45 6021508 2.429198295043499E13 8234508.45 83 2 225 30295 730 82125
329400.0 16524 1.3339681482917E11 8257067.77 6038032 2.442537976526416E13 8257067.77 83 2 225 30378 732 82350
330300.0 16452 1.3346435987946E11 8279627.46 6054484 2.455884412514362E13 8279627.46 83 2 225 30461 734 82575
331200.0 16452 1.3382847096295E11 8302186.68 6070936 2.469267259610657E13 8302186.68 83 2 225 30544 736 82800
332100.0 16560 1.3464220707758E11 8324745.89 6087496 2.482731480318414E13 8324745.89 83 2 225 30627 738 83025
333000.0 16524 1.3485668315708E11 8347305.12 6104020 2.496217148634122E13 8347305.12 83 2 225 30710 740 83250
333900.0 16452 1.3492096702048E11 8369864.33 6120472 2.50970924533617E13 8369864.33 83 2 225 30793 742 83475
334800.0 16452 1.3528507448751E11 8392423.55 6136924 2.523237752784921E13 8392423.55 83 2 225 30876 744 83700
335700.0 16560 1.3610352322379E11 8414982.76 6153484 2.5368481051073E13 8414982.76 83 2 225 30959 746 83925
336600.0 16524 1.3631652715938E11 8437541.99 6170008 2.550479757823238E13 8437541.99 83 2 225 31042 748 84150
337500.0 16452 1.3637757054504E11 8460101.2 6186460 2.564117514877742E13 8460101.2 83 2 225 31125 750 84375
338400.0 16452 1.3674167801207E11 8482660.42 6202912 2.577791682678949E13 8482660.42 83 2 225 31208 752 84600
339300.0 16560 1.3756499953023E11 8505219.63 6219472 2.591548182631972E13 8505219.63 83 2 225 31291 754 84825
340200.0 16524 1.3777638725176E11 8527778.85 6235996 2.605325821357148E13 8527778.85 83 2 225 31374 756 85050
341100.0 16452 1.3783417406965E11 8550338.07 6252448 2.619109238764113E13 8550338.07 83 2 225 31457 758 85275
342000.0 16452 1.3819828153669E11 8572897.28 6268900 2.632929066917782E13 8572897.28 83 2 225 31540 760 85500
342900.0 16560 1.3902663603295E11 8595456.5 6285460 2.646831730521076E13 8595456.5 83 2 225 31623 762 85725
343800.0 16524 1.3923623126312E11 8618015.72 6301984 2.660755353647388E13 8618015.72 83 2 225 31706 764 85950
344700.0 16452 1.3929077759427E11 8640574.94 6318436 2.674684431406815E13 8640574.94 83 2 225 31789 766 86175
345600.0 16452 1.3965488506131E11 8663134.15 6334888 2.688649919912945E13 8663134.15 83 2 225 31872 768 86400

