# seed = 1, gamma = 0.5, beta = 0.75, dee = 100.0, dcc = 5.0, dec = 15.0, dsc = 1000.0, dLocalhost = 0.015, hostBroker = EDGE, numOfCloud = 1, numOfEdge = 1, numOfSmartphone = 225 
#
# The columns have the following meaning: 
# instant[SECONDS] delayCountPartial delaySumPartial[SECONDS] delayMaxPartial[SECONDS] delayCountTot delaySumTot[SECONDS] delayMaxTot[SECONDS] runOnCloudPartial runOnEdgePartial runOnSmartphonePartial runOnCloudTot runOnEdgeTot runOnSmartphoneTot
0.0 0 0.0 0.0 0 0.0 0.0 0 0 0 0 0 0
900.0 16560 9.36001715E7 11569.86 16560 9.36001715E7 11569.86 80 5 225 80 5 225
1800.0 16524 2.7045764545E8 22529.69 33084 3.6405781695E8 22529.69 80 5 225 160 10 450
2700.0 16452 4.4688224161E8 33489.02 49536 8.1094005856E8 33489.02 80 5 225 240 15 675
3600.0 16453 6.2376558275E8 44448.35 65989 1.43470564131E9 44448.35 80 5 225 320 20 900
4500.0 16560 8.0367877901E8 55407.68 82549 2.23838442032E9 55407.68 80 5 225 400 25 1125
5400.0 16524 9.7966611718E8 66367.01 99073 3.2180505375E9 66367.01 80 5 225 480 30 1350
6300.0 16452 1.1545042672E9 77326.34 115525 4.37255480469E9 77326.34 80 5 225 560 35 1575
7200.0 16452 1.33138748846E9 88285.67 131977 5.70394229316E9 88285.67 80 5 225 640 40 1800
8100.0 16560 1.51358710142E9 99245.0 148537 7.21752939458E9 99245.0 80 5 225 720 45 2025
9000.0 16524 1.68886211623E9 110204.33 165061 8.90639151081E9 110204.33 80 5 225 800 50 2250
9900.0 16452 1.86212629305E9 121163.66 181513 1.076851780386E10 121163.66 80 5 225 880 55 2475
10800.0 16452 2.03900951432E9 132122.99 197965 1.280752731817E10 132122.99 80 5 225 960 60 2700
11700.0 16560 2.22365727904E9 143082.32 214525 1.503118459721E10 143082.32 80 5 225 1040 65 2925
12600.0 16532 2.39806742856E9 154041.65 231057 1.742925202578E10 154041.65 80 5 225 1120 70 3150
13500.0 16452 2.5697535616E9 165001.55 247509 1.999900558738E10 165001.55 80 5 225 1200 75 3375
14400.0 16452 2.74664081124E9 175960.88 263961 2.274564639862E10 175960.88 80 5 225 1280 80 3600
15300.0 16560 2.93357487681E9 186920.21 280521 2.567922127543E10 186920.21 80 5 225 1360 85 3825
16200.0 16524 3.10727174674E9 197879.55 297045 2.878649302217E10 197879.55 80 5 225 1440 90 4050
17100.0 16452 3.27737961581E9 208838.88 313497 3.206387263798E10 208838.88 80 5 225 1520 95 4275
18000.0 16452 3.45426283707E9 219798.2 329949 3.551813547505E10 219798.2 80 5 225 1600 100 4500
18900.0 16560 3.64356411795E9 230757.53 346509 3.9161699593E10 230757.53 80 5 225 1680 105 4725
19800.0 16524 3.81647190711E9 241716.87 363033 4.297817150011E10 241716.87 80 5 225 1760 110 4950
20700.0 16452 3.98500164165E9 252676.2 379485 4.696317314176E10 252676.2 80 5 225 1840 115 5175
21600.0 16452 4.16188486291E9 263635.52 395937 5.112505800467E10 263635.52 80 5 225 1920 120 5400
22500.0 16560 4.35355335009E9 274594.85 412497 5.547861135476E10 274594.85 80 5 225 2000 125 5625
23400.0 16524 4.52567208548E9 285554.19 429021 6.000428344024E10 285554.19 80 5 225 2080 130 5850
24300.0 16453 4.69262368882E9 296513.52 445474 6.469690712906E10 296513.52 80 5 225 2160 135 6075
25200.0 16452 4.86951213434E9 307473.41 461926 6.95664192634E10 307473.41 80 5 225 2240 140 6300
26100.0 16560 5.0636328658E9 318432.75 478486 7.463005212919E10 318432.75 80 5 225 2320 145 6525
27000.0 16524 5.23488154694E9 329392.08 495010 7.986493367614E10 329392.08 80 5 225 2400 150 6750
27900.0 16452 5.40025496473E9 340351.41 511462 8.526518864087E10 340351.41 80 5 225 2480 155 6975
28800.0 16452 5.577138186E9 351310.74 527914 9.084232682687E10 351310.74 80 5 225 2560 160 7200
29700.0 16560 5.77354115283E9 362270.07 544474 9.66158679797E10 362270.07 80 5 225 2640 165 7425
30600.0 16524 5.9440817078E9 373229.4 560998 1.025599496875E11 373229.4 80 5 225 2720 170 7650
31500.0 16452 6.10787699106E9 384188.73 577450 1.0866782667856E11 384188.73 80 5 225 2800 175 7875
32400.0 16452 6.28476021232E9 395148.06 593902 1.1495258689088E11 395148.06 80 5 225 2880 180 8100
33300.0 16560 6.48353038546E9 406107.39 610462 1.2143611727634E11 406107.39 80 5 225 2960 185 8325
34200.0 16524 6.65328188671E9 417066.73 626986 1.2808939916305E11 417066.73 80 5 225 3040 190 8550
35100.0 16452 6.81549901744E9 428026.05 643438 1.3490489818048E11 428026.05 80 5 225 3120 195 8775
36000.0 16452 6.9923822387E9 438985.38 659890 1.4189728041918E11 438985.38 80 5 225 3200 200 9000
36900.0 16560 7.19352478486E9 449945.27 676450 1.4909080520404E11 449945.27 80 5 225 3280 205 9225
37800.0 16524 7.36249134844E9 460904.62 692974 1.5645329655248E11 460904.62 80 5 225 3360 210 9450
38700.0 16452 7.52313031501E9 471863.95 709426 1.6397642686749E11 471863.95 80 5 225 3440 215 9675
39600.0 16452 7.70001353627E9 482823.28 725878 1.7167644040376E11 482823.28 80 5 225 3520 220 9900
40500.0 16560 7.90351817103E9 493782.6 742438 1.7957995857479E11 493782.6 80 5 225 3600 225 10125
41400.0 16524 8.07169151847E9 504741.94 758962 1.8765165009326E11 504741.94 80 5 225 3680 230 10350
42300.0 16452 8.23075234151E9 515701.27 775414 1.9588240243477E11 515701.27 80 5 225 3760 235 10575
43200.0 16452 8.40763556279E9 526660.6 791866 2.0429003799756E11 526660.6 80 5 225 3840 240 10800
44100.0 16560 8.61350740387E9 537619.92 808426 2.1290354540143E11 537619.92 80 5 225 3920 245 11025
45000.0 16524 8.78089168855E9 548579.26 824950 2.2168443708998E11 548579.26 80 5 225 4000 250 11250
45900.0 16452 8.93837436811E9 559538.59 841402 2.3062281145809E11 559538.59 80 5 225 4080 255 11475
46800.0 16452 9.11525758939E9 570497.92 857854 2.3973806904748E11 570497.92 80 5 225 4160 260 11700
47700.0 16560 9.3235776182E9 581457.24 874414 2.4906164666568E11 581457.24 80 5 225 4240 265 11925
48600.0 16524 9.49009532839E9 592416.98 890938 2.5855174199407E11 592416.98 80 5 225 4320 270 12150
49500.0 16452 9.64600423529E9 603376.48 907390 2.6819774622936E11 603376.48 80 5 225 4400 275 12375
50400.0 16452 9.82288883652E9 614335.81 923842 2.7802063506588E11 614335.81 80 5 225 4480 280 12600
51300.0 16560 1.003349514806E10 625295.14 940402 2.8805413021394E11 625295.14 80 5 225 4560 285 12825
52200.0 16524 1.019930127002E10 636254.47 956926 2.9825343148396E11 636254.47 80 5 225 4640 290 13050
53100.0 16452 1.035362764195E10 647213.8 973378 3.0860705912592E11 647213.8 80 5 225 4720 295 13275
54000.0 16452 1.053051086323E10 658173.13 989830 3.1913756998915E11 658173.13 80 5 225 4800 300 13500
54900.0 16560 1.074348439007E10 669132.46 1006390 3.2988105437922E11 669132.46 80 5 225 4880 305 13725
55800.0 16524 1.090850144021E10 680091.79 1022914 3.4078955581943E11 680091.79 80 5 225 4960 310 13950
56700.0 16452 1.106124966861E10 691051.12 1039366 3.5185080548804E11 691051.12 80 5 225 5040 315 14175
57600.0 16452 1.123813288989E10 702010.45 1055818 3.6308893837793E11 702010.45 80 5 225 5120 320 14400
58500.0 16560 1.145347363203E10 712969.78 1072378 3.7454241200995E11 712969.78 80 5 225 5200 325 14625
59400.0 16530 1.16177016104E10 723929.11 1088908 3.8616011362036E11 723929.11 80 5 225 5280 330 14850
60300.0 16455 1.176887335014E10 734888.65 1105363 3.9792898697049E11 734888.65 80 5 225 5360 335 15075
61200.0 16452 1.194576118645E10 745848.34 1121815 4.0987474815694E11 745848.34 80 5 225 5440 340 15300
62100.0 16560 1.216347213945E10 756807.67 1138375 4.2203822029639E11 756807.67 80 5 225 5520 345 15525
63000.0 16524 1.232691103576E10 767767.01 1154899 4.3436513133215E11 767767.01 80 5 225 5600 350 15750
63900.0 16452 1.247650295648E10 778726.33 1171351 4.4684163428863E11 778726.33 80 5 225 5680 355 15975
64800.0 16452 1.265338617776E10 789685.66 1187803 4.594950204664E11 789685.66 80 5 225 5760 360 16200
65700.0 16560 1.287354234483E10 800644.99 1204363 4.7236856281123E11 800644.99 80 5 225 5840 365 16425
66600.0 16524 1.303611120595E10 811604.33 1220887 4.8540467401718E11 811604.33 80 5 225 5920 370 16650
67500.0 16452 1.318412498314E10 822563.65 1237339 4.9858879900032E11 822563.65 80 5 225 6000 375 16875
68400.0 16452 1.336100820442E10 833522.98 1253791 5.1194980720473E11 833522.98 80 5 225 6080 380 17100
69300.0 16560 1.358345061436E10 844482.31 1270351 5.255332578191E11 844482.31 80 5 225 6160 385 17325
70200.0 16524 1.374531136714E10 855441.65 1286875 5.3927856918623E11 855441.65 80 5 225 6240 390 17550
71100.0 16452 1.389174700979E10 866400.98 1303327 5.5317031619603E11 866400.98 80 5 225 6320 395 17775
72000.0 16453 1.4068630265E10 877360.31 1319780 5.6723894646103E11 877360.31 80 5 225 6400 400 18000
72900.0 16560 1.429344503755E10 888320.2 1336340 5.8153239149858E11 888320.2 80 5 225 6480 405 18225
73800.0 16524 1.445452083728E10 899279.54 1352864 5.9598691233586E11 899279.54 80 5 225 6560 410 18450
74700.0 16452 1.459937830672E10 910238.87 1369316 6.1058629064258E11 910238.87 80 5 225 6640 415 18675
75600.0 16452 1.4776261528E10 921198.2 1385768 6.2536255217058E11 921198.2 80 5 225 6720 420 18900
76500.0 16560 1.500351936299E10 932157.53 1402328 6.4036607153357E11 932157.53 80 5 225 6800 425 19125
77400.0 16524 1.516372100747E10 943116.86 1418852 6.5552979254103E11 943116.86 80 5 225 6880 430 19350
78300.0 16452 1.530700033337E10 954076.19 1435304 6.7083679287441E11 954076.19 80 5 225 6960 435 19575
79200.0 16452 1.548388355465E10 965035.52 1451756 6.8632067642906E11 965035.52 80 5 225 7040 440 19800
80100.0 16560 1.571342764152E10 975994.85 1468316 7.0203410407058E11 975994.85 80 5 225 7120 445 20025
81000.0 16524 1.587292534798E10 986954.18 1484840 7.1790702941856E11 986954.18 80 5 225 7200 450 20250
81900.0 16452 1.601462235997E10 997913.51 1501292 7.3392165177854E11 997913.51 80 5 225 7280 455 20475
82800.0 16452 1.619150558125E10 1008872.84 1517744 7.5011315735979E11 1008872.84 80 5 225 7360 460 20700
83700.0 16560 1.642349785586E10 1019832.17 1534304 7.6653665521564E11 1019832.17 80 5 225 7440 465 20925
84600.0 16524 1.658212654795E10 1030792.07 1550828 7.8311878176359E11 1030792.07 80 5 225 7520 470 21150
85500.0 16452 1.672225365765E10 1041751.41 1567280 7.9984103542124E11 1041751.41 80 5 225 7600 475 21375
86400.0 16452 1.689913687893E10 1052710.73 1583732 8.1674017230017E11 1052710.73 80 5 225 7680 480 21600
87300.0 16560 1.713341541842E10 1063670.06 1600292 8.3387358771859E11 1063670.06 80 5 225 7760 485 21825
88200.0 16524 1.729133497101E10 1074629.4 1616816 8.511649226896E11 1074629.4 80 5 225 7840 490 22050
89100.0 16452 1.742987568425E10 1085588.73 1633268 8.6859479837385E11 1085588.73 80 5 225 7920 495 22275
90000.0 16452 1.760675890553E10 1096548.05 1649720 8.8620155727938E11 1096548.05 80 5 225 8000 500 22500
90900.0 16560 1.784348563276E10 1107507.38 1666280 9.0404504291214E11 1107507.38 80 5 225 8080 505 22725
91800.0 16524 1.800053097088E10 1118466.72 1682804 9.2204557388301E11 1118466.72 80 5 225 8160 510 22950
92700.0 16452 1.813749771091E10 1129426.05 1699256 9.4018307159392E11 1129426.05 80 5 225 8240 515 23175
93600.0 16452 1.831438093219E10 1140385.37 1715708 9.5849745252611E11 1140385.37 80 5 225 8320 520 23400
94500.0 16560 1.855339391129E10 1151344.7 1732268 9.770508464374E11 1151344.7 80 5 225 8400 525 23625
95400.0 16524 1.870973531139E10 1162304.04 1748792 9.957605817488E11 1162304.04 80 5 225 8480 530 23850
96300.0 16452 1.884512498028E10 1173263.93 1765244 1.01460570672907E12 1173263.93 80 5 225 8560 535 24075
97200.0 16452 1.902201222992E10 1184223.27 1781696 1.03362771895899E12 1184223.27 80 5 225 8640 540 24300
98100.0 16561 1.926339245534E10 1195182.6 1798257 1.05289111141433E12 1195182.6 80 5 225 8720 545 24525
99000.0 16524 1.941894060301E10 1206141.93 1814781 1.07231005201734E12 1206141.93 80 5 225 8800 550 24750
99900.0 16452 1.95527510353E10 1217101.26 1831233 1.09186280305264E12 1217101.26 80 5 225 8880 555 24975
100800.0 16452 1.972963425658E10 1228060.59 1847685 1.11159243730922E12 1228060.59 80 5 225 8960 560 25200
101700.0 16560 1.99733816973E10 1239019.92 1864245 1.13156581900652E12 1239019.92 80 5 225 9040 565 25425
102600.0 16524 2.012814078221E10 1249979.25 1880769 1.15169395978872E12 1249979.25 80 5 225 9120 570 25650
103500.0 16452 2.026037306195E10 1260938.58 1897221 1.17195433285068E12 1260938.58 80 5 225 9200 575 25875
104400.0 16452 2.043725628323E10 1271897.91 1913673 1.19239158913391E12 1271897.91 80 5 225 9280 580 26100
105300.0 16560 2.068337094826E10 1282857.24 1930233 1.21307496008217E12 1282857.24 80 5 225 9360 585 26325
106200.0 16524 2.08373409434E10 1293816.57 1946757 1.23391230102557E12 1293816.57 80 5 225 9440 590 26550
107100.0 16458 2.096799508861E10 1304775.9 1963215 1.25488029611419E12 1304775.9 80 5 225 9520 595 26775
108000.0 16454 2.114488303798E10 1315735.76 1979669 1.27602517915217E12 1315735.76 80 5 225 9600 600 27000
108900.0 16560 2.13933690413E10 1326695.13 1996229 1.29741854819346E12 1326695.13 80 5 225 9680 605 27225
109800.0 16524 2.154655039685E10 1337654.47 2012753 1.31896509859031E12 1337654.47 80 5 225 9760 610 27450
110700.0 16452 2.167562636894E10 1348613.8 2029205 1.34064072495925E12 1348613.8 80 5 225 9840 615 27675
111600.0 16452 2.185250959022E10 1359573.12 2045657 1.36249323454947E12 1359573.12 80 5 225 9920 620 27900
112500.0 16560 2.210335871681E10 1370532.45 2062217 1.38459659326629E12 1370532.45 80 5 225 10000 625 28125
113400.0 16524 2.225575055815E10 1381491.79 2078741 1.40685234382444E12 1381491.79 80 5 225 10080 630 28350
114300.0 16452 2.238324839571E10 1392451.12 2095193 1.42923559222015E12 1392451.12 80 5 225 10160 635 28575
115200.0 16452 2.256013161699E10 1403410.44 2111645 1.45179572383713E12 1403410.44 80 5 225 10240 640 28800
116100.0 16560 2.281334794088E10 1414369.77 2128205 1.47460907177802E12 1414369.77 80 5 225 10320 645 29025
117000.0 16524 2.296495073745E10 1425329.11 2144729 1.49757402251547E12 1425329.11 80 5 225 10400 650 29250
117900.0 16452 2.309087042247E10 1436288.44 2161181 1.52066489293794E12 1436288.44 80 5 225 10480 655 29475
118800.0 16453 2.326775364375E10 1447247.76 2177634 1.54393264658169E12 1447247.76 80 5 225 10560 660 29700
119700.0 16560 2.352334007456E10 1458207.43 2194194 1.56745598665625E12 1458207.43 80 5 225 10640 665 29925
120600.0 16524 2.367415809449E10 1469167.0 2210718 1.59113014475074E12 1469167.0 80 5 225 10720 670 30150
121500.0 16452 2.379850167153E10 1480126.33 2227170 1.61492864642227E12 1480126.33 80 5 225 10800 675 30375
122400.0 16452 2.397538489281E10 1491085.66 2243622 1.63890403131509E12 1491085.66 80 5 225 10880 680 30600
123300.0 16560 2.423333568717E10 1502044.98 2260182 1.66313736700225E12 1502044.98 80 5 225 10960 685 30825
124200.0 16524 2.438336032092E10 1513004.32 2276706 1.68752072732317E12 1513004.32 80 5 225 11040 690 31050
125100.0 16452 2.45061236983E10 1523963.65 2293158 1.71202685102147E12 1523963.65 80 5 225 11120 695 31275
126000.0 16452 2.468300691958E10 1534922.98 2309610 1.73670985794105E12 1534922.98 80 5 225 11200 700 31500
126900.0 16560 2.494332493824E10 1545882.3 2326170 1.76165318287928E12 1545882.3 80 5 225 11280 705 31725
127800.0 16524 2.509256049122E10 1556841.64 2342694 1.7867457433705E12 1556841.64 80 5 225 11360 710 31950
128700.0 16452 2.521374572506E10 1567800.97 2359146 1.81195948909557E12 1567800.97 80 5 225 11440 715 32175
129600.0 16452 2.539062894634E10 1578760.3 2375598 1.83735011804191E12 1578760.3 80 5 225 11520 720 32400
130500.0 16560 2.565331418931E10 1589719.63 2392158 1.86300343223122E12 1589719.63 80 5 225 11600 725 32625
131400.0 16524 2.580176202132E10 1600679.11 2408682 1.88880519425254E12 1600679.11 80 5 225 11680 730 32850
132300.0 16452 2.592137350377E10 1611638.86 2425134 1.91472656775631E12 1611638.86 80 5 225 11760 735 33075
133200.0 16452 2.609826021384E10 1622598.19 2441586 1.94082482797015E12 1622598.19 80 5 225 11840 740 33300
134100.0 16560 2.636331269402E10 1633557.52 2458146 1.96718814066418E12 1633557.52 80 5 225 11920 745 33525
135000.0 16524 2.651097009316E10 1644516.86 2474670 1.99369911075734E12 1644516.86 80 5 225 12000 750 33750
135900.0 16452 2.662899901933E10 1655476.18 2491122 2.02032810977667E12 1655476.18 80 5 225 12080 755 33975
136800.0 16452 2.680588224061E10 1666435.51 2507574 2.04713399201727E12 1666435.51 80 5 225 12160 760 34200
137700.0 16560 2.707330192709E10 1677394.84 2524134 2.07420729394437E12 1677394.84 80 5 225 12240 765 34425
138600.0 16524 2.722017025447E10 1688354.18 2540658 2.10142746419883E12 1688354.18 80 5 225 12320 770 34650
139500.0 16452 2.733662104609E10 1699313.5 2557110 2.12876408524492E12 1699313.5 80 5 225 12400 775 34875
140400.0 16452 2.751350426737E10 1710272.83 2573562 2.15627758951229E12 1710272.83 80 5 225 12480 780 35100
141300.0 16560 2.778329117816E10 1721232.16 2590122 2.18406088069046E12 1721232.16 80 5 225 12560 785 35325
142200.0 16524 2.792937043377E10 1732191.5 2606646 2.21199025112423E12 1732191.5 80 5 225 12640 790 35550
143100.0 16452 2.804424307286E10 1743150.82 2623098 2.24003449419708E12 1743150.82 80 5 225 12720 795 35775
144000.0 16452 2.822113153972E10 1754110.72 2639550 2.2682556257368E12 1754110.72 80 5 225 12800 800 36000
144900.0 16560 2.849328972232E10 1765070.05 2656110 2.29674891545912E12 1765070.05 80 5 225 12880 805 36225
145800.0 16524 2.863857988682E10 1776029.39 2672634 2.32538749534594E12 1776029.39 80 5 225 12960 810 36450
146700.0 16452 2.875187437069E10 1786988.72 2689086 2.35413936971664E12 1786988.72 80 5 225 13040 815 36675
147600.0 16452 2.892875759197E10 1797948.05 2705538 2.38306812730861E12 1797948.05 80 5 225 13120 820 36900
148500.0 16560 2.920327896439E10 1808907.37 2722098 2.412271406273E12 1808907.37 80 5 225 13200 825 37125
149400.0 16524 2.934778006612E10 1819866.71 2738622 2.44161918633912E12 1819866.71 80 5 225 13280 830 37350
150300.0 16452 2.945949639746E10 1830826.04 2755074 2.47107868273658E12 1830826.04 80 5 225 13360 835 37575
151200.0 16452 2.963637961874E10 1841785.37 2771526 2.50071506235532E12 1841785.37 80 5 225 13440 840 37800
152100.0 16560 2.991326819746E10 1852744.69 2788086 2.53062833055278E12 1852744.69 80 5 225 13520 845 38025
153000.0 16524 3.005698022748E10 1863704.03 2804610 2.56068531078026E12 1863704.03 80 5 225 13600 850 38250
153900.0 16452 3.016711842428E10 1874663.36 2821062 2.59085242920454E12 1874663.36 80 5 225 13680 855 38475
154800.0 16461 3.034400179044E10 1885622.69 2837523 2.62119643099498E12 1885622.69 80 5 225 13760 860 38700
155700.0 16560 3.06232626063E10 1896582.58 2854083 2.65181969360127E12 1896582.58 80 5 225 13840 865 38925
156600.0 16524 3.076618969858E10 1907541.93 2870607 2.68258588329986E12 1907541.93 80 5 225 13920 870 39150
157500.0 16452 3.087474972212E10 1918501.25 2887059 2.71346063302197E12 1918501.25 80 5 225 14000 875 39375
158400.0 16452 3.10516329434E10 1929460.58 2903511 2.74451226596537E12 1929460.58 80 5 225 14080 880 39600
159300.0 16560 3.133333694717E10 1940419.91 2920071 2.77584560291254E12 1940419.91 80 5 225 14160 885 39825
160200.0 16524 3.147538985988E10 1951379.25 2936595 2.80732099277243E12 1951379.25 80 5 225 14240 890 40050
161100.0 16452 3.158237174888E10 1962338.58 2953047 2.83890336452131E12 1962338.58 80 5 225 14320 895 40275
162000.0 16452 3.175925497016E10 1973297.9 2969499 2.87066261949147E12 1973297.9 80 5 225 14400 900 40500
162900.0 16560 3.204324522581E10 1984257.23 2986059 2.90270586471728E12 1984257.23 80 5 225 14480 905 40725
163800.0 16524 3.218459421837E10 1995216.57 3002583 2.93489045893566E12 1995216.57 80 5 225 14560 910 40950
164700.0 16452 3.228999377545E10 2006175.9 3019035 2.96718045271111E12 2006175.9 80 5 225 14640 915 41175
165600.0 16452 3.246687699667E10 2017135.22 3035487 2.99964732970778E12 2017135.22 80 5 225 14720 920 41400
166500.0 16561 3.275331543099E10 2028094.55 3052048 3.03240064513878E12 2028094.55 80 5 225 14800 925 41625
167400.0 16524 3.289379540918E10 2039054.45 3068572 3.06529444054796E12 2039054.45 80 5 225 14880 930 41850
168300.0 16452 3.299762507299E10 2050013.79 3085024 3.09829206562095E12 2050013.79 80 5 225 14960 935 42075
169200.0 16452 3.317450829421E10 2060973.12 3101476 3.13146657391516E12 2060973.12 80 5 225 15040 940 42300
170100.0 16560 3.346323301142E10 2071932.45 3118036 3.16492980692658E12 2071932.45 80 5 225 15120 945 42525
171000.0 16524 3.360300384108E10 2082891.78 3134560 3.19853281076766E12 2082891.78 80 5 225 15200 950 42750
171900.0 16452 3.370524709941E10 2093851.11 3151012 3.23223805786706E12 2093851.11 80 5 225 15280 955 42975
172800.0 16452 3.388213032062E10 2104810.44 3167464 3.26612018818769E12 2104810.44 80 5 225 15360 960 43200
173700.0 16560 3.417322225314E10 2115769.77 3184024 3.30029341044083E12 2115769.77 80 5 225 15440 965 43425
174600.0 16524 3.43121998407E10 2126729.1 3200548 3.33460561028153E12 2126729.1 80 5 225 15520 970 43650
175500.0 16452 3.441286912582E10 2137688.43 3217000 3.36901847940735E12 2137688.43 80 5 225 15600 975 43875
176400.0 16452 3.458975234704E10 2148647.76 3233452 3.40360823175439E12 2148647.76 80 5 225 15680 980 44100
177300.0 16560 3.488321150385E10 2159607.09 3250012 3.43849144325824E12 2159607.09 80 5 225 15760 985 44325
178200.0 16524 3.502140001065E10 2170566.42 3266536 3.47351284326889E12 2170566.42 80 5 225 15840 990 44550
179100.0 16452 3.51204949806E10 2181526.22 3282988 3.50863333824949E12 2181526.22 80 5 225 15920 995 44775
180000.0 16452 3.529738279473E10 2192485.65 3299440 3.54393072104421E12 2192485.65 80 5 225 16000 1000 45000
180900.0 16560 3.55932100179E10 2203444.98 3316000 3.57952393106212E12 2203444.98 80 5 225 16080 1005 45225
181800.0 16524 3.573060943358E10 2214404.32 3332524 3.6152545404957E12 2214404.32 80 5 225 16160 1010 45450
182700.0 16452 3.582812241104E10 2225363.64 3348976 3.65108266290674E12 2225363.64 80 5 225 16240 1015 45675
183600.0 16452 3.600500563226E10 2236322.97 3365428 3.687087668539E12 2236322.97 80 5 225 16320 1020 45900
184500.0 16560 3.630319923257E10 2247282.3 3381988 3.72339086777156E12 2247282.3 80 5 225 16400 1025 46125
185400.0 16524 3.643980960348E10 2258241.64 3398512 3.75983067737504E12 2258241.64 80 5 225 16480 1030 46350
186300.0 16452 3.65357444374E10 2269200.96 3414964 3.79636642181243E12 2269200.96 80 5 225 16560 1035 46575
187200.0 16452 3.671262765862E10 2280160.29 3431416 3.83307904947105E12 2280160.29 80 5 225 16640 1040 46800
188100.0 16560 3.701318850123E10 2291119.62 3447976 3.87009223797228E12 2291119.62 80 5 225 16720 1045 47025
189000.0 16524 3.714900977337E10 2302078.96 3464500 3.90724124774565E12 2302078.96 80 5 225 16800 1050 47250
189900.0 16452 3.724336646376E10 2313038.28 3480952 3.9444846142094E12 2313038.28 80 5 225 16880 1055 47475
190800.0 16452 3.74202518253E10 2323997.88 3497404 3.98190486603471E12 2323997.88 80 5 225 16960 1060 47700
191700.0 16560 3.772318448472E10 2334957.51 3513964 4.01962805051942E12 2334957.51 80 5 225 17040 1065 47925
192600.0 16525 3.785821918723E10 2345916.85 3530489 4.05748626970666E12 2345916.85 80 5 225 17120 1070 48150
193500.0 16452 3.795099771351E10 2356876.18 3546941 4.09543726742017E12 2356876.18 80 5 225 17200 1075 48375
194400.0 16452 3.812788093473E10 2367835.5 3563393 4.1335651483549E12 2367835.5 80 5 225 17280 1080 48600
195300.0 16560 3.843317622081E10 2378794.83 3579953 4.17199832457571E12 2378794.83 80 5 225 17360 1085 48825
196200.0 16524 3.856741935713E10 2389754.17 3596477 4.21056574393284E12 2389754.17 80 5 225 17440 1090 49050
197100.0 16452 3.865861973987E10 2400713.5 3612929 4.24922436367271E12 2400713.5 80 5 225 17520 1095 49275
198000.0 16452 3.883550296109E10 2411672.82 3629381 4.2880598666338E12 2411672.82 80 5 225 17600 1100 49500
198900.0 16560 3.914316547147E10 2422632.15 3645941 4.32720303210527E12 2422632.15 80 5 225 17680 1105 49725
199800.0 16524 3.927661952702E10 2433591.49 3662465 4.36647965163229E12 2433591.49 80 5 225 17760 1110 49950
200700.0 16452 3.936624176623E10 2444550.82 3678917 4.40584589339852E12 2444550.82 80 5 225 17840 1115 50175
201600.0 16453 3.954312498745E10 2455510.15 3695370 4.44538901838598E12 2455510.15 80 5 225 17920 1120 50400
202500.0 16567 3.985315533694E10 2466469.54 3711937 4.48524217372292E12 2466469.54 80 5 225 18000 1125 50625
203400.0 16524 3.998582542146E10 2477429.38 3728461 4.52522799914438E12 2477429.38 80 5 225 18080 1130 50850
204300.0 16452 4.007387304004E10 2488388.71 3744913 4.56530187218442E12 2488388.71 80 5 225 18160 1135 51075
205200.0 16452 4.025075626126E10 2499348.04 3761365 4.60555262844567E12 2499348.04 80 5 225 18240 1140 51300
206100.0 16560 4.056315321517E10 2510307.37 3777925 4.64611578166085E12 2510307.37 80 5 225 18320 1145 51525
207000.0 16524 4.069502913477E10 2521266.7 3794449 4.68681081079562E12 2521266.7 80 5 225 18400 1150 51750
207900.0 16452 4.078149506629E10 2532226.03 3810901 4.72759230586191E12 2532226.03 80 5 225 18480 1155 51975
208800.0 16452 4.095837828751E10 2543185.36 3827353 4.76855068414941E12 2543185.36 80 5 225 18560 1160 52200
209700.0 16560 4.127314248373E10 2554144.69 3843913 4.80982382663314E12 2554144.69 80 5 225 18640 1165 52425
210600.0 16524 4.140422930445E10 2565104.02 3860437 4.85122805593759E12 2565104.02 80 5 225 18720 1170 52650
211500.0 16452 4.148911709243E10 2576063.35 3876889 4.89271717303002E12 2576063.35 80 5 225 18800 1175 52875
212400.0 16452 4.166600031365E10 2587022.68 3893341 4.93438317334367E12 2587022.68 80 5 225 18880 1180 53100
213300.0 16560 4.198313169817E10 2597982.01 3909901 4.97636630504184E12 2597982.01 80 5 225 18960 1185 53325
214200.0 16525 4.211342969662E10 2608941.34 3926426 5.01847973473846E12 2608941.34 80 5 225 19040 1190 53550
215100.0 16452 4.219674436131E10 2619901.24 3942878 5.06067647909977E12 2619901.24 80 5 225 19120 1195 53775
216000.0 16452 4.237363161092E10 2630860.57 3959330 5.10305011071069E12 2630860.57 80 5 225 19200 1200 54000
216900.0 16560 4.269313026876E10 2641819.9 3975890 5.14574324097945E12 2641819.9 80 5 225 19280 1205 54225
217800.0 16524 4.282263893561E10 2652779.24 3992414 5.18856587991506E12 2652779.24 80 5 225 19360 1210 54450
218700.0 16452 4.290437041584E10 2663738.57 4008866 5.2314702503309E12 2663738.57 80 5 225 19440 1215 54675
219600.0 16452 4.308125363706E10 2674697.89 4025318 5.27455150396796E12 2674697.89 80 5 225 19520 1220 54900
220500.0 16560 4.34031194922E10 2685657.22 4041878 5.31795462346017E12 2685657.22 80 5 225 19600 1225 55125
221400.0 16524 4.353183910529E10 2696616.56 4058402 5.36148646256546E12 2696616.56 80 5 225 19680 1230 55350
222300.0 16452 4.361199244193E10 2707575.89 4074854 5.40509845500739E12 2707575.89 80 5 225 19760 1235 55575
223200.0 16452 4.378887566315E10 2718535.21 4091306 5.44888733067054E12 2718535.21 80 5 225 19840 1240 55800
224100.0 16560 4.411310874259E10 2729494.54 4107866 5.49300043941313E12 2729494.54 80 5 225 19920 1245 56025
225000.0 16524 4.424103927491E10 2740453.88 4124390 5.53724147868804E12 2740453.88 80 5 225 20000 1250 56250
225900.0 16452 4.431961446802E10 2751413.21 4140842 5.58156109315606E12 2751413.21 80 5 225 20080 1255 56475
226800.0 16452 4.449650293484E10 2762373.1 4157294 5.6260575960909E12 2762373.1 80 5 225 20160 1260 56700
227700.0 16560 4.482310727713E10 2773332.44 4173854 5.67088070336803E12 2773332.44 80 5 225 20240 1265 56925
228600.0 16524 4.495024873634E10 2784291.77 4190378 5.71583095210437E12 2784291.77 80 5 225 20320 1270 57150
229500.0 16452 4.502724576524E10 2795251.1 4206830 5.76085819786961E12 2795251.1 80 5 225 20400 1275 57375
230400.0 16452 4.520412898645E10 2806210.43 4223282 5.80606232685606E12 2806210.43 80 5 225 20480 1280 57600
231300.0 16560 4.553309652752E10 2817169.76 4239842 5.85159542338358E12 2817169.76 80 5 225 20560 1285 57825
232200.0 16524 4.565944890596E10 2828129.09 4256366 5.89725487228954E12 2828129.09 80 5 225 20640 1290 58050
233100.0 16452 4.573486779132E10 2839088.42 4272818 5.94298974008086E12 2839088.42 80 5 225 20720 1295 58275
234000.0 16452 4.591175101254E10 2850047.75 4289270 5.98890149109341E12 2850047.75 80 5 225 20800 1300 58500
234900.0 16560 4.624308575991E10 2861007.08 4305830 6.03514457685332E12 2861007.08 80 5 225 20880 1305 58725
235800.0 16524 4.636864907559E10 2871966.42 4322354 6.0815132259289E12 2871966.42 80 5 225 20960 1310 58950
236700.0 16452 4.644248981741E10 2882925.74 4338806 6.12795571574631E12 2882925.74 80 5 225 21040 1315 59175
237600.0 16452 4.661937303863E10 2893885.07 4355258 6.17457508878494E12 2893885.07 80 5 225 21120 1320 59400
238500.0 16560 4.695307954106E10 2904844.96 4371818 6.221528168326E12 2904844.96 80 5 225 21200 1325 59625
239400.0 16524 4.707785853663E10 2915804.31 4388342 6.26860602686263E12 2915804.31 80 5 225 21280 1330 59850
240300.0 16453 4.715012111463E10 2926763.64 4404795 6.31575614797726E12 2926763.64 80 5 225 21360 1335 60075
241200.0 16452 4.732700433585E10 2937722.97 4421247 6.3630831523131E12 2937722.97 80 5 225 21440 1340 60300
242100.0 16560 4.766307354483E10 2948682.29 4437807 6.41074622585794E12 2948682.29 80 5 225 21520 1345 60525
243000.0 16524 4.778705870664E10 2959641.63 4454331 6.45853328456457E12 2959641.63 80 5 225 21600 1350 60750
243900.0 16452 4.785774314072E10 2970600.96 4470783 6.50639102770529E12 2970600.96 80 5 225 21680 1355 60975
244800.0 16452 4.803462636194E10 2981560.29 4487235 6.55442565406722E12 2981560.29 80 5 225 21760 1360 61200
245700.0 16560 4.837306279522E10 2992519.61 4503795 6.60279871686245E12 2992519.61 80 5 225 21840 1365 61425
246600.0 16524 4.849625887626E10 3003478.95 4520319 6.65129497573871E12 3003478.95 80 5 225 21920 1370 61650
247500.0 16452 4.856536516681E10 3014438.28 4536771 6.69986034090551E12 3014438.28 80 5 225 22000 1375 61875
248400.0 16452 4.874224838802E10 3025397.61 4553223 6.74860258929354E12 3025397.61 80 5 225 22080 1380 62100
249300.0 16566 4.908305203657E10 3036356.93 4569789 6.79768564133011E12 3036356.93 80 5 225 22160 1385 62325
250200.0 16526 4.920546256943E10 3047316.66 4586315 6.84689110389954E12 3047316.66 80 5 225 22240 1390 62550
251100.0 16452 4.927299495198E10 3058276.17 4602767 6.89616409885152E12 3058276.17 80 5 225 22320 1395 62775
252000.0 16452 4.944987963207E10 3069235.5 4619219 6.94561397848359E12 3069235.5 80 5 225 22400 1400 63000
252900.0 16560 4.979305051776E10 3080194.83 4635779 6.99540702900135E12 3080194.83 80 5 225 22480 1405 63225
253800.0 16524 4.991466845402E10 3091154.16 4652303 7.04532169745538E12 3091154.16 80 5 225 22560 1410 63450
254700.0 16452 4.998061843694E10 3102113.49 4668755 7.09530231589232E12 3102113.49 80 5 225 22640 1415 63675
255600.0 16452 5.015750165816E10 3113072.82 4685207 7.14545981755048E12 3113072.82 80 5 225 22720 1420 63900
256500.0 16560 5.050303976815E10 3124032.15 4701767 7.19596285731863E12 3124032.15 80 5 225 22800 1425 64125
257400.0 16524 5.062386862365E10 3134991.48 4718291 7.24658672594228E12 3134991.48 80 5 225 22880 1430 64350
258300.0 16452 5.068824046303E10 3145950.81 4734743 7.29727496640531E12 3145950.81 80 5 225 22960 1435 64575
259200.0 16452 5.086512368425E10 3156910.14 4751195 7.34814009008956E12 3156910.14 80 5 225 23040 1440 64800
260100.0 16560 5.121302900054E10 3167869.47 4767755 7.3993531190901E12 3167869.47 80 5 225 23120 1445 65025
261000.0 16525 5.133306879317E10 3178828.8 4784280 7.45068618788327E12 3178828.8 80 5 225 23200 1450 65250
261900.0 16452 5.139586404274E10 3189788.33 4800732 7.50208205192601E12 3189788.33 80 5 225 23280 1455 65475
262800.0 16452 5.157275191631E10 3200748.03 4817184 7.55365480384232E12 3200748.03 80 5 225 23360 1460 65700
263700.0 16560 5.192310848193E10 3211707.36 4833744 7.60557791232426E12 3211707.36 80 5 225 23440 1465 65925
264600.0 16524 5.204227822007E10 3222666.7 4850268 7.65762019054433E12 3222666.7 80 5 225 23520 1470 66150
265500.0 16452 5.210349375178E10 3233626.02 4866720 7.70972368429611E12 3233626.02 80 5 225 23600 1475 66375
266400.0 16452 5.2280376973E10 3244585.35 4883172 7.76200406126911E12 3244585.35 80 5 225 23680 1480 66600
267300.0 16560 5.26330167508E10 3255544.68 4899732 7.81463707801991E12 3255544.68 80 5 225 23760 1485 66825
268200.0 16524 5.275148256912E10 3266504.02 4916256 7.86738856058904E12 3266504.02 80 5 225 23840 1490 67050
269100.0 16452 5.281111577798E10 3277463.34 4932708 7.92019967636702E12 3277463.34 80 5 225 23920 1495 67275
270000.0 16452 5.29879989992E10 3288422.67 4949160 7.97318767536621E12 3288422.67 80 5 225 24000 1500 67500
270900.0 16560 5.334308697377E10 3299382.0 4965720 8.02653076233998E12 3299382.0 80 5 225 24080 1505 67725
271800.0 16524 5.346067855053E10 3310341.34 4982244 8.07999144089051E12 3310341.34 80 5 225 24160 1510 67950
272700.0 16452 5.351873780418E10 3321300.67 4998696 8.13351017869469E12 3321300.67 80 5 225 24240 1515 68175
273600.0 16452 5.369562102539E10 3332259.99 5015148 8.18720579972008E12 3332259.99 80 5 225 24320 1520 68400
274500.0 16560 5.405300038258E10 3343219.89 5031708 8.24125880010266E12 3343219.89 80 5 225 24400 1525 68625
275400.0 16524 5.416989220039E10 3354179.23 5048232 8.29542869230305E12 3354179.23 80 5 225 24480 1530 68850
276300.0 16452 5.42263691015E10 3365138.56 5064684 8.34965506140455E12 3365138.56 80 5 225 24560 1535 69075
277200.0 16452 5.440325232272E10 3376097.89 5081136 8.40405831372727E12 3376097.89 80 5 225 24640 1540 69300
278100.0 16560 5.476299379544E10 3387057.22 5097696 8.4588213075227E12 3387057.22 80 5 225 24720 1545 69525
279000.0 16524 5.48790881818E10 3398016.55 5114220 8.5137003957045E12 3398016.55 80 5 225 24800 1550 69750
279900.0 16452 5.49339911277E10 3408975.88 5130672 8.5686343868322E12 3408975.88 80 5 225 24880 1555 69975
280800.0 16452 5.511087434891E10 3419935.21 5147124 8.62374526118111E12 3419935.21 80 5 225 24960 1560 70200
281700.0 16560 5.547306398241E10 3430894.54 5163684 8.67921832516352E12 3430894.54 80 5 225 25040 1565 70425
282600.0 16524 5.558828836053E10 3441853.87 5180208 8.73480661352405E12 3441853.87 80 5 225 25120 1570 70650
283500.0 16452 5.564161315389E10 3452813.2 5196660 8.79044822667794E12 3452813.2 80 5 225 25200 1575 70875
284400.0 16452 5.581849637511E10 3463772.53 5213112 8.84626672305305E12 3463772.53 80 5 225 25280 1580 71100
285300.0 16560 5.618297226944E10 3474731.86 5229672 8.90244969532249E12 3474731.86 80 5 225 25360 1585 71325
286200.0 16524 5.629749790103E10 3485691.76 5246196 8.95874719322352E12 3485691.76 80 5 225 25440 1590 71550
287100.0 16452 5.634924445127E10 3496651.1 5262648 9.0150964376748E12 3496651.1 80 5 225 25520 1595 71775
288000.0 16453 5.652612767249E10 3507610.42 5279101 9.07162256534728E12 3507610.42 80 5 225 25600 1600 72000
288900.0 16560 5.68930517856E10 3518569.75 5295661 9.12851561713288E12 3518569.75 80 5 225 25680 1605 72225
289800.0 16524 5.700669799196E10 3529529.09 5312185 9.18552231512484E12 3529529.09 80 5 225 25760 1610 72450
290700.0 16452 5.705686647758E10 3540488.42 5328637 9.24257918160242E12 3540488.42 80 5 225 25840 1615 72675
291600.0 16452 5.723374969879E10 3551447.74 5345089 9.29981293130121E12 3551447.74 80 5 225 25920 1620 72900
292500.0 16560 5.760296005474E10 3562407.07 5361649 9.35741589135595E12 3562407.07 80 5 225 26000 1625 73125
293400.0 16524 5.771590234112E10 3573366.41 5378173 9.41513179369707E12 3573366.41 80 5 225 26080 1630 73350
294300.0 16452 5.776448850388E10 3584325.74 5394625 9.47289628220095E12 3584325.74 80 5 225 26160 1635 73575
295200.0 16452 5.79413717251E10 3595285.06 5411077 9.53083765392605E12 3595285.06 80 5 225 26240 1640 73800
296100.0 16560 5.831294928735E10 3606244.39 5427637 9.5891506032134E12 3606244.39 80 5 225 26320 1645 74025
297000.0 16532 5.842509832264E10 3617203.73 5444169 9.64757570153603E12 3617203.73 80 5 225 26400 1650 74250
297900.0 16452 5.847211577292E10 3628163.62 5460621 9.70604781730895E12 3628163.62 80 5 225 26480 1655 74475
298800.0 16452 5.864900302253E10 3639122.96 5477073 9.76469682033148E12 3639122.96 80 5 225 26560 1660 74700
299700.0 16560 5.90229478401E10 3650082.29 5493633 9.82371976817158E12 3650082.29 80 5 225 26640 1665 74925
300600.0 16524 5.913430779328E10 3661041.62 5510157 9.88285407596486E12 3661041.62 80 5 225 26720 1670 75150
301500.0 16452 5.917974182762E10 3672000.95 5526609 9.94203381779247E12 3672000.95 80 5 225 26800 1675 75375
302400.0 16452 5.935662504884E10 3682960.28 5543061 1.000139044284131E13 3682960.28 80 5 225 26880 1680 75600
303300.0 16560 5.973293706375E10 3693919.61 5559621 1.006112337990506E13 3693919.61 80 5 225 26960 1685 75825
304200.0 16524 5.984350795417E10 3704878.94 5576145 1.012096688785923E13 3704878.94 80 5 225 27040 1690 76050
305100.0 16452 5.988736385398E10 3715838.27 5592597 1.01808542517132E13 3715838.27 80 5 225 27120 1695 76275
306000.0 16452 6.006424707519E10 3726797.6 5609049 1.02409184987884E13 3726797.6 80 5 225 27200 1700 76500
306900.0 16560 6.044292632341E10 3737756.93 5625609 1.03013614251118E13 3737756.93 80 5 225 27280 1705 76725
307800.0 16524 6.055270813312E10 3748716.26 5642133 1.036191413324493E13 3748716.26 80 5 225 27360 1710 76950
308700.0 16453 6.059498588039E10 3759675.59 5658586 1.042250911912531E13 3759675.59 80 5 225 27440 1715 77175
309600.0 16452 6.077187336262E10 3770635.44 5675038 1.048328099248794E13 3770635.44 80 5 225 27520 1720 77400
310500.0 16560 6.115292444527E10 3781594.82 5691598 1.05444339169332E13 3781594.82 80 5 225 27600 1725 77625
311400.0 16524 6.126191756548E10 3792554.16 5708122 1.060569583449868E13 3792554.16 80 5 225 27680 1730 77850
312300.0 16452 6.130261715758E10 3803513.49 5724574 1.066699845165625E13 3803513.49 80 5 225 27760 1735 78075
313200.0 16452 6.147950037879E10 3814472.81 5741026 1.072847795203505E13 3814472.81 80 5 225 27840 1740 78300
314100.0 16560 6.186291407034E10 3825432.14 5757586 1.079034086610539E13 3825432.14 80 5 225 27920 1745 78525
315000.0 16524 6.197111774448E10 3836391.48 5774110 1.085231198384987E13 3836391.48 80 5 225 28000 1750 78750
315900.0 16452 6.201023918404E10 3847350.81 5790562 1.091432222303391E13 3847350.81 80 5 225 28080 1755 78975
316800.0 16452 6.218712240526E10 3858310.13 5807014 1.097650934543917E13 3858310.13 80 5 225 28160 1760 79200
317700.0 16560 6.257290333011E10 3869269.46 5823574 1.103908224876929E13 3869269.46 80 5 225 28240 1765 79425
318600.0 16524 6.268032208486E10 3880228.8 5840098 1.110176257085414E13 3880228.8 80 5 225 28320 1770 79650
319500.0 16452 6.271786121056E10 3891188.13 5856550 1.11644804320647E13 3891188.13 80 5 225 28400 1775 79875
320400.0 16452 6.289474443178E10 3902147.45 5873002 1.122737517649648E13 3902147.45 80 5 225 28480 1780 80100
321300.0 16560 6.328289533281E10 3913107.11 5889562 1.12906580718293E13 3913107.11 80 5 225 28560 1785 80325
322200.0 16524 6.338952528296E10 3924066.69 5906086 1.135404759711226E13 3924066.69 80 5 225 28640 1790 80550
323100.0 16452 6.342549246165E10 3935026.02 5922538 1.141747308957391E13 3935026.02 80 5 225 28720 1795 80775
324000.0 16452 6.360237568287E10 3945985.35 5938990 1.148107546525678E13 3945985.35 80 5 225 28800 1800 81000
324900.0 16560 6.399289106919E10 3956944.67 5955550 1.154506835632598E13 3956944.67 80 5 225 28880 1805 81225
325800.0 16524 6.409872749084E10 3967904.01 5972074 1.160916708381682E13 3967904.01 80 5 225 28960 1810 81450
326700.0 16452 6.413311448823E10 3978863.34 5988526 1.167330019830505E13 3978863.34 80 5 225 29040 1815 81675
327600.0 16452 6.430999770945E10 3989822.67 6004978 1.17376101960145E13 3989822.67 80 5 225 29120 1820 81900
328500.0 16560 6.470288028408E10 4000781.99 6021538 1.180231307629858E13 4000781.99 80 5 225 29200 1825 82125
329400.0 16524 6.480792766096E10 4011741.33 6038062 1.186712100395954E13 4011741.33 80 5 225 29280 1830 82350
330300.0 16452 6.484073651481E10 4022700.66 6054514 1.193196174047435E13 4022700.66 80 5 225 29360 1835 82575
331200.0 16452 6.501761973603E10 4033659.99 6070966 1.199697936021039E13 4033659.99 80 5 225 29440 1840 82800
332100.0 16560 6.541295051661E10 4044619.31 6087526 1.2062392310727E13 4044619.31 80 5 225 29520 1845 83025
333000.0 16524 6.551713312284E10 4055578.79 6104050 1.212790944384984E13 4055578.79 80 5 225 29600 1850 83250
333900.0 16452 6.554836431698E10 4066538.55 6120502 1.219345780816682E13 4066538.55 80 5 225 29680 1855 83475
334800.0 16452 6.572525100349E10 4077497.88 6136954 1.225918305917031E13 4077497.88 80 5 225 29760 1860 83700
335700.0 16560 6.612286805764E10 4088457.21 6153514 1.232530592722795E13 4088457.21 80 5 225 29840 1865 83925
336600.0 16524 6.622633727168E10 4099416.54 6170038 1.239153226449964E13 4099416.54 80 5 225 29920 1870 84150
337500.0 16452 6.625598980885E10 4110375.87 6186490 1.245778825430849E13 4110375.87 80 5 225 30000 1875 84375
338400.0 16452 6.643287303007E10 4121335.2 6202942 1.252422112733856E13 4121335.2 80 5 225 30080 1880 84600
339300.0 16560 6.683285729053E10 4132294.53 6219502 1.259105398462909E13 4132294.53 80 5 225 30160 1885 84825
340200.0 16524 6.693554160318E10 4143253.87 6236026 1.265798952623227E13 4143253.87 80 5 225 30240 1890 85050
341100.0 16452 6.696361183549E10 4154213.19 6252478 1.272495313806776E13 4154213.19 80 5 225 30320 1895 85275
342000.0 16452 6.714049505671E10 4165172.52 6268930 1.279209363312448E13 4165172.52 80 5 225 30400 1900 85500
342900.0 16560 6.754292752311E10 4176131.85 6285490 1.285963656064759E13 4176131.85 80 5 225 30480 1905 85725
343800.0 16524 6.764473761203E10 4187091.19 6302014 1.292728129825962E13 4187091.19 80 5 225 30560 1910 85950
344700.0 16461 6.767123507167E10 4198050.51 6318475 1.29949525333313E13 4198050.51 80 5 225 30640 1915 86175
345600.0 16452 6.784812232896E10 4209010.41 6334927 1.306280065566026E13 4209010.41 80 5 225 30720 1920 86400

