# seed = 1, gamma = 0.25, beta = 1.0, dee = 100.0, dcc = 50.0, dec = 600.0, dsc = 20.0, dLocalhost = 0.015, hostBroker = EDGE, numOfCloud = 1, numOfEdge = 1, numOfSmartphone = 300 
#
# The columns have the following meaning: 
# instant[SECONDS] delayCountPartial delaySumPartial[SECONDS] delayMaxPartial[SECONDS] delayCountTot delaySumTot[SECONDS] delayMaxTot[SECONDS] runOnCloudPartial runOnEdgePartial runOnSmartphonePartial runOnCloudTot runOnEdgeTot runOnSmartphoneTot
0.0 0 0.0 0.0 0 0.0 0.0 0 0 0 0 0 0
900.0 16560 7.808326974E7 9663.98 16560 7.808326974E7 9663.98 8 2 300 8 2 300
1800.0 16524 2.2348934278E8 18673.8 33084 3.0157261253E8 18673.8 8 2 300 16 4 600
2700.0 16453 3.6850382638E8 27683.16 49537 6.7007643891E8 27683.16 8 2 300 24 6 900
3600.0 16452 5.1393269438E8 36692.5 65989 1.18400913329E9 36692.5 8 2 300 32 8 1200
4500.0 16560 6.6182066324E8 45701.85 82549 1.84582979653E9 45701.85 8 2 300 40 10 1500
5400.0 16524 8.0650950319E8 54711.2 99073 2.65233929971E9 54711.2 8 2 300 48 12 1800
6300.0 16452 9.5021934284E8 63720.54 115525 3.60255864256E9 63720.54 8 2 300 56 14 2100
7200.0 16452 1.09564821084E9 72729.89 131977 4.69820685339E9 72729.89 8 2 300 64 16 2400
8100.0 16560 1.24541476623E9 81739.23 148537 5.94362161962E9 81739.23 8 2 300 72 18 2700
9000.0 16524 1.3895188445E9 90748.59 165061 7.33314046413E9 90748.59 8 2 300 80 20 3000
9900.0 16452 1.53193485957E9 99757.93 181513 8.8650753237E9 99757.93 8 2 300 88 22 3300
10800.0 16460 1.67736435907E9 108767.36 197973 1.054243968276E10 108767.36 8 2 300 96 24 3600
11700.0 16560 1.82914879563E9 117777.19 214533 1.237158847839E10 117777.19 8 2 300 104 26 3900
12600.0 16524 1.97254449422E9 126786.55 231057 1.434413297261E10 126786.55 8 2 300 112 28 4200
13500.0 16452 2.11365962133E9 135795.89 247509 1.645779259394E10 135795.89 8 2 300 120 30 4500
14400.0 16452 2.25908848932E9 144805.24 263961 1.871688108326E10 144805.24 8 2 300 128 32 4800
15300.0 16560 2.41274710454E9 153814.58 280521 2.11296281878E10 153814.58 8 2 300 136 34 5100
16200.0 16524 2.55555383553E9 162823.94 297045 2.368518202333E10 162823.94 8 2 300 144 36 5400
17100.0 16452 2.69537513804E9 171833.28 313497 2.638055716137E10 171833.28 8 2 300 152 38 5700
18000.0 16452 2.84080400604E9 180842.63 329949 2.922136116741E10 180842.63 8 2 300 160 40 6000
18900.0 16560 2.9964086402E9 189851.97 346509 3.221776980761E10 189851.97 8 2 300 168 42 6300
19800.0 16524 3.13856668921E9 198861.32 363033 3.535633649683E10 198861.32 8 2 300 176 44 6600
20700.0 16453 3.27709117165E9 207870.73 379486 3.863342766848E10 207870.73 8 2 300 184 46 6900
21600.0 16452 3.42252452948E9 216880.58 395938 4.205595219796E10 216880.58 8 2 300 192 48 7200
22500.0 16560 3.580079446E9 225889.93 412498 4.563603164395E10 225889.93 8 2 300 200 50 7500
23400.0 16524 3.72158882971E9 234899.28 429022 4.935762047366E10 234899.28 8 2 300 208 52 7800
24300.0 16452 3.85881541966E9 243908.63 445474 5.321643589332E10 243908.63 8 2 300 216 54 8100
25200.0 16452 4.00424428765E9 252917.97 461926 5.722068018098E10 252917.97 8 2 300 224 56 8400
26100.0 16560 4.16380846808E9 261927.32 478486 6.138448864905E10 261927.32 8 2 300 232 58 8700
27000.0 16524 4.30460169271E9 270936.67 495010 6.568909034177E10 270936.67 8 2 300 240 60 9000
27900.0 16452 4.4405309367E9 279946.02 511462 7.012962127846E10 279946.02 8 2 300 248 62 9300
28800.0 16452 4.58595980469E9 288955.36 527914 7.471558108316E10 288955.36 8 2 300 256 64 9600
29700.0 16560 4.74740253569E9 297964.71 544474 7.946298361885E10 297964.71 8 2 300 264 66 9900
30600.0 16524 4.88761486475E9 306974.11 560998 8.43505984836E10 306974.11 8 2 300 272 68 10200
31500.0 16452 5.02225134868E9 315983.97 577450 8.937284983228E10 315983.97 8 2 300 280 70 10500
32400.0 16452 5.16768457501E9 324993.32 593902 9.454053440729E10 324993.32 8 2 300 288 72 10800
33300.0 16560 5.33107334692E9 334002.67 610462 9.987160775421E10 334002.67 8 2 300 296 74 11100
34200.0 16524 5.47063669286E9 343012.02 626986 1.0534224444708E11 343012.02 8 2 300 304 76 11400
35100.0 16452 5.60397122427E9 352021.37 643438 1.1094621567135E11 352021.37 8 2 300 312 78 11700
36000.0 16452 5.74940009227E9 361030.71 659890 1.1669561576362E11 361030.71 8 2 300 320 80 12000
36900.0 16560 5.91473488313E9 370040.06 676450 1.2261035064674E11 370040.06 8 2 300 328 82 12300
37800.0 16524 6.05364955614E9 379049.41 692974 1.2866400020288E11 379049.41 8 2 300 336 84 12600
38700.0 16452 6.18568674164E9 388058.76 709426 1.3484968694452E11 388058.76 8 2 300 344 86 12900
39600.0 16452 6.33111560963E9 397068.1 725878 1.4118080255415E11 397068.1 8 2 300 352 88 13200
40500.0 16560 6.49839672059E9 406077.48 742438 1.4767919927474E11 406077.48 8 2 300 360 90 13500
41400.0 16524 6.63666734996E9 415087.36 758962 1.5431586662469E11 415087.36 8 2 300 368 92 13800
42300.0 16452 6.76741150058E9 424096.72 775414 1.6108327812527E11 424096.72 8 2 300 376 94 14100
43200.0 16452 6.91284036857E9 433106.06 791866 1.6799611849385E11 433106.06 8 2 300 384 96 14400
44100.0 16560 7.08206721926E9 442115.4 808426 1.750781857131E11 442115.4 8 2 300 392 98 14700
45000.0 16524 7.21968454499E9 451124.76 824950 1.822978702581E11 451124.76 8 2 300 400 100 15000
45900.0 16452 7.349127018E9 460134.1 841402 1.896469972761E11 460134.1 8 2 300 408 102 15300
46800.0 16452 7.49455588599E9 469143.45 857854 1.9714155316209E11 469143.45 8 2 300 416 104 15600
47700.0 16560 7.665796242E9 478152.79 874414 2.0480734940409E11 478152.79 8 2 300 424 106 15900
48600.0 16524 7.80269739948E9 487162.15 890938 2.1261004680358E11 487162.15 8 2 300 432 108 16200
49500.0 16452 7.93084253553E9 496171.49 907390 2.205408893391E11 496171.49 8 2 300 440 110 16500
50400.0 16461 8.07627159613E9 505180.85 923851 2.2861716093524E11 505180.85 8 2 300 448 112 16800
51300.0 16560 8.2493948283E9 514190.75 940411 2.3686655576354E11 514190.75 8 2 300 456 114 17100
52200.0 16524 8.3857195578E9 523200.11 956935 2.4525227532134E11 523200.11 8 2 300 464 116 17400
53100.0 16452 8.51256731822E9 532209.45 973387 2.5376484263956E11 532209.45 8 2 300 472 118 17700
54000.0 16452 8.65799618623E9 541218.8 989839 2.6242283882579E11 541218.8 8 2 300 480 120 18000
54900.0 16560 8.83306113378E9 550228.14 1006399 2.7125589995957E11 550228.14 8 2 300 488 122 18300
55800.0 16524 8.9687324213E9 559237.5 1022923 2.8022463238087E11 559237.5 8 2 300 496 124 18600
56700.0 16452 9.09428283575E9 568246.84 1039375 2.8931891521662E11 568246.84 8 2 300 504 126 18900
57600.0 16452 9.23971170376E9 577256.19 1055827 2.9855862692038E11 577256.19 8 2 300 512 128 19200
58500.0 16560 9.41672267027E9 586265.53 1072387 3.0797534959065E11 586265.53 8 2 300 520 130 19500
59400.0 16524 9.5517452848E9 595274.88 1088911 3.1752709487545E11 595274.88 8 2 300 528 132 19800
60300.0 16453 9.67599838658E9 604284.23 1105364 3.2720309326202E11 604284.23 8 2 300 536 134 20100
61200.0 16452 9.82143169511E9 613294.14 1121816 3.3702452495714E11 613294.14 8 2 300 544 136 20400
62100.0 16560 1.000039350804E10 622303.49 1138376 3.4702491846517E11 622303.49 8 2 300 552 138 20700
63000.0 16524 1.013476743925E10 631312.85 1154900 3.5715968590442E11 631312.85 8 2 300 560 140 21000
63900.0 16452 1.025772314109E10 640322.19 1171352 3.674174090455E11 640322.19 8 2 300 568 142 21300
64800.0 16452 1.040315200909E10 649331.54 1187804 3.778205610546E11 649331.54 8 2 300 576 144 21600
65700.0 16560 1.05841225219E10 658340.88 1204364 3.884046835765E11 658340.88 8 2 300 584 146 21900
66600.0 16524 1.071778030275E10 667350.24 1220888 3.9912246387924E11 667350.24 8 2 300 592 148 22200
67500.0 16452 1.083943865862E10 676359.58 1237340 4.0996190253786E11 676359.58 8 2 300 600 150 22500
68400.0 16452 1.098486752662E10 685368.92 1253792 4.2094677006448E11 685368.92 8 2 300 608 152 22800
69300.0 16560 1.1167716572E10 694378.27 1270352 4.3211448663649E11 694378.27 8 2 300 616 154 23100
70200.0 16524 1.130079315724E10 703387.62 1286876 4.4341527979373E11 703387.62 8 2 300 624 156 23400
71100.0 16452 1.142115863304E10 712397.53 1303328 4.5483643842677E11 712397.53 8 2 300 632 158 23700
72000.0 16452 1.156659231523E10 721406.89 1319780 4.66403030742E11 721406.89 8 2 300 640 160 24000
72900.0 16560 1.175138741958E10 730416.23 1336340 4.7815441816157E11 730416.23 8 2 300 648 162 24300
73800.0 16524 1.188381532149E10 739425.59 1352864 4.9003823348307E11 739425.59 8 2 300 656 164 24600
74700.0 16452 1.200287896475E10 748434.93 1369316 5.0204111244782E11 748434.93 8 2 300 664 166 24900
75600.0 16452 1.214830783276E10 757444.27 1385768 5.1418942028058E11 757444.27 8 2 300 672 168 25200
76500.0 16560 1.233511642443E10 766453.62 1402328 5.2652453670501E11 766453.62 8 2 300 680 170 25500
77400.0 16524 1.246682818499E10 775462.97 1418852 5.3899136489E11 775462.97 8 2 300 688 172 25800
78300.0 16452 1.258459448228E10 784472.32 1435304 5.5157595937228E11 784472.32 8 2 300 696 174 26100
79200.0 16452 1.273002335029E10 793481.66 1451756 5.6430598272257E11 793481.66 8 2 300 704 176 26400
80100.0 16560 1.291871048354E10 802491.01 1468316 5.7722469320612E11 802491.01 8 2 300 712 178 26700
81000.0 16524 1.30498487332E10 811500.93 1484840 5.9027454193931E11 811500.93 8 2 300 720 180 27000
81900.0 16453 1.316631927083E10 820510.28 1501293 6.0344086121014E11 820510.28 8 2 300 728 182 27300
82800.0 16452 1.331174813884E10 829519.63 1517745 6.1675260934898E11 829519.63 8 2 300 736 184 27600
83700.0 16560 1.350244880844E10 838528.97 1534305 6.3025505815742E11 838528.97 8 2 300 744 186 27900
84600.0 16524 1.363286320369E10 847538.32 1550829 6.4388792136111E11 847538.32 8 2 300 752 188 28200
85500.0 16452 1.374803478831E10 856547.67 1567281 6.5763595614941E11 856547.67 8 2 300 760 190 28500
86400.0 16452 1.389346365631E10 865557.01 1583733 6.7152941980573E11 865557.01 8 2 300 768 192 28800
87300.0 16560 1.408604284949E10 874566.36 1600293 6.8561546265522E11 874566.36 8 2 300 776 194 29100
88200.0 16524 1.42158795795E10 883575.71 1616817 6.9983134223472E11 883575.71 8 2 300 784 196 29400
89100.0 16452 1.432975030578E10 892585.06 1633269 7.141610925405E11 892585.06 8 2 300 792 198 29700
90000.0 16460 1.447518013837E10 901594.4 1649729 7.2863627267886E11 901594.4 8 2 300 800 200 30000
90900.0 16560 1.466977632736E10 910604.31 1666289 7.4330604900623E11 910604.31 8 2 300 808 202 30300
91800.0 16524 1.479889821338E10 919613.67 1682813 7.5810494721961E11 919613.67 8 2 300 816 204 30600
92700.0 16452 1.491147509439E10 928623.02 1699265 7.73016422314E11 928623.02 8 2 300 824 206 30900
93600.0 16452 1.505690396239E10 937632.36 1715717 7.8807332627639E11 937632.36 8 2 300 832 208 31200
94500.0 16560 1.525337523349E10 946641.71 1732277 8.0332670150988E11 946641.71 8 2 300 840 210 31500
95400.0 16524 1.538191459825E10 955651.06 1748801 8.1870861610813E11 955651.06 8 2 300 848 212 31800
96300.0 16452 1.549319061192E10 964660.41 1765253 8.3420180672005E11 964660.41 8 2 300 856 214 32100
97200.0 16452 1.563861947992E10 973669.75 1781705 8.4984042619997E11 973669.75 8 2 300 864 216 32400
98100.0 16560 1.583703676997E10 982679.1 1798265 8.6567746296995E11 982679.1 8 2 300 872 218 32700
99000.0 16524 1.596492394038E10 991688.45 1814789 8.8164238691032E11 991688.45 8 2 300 880 220 33000
99900.0 16453 1.607490612945E10 1000697.8 1831242 8.9771729303977E11 1000697.8 8 2 300 888 222 33300
100800.0 16452 1.622033945722E10 1009707.71 1847694 9.1393763249699E11 1009707.71 8 2 300 896 224 33600
101700.0 16560 1.642070760855E10 1018717.06 1864254 9.3035834010554E11 1018717.06 8 2 300 904 226 33900
102600.0 16524 1.654794610463E10 1027726.41 1880778 9.4690628621017E11 1027726.41 8 2 300 912 228 34200
103500.0 16452 1.665663091805E10 1036735.76 1897230 9.6356291712822E11 1036735.76 8 2 300 920 230 34500
104400.0 16452 1.680205978606E10 1045745.1 1913682 9.8036497691428E11 1045745.1 8 2 300 928 232 34800
105300.0 16560 1.700436915403E10 1054754.45 1930242 9.9736934606831E11 1054754.45 8 2 300 936 234 35100
106200.0 16524 1.713095895913E10 1063763.8 1946766 1.01450030502744E12 1063763.8 8 2 300 944 236 35400
107100.0 16452 1.723834643558E10 1072773.15 1963218 1.03173865146303E12 1072773.15 8 2 300 952 238 35700
108000.0 16452 1.738377530359E10 1081782.49 1979670 1.04912242676662E12 1081782.49 8 2 300 960 240 36000
108900.0 16560 1.758803068152E10 1090791.83 1996230 1.06671045744814E12 1090791.83 8 2 300 968 242 36300
109800.0 16524 1.771397183169E10 1099801.19 2012754 1.08442442927983E12 1099801.19 8 2 300 976 244 36600
110700.0 16452 1.782006641012E10 1108811.1 2029206 1.10224449568994E12 1108811.1 8 2 300 984 246 36900
111600.0 16452 1.796550009231E10 1117820.45 2045658 1.12020999578225E12 1117820.45 8 2 300 992 248 37200
112500.0 16560 1.81717015292E10 1126829.8 2062218 1.13838169731145E12 1126829.8 8 2 300 1000 250 37500
113400.0 16524 1.829699397805E10 1135839.15 2078742 1.1566786912895E12 1135839.15 8 2 300 1008 252 37800
114300.0 16452 1.840178674194E10 1144848.5 2095194 1.17508047803143E12 1144848.5 8 2 300 1016 254 38100
115200.0 16452 1.854721560995E10 1153857.84 2111646 1.19362769364138E12 1153857.84 8 2 300 1024 256 38400
116100.0 16560 1.875536304779E10 1162867.18 2128206 1.21238305668918E12 1162867.18 8 2 300 1032 258 38700
117000.0 16524 1.888000685066E10 1171876.54 2144730 1.23126306353983E12 1171876.54 8 2 300 1040 260 39000
117900.0 16452 1.898350225958E10 1180885.88 2161182 1.25024656579941E12 1180885.88 8 2 300 1048 262 39300
118800.0 16452 1.912893112759E10 1189895.23 2177634 1.269375496927E12 1189895.23 8 2 300 1056 264 39600
119700.0 16560 1.933902461139E10 1198904.57 2194194 1.28871452153839E12 1198904.57 8 2 300 1064 266 39900
120600.0 16524 1.946302422515E10 1207914.49 2210718 1.30817754576354E12 1207914.49 8 2 300 1072 268 40200
121500.0 16452 1.956522704829E10 1216923.85 2227170 1.32774277281183E12 1216923.85 8 2 300 1080 270 40500
122400.0 16452 1.97106559163E10 1225933.19 2243622 1.34745342872813E12 1225933.19 8 2 300 1088 272 40800
123300.0 16560 1.992269543207E10 1234942.54 2260182 1.3673761241602E12 1234942.54 8 2 300 1096 274 41100
124200.0 16524 2.004604186962E10 1243951.89 2276706 1.38742216602982E12 1243951.89 8 2 300 1104 276 41400
125100.0 16452 2.014694256593E10 1252961.23 2293158 1.40756910859575E12 1252961.23 8 2 300 1112 278 41700
126000.0 16452 2.029237143394E10 1261970.58 2309610 1.42786148002969E12 1261970.58 8 2 300 1120 280 42000
126900.0 16560 2.050635697766E10 1270979.92 2326170 1.44836783700736E12 1270979.92 8 2 300 1128 282 42300
127800.0 16524 2.062905473323E10 1279989.28 2342694 1.46899689174059E12 1279989.28 8 2 300 1136 284 42600
128700.0 16452 2.072865808357E10 1288998.62 2359146 1.48972554982416E12 1288998.62 8 2 300 1144 286 42900
129600.0 16461 2.087408772124E10 1298007.97 2375607 1.5105996375454E12 1298007.97 8 2 300 1152 288 43200
130500.0 16560 2.10900229759E10 1307017.88 2392167 1.5316896605213E12 1307017.88 8 2 300 1160 290 43500
131400.0 16524 2.121207687959E10 1316027.24 2408691 1.55290173740089E12 1316027.24 8 2 300 1168 292 43800
132300.0 16452 2.131038287229E10 1325036.59 2425143 1.57421212027318E12 1325036.59 8 2 300 1176 294 44100
133200.0 16452 2.145581174029E10 1334045.93 2441595 1.59566793201347E12 1334045.93 8 2 300 1184 296 44400
134100.0 16560 2.167368935294E10 1343055.27 2458155 1.61734162136641E12 1343055.27 8 2 300 1192 298 44700
135000.0 16524 2.17950897522E10 1352064.63 2474679 1.63913671111861E12 1352064.63 8 2 300 1200 300 45000
135900.0 16452 2.189209838993E10 1361073.97 2491131 1.66102880950854E12 1361073.97 8 2 300 1208 302 45300
136800.0 16452 2.203752725793E10 1370083.32 2507583 1.68306633676647E12 1370083.32 8 2 300 1216 304 45600
137700.0 16560 2.225735088053E10 1379092.66 2524143 1.70532368764701E12 1379092.66 8 2 300 1224 306 45900
138600.0 16524 2.237810260681E10 1388102.02 2540667 1.72770179025382E12 1388102.02 8 2 300 1232 308 46200
139500.0 16453 2.247381406316E10 1397111.36 2557120 1.75017560431698E12 1397111.36 8 2 300 1240 310 46500
140400.0 16452 2.261924723534E10 1406121.27 2573572 1.77279485155231E12 1406121.27 8 2 300 1248 312 46800
141300.0 16560 2.284102172822E10 1415130.62 2590132 1.79563587328053E12 1415130.62 8 2 300 1256 314 47100
142200.0 16524 2.296112477117E10 1424139.98 2606656 1.8185969980517E12 1424139.98 8 2 300 1264 316 47400
143100.0 16452 2.305553869628E10 1433149.32 2623108 1.84165253674798E12 1433149.32 8 2 300 1272 318 47700
144000.0 16452 2.320096756429E10 1442158.67 2639560 1.86485350431227E12 1442158.67 8 2 300 1280 320 48000
144900.0 16560 2.342468326481E10 1451168.01 2656120 1.88827818757708E12 1451168.01 8 2 300 1288 322 48300
145800.0 16524 2.354413762578E10 1460177.37 2672644 1.91182232520286E12 1460177.37 8 2 300 1296 324 48600
146700.0 16452 2.363725421392E10 1469186.71 2689096 1.93545957941678E12 1469186.71 8 2 300 1304 326 48900
147600.0 16452 2.378268308193E10 1478196.06 2705548 1.95924226249871E12 1478196.06 8 2 300 1312 328 49200
148500.0 16560 2.40083448014E10 1487205.4 2722108 1.98325060730011E12 1487205.4 8 2 300 1320 330 49500
149400.0 16524 2.412715049839E10 1496214.75 2738632 2.0073777577985E12 1496214.75 8 2 300 1328 332 49800
150300.0 16452 2.421897418845E10 1505224.66 2755084 2.03159673198695E12 1505224.66 8 2 300 1336 334 50100
151200.0 16452 2.436440787064E10 1514234.02 2771536 2.05596113985759E12 1514234.02 8 2 300 1344 336 50400
152100.0 16560 2.459201563109E10 1523243.36 2788096 2.08055315548868E12 1523243.36 8 2 300 1352 338 50700
153000.0 16524 2.47101726448E10 1532252.72 2804620 2.10526332813348E12 1532252.72 8 2 300 1360 340 51000
153900.0 16452 2.480069452033E10 1541262.06 2821072 2.13006402265381E12 1541262.06 8 2 300 1368 342 51300
154800.0 16452 2.494612338834E10 1550271.41 2837524 2.15501014604214E12 1550271.41 8 2 300 1376 344 51600
155700.0 16560 2.517567717673E10 1559280.75 2854084 2.18018582321888E12 1559280.75 8 2 300 1384 346 51900
156600.0 16524 2.529318551747E10 1568290.1 2870608 2.20547900873634E12 1568290.1 8 2 300 1392 348 52200
157500.0 16452 2.538241003797E10 1577299.45 2887060 2.23086141877431E12 1577299.45 8 2 300 1400 350 52500
158400.0 16452 2.552783890598E10 1586308.79 2903512 2.25638925768029E12 1586308.79 8 2 300 1408 352 52800
159300.0 16560 2.57594061817E10 1595318.14 2920072 2.28214866386199E12 1595318.14 8 2 300 1416 354 53100
160200.0 16524 2.587620289196E10 1604328.06 2936596 2.30802486675395E12 1604328.06 8 2 300 1424 356 53400
161100.0 16453 2.596413482668E10 1613337.41 2953049 2.33398900158063E12 1613337.41 8 2 300 1432 358 53700
162000.0 16452 2.610956369469E10 1622346.76 2969501 2.36009856527532E12 1622346.76 8 2 300 1440 360 54000
162900.0 16560 2.634300954301E10 1631356.1 2986061 2.38644157481833E12 1631356.1 8 2 300 1448 362 54300
163800.0 16524 2.64592240667E10 1640365.46 3002585 2.41290079888503E12 1640365.46 8 2 300 1456 364 54600
164700.0 16452 2.654585034421E10 1649374.8 3019037 2.43944664922924E12 1649374.8 8 2 300 1464 366 54900
165600.0 16452 2.669127921222E10 1658384.14 3035489 2.46613792844147E12 1658384.14 8 2 300 1472 368 55200
166500.0 16560 2.692673855687E10 1667393.49 3052049 2.49306466699834E12 1667393.49 8 2 300 1480 370 55500
167400.0 16524 2.704223339983E10 1676402.84 3068573 2.52010690039817E12 1676402.84 8 2 300 1488 372 55800
168300.0 16452 2.712756586175E10 1685412.19 3085025 2.54723446625991E12 1685412.19 8 2 300 1496 374 56100
169200.0 16460 2.727299524224E10 1694421.53 3101485 2.57450746150215E12 1694421.53 8 2 300 1504 376 56400
170100.0 16560 2.751033706862E10 1703431.44 3118045 2.60201779857077E12 1703431.44 8 2 300 1512 378 56700
171000.0 16524 2.762525907645E10 1712440.81 3134569 2.62964305764722E12 1712440.81 8 2 300 1520 380 57000
171900.0 16452 2.770929065035E10 1721450.15 3151021 2.65735234829757E12 1721450.15 8 2 300 1528 382 57300
172800.0 16452 2.785471951836E10 1730459.5 3167473 2.68520706781593E12 1730459.5 8 2 300 1536 384 57600
173700.0 16560 2.809400345455E10 1739468.84 3184033 2.71330107127049E12 1739468.84 8 2 300 1544 386 57900
174600.0 16524 2.820826841858E10 1748478.19 3200557 2.74150933968907E12 1748478.19 8 2 300 1552 388 58200
175500.0 16452 2.829100616788E10 1757487.54 3217009 2.76980034585695E12 1757487.54 8 2 300 1560 390 58500
176400.0 16452 2.843643503589E10 1766496.88 3233461 2.79823678089284E12 1766496.88 8 2 300 1568 392 58800
177300.0 16560 2.867766500004E10 1775506.23 3250021 2.82691444589288E12 1775506.23 8 2 300 1576 394 59100
178200.0 16524 2.879128128208E10 1784515.58 3266545 2.85570572717496E12 1784515.58 8 2 300 1584 396 59400
179100.0 16453 2.887272180362E10 1793524.93 3282998 2.88457844897858E12 1793524.93 8 2 300 1592 398 59700
180000.0 16452 2.901815501319E10 1802534.84 3299450 2.91359660399177E12 1802534.84 8 2 300 1600 400 60000
180900.0 16560 2.926133584761E10 1811544.19 3316010 2.94285793983938E12 1811544.19 8 2 300 1608 402 60300
181800.0 16524 2.937430343728E10 1820553.54 3332534 2.97223224327666E12 1820553.54 8 2 300 1616 404 60600
182700.0 16452 2.945444647397E10 1829562.89 3348986 3.00168668975063E12 1829562.89 8 2 300 1624 406 60900
183600.0 16452 2.959987534197E10 1838572.23 3365438 3.0312865650926E12 1838572.23 8 2 300 1632 408 61200
184500.0 16560 2.984499735705E10 1847581.58 3381998 3.06113156244964E12 1847581.58 8 2 300 1640 410 61500
185400.0 16524 2.995731630073E10 1856590.93 3398522 3.09108887875037E12 1856590.93 8 2 300 1648 412 61800
186300.0 16452 3.003616199144E10 1865600.28 3414974 3.12112504074181E12 1865600.28 8 2 300 1656 414 62100
187200.0 16452 3.018159085945E10 1874609.62 3431426 3.15130663160127E12 1874609.62 8 2 300 1664 416 62400
188100.0 16560 3.042865892048E10 1883618.97 3447986 3.18173529052174E12 1883618.97 8 2 300 1672 418 62700
189000.0 16524 3.054032916417E10 1892628.32 3464510 3.21227561968592E12 1892628.32 8 2 300 1680 420 63000
189900.0 16452 3.061788196581E10 1901638.23 3480962 3.24289350165173E12 1901638.23 8 2 300 1688 422 63300
190800.0 16452 3.0763315648E10 1910647.58 3497414 3.27365681729973E12 1910647.58 8 2 300 1696 424 63600
191700.0 16560 3.101232975E10 1919656.93 3513974 3.30466914704973E12 1919656.93 8 2 300 1704 426 63900
192600.0 16524 3.112335131937E10 1928666.28 3530498 3.3357924983691E12 1928666.28 8 2 300 1712 428 64200
193500.0 16452 3.119960229747E10 1937675.63 3546950 3.36699210066657E12 1937675.63 8 2 300 1720 430 64500
194400.0 16452 3.134503116548E10 1946684.97 3563402 3.39833713183205E12 1946684.97 8 2 300 1728 432 64800
195300.0 16560 3.159599127742E10 1955694.32 3579962 3.42993312310948E12 1955694.32 8 2 300 1736 434 65100
196200.0 16524 3.170636418277E10 1964703.67 3596486 3.46163948729225E12 1964703.67 8 2 300 1744 436 65400
197100.0 16452 3.178131781484E10 1973713.02 3612938 3.49342080510709E12 1973713.02 8 2 300 1752 438 65700
198000.0 16452 3.192674668279E10 1982722.36 3629390 3.52534755178988E12 1982722.36 8 2 300 1760 440 66000
198900.0 16560 3.217965282263E10 1991731.7 3645950 3.55752720461251E12 1991731.7 8 2 300 1768 442 66300
199800.0 16524 3.228938156588E10 2000741.62 3662474 3.5898165861784E12 2000741.62 8 2 300 1776 444 66600
200700.0 16453 3.236304260321E10 2009750.98 3678927 3.62217962878161E12 2009750.98 8 2 300 1784 446 66900
201600.0 16452 3.250847147116E10 2018760.32 3695379 3.65468810025276E12 2018760.32 8 2 300 1792 448 67200
202500.0 16560 3.276332366996E10 2027769.67 3711939 3.68745142392272E12 2027769.67 8 2 300 1800 450 67500
203400.0 16524 3.287239920098E10 2036779.02 3728463 3.72032382312371E12 2036779.02 8 2 300 1808 452 67800
204300.0 16452 3.294475812045E10 2045788.37 3744915 3.75326858124415E12 2045788.37 8 2 300 1816 454 68100
205200.0 16452 3.309018698839E10 2054797.71 3761367 3.78635876823254E12 2054797.71 8 2 300 1824 456 68400
206100.0 16560 3.334698517915E10 2063807.05 3777927 3.8197057534117E12 2063807.05 8 2 300 1832 458 68700
207000.0 16524 3.345541206408E10 2072816.41 3794451 3.85316116547578E12 2072816.41 8 2 300 1840 460 69000
207900.0 16452 3.352647363757E10 2081825.75 3810903 3.88668763911335E12 2081825.75 8 2 300 1848 462 69300
208800.0 16460 3.367190279368E10 2090835.1 3827363 3.92035954190703E12 2090835.1 8 2 300 1856 464 69600
209700.0 16560 3.39306511949E10 2099845.01 3843923 3.95429019310193E12 2099845.01 8 2 300 1864 466 69900
210600.0 16524 3.403843421887E10 2108854.37 3860447 3.9883286273208E12 2108854.37 8 2 300 1872 468 70200
211500.0 16452 3.410819842572E10 2117863.72 3876899 4.02243682574652E12 2117863.72 8 2 300 1880 470 70500
212400.0 16452 3.425362729367E10 2126873.06 3893351 4.0566904530402E12 2126873.06 8 2 300 1888 472 70800
213300.0 16560 3.451431755335E10 2135882.41 3909911 4.09120477059354E12 2135882.41 8 2 300 1896 474 71100
214200.0 16524 3.462144708186E10 2144891.76 3926435 4.1258262176754E12 2144891.76 8 2 300 1904 476 71400
215100.0 16452 3.468991394274E10 2153901.1 3942887 4.16051613161815E12 2153901.1 8 2 300 1912 478 71700
216000.0 16452 3.483534281069E10 2162910.45 3959339 4.19535147442884E12 2162910.45 8 2 300 1920 480 72000
216900.0 16560 3.509797911632E10 2171919.79 3975899 4.23044945354516E12 2171919.79 8 2 300 1928 482 72300
217800.0 16524 3.520445994485E10 2180929.15 3992423 4.26565391349001E12 2180929.15 8 2 300 1936 484 72600
218700.0 16453 3.527162954058E10 2189938.49 4008876 4.30092554303059E12 2189938.49 8 2 300 1944 486 72900
219600.0 16452 3.54170627875E10 2198948.4 4025328 4.33634260581808E12 2198948.4 8 2 300 1952 488 73200
220500.0 16560 3.568164993643E10 2207957.76 4041888 4.37202425575452E12 2207957.76 8 2 300 1960 490 73500
221400.0 16524 3.578748209964E10 2216967.11 4058412 4.40781173785416E12 2216967.11 8 2 300 1968 492 73800
222300.0 16452 3.585335424786E10 2225976.45 4074864 4.44366509210202E12 2225976.45 8 2 300 1976 494 74100
223200.0 16452 3.599878311581E10 2234985.8 4091316 4.47966387521782E12 2234985.8 8 2 300 1984 496 74400
224100.0 16560 3.626531148135E10 2243995.14 4107876 4.51592918669918E12 2243995.14 8 2 300 1992 498 74700
225000.0 16524 3.637049496258E10 2253004.5 4124400 4.55229968166175E12 2253004.5 8 2 300 2000 500 75000
225900.0 16452 3.643506976482E10 2262013.84 4140852 4.58873475142658E12 2262013.84 8 2 300 2008 502 75300
226800.0 16452 3.658049863277E10 2271023.19 4157304 4.62531525005935E12 2271023.19 8 2 300 2016 504 75600
227700.0 16560 3.684897300827E10 2280032.53 4173864 4.66216422306762E12 2280032.53 8 2 300 2024 506 75900
228600.0 16524 3.695350782551E10 2289041.89 4190388 4.69911773089313E12 2289041.89 8 2 300 2032 508 76200
229500.0 16452 3.701678973871E10 2298051.8 4206840 4.73613452063184E12 2298051.8 8 2 300 2040 510 76500
230400.0 16452 3.716222342087E10 2307061.15 4223292 4.77329674405271E12 2307061.15 8 2 300 2048 512 76800
231300.0 16560 3.743264385533E10 2316070.49 4239852 4.81072938790804E12 2316070.49 8 2 300 2056 514 77100
232200.0 16524 3.753652998025E10 2325079.85 4256376 4.84826591788828E12 2325079.85 8 2 300 2064 516 77400
233100.0 16452 3.759851006988E10 2334089.19 4272828 4.88586442795817E12 2334089.19 8 2 300 2072 518 77700
234000.0 16452 3.774393893783E10 2343098.54 4289280 4.923608366896E12 2343098.54 8 2 300 2080 520 78000
234900.0 16560 3.801630538225E10 2352107.88 4305840 4.96162467227825E12 2352107.88 8 2 300 2088 522 78300
235800.0 16524 3.811954284318E10 2361117.24 4322364 4.99974421512144E12 2361117.24 8 2 300 2096 524 78600
236700.0 16452 3.818022558685E10 2370126.58 4338816 5.03792444070829E12 2370126.58 8 2 300 2104 526 78900
237600.0 16452 3.83256544548E10 2379135.93 4355268 5.07625009516309E12 2379135.93 8 2 300 2112 528 79200
238500.0 16560 3.859996692717E10 2388145.27 4371828 5.11485006209025E12 2388145.27 8 2 300 2120 530 79500
239400.0 16524 3.870256022603E10 2397155.19 4388352 5.15355262231628E12 2397155.19 8 2 300 2128 532 79800
240300.0 16453 3.876195037495E10 2406164.54 4404805 5.19231457269123E12 2406164.54 8 2 300 2136 534 80100
241200.0 16452 3.890737924289E10 2415173.89 4421257 5.23122195193412E12 2415173.89 8 2 300 2144 536 80400
242100.0 16560 3.918363775623E10 2424183.23 4437817 5.27040558969035E12 2424183.23 8 2 300 2152 538 80700
243000.0 16524 3.928557786086E10 2433192.59 4454341 5.30969116755121E12 2433192.59 8 2 300 2160 540 81000
243900.0 16452 3.934366589191E10 2442201.93 4470793 5.34903483344312E12 2442201.93 8 2 300 2168 542 81300
244800.0 16452 3.948909475986E10 2451211.28 4487245 5.38852392820298E12 2451211.28 8 2 300 2176 544 81600
245700.0 16560 3.976729930114E10 2460220.62 4503805 5.42829122750412E12 2460220.62 8 2 300 2184 546 81900
246600.0 16524 3.986859072379E10 2469229.97 4520329 5.46815981822792E12 2469229.97 8 2 300 2192 548 82200
247500.0 16452 3.992538140888E10 2478239.32 4536781 5.5080851996368E12 2478239.32 8 2 300 2200 550 82500
248400.0 16460 4.007081033722E10 2487248.66 4553241 5.54815600997402E12 2487248.66 8 2 300 2208 552 82800
249300.0 16560 4.035096528973E10 2496258.57 4569801 5.58850697526375E12 2496258.57 8 2 300 2216 554 83100
250200.0 16524 4.045161287848E10 2505267.94 4586325 5.62895858814222E12 2505267.94 8 2 300 2224 556 83400
251100.0 16452 4.050710619692E10 2514277.28 4602777 5.66946569433914E12 2514277.28 8 2 300 2232 558 83700
252000.0 16452 4.065253506487E10 2523286.63 4619229 5.71011822940401E12 2523286.63 8 2 300 2240 560 84000
252900.0 16560 4.093463166603E10 2532295.97 4635789 5.75105286107004E12 2532295.97 8 2 300 2248 562 84300
253800.0 16524 4.103462574141E10 2541305.32 4652313 5.79208748681144E12 2541305.32 8 2 300 2256 564 84600
254700.0 16452 4.108882171388E10 2550314.67 4668765 5.83317630852533E12 2550314.67 8 2 300 2264 566 84900
255600.0 16452 4.123425058183E10 2559324.01 4685217 5.87441055910716E12 2559324.01 8 2 300 2272 568 85200
256500.0 16560 4.151829321094E10 2568333.36 4701777 5.91592885231811E12 2568333.36 8 2 300 2280 570 85500
257400.0 16524 4.161763860434E10 2577342.71 4718301 5.95754649092245E12 2577342.71 8 2 300 2288 572 85800
258300.0 16453 4.167053727371E10 2586352.06 4734754 5.99921702819616E12 2586352.06 8 2 300 2296 574 86100
259200.0 16452 4.181597055859E10 2595361.97 4751206 6.04103299875475E12 2595361.97 8 2 300 2304 576 86400
260100.0 16560 4.210196404001E10 2604371.32 4767766 6.08313496279475E12 2604371.32 8 2 300 2312 578 86700
261000.0 16524 4.220066075898E10 2613380.67 4784290 6.12533562355373E12 2613380.67 8 2 300 2320 580 87000
261900.0 16452 4.225226201884E10 2622390.02 4800742 6.16758788557257E12 2622390.02 8 2 300 2328 582 87300
262800.0 16452 4.239769088679E10 2631399.36 4817194 6.20998557645935E12 2631399.36 8 2 300 2336 584 87600
263700.0 16560 4.268569306223E10 2640408.71 4833754 6.25267126952159E12 2640408.71 8 2 300 2344 586 87900
264600.0 16524 4.278367362186E10 2649418.06 4850278 6.29545494314344E12 2649418.06 8 2 300 2352 588 88200
265500.0 16452 4.283397753575E10 2658427.41 4866730 6.33828892067919E12 2658427.41 8 2 300 2360 590 88500
266400.0 16452 4.29794064037E10 2667436.75 4883182 6.38126832708289E12 2667436.75 8 2 300 2368 592 88800
267300.0 16560 4.326928711168E10 2676446.1 4899742 6.42453761419457E12 2676446.1 8 2 300 2376 594 89100
268200.0 16524 4.336669001527E10 2685455.45 4916266 6.46790430420984E12 2685455.45 8 2 300 2384 596 89400
269100.0 16452 4.341569750974E10 2694465.36 4932718 6.51132000171958E12 2694465.36 8 2 300 2392 598 89700
270000.0 16452 4.35611311919E10 2703474.71 4949170 6.55488113291148E12 2703474.71 8 2 300 2400 600 90000
270900.0 16560 4.385302544526E10 2712484.06 4965730 6.59873415835674E12 2712484.06 8 2 300 2408 602 90300
271800.0 16524 4.394970863074E10 2721493.41 4982254 6.64268386698748E12 2721493.41 8 2 300 2416 604 90600
272700.0 16452 4.399741784103E10 2730502.76 4998706 6.68668128482851E12 2730502.76 8 2 300 2424 606 90900
273600.0 16452 4.414284670898E10 2739512.1 5015158 6.73082413153749E12 2739512.1 8 2 300 2432 608 91200
274500.0 16560 4.443661947687E10 2748521.45 5031718 6.77526075101436E12 2748521.45 8 2 300 2440 610 91500
275400.0 16524 4.453272503315E10 2757530.8 5048242 6.81979347604752E12 2757530.8 8 2 300 2448 612 91800
276300.0 16452 4.45791333581E10 2766540.15 5064694 6.86437260940562E12 2766540.15 8 2 300 2456 614 92100
277200.0 16452 4.472456222605E10 2775549.49 5081146 6.90909717163167E12 2775549.49 8 2 300 2464 616 92400
278100.0 16560 4.50202810399E10 2784558.83 5097706 6.95411745267157E12 2784558.83 8 2 300 2472 618 92700
279000.0 16524 4.511573887674E10 2793568.75 5114230 6.99923319154831E12 2793568.75 8 2 300 2480 620 93000
279900.0 16452 4.51608581463E10 2802578.11 5130682 7.04439404969461E12 2802578.11 8 2 300 2488 622 93300
280800.0 16452 4.530628701425E10 2811587.45 5147134 7.08970033670886E12 2811587.45 8 2 300 2496 624 93600
281700.0 16560 4.560401933749E10 2820596.8 5163694 7.13530435604635E12 2820596.8 8 2 300 2504 626 93900
282600.0 16524 4.569875652067E10 2829606.15 5180218 7.18100311256702E12 2829606.15 8 2 300 2512 628 94200
283500.0 16452 4.574257366338E10 2838615.5 5196670 7.2267456862304E12 2838615.5 8 2 300 2520 630 94500
284400.0 16452 4.588800253133E10 2847624.84 5213122 7.27263368876173E12 2847624.84 8 2 300 2528 632 94800
285300.0 16560 4.61876134051E10 2856634.19 5229682 7.31882130216682E12 2856634.19 8 2 300 2536 634 95100
286200.0 16524 4.628177290514E10 2865643.54 5246206 7.36510307507196E12 2865643.54 8 2 300 2544 636 95400
287100.0 16452 4.632428918051E10 2874652.88 5262658 7.41142736425247E12 2874652.88 8 2 300 2552 638 95700
288000.0 16461 4.646971805397E10 2883662.23 5279119 7.45789708230644E12 2883662.23 8 2 300 2560 640 96000
288900.0 16560 4.677134688269E10 2892672.14 5295679 7.50466842918913E12 2892672.14 8 2 300 2568 642 96300
289800.0 16524 4.686479153872E10 2901681.5 5312203 7.55153322072785E12 2901681.5 8 2 300 2576 644 96600
290700.0 16452 4.690601396882E10 2910690.85 5328655 7.59843923469667E12 2910690.85 8 2 300 2584 646 96900
291600.0 16452 4.705144283677E10 2919700.19 5345107 7.64549067753344E12 2919700.19 8 2 300 2592 648 97200
292500.0 16560 4.735494577945E10 2928709.54 5361667 7.69284562331289E12 2928709.54 8 2 300 2600 650 97500
293400.0 16524 4.744780793224E10 2937718.89 5378191 7.74029343124514E12 2937718.89 8 2 300 2608 652 97800
294300.0 16452 4.7487729486E10 2946728.23 5394643 7.78778116073114E12 2946728.23 8 2 300 2616 654 98100
295200.0 16452 4.763315835395E10 2955737.58 5411095 7.83541431908508E12 2955737.58 8 2 300 2624 656 98400
296100.0 16560 4.793860730659E10 2964746.92 5427655 7.88335292639167E12 2964746.92 8 2 300 2632 658 98700
297000.0 16524 4.803081725602E10 2973756.28 5444179 7.9313837436477E12 2973756.28 8 2 300 2640 660 99000
297900.0 16453 4.806944500865E10 2982765.62 5460632 7.97945318865635E12 2982765.62 8 2 300 2648 662 99300
298800.0 16452 4.821487833092E10 2991775.53 5477084 8.02766806698726E12 2991775.53 8 2 300 2656 664 99600
299700.0 16560 4.852227815387E10 3000784.89 5493644 8.07619034514113E12 3000784.89 8 2 300 2664 666 99900
300600.0 16524 4.861383941998E10 3009794.24 5510168 8.12480418456111E12 3009794.24 8 2 300 2672 668 100200
301500.0 16452 4.865116979149E10 3018803.59 5526620 8.1734553543526E12 3018803.59 8 2 300 2680 670 100500
302400.0 16452 4.879659865944E10 3027812.93 5543072 8.22225195301204E12 3027812.93 8 2 300 2688 672 100800
303300.0 16560 4.910593967204E10 3036822.27 5559632 8.27135789268409E12 3036822.27 8 2 300 2696 674 101100
304200.0 16524 4.919685227418E10 3045831.63 5576156 8.32055474495827E12 3045831.63 8 2 300 2704 676 101400
305100.0 16452 4.923288530873E10 3054840.97 5592608 8.369787630267E12 3054840.97 8 2 300 2712 678 101700
306000.0 16452 4.937831417668E10 3063850.32 5609060 8.41916594444368E12 3063850.32 8 2 300 2720 680 102000
306900.0 16560 4.968960122623E10 3072859.66 5625620 8.46885554566991E12 3072859.66 8 2 300 2728 682 102300
307800.0 16524 4.977986514644E10 3081869.02 5642144 8.51863541081636E12 3081869.02 8 2 300 2736 684 102600
308700.0 16452 4.981460528294E10 3090878.93 5658596 8.56845001609929E12 3090878.93 8 2 300 2744 686 102900
309600.0 16452 4.99600389651E10 3099888.28 5675048 8.61841005506439E12 3099888.28 8 2 300 2752 688 103200
310500.0 16560 5.02732720644E10 3108897.62 5691608 8.66868332712879E12 3108897.62 8 2 300 2760 690 103500
311400.0 16524 5.036288729256E10 3117906.98 5708132 8.71904621442135E12 3117906.98 8 2 300 2768 692 103800
312300.0 16452 5.039632561449E10 3126916.32 5724584 8.76944254003585E12 3126916.32 8 2 300 2776 694 104100
313200.0 16452 5.054175448244E10 3135925.67 5741036 8.81998429451829E12 3135925.67 8 2 300 2784 696 104400
314100.0 16560 5.08569335827E10 3144935.01 5757596 8.87084122810099E12 3144935.01 8 2 300 2792 698 104700
315000.0 16524 5.094590016487E10 3153944.37 5774120 8.92178712826586E12 3153944.37 8 2 300 2800 700 105000
315900.0 16452 5.097804113184E10 3162953.71 5790572 8.9727651693977E12 3162953.71 8 2 300 2808 702 105300
316800.0 16452 5.112346999979E10 3171963.06 5807024 9.02388863939749E12 3171963.06 8 2 300 2816 704 105600
317700.0 16560 5.1440595137E10 3180972.4 5823584 9.07532923453449E12 3180972.4 8 2 300 2824 706 105900
318600.0 16524 5.152892071297E10 3189982.32 5840108 9.12685815524746E12 3189982.32 8 2 300 2832 708 106200
319500.0 16453 5.155976592036E10 3198991.67 5856561 9.17841792116782E12 3198991.67 8 2 300 2840 710 106500
320400.0 16452 5.170519478831E10 3208001.02 5873013 9.23012311595614E12 3208001.02 8 2 300 2848 712 106800
321300.0 16560 5.202426595749E10 3217010.36 5889573 9.28214738191363E12 3217010.36 8 2 300 2856 714 107100
322200.0 16524 5.211193518341E10 3226019.72 5906097 9.33425931709704E12 3226019.72 8 2 300 2864 716 107400
323100.0 16452 5.214148143776E10 3235029.06 5922549 9.38640079853481E12 3235029.06 8 2 300 2872 718 107700
324000.0 16452 5.228691030571E10 3244038.41 5939001 9.43868770884052E12 3244038.41 8 2 300 2880 720 108000
324900.0 16560 5.260792751185E10 3253047.75 5955561 9.49129563635237E12 3253047.75 8 2 300 2888 722 108300
325800.0 16524 5.269494803784E10 3262057.11 5972085 9.5439905843902E12 3262057.11 8 2 300 2896 724 108600
326700.0 16452 5.272319695522E10 3271066.45 5988537 9.59671378134542E12 3271066.45 8 2 300 2904 726 108900
327600.0 16460 5.286862582317E10 3280075.79 6004997 9.64958240716859E12 3280075.79 8 2 300 2912 728 109200
328500.0 16560 5.319159347417E10 3289085.7 6021557 9.70277400064276E12 3289085.7 8 2 300 2920 730 109500
329400.0 16524 5.327797019306E10 3298095.07 6038081 9.75605197083582E12 3298095.07 8 2 300 2928 732 109800
330300.0 16452 5.33049217438E10 3307104.41 6054533 9.80935689257962E12 3307104.41 8 2 300 2936 734 110100
331200.0 16452 5.345035061175E10 3316113.76 6070985 9.86280724319137E12 3316113.76 8 2 300 2944 736 110400
332100.0 16560 5.377532736439E10 3325123.1 6087545 9.91658257055576E12 3325123.1 8 2 300 2952 738 110700
333000.0 16524 5.386098658685E10 3334132.46 6104069 9.97044355714261E12 3334132.46 8 2 300 2960 740 111000
333900.0 16452 5.388663726125E10 3343141.8 6120521 1.002433019440386E13 3343141.8 8 2 300 2968 742 111300
334800.0 16452 5.40320661292E10 3352151.14 6136973 1.007836226053306E13 3352151.14 8 2 300 2976 744 111600
335700.0 16560 5.435892141421E10 3361160.49 6153533 1.013272118194726E13 3361160.49 8 2 300 2984 746 111900
336600.0 16524 5.444399592891E10 3370169.84 6170057 1.018716517787617E13 3370169.84 8 2 300 2992 748 112200
337500.0 16453 5.44683527787E10 3379179.19 6186510 1.024163353065487E13 3379179.19 8 2 300 3000 750 112500
338400.0 16452 5.461378610644E10 3388189.1 6202962 1.029624731676131E13 3388189.1 8 2 300 3008 752 112800
339300.0 16560 5.494259224375E10 3397198.45 6219522 1.035118990900507E13 3397198.45 8 2 300 3016 754 113100
340200.0 16524 5.502702159655E10 3406207.81 6236046 1.040621693060162E13 3406207.81 8 2 300 3024 756 113400
341100.0 16452 5.505007756734E10 3415217.15 6252498 1.046126700816896E13 3415217.15 8 2 300 3032 758 113700
342000.0 16452 5.519550643529E10 3424226.5 6268950 1.051646251460424E13 3424226.5 8 2 300 3040 760 114000
342900.0 16560 5.552632128481E10 3433235.84 6285510 1.057198883588905E13 3433235.84 8 2 300 3048 762 114300
343800.0 16524 5.561003094766E10 3442245.19 6302034 1.062759886683671E13 3442245.19 8 2 300 3056 764 114600
344700.0 16452 5.563179308484E10 3451254.54 6318486 1.068323065992156E13 3451254.54 8 2 300 3064 766 114900
345600.0 16452 5.577722195279E10 3460263.88 6334938 1.073900788187435E13 3460263.88 8 2 300 3072 768 115200

