# seed = 1, gamma = 0.0, beta = 0.5, dee = 10.0, dcc = 5.0, dec = 150.0, dsc = 20.0, dLocalhost = 0.015, hostBroker = EDGE, numOfCloud = 1, numOfEdge = 1, numOfSmartphone = 150 
#
# The columns have the following meaning: 
# instant[SECONDS] delayCountPartial delaySumPartial[SECONDS] delayMaxPartial[SECONDS] delayCountTot delaySumTot[SECONDS] delayMaxTot[SECONDS] runOnCloudPartial runOnEdgePartial runOnSmartphonePartial runOnCloudTot runOnEdgeTot runOnSmartphoneTot
0.0 0 0.0 0.0 0 0.0 0.0 0 0 0 0 0 0
900.0 16561 1.964624809E7 2474.5 16561 1.964624809E7 2474.5 160 0 150 160 0 150
1800.0 16524 4.678638298E7 4156.83 33085 6.643263107E7 4156.83 160 0 150 320 0 300
2700.0 16460 7.385748791E7 5838.92 49545 1.4029011898E8 5838.92 160 0 150 480 0 450
3600.0 16452 1.0101370165E8 7521.57 65997 2.4130382063E8 7521.57 160 0 150 640 0 600
4500.0 16560 1.2865197969E8 9203.66 82557 3.6995580032E8 9203.66 160 0 150 800 0 750
5400.0 16525 1.5564944205E8 10885.75 99082 5.2560524237E8 10885.75 160 0 150 960 0 900
6300.0 16452 1.8248014964E8 12568.4 115534 7.0808539201E8 12568.4 160 0 150 1120 0 1050
7200.0 16452 2.0963654335E8 14250.49 131986 9.1772193536E8 14250.49 160 0 150 1280 0 1200
8100.0 16560 2.3761591625E8 15932.57 148546 1.15533785161E9 15932.57 160 0 150 1440 0 1350
9000.0 16524 2.6451345888E8 17615.23 165070 1.41985131049E9 17615.23 160 0 150 1600 0 1500
9900.0 16452 2.9110299449E8 19297.32 181522 1.71095430498E9 19297.32 160 0 150 1760 0 1650
10800.0 16452 3.1825466123E8 20979.4 197974 2.02920896621E9 20979.4 160 0 150 1920 0 1800
11700.0 16560 3.4661952245E8 22662.05 214534 2.37582848866E9 22662.05 160 0 150 2080 0 1950
12600.0 16524 3.7337945133E8 24344.15 231058 2.74920793999E9 24344.15 160 0 150 2240 0 2100
13500.0 16461 3.9972111237E8 26026.23 247519 3.14892905236E9 26026.23 160 0 150 2400 0 2250
14400.0 16452 4.2687732611E8 27708.88 263971 3.57580637847E9 27708.88 160 0 150 2560 0 2400
15300.0 16560 4.5558816775E8 29390.97 280531 4.03139454622E9 29390.97 160 0 150 2720 0 2550
16200.0 16525 4.8223891555E8 31073.06 297056 4.51363346177E9 31073.06 160 0 150 2880 0 2700
17100.0 16452 5.0834377438E8 32755.71 313508 5.02197723615E9 32755.71 160 0 150 3040 0 2850
18000.0 16452 5.3550016808E8 34437.8 329960 5.55747740423E9 34437.8 160 0 150 3200 0 3000
18900.0 16560 5.6456964695E8 36119.88 346520 6.12204705118E9 36119.88 160 0 150 3360 0 3150
19800.0 16524 5.9110381793E8 37802.54 363044 6.7131508691E9 37802.54 160 0 150 3520 0 3300
20700.0 16452 6.1696661922E8 39484.63 379496 7.33011748832E9 39484.63 160 0 150 3680 0 3450
21600.0 16453 6.4412263186E8 41167.27 395949 7.97424012018E9 41167.27 160 0 150 3840 0 3600
22500.0 16560 6.7356041532E8 42849.37 412509 8.6478005355E9 42849.37 160 0 150 4000 0 3750
23400.0 16532 6.9996892483E8 44531.46 429041 9.34776946032E9 44531.46 160 0 150 4160 0 3900
24300.0 16452 7.2558928123E8 46214.11 445493 1.007335874155E10 46214.11 160 0 150 4320 0 4050
25200.0 16452 7.5274567493E8 47896.2 461945 1.082610441649E10 47896.2 160 0 150 4480 0 4200
26100.0 16561 7.8255949482E8 49578.29 478506 1.16086639113E10 49578.29 160 0 150 4640 0 4350
27000.0 16524 8.0883383653E8 51260.94 495030 1.241749774783E10 51260.94 160 0 150 4800 0 4500
27900.0 16452 8.3421212639E8 52943.03 511482 1.325170987423E10 52943.03 160 0 150 4960 0 4650
28800.0 16452 8.6136379314E8 54625.12 527934 1.411307366737E10 54625.12 160 0 150 5120 0 4800
29700.0 16560 8.9152795934E8 56307.76 544494 1.500460162671E10 56307.76 160 0 150 5280 0 4950
30600.0 16524 9.1769892592E8 57989.86 561018 1.592230055263E10 57989.86 160 0 150 5440 0 5100
31500.0 16452 9.4283024477E8 59671.95 577470 1.686513079739E10 59671.95 160 0 150 5600 0 5250
32400.0 16452 9.6998645851E8 61354.59 593922 1.78351172559E10 61354.59 160 0 150 5760 0 5400
33300.0 16560 1.0005141688E9 63036.69 610482 1.88356314247E10 63036.69 160 0 150 5920 0 5550
34200.0 16533 1.02655929422E9 64718.78 627015 1.986219071892E10 64718.78 160 0 150 6080 0 5700
35100.0 16452 1.05145290732E9 66401.43 643467 2.091364362624E10 66401.43 160 0 150 6240 0 5850
36000.0 16452 1.07860930102E9 68083.52 659919 2.199225292726E10 68083.52 160 0 150 6400 0 6000
36900.0 16561 1.10949564854E9 69765.6 676480 2.31017485758E10 69765.6 160 0 150 6560 0 6150
37800.0 16524 1.1354242062E9 71448.26 693004 2.4237172782E10 71448.26 160 0 150 6720 0 6300
38700.0 16452 1.16007575281E9 73130.35 709456 2.53972485348E10 73130.35 160 0 150 6880 0 6450
39600.0 16452 1.18722852907E9 74812.57 725908 2.658447706387E10 74812.57 160 0 150 7040 0 6600
40500.0 16560 1.21848285667E9 76495.08 742468 2.780295992054E10 76495.08 160 0 150 7200 0 6750
41400.0 16524 1.24428927104E9 78177.18 758992 2.904724919158E10 78177.18 160 0 150 7360 0 6900
42300.0 16453 1.26869832432E9 79859.82 775445 3.03159475159E10 79859.82 160 0 150 7520 0 7050
43200.0 16452 1.29585477443E9 81541.92 791897 3.161180229033E10 81541.92 160 0 150 7680 0 7200
44100.0 16568 1.32746786759E9 83224.0 808465 3.293927015792E10 83224.0 160 0 150 7840 0 7350
45000.0 16524 1.35315418307E9 84906.65 824989 3.429242434099E10 84906.65 160 0 150 8000 0 7500
45900.0 16452 1.37732122737E9 86588.75 841441 3.566974556836E10 86588.75 160 0 150 8160 0 7650
46800.0 16453 1.40447289412E9 88270.83 857894 3.707421846248E10 88270.83 160 0 150 8320 0 7800
47700.0 16560 1.43647151046E9 89953.48 874454 3.851068997294E10 89953.48 160 0 150 8480 0 7950
48600.0 16524 1.46201927278E9 91635.58 890978 3.997270924572E10 91635.58 160 0 150 8640 0 8100
49500.0 16452 1.48593934606E9 93317.66 907430 4.145864859178E10 93317.66 160 0 150 8800 0 8250
50400.0 16452 1.5130955598E9 95000.31 923882 4.297174415158E10 95000.31 160 0 150 8960 0 8400
51300.0 16560 1.5454401386E9 96682.4 940442 4.451718429018E10 96682.4 160 0 150 9120 0 8550
52200.0 16524 1.57087964134E9 98364.49 956966 4.608806393152E10 98364.49 160 0 150 9280 0 8700
53100.0 16453 1.59456205244E9 100047.14 973419 4.768262598396E10 100047.14 160 0 150 9440 0 8850
54000.0 16452 1.62171840257E9 101729.23 989871 4.930434438653E10 101729.23 160 0 150 9600 0 9000
54900.0 16568 1.6544216186E9 103411.31 1006439 5.095876600513E10 103411.31 160 0 150 9760 0 9150
55800.0 16524 1.67974455347E9 105093.97 1022963 5.26385105586E10 105093.97 160 0 150 9920 0 9300
56700.0 16452 1.70318485446E9 106776.06 1039415 5.434169541305E10 106776.06 160 0 150 10080 0 9450
57600.0 16453 1.7303365212E9 108458.14 1055868 5.607203193425E10 108458.14 160 0 150 10240 0 9600
58500.0 16560 1.76340766187E9 110140.79 1072428 5.783543959612E10 110140.79 160 0 150 10400 0 9750
59400.0 16524 1.78860965212E9 111822.89 1088952 5.962404924824E10 111822.89 160 0 150 10560 0 9900
60300.0 16452 1.81180587255E9 113505.35 1105404 6.143585512079E10 113505.35 160 0 150 10720 0 10050
61200.0 16452 1.8389623552E9 115187.62 1121856 6.327481747599E10 115187.62 160 0 150 10880 0 10200
62100.0 16560 1.87239382687E9 116869.71 1138416 6.514721130286E10 116869.71 160 0 150 11040 0 10350
63000.0 16525 1.89747451059E9 118552.37 1154941 6.704468581345E10 118552.37 160 0 150 11200 0 10500
63900.0 16452 1.92043030926E9 120234.46 1171393 6.896511612271E10 120234.46 160 0 150 11360 0 10650
64800.0 16460 1.947581976E9 121916.54 1187853 7.091269809871E10 121916.54 160 0 150 11520 0 10800
65700.0 16560 1.98139746079E9 123599.19 1204413 7.28940955595E10 123599.19 160 0 150 11680 0 10950
66600.0 16524 2.00633960924E9 125281.29 1220937 7.490043516873E10 125281.29 160 0 150 11840 0 11100
67500.0 16453 2.02904842789E9 126963.37 1237390 7.692948359662E10 126963.37 160 0 150 12000 0 11250
68400.0 16452 2.05620464163E9 128646.02 1253842 7.898568823825E10 128646.02 160 0 150 12160 0 11400
69300.0 16560 2.09036607987E9 130328.11 1270402 8.107605431812E10 130328.11 160 0 150 12320 0 11550
70200.0 16524 2.11519995974E9 132010.2 1286926 8.319125427786E10 132010.2 160 0 150 12480 0 11700
71100.0 16452 2.13767109064E9 133692.85 1303378 8.532892536851E10 133692.85 160 0 150 12640 0 11850
72000.0 16452 2.16482748434E9 135374.94 1319830 8.749375285285E10 135374.94 160 0 150 12800 0 12000
72900.0 16560 2.19934756882E9 137057.02 1336390 8.969310042167E10 137057.02 160 0 150 12960 0 12150
73800.0 16524 2.22406488087E9 138739.68 1352914 9.191716530254E10 138739.68 160 0 150 13120 0 12300
74700.0 16452 2.24629393623E9 140421.77 1369366 9.416345923877E10 140421.77 160 0 150 13280 0 12450
75600.0 16461 2.27344560297E9 142103.86 1385827 9.643690484174E10 142103.86 160 0 150 13440 0 12600
76500.0 16560 2.30835119373E9 143786.5 1402387 9.874525603547E10 143786.5 160 0 150 13600 0 12750
77400.0 16524 2.33292997952E9 145468.6 1418911 1.0107818601499E11 145468.6 160 0 150 13760 0 12900
78300.0 16453 2.35491209391E9 147150.69 1435364 1.034330981089E11 147150.69 160 0 150 13920 0 13050
79200.0 16452 2.3820682686E9 148833.33 1451816 1.058151663775E11 148833.33 160 0 150 14080 0 13200
80100.0 16560 2.41731982181E9 150515.43 1468376 1.0823248619931E11 150515.43 160 0 150 14240 0 13350
81000.0 16524 2.44179550425E9 152198.07 1484900 1.1067428170356E11 152198.07 160 0 150 14400 0 13500
81900.0 16452 2.46353944097E9 153880.17 1501352 1.1313782114453E11 153880.17 160 0 150 14560 0 13650
82800.0 16452 2.49069111126E9 155562.26 1517804 1.1562851225579E11 155562.26 160 0 150 14720 0 13800
83700.0 16561 2.52632346467E9 157244.9 1534365 1.1815483572046E11 157244.9 160 0 150 14880 0 13950
84600.0 16524 2.55065999024E9 158927.0 1550889 1.207054957107E11 158927.0 160 0 150 15040 0 14100
85500.0 16460 2.57215756309E9 160609.09 1567349 1.2327765327379E11 160609.09 160 0 150 15200 0 14250
86400.0 16452 2.59931377683E9 162291.73 1583801 1.2587696705062E11 162291.73 160 0 150 15360 0 14400
87300.0 16560 2.63529207469E9 163973.83 1600361 1.2851225912532E11 163973.83 160 0 150 15520 0 14550
88200.0 16525 2.65952123523E9 165655.92 1616886 1.3117178036055E11 165655.92 160 0 150 15680 0 14700
89100.0 16452 2.68078022579E9 167338.57 1633338 1.3385256058635E11 167338.57 160 0 150 15840 0 14850
90000.0 16452 2.70793661949E9 169020.66 1649790 1.3656049720584E11 169020.66 160 0 150 16000 0 15000
90900.0 16560 2.74429115092E9 170702.74 1666350 1.3930478835676E11 170702.74 160 0 150 16160 0 15150
91800.0 16524 2.76838525282E9 172385.4 1682874 1.4207317360958E11 172385.4 160 0 150 16320 0 15300
92700.0 16452 2.78940307138E9 174067.49 1699326 1.4486257668096E11 174067.49 160 0 150 16480 0 15450
93600.0 16453 2.81655473812E9 175749.57 1715779 1.4767913141908E11 175749.57 160 0 150 16640 0 15600
94500.0 16560 2.85325960686E9 177432.22 1732339 1.5053239102594E11 177432.22 160 0 150 16800 0 15750
95400.0 16524 2.87725124601E9 179114.32 1748863 1.5340964227196E11 179114.32 160 0 150 16960 0 15900
96300.0 16460 2.89802119001E9 180796.4 1765323 1.5630766346197E11 180796.4 160 0 150 17120 0 16050
97200.0 16452 2.92517740375E9 182479.05 1781775 1.5923284086572E11 182479.05 160 0 150 17280 0 16200
98100.0 16560 2.96224582558E9 184161.14 1798335 1.621950866913E11 184161.14 160 0 150 17440 0 16350
99000.0 16525 2.98611213887E9 185843.42 1814860 1.6518119883017E11 185843.42 160 0 150 17600 0 16500
99900.0 16452 3.00664547556E9 187525.88 1831312 1.6818784430573E11 187525.88 160 0 150 17760 0 16650
100800.0 16452 3.03380021288E9 189207.97 1847764 1.7122164451862E11 189207.97 160 0 150 17920 0 16800
101700.0 16560 3.07123183516E9 190890.62 1864324 1.7429287635378E11 190890.62 160 0 150 18080 0 16950
102600.0 16524 3.09498033759E9 192572.72 1880848 1.7738785669137E11 192572.72 160 0 150 18240 0 17100
103500.0 16452 3.11526666477E9 194254.8 1897300 1.8050312335613E11 194254.8 160 0 150 18400 0 17250
104400.0 16453 3.14242287851E9 195937.45 1913753 1.8364554623465E11 195937.45 160 0 150 18560 0 17400
105300.0 16560 3.18021806288E9 197619.54 1930313 1.8682576429753E11 197619.54 160 0 150 18720 0 17550
106200.0 16532 3.2038406881E9 199301.63 1946845 1.9002960498563E11 199301.63 160 0 150 18880 0 17700
107100.0 16452 3.22388932753E9 200984.28 1963297 1.9325349431316E11 200984.28 160 0 150 19040 0 17850
108000.0 16452 3.25104572123E9 202666.37 1979749 1.9650454003438E11 202666.37 160 0 150 19200 0 18000
108900.0 16561 3.28919953383E9 204348.45 1996310 1.9979373956821E11 204348.45 160 0 150 19360 0 18150
109800.0 16524 3.31270560928E9 206031.11 2012834 2.031064451775E11 206031.11 160 0 150 19520 0 18300
110700.0 16452 3.33251217322E9 207713.2 2029286 2.0643895735072E11 207713.2 160 0 150 19680 0 18450
111600.0 16452 3.35966383997E9 209395.28 2045738 2.0979862119068E11 209395.28 160 0 150 19840 0 18600
112500.0 16560 3.39818558621E9 211077.93 2062298 2.131968067769E11 211077.93 160 0 150 20000 0 18750
113400.0 16524 3.42157069904E9 212760.03 2078822 2.1661837747594E11 212760.03 160 0 150 20160 0 18900
114300.0 16453 3.44113029196E9 214442.11 2095275 2.200595077679E11 214442.11 160 0 150 20320 0 19050
115200.0 16452 3.4682865057E9 216124.76 2111727 2.235277942736E11 216124.76 160 0 150 20480 0 19200
116100.0 16560 3.50717178705E9 217806.85 2128287 2.2703496606065E11 217806.85 160 0 150 20640 0 19350
117000.0 16532 3.53043109713E9 219488.95 2144819 2.3056539715778E11 219488.95 160 0 150 20800 0 19500
117900.0 16452 3.54975295483E9 221171.59 2161271 2.341151501126E11 221171.59 160 0 150 20960 0 19650
118800.0 16453 3.57690934853E9 222853.68 2177724 2.3769205946113E11 222853.68 160 0 150 21120 0 19800
119700.0 16560 3.61615645665E9 224536.17 2194284 2.4130821591778E11 224536.17 160 0 150 21280 0 19950
120600.0 16524 3.63929944487E9 226218.43 2210808 2.4494751536265E11 226218.43 160 0 150 21440 0 20100
121500.0 16452 3.65837575968E9 227900.51 2227260 2.4860589112233E11 227900.51 160 0 150 21600 0 20250
122400.0 16452 3.68553197342E9 229583.16 2243712 2.5229142309575E11 229583.16 160 0 150 21760 0 20400
123300.0 16560 3.72514401728E9 231265.25 2260272 2.5601656711303E11 231265.25 160 0 150 21920 0 20550
124200.0 16524 3.74816103772E9 232947.34 2276796 2.5976472815075E11 232947.34 160 0 150 22080 0 20700
125100.0 16453 3.76699842254E9 234629.99 2293249 2.635317265733E11 234629.99 160 0 150 22240 0 20850
126000.0 16452 3.79415481625E9 236312.08 2309701 2.6732588138954E11 236312.08 160 0 150 22400 0 21000
126900.0 16568 3.83412550634E9 237994.17 2326269 2.7116000689588E11 237994.17 160 0 150 22560 0 21150
127800.0 16524 3.85702594996E9 239676.82 2342793 2.7501703284584E11 239676.82 160 0 150 22720 0 21300
128700.0 16452 3.87562126824E9 241358.91 2359245 2.7889265411408E11 241358.91 160 0 150 22880 0 21450
129600.0 16453 3.90277293498E9 243041.0 2375698 2.8279542704907E11 243041.0 160 0 150 23040 0 21600
130500.0 16560 3.94311155872E9 244723.64 2392258 2.8673853860779E11 244723.64 160 0 150 23200 0 21750
131400.0 16524 3.96589103972E9 246405.74 2408782 2.9070442964751E11 246405.74 160 0 150 23360 0 21900
132300.0 16452 3.98423938698E9 248087.83 2425234 2.9468866903449E11 248087.83 160 0 150 23520 0 22050
133200.0 16452 4.01139560072E9 249770.48 2441686 2.9870006463521E11 249770.48 160 0 150 23680 0 22200
134100.0 16560 4.05209776855E9 251452.57 2458246 3.0275216240376E11 251452.57 160 0 150 23840 0 22350
135000.0 16524 4.07475140834E9 253134.66 2474770 3.068269138121E11 253134.66 160 0 150 24000 0 22500
135900.0 16452 4.09286204984E9 254817.31 2491222 3.1091977586194E11 254817.31 160 0 150 24160 0 22650
136800.0 16452 4.12001844355E9 256499.4 2507674 3.1503979430549E11 256499.4 160 0 150 24320 0 22800
137700.0 16569 4.16107951868E9 258181.48 2524243 3.1920087382416E11 258181.48 160 0 150 24480 0 22950
138600.0 16524 4.18361631157E9 259864.14 2540767 3.2338449013574E11 259864.14 160 0 150 24640 0 23100
139500.0 16453 4.20148489554E9 261546.23 2557220 3.2758597503128E11 261546.23 160 0 150 24800 0 23250
140400.0 16452 4.22864099861E9 263228.87 2573672 3.3181461602989E11 263228.87 160 0 150 24960 0 23400
141300.0 16560 4.27007002863E9 264910.97 2590232 3.3608468605852E11 264910.97 160 0 150 25120 0 23550
142200.0 16524 4.29248141933E9 266593.06 2606756 3.4037716747785E11 266593.06 160 0 150 25280 0 23700
143100.0 16452 4.31010755841E9 268275.71 2623208 3.4468727503626E11 268275.71 160 0 150 25440 0 23850
144000.0 16452 4.33726395211E9 269957.8 2639660 3.4902453898836E11 269957.8 160 0 150 25600 0 24000
144900.0 16560 4.37905151082E9 271639.88 2656220 3.5340359049919E11 271639.88 160 0 150 25760 0 24150
145800.0 16525 4.40134632257E9 273322.54 2672745 3.5780493682176E11 273322.54 160 0 150 25920 0 24300
146700.0 16452 4.4187304041E9 275004.63 2689197 3.6222366722586E11 275004.63 160 0 150 26080 0 24450
147600.0 16460 4.44588207085E9 276686.71 2705657 3.6666954929671E11 276686.71 160 0 150 26240 0 24600
148500.0 16560 4.48803755421E9 278369.36 2722217 3.7115758685091E11 278369.36 160 0 150 26400 0 24750
149400.0 16524 4.51021143033E9 280051.46 2738741 3.7566779828124E11 280051.46 160 0 150 26560 0 24900
150300.0 16453 4.52734852284E9 281733.54 2755194 3.8019514680408E11 281733.54 160 0 150 26720 0 25050
151200.0 16452 4.55450473658E9 283416.19 2771646 3.8474965154066E11 283416.19 160 0 150 26880 0 25200
152100.0 16560 4.59702376404E9 285098.28 2788206 3.893466753047E11 285098.28 160 0 150 27040 0 25350
153000.0 16524 4.619071781E9 286780.37 2804730 3.939657470857E11 286780.37 160 0 150 27200 0 25500
153900.0 16452 4.63597118576E9 288463.02 2821182 3.9860171827146E11 288463.02 160 0 150 27360 0 25650
154800.0 16452 4.66312757946E9 290145.11 2837634 4.0326484585093E11 290145.11 160 0 150 27520 0 25800
155700.0 16561 4.70600525315E9 291827.19 2854195 4.0797085110407E11 291827.19 160 0 150 27680 0 25950
156600.0 16524 4.72793670229E9 293509.85 2870719 4.1269878780637E11 293509.85 160 0 150 27840 0 26100
157500.0 16452 4.74459403146E9 295191.94 2887171 4.1744338183782E11 295191.94 160 0 150 28000 0 26250
158400.0 16460 4.77174742944E9 296874.25 2903631 4.2221512926727E11 296874.25 160 0 150 28160 0 26400
159300.0 16560 4.81501088282E9 298556.67 2920191 4.2703014015008E11 298556.67 160 0 150 28320 0 26550
160200.0 16525 4.8368017475E9 300238.77 2936716 4.3186694189759E11 300238.77 160 0 150 28480 0 26700
161100.0 16452 4.85321664987E9 301921.42 2953168 4.3672015854745E11 301921.42 160 0 150 28640 0 26850
162000.0 16452 4.88037304357E9 303603.51 2969620 4.4160053159102E11 303603.51 160 0 150 28800 0 27000
162900.0 16560 4.92397746176E9 305285.59 2986180 4.4652450905279E11 305285.59 160 0 150 28960 0 27150
163800.0 16524 4.94566750518E9 306968.25 3002704 4.5147017655796E11 306968.25 160 0 150 29120 0 27300
164700.0 16452 4.96183949546E9 308650.34 3019156 4.5643201605342E11 308650.34 160 0 150 29280 0 27450
165600.0 16452 4.9889911622E9 310332.42 3035608 4.6142100721562E11 310332.42 160 0 150 29440 0 27600
166500.0 16561 5.03298109568E9 312015.07 3052169 4.664539883113E11 312015.07 160 0 150 29600 0 27750
167400.0 16524 5.05453176728E9 313697.17 3068693 4.7150852007858E11 313697.17 160 0 150 29760 0 27900
168300.0 16460 5.07045761409E9 315379.26 3085153 4.7657897769267E11 315379.26 160 0 150 29920 0 28050
169200.0 16452 5.09761382783E9 317061.9 3101605 4.816765915205E11 317061.9 160 0 150 30080 0 28200
170100.0 16560 5.14194972376E9 318743.99 3118165 4.8681854124426E11 318743.99 160 0 150 30240 0 28350
171000.0 16525 5.16339302133E9 320426.09 3134690 4.9198193426559E11 320426.09 160 0 150 30400 0 28500
171900.0 16452 5.17908027684E9 322108.73 3151142 4.9716101454243E11 322108.73 160 0 150 30560 0 28650
172800.0 16452 5.20623667055E9 323790.83 3167594 5.0236725121298E11 323790.83 160 0 150 30720 0 28800
173700.0 16560 5.25093120371E9 325472.91 3184154 5.0761818241669E11 325472.91 160 0 150 30880 0 28950
174600.0 16524 5.27225703892E9 327155.56 3200678 5.1289043945561E11 327155.56 160 0 150 31040 0 29100
175500.0 16452 5.28770312243E9 328837.66 3217130 5.1817814257804E11 328837.66 160 0 150 31200 0 29250
176400.0 16453 5.31485478918E9 330519.74 3233583 5.2349299736722E11 330519.74 160 0 150 31360 0 29400
177300.0 16560 5.35991725598E9 332202.39 3250143 5.288529146232E11 332202.39 160 0 150 31520 0 29550
178200.0 16530 5.38112213757E9 333884.49 3266673 5.3423403676077E11 333884.49 160 0 150 31680 0 29700
179100.0 16454 5.39632478661E9 335567.01 3283127 5.3963036154739E11 335567.01 160 0 150 31840 0 29850
180000.0 16452 5.42348124392E9 337249.22 3299579 5.4505384279131E11 337249.22 160 0 150 32000 0 30000
180900.0 16561 5.46890344761E9 338931.31 3316140 5.5052274623892E11 338931.31 160 0 150 32160 0 30150
181800.0 16524 5.4899870136E9 340613.96 3332664 5.5601273325252E11 340613.96 160 0 150 32320 0 30300
182700.0 16452 5.50494859475E9 342296.06 3349116 5.6151768184727E11 342296.06 160 0 150 32480 0 30450
183600.0 16452 5.5321002615E9 343978.14 3365568 5.6704978210877E11 343978.14 160 0 150 32640 0 30600
184500.0 16560 5.57788946383E9 345660.78 3382128 5.726276715726E11 345660.78 160 0 150 32800 0 30750
185400.0 16524 5.59885211219E9 347342.89 3398652 5.7822652368479E11 347342.89 160 0 150 32960 0 30900
186300.0 16452 5.61356671333E9 349024.97 3415104 5.8384009039812E11 349024.97 160 0 150 33120 0 31050
187200.0 16452 5.64072292707E9 350707.62 3431556 5.8948081332519E11 350707.62 160 0 150 33280 0 31200
188100.0 16560 5.68687570951E9 352389.71 3448116 5.951676890347E11 352389.71 160 0 150 33440 0 31350
189000.0 16533 5.70771247167E9 354071.8 3464649 6.0087540150637E11 354071.8 160 0 150 33600 0 31500
189900.0 16452 5.72218937606E9 355754.45 3481101 6.0659759088244E11 355754.45 160 0 150 33760 0 31650
190800.0 16452 5.74934576977E9 357436.54 3497553 6.1234693665221E11 357436.54 160 0 150 33920 0 31800
191700.0 16561 5.79585718045E9 359118.62 3514114 6.1814279383266E11 359118.62 160 0 150 34080 0 31950
192600.0 16524 5.81657738379E9 360801.28 3530638 6.2395937121645E11 360801.28 160 0 150 34240 0 32100
193500.0 16452 5.83081222164E9 362483.37 3547090 6.2979018343808E11 362483.37 160 0 150 34400 0 32250
194400.0 16452 5.8579638884E9 364165.45 3563542 6.3564814732648E11 364165.45 160 0 150 34560 0 32400
195300.0 16560 5.90484321471E9 365848.1 3580102 6.4155299054119E11 365848.1 160 0 150 34720 0 32550
196200.0 16524 5.92544248243E9 367530.2 3596626 6.4747843302362E11 367530.2 160 0 150 34880 0 32700
197100.0 16453 5.93943059569E9 369212.32 3613079 6.5341786361931E11 369212.32 160 0 150 35040 0 32850
198000.0 16452 5.9665868403E9 370894.93 3629531 6.5938445045961E11 370894.93 160 0 150 35200 0 33000
198900.0 16566 6.01382943088E9 372577.02 3646097 6.6539827989049E11 372577.02 160 0 150 35360 0 33150
199800.0 16526 6.03430727216E9 374259.67 3662623 6.7143258716265E11 374259.67 160 0 150 35520 0 33300
200700.0 16452 6.04805771631E9 375941.77 3679075 6.7748064487896E11 375941.77 160 0 150 35680 0 33450
201600.0 16453 6.07520938521E9 377623.85 3695528 6.8355585426417E11 377623.85 160 0 150 35840 0 33600
202500.0 16560 6.12281548314E9 379306.5 3712088 6.8967866974732E11 379306.5 160 0 150 36000 0 33750
203400.0 16524 6.14317248165E9 380988.6 3728612 6.9582184222897E11 380988.6 160 0 150 36160 0 33900
204300.0 16452 6.15667583708E9 382670.68 3745064 7.0197851806604E11 382670.68 160 0 150 36320 0 34050
205200.0 16452 6.18383205083E9 384353.33 3761516 7.0816235011687E11 384353.33 160 0 150 36480 0 34200
206100.0 16560 6.23180167485E9 386035.42 3778076 7.1439415179173E11 386035.42 160 0 150 36640 0 34350
207000.0 16524 6.25203284105E9 387717.51 3794600 7.2064618463277E11 387717.51 160 0 150 36800 0 34500
207900.0 16453 6.26529849971E9 389400.16 3811053 7.2691148313249E11 389400.16 160 0 150 36960 0 34650
208800.0 16452 6.29245489342E9 391082.25 3827505 7.3320393802591E11 391082.25 160 0 150 37120 0 34800
209700.0 16568 6.34078318169E9 392764.33 3844073 7.395447212076E11 392764.33 160 0 150 37280 0 34950
210600.0 16524 6.36089775295E9 394446.99 3860597 7.4590561896055E11 394446.99 160 0 150 37440 0 35100
211500.0 16452 6.37392134507E9 396129.08 3877049 7.5227954030562E11 396129.08 160 0 150 37600 0 35250
212400.0 16453 6.40107301183E9 397811.17 3893502 7.5868061331745E11 397811.17 160 0 150 37760 0 35400
213300.0 16560 6.44976919773E9 399493.81 3910062 7.6513038251518E11 399493.81 160 0 150 37920 0 35550
214200.0 16524 6.46976285137E9 401175.91 3926586 7.7160014536655E11 401175.91 160 0 150 38080 0 35700
215100.0 16452 6.48253946348E9 402858.0 3943038 7.7808268483003E11 402858.0 160 0 150 38240 0 35850
216000.0 16452 6.50969567723E9 404540.64 3959490 7.8459238050726E11 404540.64 160 0 150 38400 0 36000
216900.0 16560 6.55875544322E9 406222.74 3976050 7.9115113595048E11 406222.74 160 0 150 38560 0 36150
217800.0 16524 6.57862520281E9 407905.09 3992574 7.977297611533E11 407905.09 160 0 150 38720 0 36300
218700.0 16452 6.59116439933E9 409587.48 4009026 8.0432092555262E11 409587.48 160 0 150 38880 0 36450
219600.0 16461 6.61831846354E9 411269.56 4025487 8.1093924401616E11 411269.56 160 0 150 39040 0 36600
220500.0 16560 6.6677414119E9 412952.21 4042047 8.1760698542806E11 412952.21 160 0 150 39200 0 36750
221400.0 16524 6.68749280538E9 414634.31 4058571 8.2429447823345E11 414634.31 160 0 150 39360 0 36900
222300.0 16453 6.69978491513E9 416316.39 4075024 8.3099426314858E11 416316.39 160 0 150 39520 0 37050
223200.0 16452 6.72694112888E9 417999.04 4091476 8.3772120427746E11 417999.04 160 0 150 39680 0 37200
224100.0 16560 6.77672763934E9 419681.13 4108036 8.444979319168E11 419681.13 160 0 150 39840 0 37350
225000.0 16524 6.79635316461E9 421363.22 4124560 8.5129428508142E11 421363.22 160 0 150 40000 0 37500
225900.0 16452 6.80840757761E9 423045.87 4141012 8.5810269265903E11 423045.87 160 0 150 40160 0 37650
226800.0 16452 6.83556397132E9 424727.96 4157464 8.6493825663034E11 424727.96 160 0 150 40320 0 37800
227700.0 16560 6.88570911001E9 426410.05 4174024 8.7182396574035E11 426410.05 160 0 150 40480 0 37950
228600.0 16525 6.90521807646E9 428092.7 4190549 8.7872918381681E11 428092.7 160 0 150 40640 0 38100
229500.0 16452 6.91703042291E9 429774.8 4207001 8.8564621423972E11 429774.8 160 0 150 40800 0 38250
230400.0 16460 6.94418208967E9 431456.88 4223461 8.9259039632939E11 431456.88 160 0 150 40960 0 38400
231300.0 16560 6.994695162E9 433139.53 4240021 8.995850914914E11 433139.53 160 0 150 41120 0 38550
232200.0 16524 7.01408317483E9 434821.63 4256545 9.0659917466622E11 434821.63 160 0 150 41280 0 38700
233100.0 16453 7.02564854126E9 436503.71 4272998 9.1362482320749E11 436503.71 160 0 150 41440 0 38850
234000.0 16452 7.05280475502E9 438186.36 4289450 9.206776279625E11 438186.36 160 0 150 41600 0 39000
234900.0 16560 7.10368137144E9 439868.45 4306010 9.2778130933394E11 439868.45 160 0 150 41760 0 39150
235800.0 16524 7.12294353406E9 441550.54 4322534 9.34904252868E11 441550.54 160 0 150 41920 0 39300
236700.0 16452 7.13427120374E9 443233.19 4338986 9.4203852407174E11 443233.19 160 0 150 42080 0 39450
237600.0 16452 7.16142759745E9 444915.28 4355438 9.4919995166919E11 444915.28 160 0 150 42240 0 39600
238500.0 16560 7.21266667634E9 446597.84 4371998 9.5641261834553E11 446597.84 160 0 150 42400 0 39750
239400.0 16524 7.23181253132E9 448280.02 4388522 9.6364443087685E11 448280.02 160 0 150 42560 0 39900
240300.0 16461 7.24289401791E9 449962.11 4404983 9.7088732489476E11 449962.11 160 0 150 42720 0 40050
241200.0 16452 7.27005023166E9 451644.76 4421435 9.7815737512642E11 451644.76 160 0 150 42880 0 40200
242100.0 16560 7.32165360163E9 453326.85 4437995 9.8547902872805E11 453326.85 160 0 150 43040 0 40350
243000.0 16525 7.34067351306E9 455008.94 4454520 9.9281970224111E11 455008.94 160 0 150 43200 0 40500
243900.0 16452 7.35151668038E9 456691.59 4470972 1.00017121892149E12 456691.59 160 0 150 43360 0 40650
244800.0 16452 7.37867307409E9 458373.68 4487424 1.00754989199558E12 458373.68 160 0 150 43520 0 40800
245700.0 16560 7.4306350903E9 460055.76 4503984 1.01498052708588E12 460055.76 160 0 150 43680 0 40950
246600.0 16524 7.44953842491E9 461738.42 4520508 1.02243006551079E12 461738.42 160 0 150 43840 0 41100
247500.0 16452 7.46013952569E9 463420.51 4536960 1.02989020503648E12 463420.51 160 0 150 44000 0 41250
248400.0 16452 7.48729119244E9 465102.59 4553412 1.03737749622892E12 465102.59 160 0 150 44160 0 41400
249300.0 16561 7.53962113329E9 466785.24 4569973 1.04491711736222E12 466785.24 160 0 150 44320 0 41550
250200.0 16524 7.55840352322E9 468467.34 4586497 1.05247552088544E12 468467.34 160 0 150 44480 0 41700
251100.0 16460 7.56875764399E9 470149.42 4602957 1.06004427852943E12 470149.42 160 0 150 44640 0 41850
252000.0 16452 7.59591385774E9 471832.07 4619409 1.06764019238716E12 471832.07 160 0 150 44800 0 42000
252900.0 16560 7.64860734263E9 473514.16 4635969 1.07528879972979E12 473514.16 160 0 150 44960 0 42150
253800.0 16525 7.66726388245E9 475196.25 4652494 1.08295606361225E12 475196.25 160 0 150 45120 0 42300
254700.0 16452 7.67738030646E9 476878.9 4668946 1.09063344391871E12 476878.9 160 0 150 45280 0 42450
255600.0 16452 7.70453670017E9 478560.99 4685398 1.09833798061888E12 478560.99 160 0 150 45440 0 42600
256500.0 16560 7.75758948187E9 480243.15 4701958 1.10609557010074E12 480243.15 160 0 150 45600 0 42750
257400.0 16524 7.77612943723E9 481925.73 4718482 1.11387169953797E12 481925.73 160 0 150 45760 0 42900
258300.0 16452 7.78600312571E9 483607.82 4734934 1.12165770266369E12 483607.82 160 0 150 45920 0 43050
259200.0 16452 7.81315925071E9 485290.46 4751386 1.12947086191439E12 485290.46 160 0 150 46080 0 43200
260100.0 16560 7.86657957613E9 486972.56 4767946 1.13733744149052E12 486972.56 160 0 150 46240 0 43350
261000.0 16533 7.88499386646E9 488654.65 4784479 1.14522243535698E12 488654.65 160 0 150 46400 0 43500
261900.0 16452 7.89462578808E9 490337.3 4800931 1.15311706114506E12 490337.3 160 0 150 46560 0 43650
262800.0 16452 7.92178218179E9 492019.39 4817383 1.16103884332685E12 492019.39 160 0 150 46720 0 43800
263700.0 16561 7.97557865386E9 493701.47 4833944 1.1690144219807E12 493701.47 160 0 150 46880 0 43950
264600.0 16524 7.99385877824E9 495384.13 4850468 1.17700828075895E12 495384.13 160 0 150 47040 0 44100
265500.0 16452 8.00324863333E9 497066.22 4866920 1.18501152939228E12 497066.22 160 0 150 47200 0 44250
266400.0 16452 8.03040030009E9 498748.3 4883372 1.19304192969236E12 498748.3 160 0 150 47360 0 44400
267300.0 16560 8.08454710047E9 500430.95 4899932 1.20112647679283E12 500430.95 160 0 150 47520 0 44550
268200.0 16524 8.10272478026E9 502113.05 4916456 1.20922920157309E12 502113.05 160 0 150 47680 0 44700
269100.0 16452 8.11186675179E9 503795.14 4932908 1.21734106832488E12 503795.14 160 0 150 47840 0 44850
270000.0 16453 8.1390229972E9 505477.78 4949361 1.22548009132208E12 505477.78 160 0 150 48000 0 45000
270900.0 16560 8.19355092434E9 507159.87 4965921 1.23367364224642E12 507159.87 160 0 150 48160 0 45150
271800.0 16532 8.21158422705E9 508841.97 4982453 1.24188522647348E12 508841.97 160 0 150 48320 0 45300
272700.0 16452 8.22048941437E9 510524.61 4998905 1.25010571588785E12 510524.61 160 0 150 48480 0 45450
273600.0 16452 8.24764580808E9 512206.71 5015357 1.25835336169593E12 512206.71 160 0 150 48640 0 45600
274500.0 16561 8.30251478975E9 513888.79 5031918 1.26665587648568E12 513888.79 160 0 150 48800 0 45750
275400.0 16524 8.32044998455E9 515571.44 5048442 1.27497632647023E12 515571.44 160 0 150 48960 0 45900
276300.0 16452 8.32911225979E9 517253.54 5064894 1.28330543873002E12 517253.54 160 0 150 49120 0 46050
277200.0 16452 8.35626622581E9 518935.92 5081346 1.29166170495583E12 518935.92 160 0 150 49280 0 46200
278100.0 16560 8.41150348503E9 520618.27 5097906 1.30007320844087E12 520618.27 160 0 150 49440 0 46350
279000.0 16524 8.42931418388E9 522300.36 5114430 1.30850252262475E12 522300.36 160 0 150 49600 0 46500
279900.0 16453 8.43773486889E9 523983.01 5130883 1.31694025749363E12 523983.01 160 0 150 49760 0 46650
280800.0 16452 8.4648912626E9 525665.1 5147335 1.32540514875623E12 525665.1 160 0 150 49920 0 46800
281700.0 16568 8.5205045941E9 527347.19 5163903 1.33392565335034E12 527347.19 160 0 150 50080 0 46950
282600.0 16524 8.53817910484E9 529029.84 5180427 1.34246383245517E12 529029.84 160 0 150 50240 0 47100
283500.0 16452 8.5463577143E9 530711.93 5196879 1.35101019016947E12 530711.93 160 0 150 50400 0 47250
284400.0 16453 8.57350938106E9 532394.02 5213332 1.35958369955053E12 532394.02 160 0 150 50560 0 47400
285300.0 16560 8.62947305888E9 534076.66 5229892 1.36821317260941E12 534076.66 160 0 150 50720 0 47550
286200.0 16524 8.6470450979E9 535758.76 5246416 1.37686021770731E12 535758.76 160 0 150 50880 0 47700
287100.0 16452 8.65497583281E9 537440.85 5262868 1.38551519354013E12 537440.85 160 0 150 51040 0 47850
288000.0 16452 8.68213204657E9 539123.49 5279320 1.39419732558669E12 539123.49 160 0 150 51200 0 48000
288900.0 16560 8.7384768738E9 540805.59 5295880 1.4029358024605E12 540805.59 160 0 150 51360 0 48150
289800.0 16524 8.75590456281E9 542487.68 5312404 1.41169170702331E12 542487.68 160 0 150 51520 0 48300
290700.0 16453 8.76359849551E9 544170.33 5328857 1.42045530551881E12 544170.33 160 0 150 51680 0 48450
291600.0 16452 8.79075488922E9 545852.42 5345309 1.42924606040803E12 545852.42 160 0 150 51840 0 48600
292500.0 16568 8.84744075732E9 547534.5 5361877 1.43809350116535E12 547534.5 160 0 150 52000 0 48750
293400.0 16524 8.86477031142E9 549217.16 5378401 1.44695827147677E12 549217.16 160 0 150 52160 0 48900
294300.0 16452 8.87222134103E9 550899.25 5394853 1.45583049281779E12 550899.25 160 0 150 52320 0 49050
295200.0 16453 8.89937303507E9 552581.33 5411306 1.46472986585286E12 552581.33 160 0 150 52480 0 49200
296100.0 16560 8.95642679157E9 554263.98 5427866 1.47368629264444E12 554263.98 160 0 150 52640 0 49350
297000.0 16524 8.97363456446E9 555946.08 5444390 1.48265992720889E12 555946.08 160 0 150 52800 0 49500
297900.0 16452 8.98084359892E9 557628.69 5460842 1.49164077080781E12 557628.69 160 0 150 52960 0 49650
298800.0 16452 9.00800015203E9 559310.82 5477294 1.50064877095985E12 559310.82 160 0 150 53120 0 49800
299700.0 16560 9.06541300701E9 560992.9 5493854 1.50971418396685E12 560992.9 160 0 150 53280 0 49950
300600.0 16525 9.08249947335E9 562675.56 5510379 1.51879668344021E12 562675.56 160 0 150 53440 0 50100
301500.0 16452 9.0894668371E9 564357.65 5526831 1.5278861502773E12 564357.65 160 0 150 53600 0 50250
302400.0 16460 9.11661850386E9 566039.73 5543291 1.53700276878116E12 566039.73 160 0 150 53760 0 50400
303300.0 16560 9.17439903225E9 567722.38 5559851 1.54617716781342E12 567722.38 160 0 150 53920 0 50550
304200.0 16524 9.19136456299E9 569404.48 5576375 1.55536853237641E12 569404.48 160 0 150 54080 0 50700
305100.0 16453 9.19808495572E9 571086.56 5592828 1.56456661733213E12 571086.56 160 0 150 54240 0 50850
306000.0 16452 9.22524116947E9 572769.21 5609280 1.57379185850161E12 572769.21 160 0 150 54400 0 51000
306900.0 16560 9.28338526896E9 574451.3 5625840 1.58307524377057E12 574451.3 160 0 150 54560 0 51150
307800.0 16524 9.30022493155E9 576133.39 5642364 1.59237546870212E12 576133.39 160 0 150 54720 0 51300
308700.0 16452 9.30670761852E9 577816.04 5658816 1.60168217632064E12 577816.04 160 0 150 54880 0 51450
309600.0 16452 9.33386401223E9 579498.13 5675268 1.61101604033287E12 579498.13 160 0 150 55040 0 51600
310500.0 16561 9.39236674874E9 581180.21 5691829 1.62040840708162E12 581180.21 160 0 150 55200 0 51750
311400.0 16524 9.40908983477E9 582862.87 5708353 1.62981749691639E12 582862.87 160 0 150 55360 0 51900
312300.0 16452 9.4153304642E9 584544.96 5724805 1.63923282738059E12 584544.96 160 0 150 55520 0 52050
313200.0 16460 9.44248213096E9 586227.04 5741265 1.64867530951156E12 586227.04 160 0 150 55680 0 52200
314100.0 16560 9.50135277437E9 587909.69 5757825 1.65817666228593E12 587909.69 160 0 150 55840 0 52350
315000.0 16524 9.51795494252E9 589591.79 5774349 1.66769461722845E12 589591.79 160 0 150 56000 0 52500
315900.0 16453 9.52394946982E9 591273.99 5790802 1.67721856669826E12 591273.99 160 0 150 56160 0 52650
316800.0 16452 9.55110579205E9 592956.52 5807254 1.68676967249031E12 592956.52 160 0 150 56320 0 52800
317700.0 16560 9.61033897535E9 594638.61 5823814 1.69638001146566E12 594638.61 160 0 150 56480 0 52950
318600.0 16524 9.62682057571E9 596321.27 5840338 1.70600683204137E12 596321.27 160 0 150 56640 0 53100
319500.0 16452 9.63257593622E9 598003.36 5856790 1.7156394079776E12 598003.36 160 0 150 56800 0 53250
320400.0 16452 9.65972760409E9 599685.44 5873242 1.72529913558168E12 599685.44 160 0 150 56960 0 53400
321300.0 16561 9.71932500103E9 601368.09 5889803 1.73501846058272E12 601368.09 160 0 150 57120 0 53550
322200.0 16524 9.73568491805E9 603050.19 5906327 1.74475414550077E12 603050.19 160 0 150 57280 0 53700
323100.0 16460 9.74119405612E9 604732.27 5922787 1.75449533955689E12 604732.27 160 0 150 57440 0 53850
324000.0 16452 9.76835026987E9 606414.92 5939239 1.76426368982675E12 606414.92 160 0 150 57600 0 54000
324900.0 16560 9.82831123765E9 608097.01 5955799 1.7740920010644E12 608097.01 160 0 150 57760 0 54150
325800.0 16525 9.84454526877E9 609779.11 5972324 1.78393654633317E12 609779.11 160 0 150 57920 0 54300
326700.0 16452 9.84981671908E9 611461.75 5988776 1.79378636305225E12 611461.75 160 0 150 58080 0 54450
327600.0 16452 9.87697311279E9 613143.84 6005228 1.80366333616503E12 613143.84 160 0 150 58240 0 54600
328500.0 16560 9.93729269081E9 614825.93 6021788 1.81360062885584E12 614825.93 160 0 150 58400 0 54750
329400.0 16524 9.95341018111E9 616508.58 6038312 1.82355403903694E12 616508.58 160 0 150 58560 0 54900
330300.0 16452 9.95843956487E9 618190.68 6054764 1.83351247860181E12 618190.68 160 0 150 58720 0 55050
331200.0 16453 9.98559123162E9 619872.76 6071217 1.84349806983344E12 619872.76 160 0 150 58880 0 55200
332100.0 16560 1.004629635214E10 621555.41 6087777 1.85354436618558E12 621555.41 160 0 150 59040 0 55350
333000.0 16524 1.00622761835E10 623237.51 6104301 1.86360664236907E12 623237.51 160 0 150 59200 0 55500
333900.0 16460 1.006705768371E10 624919.59 6120761 1.87367370005278E12 624919.59 160 0 150 59360 0 55650
334800.0 16452 1.009421389746E10 626602.24 6137213 1.88376791395024E12 626602.24 160 0 150 59520 0 55800
335700.0 16561 1.015526497121E10 628284.33 6153774 1.89392317892145E12 628284.33 160 0 150 59680 0 55950
336600.0 16524 1.017113838784E10 629966.77 6170298 1.90409431730929E12 629966.77 160 0 150 59840 0 56100
337500.0 16452 1.017568333671E10 631649.07 6186750 1.914270000646E12 631649.07 160 0 150 60000 0 56250
338400.0 16452 1.020283668863E10 633331.16 6203202 1.92447283733463E12 633331.16 160 0 150 60160 0 56400
339300.0 16560 1.026425095403E10 635013.8 6219762 1.93473708828866E12 635013.8 160 0 150 60320 0 56550
340200.0 16524 1.028000613388E10 636695.9 6236286 1.94501709442254E12 636695.9 160 0 150 60480 0 56700
341100.0 16452 1.028430314077E10 638377.99 6252738 1.95530139756331E12 638377.99 160 0 150 60640 0 56850
342000.0 16453 1.031145935452E10 640060.63 6269191 1.96561285691782E12 640060.63 160 0 150 60800 0 57000
342900.0 16560 1.03732547873E10 641742.73 6285751 1.97598611170512E12 641742.73 160 0 150 60960 0 57150
343800.0 16532 1.038886560812E10 643424.82 6302283 1.98637497731324E12 643424.82 160 0 150 61120 0 57300
344700.0 16452 1.039292580378E10 645107.47 6318735 1.99676790311702E12 645107.47 160 0 150 61280 0 57450
345600.0 16452 1.042008219749E10 646789.56 6335187 2.00718798531451E12 646789.56 160 0 150 61440 0 57600

