# seed = 1, gamma = 1.0, beta = 0.75, dee = 100.0, dcc = 50.0, dec = 600.0, dsc = 2000.0, dLocalhost = 0.015, hostBroker = EDGE, numOfCloud = 1, numOfEdge = 1, numOfSmartphone = 225 
#
# The columns have the following meaning: 
# instant[SECONDS] delayCountPartial delaySumPartial[SECONDS] delayMaxPartial[SECONDS] delayCountTot delaySumTot[SECONDS] delayMaxTot[SECONDS] runOnCloudPartial runOnEdgePartial runOnSmartphonePartial runOnCloudTot runOnEdgeTot runOnSmartphoneTot
0.0 0 0.0 0.0 0 0.0 0.0 0 0 0 0 0 0
900.0 16560 2.5848012518E8 31855.94 16560 2.5848012518E8 31855.94 75 10 225 75 10 225
1800.0 16524 7.6920787318E8 63502.31 33084 1.02768799836E9 63502.31 75 10 225 150 20 450
2700.0 16452 1.27863397809E9 95148.43 49536 2.30632197645E9 95148.43 75 10 225 225 30 675
3600.0 16452 1.78941905266E9 126794.41 65988 4.09574102911E9 126794.41 75 10 225 300 40 900
4500.0 16560 2.30886453972E9 158440.38 82548 6.40460556883E9 158440.38 75 10 225 375 50 1125
5400.0 16524 2.81709876316E9 190086.36 99072 9.22170433199E9 190086.36 75 10 225 450 60 1350
6300.0 16452 3.32195245726E9 221732.33 115524 1.254365678925E10 221732.33 75 10 225 525 70 1575
7200.0 16452 3.83273631609E9 253378.31 131976 1.637639310534E10 253378.31 75 10 225 600 80 1800
8100.0 16561 4.35879533633E9 285024.28 148537 2.073518844167E10 285024.28 75 10 225 675 90 2025
9000.0 16524 4.86496169412E9 316670.26 165061 2.560015013579E10 316670.26 75 10 225 750 100 2250
9900.0 16452 5.36526972096E9 348316.23 181513 3.096541985675E10 348316.23 75 10 225 825 110 2475
10800.0 16452 5.87605357979E9 379962.2 197965 3.684147343654E10 379962.2 75 10 225 900 120 2700
11700.0 16560 6.40917014572E9 411608.17 214525 4.325064358226E10 411608.17 75 10 225 975 130 2925
12600.0 16524 6.91284733113E9 443254.16 231049 5.016349091338E10 443254.16 75 10 225 1050 140 3150
13500.0 16452 7.40858698466E9 474900.13 247501 5.757207789805E10 474900.13 75 10 225 1125 150 3375
14400.0 16452 7.91937084349E9 506546.1 263953 6.549144874154E10 506546.1 75 10 225 1200 160 3600
15300.0 16560 8.45910081025E9 538192.07 280513 7.395054955178E10 538192.07 75 10 225 1275 170 3825
16200.0 16524 8.96071026211E9 569838.05 297037 8.29112598139E10 569838.05 75 10 225 1350 180 4050
17100.0 16452 9.45190424839E9 601484.02 313489 9.236316406229E10 601484.02 75 10 225 1425 190 4275
18000.0 16452 9.96268810723E9 633130.0 329941 1.0232585216952E11 633130.0 75 10 225 1500 200 4500
18900.0 16560 1.050925360444E10 664775.97 346501 1.1283510577396E11 664775.97 75 10 225 1575 210 4725
19800.0 16524 1.100858453716E10 696421.95 363025 1.2384369031112E11 696421.95 75 10 225 1650 220 4950
20700.0 16452 1.149522151215E10 728067.92 379477 1.3533891182327E11 728067.92 75 10 225 1725 230 5175
21600.0 16452 1.200600537099E10 759713.89 395929 1.4734491719427E11 759713.89 75 10 225 1800 240 5400
22500.0 16560 1.255940638963E10 791359.86 412489 1.599043235839E11 791359.86 75 10 225 1875 250 5625
23400.0 16524 1.305645883021E10 823005.85 429013 1.729607824141E11 823005.85 75 10 225 1950 260 5850
24300.0 16452 1.353853877591E10 854651.82 445465 1.8649932119002E11 854651.82 75 10 225 2025 270 6075
25200.0 16452 1.404932263475E10 886297.79 461917 2.0054864382477E11 886297.79 75 10 225 2100 280 6300
26100.0 16560 1.460978134043E10 917943.76 478477 2.1515842516519E11 917943.76 75 10 225 2175 290 6525
27000.0 16524 1.510433311458E10 949589.74 495001 2.3026275827977E11 949589.74 75 10 225 2250 300 6750
27900.0 16452 1.558185604E10 981235.72 511453 2.4584461431977E11 981235.72 75 10 225 2325 310 6975
28800.0 16452 1.609263989884E10 1012881.69 527905 2.6193725421861E11 1012881.69 75 10 225 2400 320 7200
29700.0 16560 1.665971199638E10 1044527.66 544465 2.7859696621499E11 1044527.66 75 10 225 2475 330 7425
30600.0 16524 1.715220739012E10 1076173.64 560989 2.957491736051E11 1076173.64 75 10 225 2550 340 7650
31500.0 16452 1.762517330425E10 1107819.61 577441 3.1337434690935E11 1107819.61 75 10 225 2625 350 7875
32400.0 16452 1.813595716309E10 1139465.58 593893 3.3151030407244E11 1139465.58 75 10 225 2700 360 8100
33300.0 16566 1.870986771557E10 1171111.56 610459 3.50220171788E11 1171111.56 75 10 225 2775 370 8325
34200.0 16526 1.920008473419E10 1202757.91 626985 3.6942025652219E11 1202757.91 75 10 225 2850 380 8550
35100.0 16452 1.96684981605E10 1234404.08 643437 3.8908875468269E11 1234404.08 75 10 225 2925 390 8775
36000.0 16452 2.017928364651E10 1266050.05 659889 4.092680383292E11 1266050.05 75 10 225 3000 400 9000
36900.0 16560 2.076002682676E10 1297696.02 676449 4.3002806515596E11 1297696.02 75 10 225 3075 410 9225
37800.0 16524 2.124796520803E10 1329342.0 692973 4.5127603036399E11 1329342.0 75 10 225 3150 420 9450
38700.0 16452 2.171181705208E10 1360987.98 709425 4.7298784741607E11 1360987.98 75 10 225 3225 430 9675
39600.0 16452 2.222260091092E10 1392633.95 725877 4.9521044832699E11 1392633.95 75 10 225 3300 440 9900
40500.0 16560 2.281017962161E10 1424279.92 742437 5.180206279486E11 1424279.92 75 10 225 3375 450 10125
41400.0 16524 2.329583949274E10 1455925.9 758961 5.4131646744134E11 1455925.9 75 10 225 3450 460 10350
42300.0 16452 2.375513431649E10 1487571.87 775413 5.6507160175783E11 1487571.87 75 10 225 3525 470 10575
43200.0 16452 2.426591817533E10 1519217.85 791865 5.8933751993316E11 1519217.85 75 10 225 3600 480 10800
44100.0 16560 2.486033240746E10 1550863.82 808425 6.1419785234062E11 1550863.82 75 10 225 3675 490 11025
45000.0 16524 2.534371377744E10 1582509.8 824949 6.3954156611806E11 1582509.8 75 10 225 3750 500 11250
45900.0 16452 2.579845158096E10 1614155.77 841401 6.6534001769902E11 1614155.77 75 10 225 3825 510 11475
46800.0 16452 2.63092354398E10 1645801.74 857853 6.9164925313883E11 1645801.74 75 10 225 3900 520 11700
47700.0 16560 2.691070735892E10 1677447.71 874413 7.1855996049775E11 1677447.71 75 10 225 3975 530 11925
48600.0 16524 2.73915880533E10 1709093.7 890937 7.4595154855105E11 1709093.7 75 10 225 4050 540 12150
49500.0 16452 2.784176884554E10 1740739.67 907389 7.7379331739659E11 1740739.67 75 10 225 4125 550 12375
50400.0 16452 2.835255270438E10 1772385.64 923841 8.0214587010097E11 1772385.64 75 10 225 4200 560 12600
51300.0 16560 2.896063800637E10 1804031.61 940401 8.3110650810734E11 1804031.61 75 10 225 4275 570 12825
52200.0 16524 2.943946234717E10 1835677.59 956925 8.6054597045451E11 1835677.59 75 10 225 4350 580 13050
53100.0 16452 2.988508611011E10 1867323.56 973377 8.9043105656463E11 1867323.56 75 10 225 4425 590 13275
54000.0 16452 3.039586996895E10 1898969.54 989829 9.2082692653358E11 1898969.54 75 10 225 4500 600 13500
54900.0 16560 3.101079080139E10 1930615.51 1006389 9.5183771733497E11 1930615.51 75 10 225 4575 610 13725
55800.0 16524 3.148733663198E10 1962261.49 1022913 9.8332505396695E11 1962261.49 75 10 225 4650 620 13950
56700.0 16452 3.192840337464E10 1993907.46 1039365 1.01525345734159E12 1993907.46 75 10 225 4725 630 14175
57600.0 16452 3.243918723348E10 2025553.43 1055817 1.04769264457507E12 2025553.43 75 10 225 4800 640 14400
58500.0 16560 3.306094359634E10 2057199.41 1072377 1.08075358817141E12 2057199.41 75 10 225 4875 650 14625
59400.0 16524 3.35352109168E10 2088845.39 1088901 1.11428879908821E12 2088845.39 75 10 225 4950 660 14850
60300.0 16452 3.397172063913E10 2120491.36 1105353 1.14826051972733E12 2120491.36 75 10 225 5025 670 15075
61200.0 16452 3.448250449791E10 2152137.33 1121805 1.18274302422524E12 2152137.33 75 10 225 5100 680 15300
62100.0 16560 3.511109639114E10 2183783.3 1138365 1.21785412061638E12 2183783.3 75 10 225 5175 690 15525
63000.0 16524 3.558308520139E10 2215429.28 1154889 1.25343720581778E12 2215429.28 75 10 225 5250 700 15750
63900.0 16452 3.60150379034E10 2247075.26 1171341 1.28945224372118E12 2247075.26 75 10 225 5325 710 15975
64800.0 16452 3.652582176218E10 2278721.23 1187793 1.32597806548336E12 2278721.23 75 10 225 5400 720 16200
65700.0 16561 3.71614717311E10 2310367.2 1204354 1.36313953721445E12 2310367.2 75 10 225 5475 730 16425
66600.0 16524 3.76309614466E10 2342013.48 1220878 1.40077049866106E12 2342013.48 75 10 225 5550 740 16650
67500.0 16452 3.805836220645E10 2373659.72 1237330 1.43882886086751E12 2373659.72 75 10 225 5625 750 16875
68400.0 16452 3.856914824223E10 2405305.7 1253782 1.47739800910974E12 2405305.7 75 10 225 5700 760 17100
69300.0 16560 3.921141121817E10 2436951.67 1270342 1.51660942032791E12 2436951.67 75 10 225 5775 770 17325
70200.0 16524 3.967884299785E10 2468597.65 1286866 1.55628826332575E12 2468597.65 75 10 225 5850 780 17550
71100.0 16452 4.010168164772E10 2500243.62 1303318 1.59638994497347E12 2500243.62 75 10 225 5925 790 17775
72000.0 16452 4.06124655065E10 2531889.59 1319770 1.63700241047998E12 2531889.59 75 10 225 6000 800 18000
72900.0 16560 4.126156402187E10 2563535.56 1336330 1.67826397450185E12 2563535.56 75 10 225 6075 810 18225
73800.0 16524 4.172671729141E10 2595181.55 1352854 1.71999069179326E12 2595181.55 75 10 225 6150 820 18450
74700.0 16452 4.2144998912E10 2626827.52 1369306 1.76213569070526E12 2626827.52 75 10 225 6225 830 18675
75600.0 16452 4.265578277078E10 2658473.49 1385758 1.80479147347603E12 2658473.49 75 10 225 6300 840 18900
76500.0 16560 4.331193895514E10 2690119.46 1402318 1.84810341243117E12 2690119.46 75 10 225 6375 850 19125
77400.0 16524 4.377459157597E10 2721765.44 1418842 1.89187800400714E12 2721765.44 75 10 225 6450 860 19350
78300.0 16452 4.418831617627E10 2753411.41 1435294 1.93606632018341E12 2753411.41 75 10 225 6525 870 19575
79200.0 16452 4.469910003505E10 2785057.39 1451746 1.98076542021846E12 2785057.39 75 10 225 6600 880 19800
80100.0 16560 4.536186960229E10 2816703.36 1468306 2.02612728982075E12 2816703.36 75 10 225 6675 890 20025
81000.0 16524 4.582247721355E10 2848349.34 1484830 2.0719497670343E12 2848349.34 75 10 225 6750 900 20250
81900.0 16452 4.623163344049E10 2879995.31 1501282 2.11818140047479E12 2879995.31 75 10 225 6825 910 20475
82800.0 16452 4.674241729927E10 2911641.28 1517734 2.16492381777406E12 2911641.28 75 10 225 6900 920 20700
83700.0 16560 4.74122445535E10 2943287.25 1534294 2.21233606232756E12 2943287.25 75 10 225 6975 930 20925
84600.0 16524 4.787034014504E10 2974933.24 1550818 2.26020640247261E12 2974933.24 75 10 225 7050 940 21150
85500.0 16452 4.827495070471E10 3006579.21 1567270 2.30848135317732E12 3006579.21 75 10 225 7125 950 21375
86400.0 16452 4.878573456349E10 3038225.18 1583722 2.3572670877408E12 3038225.18 75 10 225 7200 960 21600
87300.0 16560 4.94621751826E10 3069871.15 1600282 2.4067292629234E12 3069871.15 75 10 225 7275 970 21825
88200.0 16524 4.991822577357E10 3101517.13 1616806 2.45664748869697E12 3101517.13 75 10 225 7350 980 22050
89100.0 16452 5.031826796893E10 3133163.11 1633258 2.5069657566659E12 3133163.11 75 10 225 7425 990 22275
90000.0 16452 5.082905182771E10 3164809.08 1649710 2.5577948084936E12 3164809.08 75 10 225 7500 1000 22500
90900.0 16560 5.151255013381E10 3196455.05 1666270 2.60930735862741E12 3196455.05 75 10 225 7575 1010 22725
91800.0 16524 5.196608870511E10 3228101.03 1682794 2.66127344733253E12 3228101.03 75 10 225 7650 1020 22950
92700.0 16452 5.23615852332E10 3259747.0 1699246 2.71363503256573E12 3259747.0 75 10 225 7725 1030 23175
93600.0 16452 5.287236909198E10 3291392.97 1715698 2.76650740165771E12 3291392.97 75 10 225 7800 1040 23400
94500.0 16560 5.356248078096E10 3323038.95 1732258 2.82006988243866E12 3323038.95 75 10 225 7875 1050 23625
95400.0 16524 5.401397434269E10 3354684.93 1748782 2.87408385678136E12 3354684.93 75 10 225 7950 1060 23850
96300.0 16452 5.440490249747E10 3386330.9 1765234 2.92848875927883E12 3386330.9 75 10 225 8025 1070 24075
97200.0 16452 5.491568635625E10 3417976.87 1781686 2.98340444563509E12 3417976.87 75 10 225 8100 1080 24300
98100.0 16560 5.561263357566E10 3449622.84 1798246 3.03901707921075E12 3449622.84 75 10 225 8175 1090 24525
99000.0 16524 5.606183876698E10 3481269.06 1814770 3.09507891797773E12 3481269.06 75 10 225 8250 1100 24750
99900.0 16452 5.644822626394E10 3512915.36 1831222 3.15152714424167E12 3512915.36 75 10 225 8325 1110 24975
100800.0 16452 5.695901284761E10 3544561.34 1847674 3.20848615708928E12 3544561.34 75 10 225 8400 1120 25200
101700.0 16560 5.766279562832E10 3576207.31 1864234 3.2661489527176E12 3576207.31 75 10 225 8475 1130 25425
102600.0 16524 5.810972081546E10 3607853.29 1880758 3.32425867353306E12 3607853.29 75 10 225 8550 1140 25650
103500.0 16452 5.84915462531E10 3639499.26 1897210 3.38275021978616E12 3639499.26 75 10 225 8625 1150 25875
104400.0 16452 5.900233011188E10 3671145.24 1913662 3.44175254989804E12 3671145.24 75 10 225 8700 1160 26100
105300.0 16560 5.971294843203E10 3702791.21 1930222 3.50146549833007E12 3702791.21 75 10 225 8775 1170 26325
106200.0 16524 6.015759509102E10 3734437.19 1946746 3.56162309342109E12 3734437.19 75 10 225 8850 1180 26550
107100.0 16452 6.053486351738E10 3766083.16 1963198 3.62215795693847E12 3766083.16 75 10 225 8925 1190 26775
108000.0 16452 6.104564737615E10 3797729.13 1979650 3.68320360431462E12 3797729.13 75 10 225 9000 1200 27000
108900.0 16560 6.176310121774E10 3829375.1 1996210 3.74496670553236E12 3829375.1 75 10 225 9075 1210 27225
109800.0 16524 6.220546938464E10 3861021.09 2012734 3.807172174917E12 3861021.09 75 10 225 9150 1220 27450
110700.0 16452 6.257818078176E10 3892667.06 2029186 3.86975035569876E12 3892667.06 75 10 225 9225 1230 27675
111600.0 16452 6.308896464054E10 3924313.03 2045638 3.93283932033929E12 3924313.03 75 10 225 9300 1240 27900
112500.0 16560 6.381325402155E10 3955959.0 2062198 3.99665257436084E12 3955959.0 75 10 225 9375 1250 28125
113400.0 16524 6.425334366031E10 3987604.98 2078722 4.06090591802116E12 3987604.98 75 10 225 9450 1260 28350
114300.0 16452 6.462149804614E10 4019250.96 2095174 4.12552741606729E12 4019250.96 75 10 225 9525 1270 28575
115200.0 16452 6.513228190492E10 4050896.93 2111626 4.19065969797221E12 4050896.93 75 10 225 9600 1280 28800
116100.0 16560 6.586340679837E10 4082542.9 2128186 4.25652310477058E12 4082542.9 75 10 225 9675 1290 29025
117000.0 16524 6.630121795398E10 4114188.88 2144710 4.32282432272456E12 4114188.88 75 10 225 9750 1300 29250
117900.0 16452 6.666481531052E10 4145834.85 2161162 4.38948913803508E12 4145834.85 75 10 225 9825 1310 29475
118800.0 16452 6.71755991693E10 4177480.82 2177614 4.45666473720438E12 4177480.82 75 10 225 9900 1320 29700
119700.0 16560 6.791355962019E10 4209126.8 2194174 4.52457829682456E12 4209126.8 75 10 225 9975 1330 29925
120600.0 16524 6.834909222966E10 4240772.78 2210698 4.59292738905423E12 4240772.78 75 10 225 10050 1340 30150
121500.0 16452 6.870813257491E10 4272418.75 2227150 4.66163552162914E12 4272418.75 75 10 225 10125 1350 30375
122400.0 16452 6.92189164337E10 4304064.72 2243602 4.73085443806284E12 4304064.72 75 10 225 10200 1360 30600
123300.0 16560 6.996371239702E10 4335710.69 2260162 4.80081815045986E12 4335710.69 75 10 225 10275 1370 30825
124200.0 16524 7.039696652335E10 4367356.67 2276686 4.87121511698321E12 4367356.67 75 10 225 10350 1380 31050
125100.0 16452 7.075144983931E10 4399002.65 2293138 4.94196656682252E12 4399002.65 75 10 225 10425 1390 31275
126000.0 16452 7.12622336981E10 4430648.62 2309590 5.01322880052061E12 4430648.62 75 10 225 10500 1400 31500
126900.0 16560 7.201386520085E10 4462294.59 2326150 5.08524266572147E12 4462294.59 75 10 225 10575 1410 31725
127800.0 16524 7.244484080804E10 4493940.57 2342674 5.15768750652951E12 4493940.57 75 10 225 10650 1420 31950
128700.0 16452 7.279476710371E10 4525586.54 2359126 5.23048227363322E12 4525586.54 75 10 225 10725 1430 32175
129600.0 16452 7.330555096249E10 4557232.51 2375578 5.30378782459572E12 4557232.51 75 10 225 10800 1440 32400
130500.0 16560 7.406401800469E10 4588878.49 2392138 5.3778518426004E12 4588878.49 75 10 225 10875 1450 32625
131400.0 16524 7.449271605321E10 4620524.64 2408662 5.45234455865361E12 4620524.64 75 10 225 10950 1460 32850
132300.0 16452 7.483809027503E10 4652171.0 2425114 5.52718264892864E12 4652171.0 75 10 225 11025 1470 33075
133200.0 16452 7.534887743242E10 4683816.98 2441566 5.60253152636106E12 4683816.98 75 10 225 11100 1480 33300
134100.0 16560 7.611418005813E10 4715462.96 2458126 5.67864570641919E12 4715462.96 75 10 225 11175 1490 33525
135000.0 16524 7.654059863472E10 4747108.94 2474650 5.75518630505391E12 4747108.94 75 10 225 11250 1500 33750
135900.0 16452 7.688141086922E10 4778754.91 2491102 5.83206771592313E12 4778754.91 75 10 225 11325 1510 33975
136800.0 16452 7.7392194728E10 4810400.88 2507554 5.90945991065113E12 4810400.88 75 10 225 11400 1520 34200
137700.0 16560 7.816433284396E10 4842046.85 2524114 5.98762424349509E12 4842046.85 75 10 225 11475 1530 34425
138600.0 16524 7.858847291041E10 4873692.83 2540638 6.0662127164055E12 4873692.83 75 10 225 11550 1540 34650
139500.0 16452 7.892472813362E10 4905338.81 2557090 6.14513744453912E12 4905338.81 75 10 225 11625 1550 34875
140400.0 16452 7.94355119924E10 4936984.78 2573542 6.22457295653152E12 4936984.78 75 10 225 11700 1560 35100
141300.0 16560 8.02144856478E10 4968630.75 2590102 6.30478744217931E12 4968630.75 75 10 225 11775 1570 35325
142200.0 16524 8.06363472041E10 5000276.73 2606626 6.38542378938342E12 5000276.73 75 10 225 11850 1580 35550
143100.0 16452 8.096804539801E10 5031922.7 2623078 6.46639183478143E12 5031922.7 75 10 225 11925 1590 35775
144000.0 16452 8.14788292568E10 5063568.67 2639530 6.54787066403823E12 5063568.67 75 10 225 12000 1600 36000
144900.0 16560 8.226463844263E10 5095214.65 2656090 6.63013530248086E12 5095214.65 75 10 225 12075 1610 36225
145800.0 16524 8.268422147979E10 5126860.63 2672614 6.71281952396065E12 5126860.63 75 10 225 12150 1620 36450
146700.0 16452 8.301136266241E10 5158506.6 2689066 6.79583088662307E12 5158506.6 75 10 225 12225 1630 36675
147600.0 16452 8.35221465212E10 5190152.57 2705518 6.87935303314426E12 5190152.57 75 10 225 12300 1640 36900
148500.0 16560 8.431479123746E10 5221798.54 2722078 6.96366782438173E12 5221798.54 75 10 225 12375 1650 37125
149400.0 16524 8.473209577348E10 5253444.52 2738602 7.04839992015521E12 5253444.52 75 10 225 12450 1660 37350
150300.0 16452 8.505467992681E10 5285090.5 2755054 7.13345460008202E12 5285090.5 75 10 225 12525 1670 37575
151200.0 16452 8.55654637856E10 5316736.47 2771506 7.21902006386762E12 5316736.47 75 10 225 12600 1680 37800
152100.0 16560 8.63649440233E10 5348382.44 2788066 7.30538500789092E12 5348382.44 75 10 225 12675 1690 38025
153000.0 16524 8.677997004923E10 5380028.42 2804590 7.39216497794015E12 5380028.42 75 10 225 12750 1700 38250
153900.0 16452 8.709799719127E10 5411674.39 2821042 7.47926297513141E12 5411674.39 75 10 225 12825 1710 38475
154800.0 16452 8.760878105005E10 5443320.37 2837494 7.56687175618146E12 5443320.37 75 10 225 12900 1720 38700
155700.0 16560 8.841509682719E10 5474966.34 2854054 7.65528685300865E12 5474966.34 75 10 225 12975 1730 38925
156600.0 16524 8.882784434297E10 5506612.32 2870578 7.74411469735162E12 5506612.32 75 10 225 13050 1740 39150
157500.0 16452 8.914131445567E10 5538258.29 2887030 7.83325601180729E12 5538258.29 75 10 225 13125 1750 39375
158400.0 16452 8.965209831445E10 5569904.26 2903482 7.92290811012174E12 5569904.26 75 10 225 13200 1760 39600
159300.0 16560 9.046547176058E10 5601550.23 2920042 8.01337358188232E12 5601550.23 75 10 225 13275 1770 39825
160200.0 16524 9.087571861866E10 5633196.22 2936566 8.10424930050098E12 5633196.22 75 10 225 13350 1780 40050
161100.0 16452 9.118463172007E10 5664842.19 2953018 8.19543393222105E12 5664842.19 75 10 225 13425 1790 40275
162000.0 16452 9.169541557885E10 5696488.16 2969470 8.2871293477999E12 5696488.16 75 10 225 13500 1800 40500
162900.0 16566 9.25154024741E10 5728134.13 2986036 8.37964475027399E12 5728134.13 75 10 225 13575 1810 40725
163800.0 16524 9.292360454816E10 5759780.21 3002560 8.47256835482215E12 5759780.21 75 10 225 13650 1820 40950
164700.0 16455 9.322795525716E10 5791426.58 3019015 8.56579631007931E12 5791426.58 75 10 225 13725 1830 41175
165600.0 16452 9.373874143568E10 5823072.63 3035467 8.65953505151499E12 5823072.63 75 10 225 13800 1840 41400
166500.0 16560 9.456578658982E10 5854718.6 3052027 8.7541008381048E12 5854718.6 75 10 225 13875 1850 41625
167400.0 16524 9.497147642622E10 5886364.58 3068551 8.84907231453103E12 5886364.58 75 10 225 13950 1860 41850
168300.0 16452 9.527127545751E10 5918010.55 3085003 8.94434358998854E12 5918010.55 75 10 225 14025 1870 42075
169200.0 16452 9.57820593163E10 5949656.52 3101455 9.04012564930484E12 5949656.52 75 10 225 14100 1880 42300
170100.0 16560 9.661571723698E10 5981302.5 3118015 9.13674136654182E12 5981302.5 75 10 225 14175 1890 42525
171000.0 16524 9.701936206382E10 6012948.48 3134539 9.23376072860565E12 6012948.48 75 10 225 14250 1900 42750
171900.0 16452 9.731459272181E10 6044594.45 3150991 9.33107532132745E12 6044594.45 75 10 225 14325 1910 42975
172800.0 16452 9.782537658059E10 6076240.42 3167443 9.42890069790804E12 6076240.42 75 10 225 14400 1920 43200
173700.0 16560 9.866587003171E10 6107886.39 3184003 9.52756656793975E12 6107886.39 75 10 225 14475 1930 43425
174600.0 16524 9.906722499539E10 6139532.37 3200527 9.62663379293513E12 6139532.37 75 10 225 14550 1940 43650
175500.0 16452 9.93579099861E10 6171178.35 3216979 9.72599170292123E12 6171178.35 75 10 225 14625 1950 43875
176400.0 16452 9.986869384488E10 6202824.32 3233431 9.82586039676611E12 6202824.32 75 10 225 14700 1960 44100
177300.0 16560 1.0071602283543E11 6234470.29 3249991 9.92657641960154E12 6234470.29 75 10 225 14775 1970 44325
178200.0 16524 1.0111509927997E11 6266116.27 3266515 1.002769151888151E13 6266116.27 75 10 225 14850 1980 44550
179100.0 16452 1.0140122725039E11 6297762.24 3282967 1.01290927461319E13 6297762.24 75 10 225 14925 1990 44775
180000.0 16452 1.0191201110917E11 6329408.21 3299419 1.023100475724107E13 6329408.21 75 10 225 15000 2000 45000
180900.0 16560 1.0276617563916E11 6361054.19 3315979 1.033377093288023E13 6361054.19 75 10 225 15075 2010 45225
181800.0 16524 1.031629735645E11 6392700.17 3332503 1.043693390644472E13 6392700.17 75 10 225 15150 2020 45450
182700.0 16452 1.0344454451463E11 6424346.14 3348955 1.054037845095935E13 6424346.14 75 10 225 15225 2030 45675
183600.0 16452 1.0395532837341E11 6455992.11 3365407 1.064433377933276E13 6455992.11 75 10 225 15300 2040 45900
184500.0 16560 1.0481632840683E11 6487638.08 3381967 1.074915010773959E13 6487638.08 75 10 225 15375 2050 46125
185400.0 16524 1.0521084784902E11 6519284.06 3398491 1.085436095558861E13 6519284.06 75 10 225 15450 2060 46350
186300.0 16452 1.0548786177886E11 6550930.04 3414943 1.095984881736747E13 6550930.04 75 10 225 15525 2070 46575
187200.0 16452 1.0599864563765E11 6582576.01 3431395 1.106584746300512E13 6582576.01 75 10 225 15600 2080 46800
188100.0 16560 1.068664812285E11 6614221.98 3447955 1.117271394423362E13 6614221.98 75 10 225 15675 2090 47025
189000.0 16524 1.0725872213355E11 6645867.96 3464479 1.127997266636717E13 6645867.96 75 10 225 15750 2100 47250
189900.0 16452 1.075311790431E11 6677513.93 3480931 1.138750384541027E13 6677513.93 75 10 225 15825 2110 47475
190800.0 16452 1.0804196290188E11 6709159.91 3497383 1.149554580831215E13 6709159.91 75 10 225 15900 2120 47700
191700.0 16560 1.0891663401417E11 6740805.88 3513943 1.160446244232632E13 6740805.88 75 10 225 15975 2130 47925
192600.0 16524 1.0930659641808E11 6772451.86 3530467 1.17137690387444E13 6772451.86 75 10 225 16050 2140 48150
193500.0 16452 1.0957449630734E11 6804097.83 3546919 1.182334353505174E13 6804097.83 75 10 225 16125 2150 48375
194400.0 16452 1.1008528016612E11 6835743.8 3563371 1.193342881521786E13 6835743.8 75 10 225 16200 2160 48600
195300.0 16561 1.1096678679984E11 6867389.77 3579932 1.20443956020177E13 6867389.77 75 10 225 16275 2170 48825
196200.0 16524 1.113544704614E11 6899035.79 3596456 1.21557500724791E13 6899035.79 75 10 225 16350 2180 49050
197100.0 16452 1.1161781734988E11 6930682.16 3612908 1.226736788982898E13 6930682.16 75 10 225 16425 2190 49275
198000.0 16452 1.12128605575E11 6962328.27 3629360 1.237949649540399E13 6962328.27 75 10 225 16500 2200 49500
198900.0 16560 1.1301694885978E11 6993974.24 3645920 1.249251344426376E13 6993974.24 75 10 225 16575 2210 49725
199800.0 16524 1.134023542331E11 7025620.22 3662444 1.260591579849686E13 7025620.22 75 10 225 16650 2220 49950
200700.0 16452 1.1366114006121E11 7057266.2 3678896 1.271957693855808E13 7057266.2 75 10 225 16725 2230 50175
201600.0 16452 1.1417192392E11 7088912.17 3695348 1.283374886247807E13 7088912.17 75 10 225 16800 2240 50400
202500.0 16560 1.1506710166345E11 7120558.14 3711908 1.294881596414152E13 7120558.14 75 10 225 16875 2250 50625
203400.0 16524 1.1545022851763E11 7152204.12 3728432 1.306426619265915E13 7152204.12 75 10 225 16950 2260 50850
204300.0 16452 1.1570445732545E11 7183850.09 3744884 1.31799706499846E13 7183850.09 75 10 225 17025 2270 51075
205200.0 16452 1.1621524118423E11 7215496.06 3761336 1.329618589116883E13 7215496.06 75 10 225 17100 2280 51300
206100.0 16560 1.1711725443112E11 7247142.04 3777896 1.341330314559995E13 7247142.04 75 10 225 17175 2290 51525
207000.0 16524 1.1749810280205E11 7278788.02 3794420 1.3530801248402E13 7278788.02 75 10 225 17250 2300 51750
207900.0 16452 1.1774777458958E11 7310433.99 3810872 1.364854902299158E13 7310433.99 75 10 225 17325 2310 51975
208800.0 16452 1.1825855844836E11 7342079.96 3827324 1.376680758143994E13 7342079.96 75 10 225 17400 2320 52200
209700.0 16560 1.1916740725268E11 7373725.93 3843884 1.388597498869262E13 7373725.93 75 10 225 17475 2330 52425
210600.0 16524 1.1954597708636E11 7405371.91 3860408 1.400552096577898E13 7405371.91 75 10 225 17550 2340 52650
211500.0 16452 1.197910918536E11 7437017.89 3876860 1.412531205763258E13 7437017.89 75 10 225 17625 2350 52875
212400.0 16452 1.2030187571238E11 7468663.86 3893312 1.424561393334496E13 7468663.86 75 10 225 17700 2360 53100
213300.0 16560 1.2121756002014E11 7500309.83 3909872 1.43668314933651E13 7500309.83 75 10 225 17775 2370 53325
214200.0 16524 1.2159385137067E11 7531955.81 3926396 1.448842534473577E13 7531955.81 75 10 225 17850 2380 53550
215100.0 16452 1.2183440911762E11 7563601.78 3942848 1.46102597538534E13 7563601.78 75 10 225 17925 2390 53775
216000.0 16452 1.223451929764E11 7595247.76 3959300 1.47326049468298E13 7595247.76 75 10 225 18000 2400 54000
216900.0 16560 1.2326771284159E11 7626893.73 3975860 1.485587265967139E13 7626893.73 75 10 225 18075 2410 54225
217800.0 16524 1.2364172565498E11 7658539.71 3992384 1.497951438532637E13 7658539.71 75 10 225 18150 2420 54450
218700.0 16452 1.2387772638164E11 7690185.68 4008836 1.510339211170801E13 7690185.68 75 10 225 18225 2430 54675
219600.0 16452 1.2438851024043E11 7721831.65 4025288 1.522778062194844E13 7721831.65 75 10 225 18300 2440 54900
220500.0 16560 1.2531786561805E11 7753477.62 4041848 1.535309848756649E13 7753477.62 75 10 225 18375 2450 55125
221400.0 16524 1.2568959993929E11 7785123.61 4058372 1.547878808750578E13 7785123.61 75 10 225 18450 2460 55350
222300.0 16452 1.2592104364561E11 7816769.58 4074824 1.560470913115139E13 7816769.58 75 10 225 18525 2470 55575
223200.0 16452 1.2643182750439E11 7848415.55 4091276 1.573114095865578E13 7848415.55 75 10 225 18600 2480 55800
224100.0 16560 1.2736801842145E11 7880061.52 4107836 1.585850897707723E13 7880061.52 75 10 225 18675 2490 56025
225000.0 16524 1.2773747422355E11 7911707.5 4124360 1.598624645130078E13 7911707.5 75 10 225 18750 2500 56250
225900.0 16452 1.2796436090958E11 7943353.47 4140812 1.611421081221035E13 7943353.47 75 10 225 18825 2510 56475
226800.0 16452 1.2847514476836E11 7974999.45 4157264 1.624268595697872E13 7974999.45 75 10 225 18900 2520 56700
227700.0 16560 1.2941817120685E11 8006645.42 4173824 1.637210412818556E13 8006645.42 75 10 225 18975 2530 56925
228600.0 16524 1.297853485078E11 8038291.4 4190348 1.650188947669336E13 8038291.4 75 10 225 19050 2540 57150
229500.0 16452 1.3000768128269E11 8069937.75 4206800 1.663189715797605E13 8069937.75 75 10 225 19125 2550 57375
230400.0 16452 1.3051846973418E11 8101583.91 4223252 1.676241562771023E13 8101583.91 75 10 225 19200 2560 57600
231300.0 16560 1.314683332585E11 8133229.89 4239812 1.689388396096872E13 8133229.89 75 10 225 19275 2570 57825
232200.0 16524 1.3183323203003E11 8164875.87 4256336 1.702571719299876E13 8164875.87 75 10 225 19350 2580 58050
233100.0 16452 1.3205100465493E11 8196521.84 4272788 1.715776819765369E13 8196521.84 75 10 225 19425 2590 58275
234000.0 16452 1.3256178851371E11 8228167.81 4289240 1.72903299861674E13 8228167.81 75 10 225 19500 2600 58500
234900.0 16560 1.335184860439E11 8259813.78 4305800 1.742384847221129E13 8259813.78 75 10 225 19575 2610 58725
235800.0 16524 1.3388110631429E11 8291459.76 4322324 1.755772957852558E13 8291459.76 75 10 225 19650 2620 58950
236700.0 16452 1.3409432191889E11 8323105.74 4338776 1.769182390044448E13 8323105.74 75 10 225 19725 2630 59175
237600.0 16452 1.3460510577768E11 8354751.71 4355228 1.782642900622215E13 8354751.71 75 10 225 19800 2640 59400
238500.0 16560 1.3556863884743E11 8386397.68 4371788 1.796199764506958E13 8386397.68 75 10 225 19875 2650 59625
239400.0 16524 1.359289805989E11 8418043.66 4388312 1.809792662566848E13 8418043.66 75 10 225 19950 2660 59850
240300.0 16452 1.3613763918344E11 8449689.63 4404764 1.823406426485192E13 8449689.63 75 10 225 20025 2670 60075
241200.0 16452 1.3664842304246E11 8481335.6 4421216 1.837071268789438E13 8481335.6 75 10 225 20100 2680 60300
242100.0 16560 1.3761879163375E11 8512981.58 4437776 1.850833147952812E13 8512981.58 75 10 225 20175 2690 60525
243000.0 16524 1.3797685488407E11 8544627.56 4454300 1.864630833441219E13 8544627.56 75 10 225 20250 2700 60750
243900.0 16452 1.3818095644833E11 8576273.53 4470752 1.878448929086052E13 8576273.53 75 10 225 20325 2710 60975
244800.0 16452 1.3869174030734E11 8607919.5 4487204 1.892318103116786E13 8607919.5 75 10 225 20400 2720 61200
245700.0 16560 1.3966894443807E11 8639565.47 4503764 1.906284997560593E13 8639565.47 75 10 225 20475 2730 61425
246600.0 16524 1.4002472916925E11 8671211.45 4520288 1.920287470477517E13 8671211.45 75 10 225 20550 2740 61650
247500.0 16452 1.4022427371321E11 8702857.43 4536740 1.934309897848839E13 8702857.43 75 10 225 20625 2750 61875
248400.0 16452 1.4073505757222E11 8734503.4 4553192 1.948383403606061E13 8734503.4 75 10 225 20700 2760 62100
249300.0 16560 1.4171909723334E11 8766149.37 4569752 1.962555313329395E13 8766149.37 75 10 225 20775 2770 62325
250200.0 16524 1.4207260345437E11 8797795.35 4586276 1.976762573674832E13 8797795.35 75 10 225 20850 2780 62550
251100.0 16452 1.4226759097804E11 8829441.32 4602728 1.990989332772636E13 8829441.32 75 10 225 20925 2790 62775
252000.0 16452 1.4277837483705E11 8861087.3 4619180 2.005267170256341E13 8861087.3 75 10 225 21000 2800 63000
252900.0 16560 1.4376925001961E11 8892733.27 4635740 2.019644095258302E13 8892733.27 75 10 225 21075 2810 63225
253800.0 16524 1.4412047773954E11 8924379.25 4652264 2.034056143032256E13 8924379.25 75 10 225 21150 2820 63450
254700.0 16452 1.4431090824292E11 8956025.22 4668716 2.048487233856549E13 8956025.22 75 10 225 21225 2830 63675
255600.0 16452 1.4482169210194E11 8987671.19 4685168 2.062969403066743E13 8987671.19 75 10 225 21300 2840 63900
256500.0 16560 1.4581940282393E11 9019317.16 4701728 2.077551343349135E13 9019317.16 75 10 225 21375 2850 64125
257400.0 16524 1.4616835202472E11 9050963.15 4718252 2.092168178551607E13 9050963.15 75 10 225 21450 2860 64350
258300.0 16452 1.4635422550781E11 9082609.12 4734704 2.106803601102388E13 9082609.12 75 10 225 21525 2870 64575
259200.0 16452 1.4686500936682E11 9114255.09 4751156 2.12149010203907E13 9114255.09 75 10 225 21600 2880 64800
260100.0 16560 1.4786955561025E11 9145901.06 4767716 2.136277057600094E13 9145901.06 75 10 225 21675 2890 65025
261000.0 16524 1.4821622630979E11 9177547.04 4784240 2.151098680231073E13 9177547.04 75 10 225 21750 2900 65250
261900.0 16452 1.4839754527421E11 9209193.33 4800692 2.165938434758494E13 9209193.33 75 10 225 21825 2910 65475
262800.0 16452 1.4890833375899E11 9240839.55 4817144 2.180829268134393E13 9240839.55 75 10 225 21900 2920 65700
263700.0 16560 1.4991993980999E11 9272485.53 4833704 2.195821262115392E13 9272485.53 75 10 225 21975 2930 65925
264600.0 16524 1.5026410983255E11 9304131.51 4850228 2.210847673098648E13 9304131.51 75 10 225 22050 2940 66150
265500.0 16452 1.504408692545E11 9335777.48 4866680 2.225891760024098E13 9335777.48 75 10 225 22125 2950 66375
266400.0 16452 1.5095165311352E11 9367423.45 4883132 2.24098692533545E13 9367423.45 75 10 225 22200 2960 66600
267300.0 16560 1.5196987044865E11 9399069.43 4899692 2.256183912380314E13 9399069.43 75 10 225 22275 2970 66825
268200.0 16525 1.5231199547985E11 9430715.41 4916217 2.2714151119283E13 9430715.41 75 10 225 22350 2980 67050
269100.0 16452 1.5248418651949E11 9462361.38 4932669 2.28666353058025E13 9462361.38 75 10 225 22425 2990 67275
270000.0 16452 1.5299497037851E11 9494007.35 4949121 2.3019630276181E13 9494007.35 75 10 225 22500 3000 67500
270900.0 16560 1.5402024540968E11 9525653.32 4965681 2.317365052159069E13 9525653.32 75 10 225 22575 3010 67725
271800.0 16524 1.5435985839411E11 9557299.3 4982205 2.33280103799848E13 9557299.3 75 10 225 22650 3020 67950
272700.0 16452 1.5452750378449E11 9588945.28 4998657 2.348253788376929E13 9588945.28 75 10 225 22725 3030 68175
273600.0 16452 1.550382876435E11 9620591.25 5015109 2.363757617141279E13 9620591.25 75 10 225 22800 3040 68400
274500.0 16560 1.5607017603051E11 9652237.22 5031669 2.37936463474433E13 9652237.22 75 10 225 22875 3050 68625
275400.0 16524 1.5640774405041E11 9683883.2 5048193 2.395005409149371E13 9683883.2 75 10 225 22950 3060 68850
276300.0 16452 1.5657082104948E11 9715529.17 5064645 2.410662491254319E13 9715529.17 75 10 225 23025 3070 69075
277200.0 16452 1.5708160490849E11 9747175.15 5081097 2.426370651745168E13 9747175.15 75 10 225 23100 3080 69300
278100.0 16560 1.5812032885294E11 9778821.12 5097657 2.442182684630462E13 9778821.12 75 10 225 23175 3090 69525
279000.0 16524 1.5845560696468E11 9810467.1 5114181 2.45802824532693E13 9810467.1 75 10 225 23250 3100 69750
279900.0 16452 1.5861413831447E11 9842113.07 5130633 2.473889659158377E13 9842113.07 75 10 225 23325 3110 69975
280800.0 16452 1.5912492217348E11 9873759.04 5147085 2.489802151375725E13 9873759.04 75 10 225 23400 3120 70200
281700.0 16560 1.6017070377797E11 9905405.01 5163645 2.505819221753522E13 9905405.01 75 10 225 23475 3130 70425
282600.0 16524 1.6050348125896E11 9937051.0 5180169 2.521869569879418E13 9937051.0 75 10 225 23550 3140 70650
283500.0 16452 1.6065745557946E11 9968696.97 5196621 2.537935315437364E13 9968696.97 75 10 225 23625 3150 70875
284400.0 16452 1.6116823943847E11 1.000034294E7 5213073 2.554052139381211E13 1.000034294E7 75 10 225 23700 3160 71100
285300.0 16560 1.6222063443479E11 1.003198891E7 5229633 2.57027420282469E13 1.003198891E7 75 10 225 23775 3170 71325
286200.0 16524 1.6255136689732E11 1.006363489E7 5246157 2.586529339514422E13 1.006363489E7 75 10 225 23850 3180 71550
287100.0 16452 1.6270077284451E11 1.009528086E7 5262609 2.602799416798873E13 1.009528086E7 75 10 225 23925 3190 71775
288000.0 16452 1.6321155670352E11 1.012692684E7 5279061 2.619120572469225E13 1.012692684E7 75 10 225 24000 3200 72000
288900.0 16560 1.6427100938688E11 1.015857281E7 5295621 2.635547673407912E13 1.015857281E7 75 10 225 24075 3210 72225
289800.0 16524 1.6459922982969E11 1.019021879E7 5312145 2.652007596390881E13 1.019021879E7 75 10 225 24150 3220 72450
290700.0 16452 1.6474409010961E11 1.022186476E7 5328597 2.668482005401842E13 1.022186476E7 75 10 225 24225 3230 72675
291600.0 16452 1.6525487396862E11 1.025351073E7 5345049 2.685007492798704E13 1.025351073E7 75 10 225 24300 3240 72900
292500.0 16560 1.6632094002581E11 1.028515671E7 5361609 2.701639586801285E13 1.028515671E7 75 10 225 24375 3250 73125
293400.0 16530 1.6664711723803E11 1.031680269E7 5378139 2.718304298525089E13 1.031680269E7 75 10 225 24450 3260 73350
294300.0 16454 1.6678740941254E11 1.034844892E7 5394593 2.734983039466343E13 1.034844892E7 75 10 225 24525 3270 73575
295200.0 16452 1.6729819792536E11 1.03800952E7 5411045 2.751712859258878E13 1.03800952E7 75 10 225 24600 3280 73800
296100.0 16560 1.6837110206424E11 1.041174117E7 5427605 2.768549969465302E13 1.041174117E7 75 10 225 24675 3290 74025
297000.0 16524 1.6869498763308E11 1.044338715E7 5444129 2.78541946822861E13 1.044338715E7 75 10 225 24750 3300 74250
297900.0 16452 1.6883073386085E11 1.047503313E7 5460581 2.802302541614695E13 1.047503313E7 75 10 225 24825 3310 74475
298800.0 16452 1.6934151771987E11 1.05066791E7 5477033 2.819236693386682E13 1.05066791E7 75 10 225 24900 3320 74700
299700.0 16560 1.7042125486878E11 1.053832507E7 5493593 2.83627881887356E13 1.053832507E7 75 10 225 24975 3330 74925
300600.0 16524 1.7074286192747E11 1.056997105E7 5510117 2.853353105066307E13 1.056997105E7 75 10 225 25050 3340 75150
301500.0 16452 1.7087405112595E11 1.060161702E7 5526569 2.870440510178903E13 1.060161702E7 75 10 225 25125 3350 75375
302400.0 16452 1.7138483498496E11 1.0633263E7 5543021 2.887578993677398E13 1.0633263E7 75 10 225 25200 3360 75600
303300.0 16560 1.7247140764636E11 1.066490897E7 5559581 2.904826134442034E13 1.066490897E7 75 10 225 25275 3370 75825
304200.0 16524 1.7279073620392E11 1.069655495E7 5576105 2.922105208062426E13 1.069655495E7 75 10 225 25350 3380 76050
305100.0 16452 1.7291736839111E11 1.072820092E7 5592557 2.939396944901537E13 1.072820092E7 75 10 225 25425 3390 76275
306000.0 16452 1.7342815225012E11 1.075984689E7 5609009 2.956739760126549E13 1.075984689E7 75 10 225 25500 3400 76500
306900.0 16560 1.7452156045995E11 1.079149286E7 5625569 2.974191916172543E13 1.079149286E7 75 10 225 25575 3410 76725
307800.0 16524 1.7483861049842E11 1.082313885E7 5642093 2.991675777222385E13 1.082313885E7 75 10 225 25650 3420 76950
308700.0 16452 1.7496068565631E11 1.085478482E7 5658545 3.009171845788016E13 1.085478482E7 75 10 225 25725 3430 77175
309600.0 16452 1.7547146951533E11 1.088643079E7 5674997 3.026718992739549E13 1.088643079E7 75 10 225 25800 3440 77400
310500.0 16560 1.7657171325538E11 1.091807676E7 5691557 3.044376164065087E13 1.091807676E7 75 10 225 25875 3450 77625
311400.0 16524 1.7688648477497E11 1.094972274E7 5708081 3.062064812542584E13 1.094972274E7 75 10 225 25950 3460 77850
312300.0 16452 1.7700400292157E11 1.098136871E7 5724533 3.079765212834741E13 1.098136871E7 75 10 225 26025 3470 78075
313200.0 16452 1.7751478678059E11 1.101301469E7 5740985 3.0975166915128E13 1.101301469E7 75 10 225 26100 3480 78300
314100.0 16560 1.7862186603308E11 1.104466066E7 5757545 3.115378878116107E13 1.104466066E7 75 10 225 26175 3490 78525
315000.0 16524 1.7893435906952E11 1.107630664E7 5774069 3.13327231402306E13 1.107630664E7 75 10 225 26250 3500 78750
315900.0 16452 1.7904732018684E11 1.110795261E7 5790521 3.151177046041744E13 1.110795261E7 75 10 225 26325 3510 78975
316800.0 16452 1.7955810404585E11 1.113959858E7 5806973 3.169132856446328E13 1.113959858E7 75 10 225 26400 3520 79200
317700.0 16560 1.8067201884677E11 1.117124456E7 5823533 3.187200058331006E13 1.117124456E7 75 10 225 26475 3530 79425
318600.0 16524 1.8098224470815E11 1.120289054E7 5840057 3.205298282801821E13 1.120289054E7 75 10 225 26550 3540 79650
319500.0 16452 1.8109063745215E11 1.123453651E7 5856509 3.223407346547036E13 1.123453651E7 75 10 225 26625 3550 79875
320400.0 16452 1.8160142131117E11 1.126618248E7 5872961 3.241567488678152E13 1.126618248E7 75 10 225 26700 3560 80100
321300.0 16560 1.8272217162453E11 1.129782845E7 5889521 3.259839705840605E13 1.129782845E7 75 10 225 26775 3570 80325
322200.0 16524 1.8303010764074E11 1.132947443E7 5906045 3.278142716604678E13 1.132947443E7 75 10 225 26850 3580 80550
323100.0 16452 1.8313395471747E11 1.136112041E7 5922497 3.296456112076425E13 1.136112041E7 75 10 225 26925 3590 80775
324000.0 16452 1.8364473857648E11 1.139276638E7 5938949 3.314820585934073E13 1.139276638E7 75 10 225 27000 3600 81000
324900.0 16560 1.8477232443828E11 1.142441235E7 5955509 3.333297818377902E13 1.142441235E7 75 10 225 27075 3610 81225
325800.0 16525 1.8507798218676E11 1.145605833E7 5972034 3.351805616596578E13 1.145605833E7 75 10 225 27150 3620 81450
326700.0 16452 1.8517727350752E11 1.148770449E7 5988486 3.370323343947329E13 1.148770449E7 75 10 225 27225 3630 81675
327600.0 16452 1.8568806198283E11 1.151935084E7 6004938 3.388892150145613E13 1.151935084E7 75 10 225 27300 3640 81900
328500.0 16560 1.8682248647565E11 1.155099682E7 6021498 3.407574398793178E13 1.155099682E7 75 10 225 27375 3650 82125
329400.0 16524 1.8712586546132E11 1.15826428E7 6038022 3.426286985339309E13 1.15826428E7 75 10 225 27450 3660 82350
330300.0 16452 1.8722059848586E11 1.161428877E7 6054474 3.445009045187895E13 1.161428877E7 75 10 225 27525 3670 82575
331200.0 16452 1.8773138234487E11 1.164593474E7 6070926 3.463782183422382E13 1.164593474E7 75 10 225 27600 3680 82800
332100.0 16560 1.8887286144623E11 1.167758072E7 6087486 3.482669469567006E13 1.167758072E7 75 10 225 27675 3690 83025
333000.0 16524 1.8917375110899E11 1.17092267E7 6104010 3.501586844677905E13 1.17092267E7 75 10 225 27750 3700 83250
333900.0 16452 1.8926391575123E11 1.174087267E7 6120462 3.520513236253028E13 1.174087267E7 75 10 225 27825 3710 83475
334800.0 16452 1.8977469961024E11 1.177251864E7 6136914 3.539490706214052E13 1.177251864E7 75 10 225 27900 3720 83700
335700.0 16560 1.9092279208526E11 1.180416461E7 6153474 3.558582985422579E13 1.180416461E7 75 10 225 27975 3730 83925
336600.0 16524 1.9122161404164E11 1.183581059E7 6169998 3.577705146826743E13 1.183581059E7 75 10 225 28050 3740 84150
337500.0 16452 1.913072330166E11 1.186745657E7 6186450 3.596835870128403E13 1.186745657E7 75 10 225 28125 3750 84375
338400.0 16452 1.9181801687561E11 1.189910254E7 6202902 3.616017671815964E13 1.189910254E7 75 10 225 28200 3760 84600
339300.0 16560 1.9297294487207E11 1.193074851E7 6219462 3.635314966303171E13 1.193074851E7 75 10 225 28275 3770 84825
340200.0 16524 1.9326949967137E11 1.196239449E7 6235986 3.654641916270308E13 1.196239449E7 75 10 225 28350 3780 85050
341100.0 16452 1.9335055028203E11 1.199404046E7 6252438 3.67397697129851E13 1.199404046E7 75 10 225 28425 3790 85275
342000.0 16452 1.9386133414104E11 1.202568643E7 6268890 3.693363104712614E13 1.202568643E7 75 10 225 28500 3800 85500
342900.0 16560 1.9502331984271E11 1.205733241E7 6285450 3.712865436696885E13 1.205733241E7 75 10 225 28575 3810 85725
343800.0 16524 1.9531736261307E11 1.208897839E7 6301974 3.732397172958193E13 1.208897839E7 75 10 225 28650 3820 85950
344700.0 16452 1.9539386754745E11 1.212062436E7 6318426 3.751936559712938E13 1.212062436E7 75 10 225 28725 3830 86175
345600.0 16452 1.9590465140646E11 1.215227033E7 6334878 3.771527024853584E13 1.215227033E7 75 10 225 28800 3840 86400

