# seed = 1, gamma = 1.0, beta = 0.25, dee = 10.0, dcc = 200.0, dec = 150.0, dsc = 20.0, dLocalhost = 0.015, hostBroker = CLOUD, numOfCloud = 1, numOfEdge = 1, numOfSmartphone = 75 
#
# The columns have the following meaning: 
# instant[SECONDS] delayCountPartial delaySumPartial[SECONDS] delayMaxPartial[SECONDS] delayCountTot delaySumTot[SECONDS] delayMaxTot[SECONDS] runOnCloudPartial runOnEdgePartial runOnSmartphonePartial runOnCloudTot runOnEdgeTot runOnSmartphoneTot
0.0 0 0.0 0.0 0 0.0 0.0 0 0 0 0 0 0
900.0 16561 1.802178495E7 2275.88 16561 1.802178495E7 2275.88 225 10 75 225 10 75
1800.0 16524 4.19364595E7 3758.12 33085 5.995824446E7 3758.12 225 10 75 450 20 150
2700.0 16460 6.578414066E7 5240.18 49545 1.2574238512E8 5240.18 225 10 75 675 30 225
3600.0 16452 8.97147752E7 6722.79 65997 2.1545716031E8 6722.79 225 10 75 900 40 300
4500.0 16560 1.1406683481E8 8204.85 82557 3.2952399512E8 8204.85 225 10 75 1125 50 375
5400.0 16525 1.3785461837E8 9686.92 99082 4.6737861349E8 9686.92 225 10 75 1350 60 450
6300.0 16452 1.6149123296E8 11169.53 115534 6.2886984646E8 11169.53 225 10 75 1575 70 525
7200.0 16452 1.8542204704E8 12651.59 131986 8.1429189349E8 12651.59 225 10 75 1800 80 600
8100.0 16560 2.1007782805E8 14134.2 148546 1.02436972154E9 14134.2 225 10 75 2025 90 675
9000.0 16524 2.3377910704E8 15616.28 165070 1.25814882858E9 15616.28 225 10 75 2250 100 750
9900.0 16452 2.5719850794E8 17098.33 181522 1.51534733653E9 17098.33 225 10 75 2475 110 825
10800.0 16452 2.8112914248E8 18580.95 197974 1.79647647901E9 18580.95 225 10 75 2700 120 900
11700.0 16560 3.0612156056E8 20063.01 214534 2.10259803957E9 20063.01 225 10 75 2925 130 975
12600.0 16533 3.2969587956E8 21545.07 231067 2.43229391914E9 21545.07 225 10 75 3150 140 1050
13500.0 16452 3.5290560052E8 23027.69 247519 2.78519951966E9 23027.69 225 10 75 3375 150 1125
14400.0 16453 3.7683641459E8 24509.75 263972 3.16203593425E9 24509.75 225 10 75 3600 160 1200
15300.0 16560 4.0213263825E8 25992.37 280532 3.56416857251E9 25992.37 225 10 75 3825 170 1275
16200.0 16524 4.2562037036E8 27474.44 297056 3.98978894287E9 27474.44 225 10 75 4050 180 1350
17100.0 16452 4.486128755E8 28956.49 313508 4.43840181837E9 28956.49 225 10 75 4275 190 1425
18000.0 16452 4.7254351004E8 30439.11 329960 4.91094532841E9 30439.11 225 10 75 4500 200 1500
18900.0 16560 4.9816007906E8 31921.17 346520 5.40910540747E9 31921.17 225 10 75 4725 210 1575
19800.0 16525 5.2153634608E8 33403.23 363045 5.93064175356E9 33403.23 225 10 75 4950 220 1650
20700.0 16452 5.4431996808E8 34885.85 379497 6.47496172164E9 34885.85 225 10 75 5175 230 1725
21600.0 16460 5.6825078215E8 36367.91 395957 7.04321250379E9 36367.91 225 10 75 5400 240 1800
22500.0 16560 5.9418733728E8 37850.52 412517 7.63739984107E9 37850.52 225 10 75 5625 250 1875
23400.0 16524 6.1746163157E8 39332.59 429041 8.25486147263E9 39332.59 225 10 75 5850 260 1950
24300.0 16453 6.4002724306E8 40814.65 445494 8.89488871569E9 40814.65 225 10 75 6075 270 2025
25200.0 16452 6.639578776E8 42297.26 461946 9.55884659329E9 42297.26 225 10 75 6300 280 2100
26100.0 16560 6.9023099461E8 43779.33 478506 1.02490775879E10 43779.33 225 10 75 6525 290 2175
27000.0 16524 7.1337761661E8 45261.39 495030 1.096245520451E10 45261.39 225 10 75 6750 300 2250
27900.0 16452 7.3573433596E8 46744.0 511482 1.169818954047E10 46744.0 225 10 75 6975 310 2325
28800.0 16452 7.5966515003E8 48226.06 527934 1.24578546905E10 48226.06 225 10 75 7200 320 2400
29700.0 16560 7.8624206363E8 49708.68 544494 1.324409675413E10 49708.68 225 10 75 7425 330 2475
30600.0 16524 8.0930288458E8 51190.75 561018 1.405339963871E10 51190.75 225 10 75 7650 340 2550
31500.0 16461 8.3144161143E8 52672.8 577479 1.488484125014E10 52672.8 225 10 75 7875 350 2625
32400.0 16452 8.5537224597E8 54155.42 593931 1.57402134961E10 54155.42 225 10 75 8100 360 2700
33300.0 16560 8.8226949597E8 55637.48 610491 1.662248299207E10 55637.48 225 10 75 8325 370 2775
34200.0 16525 9.0521939137E8 57119.61 627016 1.752770238345E10 57119.61 225 10 75 8550 380 2850
35100.0 16452 9.2714924672E8 58602.16 643468 1.845485163017E10 58602.16 225 10 75 8775 390 2925
36000.0 16452 9.51079496E8 60084.22 659920 1.940593112617E10 60084.22 225 10 75 9000 400 3000
36900.0 16560 9.78296741E8 61566.84 676480 2.038422786716E10 61566.84 225 10 75 9225 410 3075
37800.0 16524 1.00114413325E9 63048.91 693004 2.138537200042E10 63048.91 225 10 75 9450 420 3150
38700.0 16453 1.02285595756E9 64530.96 709457 2.240822795798E10 64530.96 225 10 75 9675 430 3225
39600.0 16452 1.0467865921E9 66013.58 725909 2.345501455008E10 66013.58 225 10 75 9900 440 3300
40500.0 16566 1.0743241825E9 67495.64 742475 2.452933873258E10 67495.64 225 10 75 10125 450 3375
41400.0 16526 1.09706321222E9 68978.09 759001 2.56264019448E10 68978.09 225 10 75 10350 460 3450
42300.0 16452 1.11856638141E9 70460.32 775453 2.67449683262E10 70460.32 225 10 75 10575 470 3525
43200.0 16453 1.14249381885E9 71942.37 791906 2.788746214505E10 71942.37 225 10 75 10800 480 3600
44100.0 16560 1.17035139516E9 73424.99 808466 2.905781354021E10 73424.99 225 10 75 11025 490 3675
45000.0 16524 1.19298534965E9 74907.06 824990 3.025079888986E10 74907.06 225 10 75 11250 500 3750
45900.0 16452 1.21427028046E9 76389.11 841442 3.146506917032E10 76389.11 225 10 75 11475 510 3825
46800.0 16452 1.238200915E9 77871.73 857894 3.270327008532E10 77871.73 225 10 75 11700 520 3900
47700.0 16560 1.2663950532E9 79353.79 874454 3.396966513852E10 79353.79 225 10 75 11925 530 3975
48600.0 16525 1.28890576801E9 80836.41 890979 3.525857090652E10 80836.41 225 10 75 12150 540 4050
49500.0 16452 1.30998209853E9 82318.48 907431 3.656855300506E10 82318.48 225 10 75 12375 550 4125
50400.0 16460 1.33390818792E9 83800.53 923891 3.790246119298E10 83800.53 225 10 75 12600 560 4200
51300.0 16560 1.3624061137E9 85283.15 940451 3.926486730668E10 85283.15 225 10 75 12825 570 4275
52200.0 16524 1.38482661247E9 86765.22 956975 4.064969391915E10 86765.22 225 10 75 13050 580 4350
53100.0 16453 1.40568464963E9 88247.27 973428 4.205537856878E10 88247.27 225 10 75 13275 590 4425
54000.0 16452 1.42961528417E9 89729.89 989880 4.348499385295E10 89729.89 225 10 75 13500 600 4500
54900.0 16560 1.45843355536E9 91211.95 1006440 4.494342740831E10 91211.95 225 10 75 13725 610 4575
55800.0 16524 1.48074715076E9 92694.57 1022964 4.642417455906E10 92694.57 225 10 75 13950 620 4650
56700.0 16452 1.5013964697E9 94176.64 1039416 4.792557102876E10 94176.64 225 10 75 14175 630 4725
57600.0 16452 1.52532255702E9 95658.69 1055868 4.945089358578E10 95658.69 225 10 75 14400 640 4800
58500.0 16561 1.55446082328E9 97141.3 1072429 5.100535440906E10 97141.3 225 10 75 14625 650 4875
59400.0 16524 1.57666787516E9 98623.37 1088953 5.258202228423E10 98623.37 225 10 75 14850 660 4950
60300.0 16460 1.59709901868E9 100105.43 1105413 5.417912130291E10 100105.43 225 10 75 15075 670 5025
61200.0 16452 1.62102965321E9 101588.04 1121865 5.580015095612E10 101588.04 225 10 75 15300 680 5100
62100.0 16561 1.65048826488E9 103070.11 1138426 5.7450639221E10 103070.11 225 10 75 15525 690 5175
63000.0 16524 1.67258841345E9 104552.73 1154950 5.912322763445E10 104552.73 225 10 75 15750 700 5250
63900.0 16452 1.69281083874E9 106034.79 1171402 6.08160384732E10 106034.79 225 10 75 15975 710 5325
64800.0 16452 1.71673692607E9 107516.84 1187854 6.253277539927E10 107516.84 225 10 75 16200 720 5400
65700.0 16560 1.74653174409E9 108999.46 1204414 6.427930714336E10 108999.46 225 10 75 16425 730 5475
66600.0 16524 1.76850913786E9 110481.53 1220938 6.604781628122E10 110481.53 225 10 75 16650 740 5550
67500.0 16452 1.78851338772E9 111963.58 1237390 6.783632966895E10 111963.58 225 10 75 16875 750 5625
68400.0 16452 1.81244402226E9 113446.2 1253842 6.964877369121E10 113446.2 225 10 75 17100 760 5700
69300.0 16569 1.8425429654E9 114928.26 1270411 7.149131665661E10 114928.26 225 10 75 17325 770 5775
70200.0 16524 1.86442966715E9 116410.89 1286935 7.335574632376E10 116410.89 225 10 75 17550 780 5850
71100.0 16452 1.88422520779E9 117892.95 1303387 7.523997153155E10 117892.95 225 10 75 17775 790 5925
72000.0 16453 1.90815129512E9 119375.0 1319840 7.714812282666E10 119375.0 225 10 75 18000 800 6000
72900.0 16560 1.93857024232E9 120857.62 1336400 7.908669306899E10 120857.62 225 10 75 18225 810 6075
73800.0 16524 1.96035040056E9 122339.69 1352924 8.104704346954E10 122339.69 225 10 75 18450 820 6150
74700.0 16452 1.9799284013E9 123821.82 1369376 8.302697187084E10 123821.82 225 10 75 18675 830 6225
75600.0 16452 2.00385907447E9 125304.36 1385828 8.503083094531E10 125304.36 225 10 75 18900 840 6300
76500.0 16560 2.03461385537E9 126786.42 1402388 8.706544480068E10 126786.42 225 10 75 19125 850 6375
77400.0 16525 2.05627091184E9 128269.04 1418913 8.912171571252E10 128269.04 225 10 75 19350 860 6450
78300.0 16452 2.07563954989E9 129751.11 1435365 9.119735526241E10 129751.11 225 10 75 19575 870 6525
79200.0 16460 2.09956563721E9 131233.16 1451825 9.329692089962E10 131233.16 225 10 75 19800 880 6600
80100.0 16560 2.1306249158E9 132715.77 1468385 9.542754581542E10 132715.77 225 10 75 20025 890 6675
81000.0 16525 2.15219242192E9 134197.84 1484910 9.757973823734E10 134197.84 225 10 75 20250 900 6750
81900.0 16452 2.17134520756E9 135680.29 1501362 9.975108344491E10 135680.29 225 10 75 20475 910 6825
82800.0 16452 2.19527611198E9 137162.52 1517814 1.0194635955689E11 137162.52 225 10 75 20700 920 6900
83700.0 16560 2.2266685304E9 138644.57 1534374 1.0417302808729E11 138644.57 225 10 75 20925 930 6975
84600.0 16524 2.2481121311E9 140127.2 1550898 1.0642114021838E11 140127.2 225 10 75 21150 940 7050
85500.0 16452 2.26705387554E9 141609.26 1567350 1.0868819409392E11 141609.26 225 10 75 21375 950 7125
86400.0 16453 2.29097996287E9 143091.31 1583803 1.1097917405679E11 143091.31 225 10 75 21600 960 7200
87300.0 16560 2.32267957278E9 144573.93 1600363 1.1330185362957E11 144573.93 225 10 75 21825 970 7275
88200.0 16530 2.34403363213E9 146056.0 1616893 1.156458872617E11 146056.0 225 10 75 22050 980 7350
89100.0 16454 2.36276085801E9 147538.61 1633347 1.1800864811971E11 147538.61 225 10 75 22275 990 7425
90000.0 16452 2.38669178082E9 149020.68 1649799 1.2039533990053E11 149020.68 225 10 75 22500 1000 7500
90900.0 16561 2.41872323081E9 150502.73 1666360 1.2281406313134E11 150502.73 225 10 75 22725 1010 7575
91800.0 16524 2.43995338474E9 151985.35 1682884 1.2525401651608E11 151985.35 225 10 75 22950 1020 7650
92700.0 16452 2.45846824453E9 153467.42 1699336 1.2771248476062E11 153467.42 225 10 75 23175 1030 7725
93600.0 16452 2.48239433186E9 154949.47 1715788 1.3019487909247E11 154949.47 225 10 75 23400 1040 7800
94500.0 16560 2.51473429125E9 156432.08 1732348 1.3270961338372E11 156432.08 225 10 75 23625 1050 7875
95400.0 16524 2.53587489482E9 157914.16 1748872 1.3524548827855E11 157914.16 225 10 75 23850 1060 7950
96300.0 16453 2.55417533786E9 159396.77 1765325 1.377996636164E11 159396.77 225 10 75 24075 1070 8025
97200.0 16452 2.57810615192E9 160878.83 1781777 1.4037776976833E11 160878.83 225 10 75 24300 1080 8100
98100.0 16568 2.61076173285E9 162360.89 1798345 1.4298853150118E11 162360.89 225 10 75 24525 1090 8175
99000.0 16524 2.63179464743E9 163843.51 1814869 1.4562032614861E11 163843.51 225 10 75 24750 1100 8250
99900.0 16452 2.64988261358E9 165325.57 1831321 1.4827020876219E11 165325.57 225 10 75 24975 1110 8325
100800.0 16453 2.67380870091E9 166807.62 1847774 1.509440174631E11 166807.62 225 10 75 25200 1120 8400
101700.0 16560 2.70678900077E9 168290.24 1864334 1.5365080646387E11 168290.24 225 10 75 25425 1130 8475
102600.0 16524 2.72771538084E9 169772.31 1880858 1.5637852184471E11 169772.31 225 10 75 25650 1140 8550
103500.0 16452 2.7455897069E9 171254.93 1897310 1.5912411155162E11 171254.93 225 10 75 25875 1150 8625
104400.0 16452 2.76952052097E9 172736.99 1913762 1.6189363207259E11 172736.99 225 10 75 26100 1160 8700
105300.0 16560 2.80281645137E9 174219.04 1930322 1.6469644852396E11 174219.04 225 10 75 26325 1170 8775
106200.0 16525 2.82363592379E9 175701.67 1946847 1.6752008444775E11 175701.67 225 10 75 26550 1180 8850
107100.0 16452 2.84129698263E9 177183.73 1963299 1.7036138143038E11 177183.73 225 10 75 26775 1190 8925
108000.0 16460 2.86522309611E9 178665.78 1979759 1.7322660452649E11 178665.78 225 10 75 27000 1200 9000
108900.0 16560 2.8988437103E9 180148.4 1996319 1.7612544823679E11 180148.4 225 10 75 27225 1210 9075
109800.0 16525 2.9195566436E9 181630.47 2012844 1.7904500488038E11 181630.47 225 10 75 27450 1220 9150
110700.0 16452 2.93700407606E9 183113.09 2029296 1.8198200895644E11 183113.09 225 10 75 27675 1230 9225
111600.0 16452 2.96093489013E9 184595.15 2045748 1.8494294384657E11 184595.15 225 10 75 27900 1240 9300
112500.0 16560 2.99487116101E9 186077.2 2062308 1.8793781500758E11 186077.2 225 10 75 28125 1250 9375
113400.0 16524 3.01547717299E9 187559.83 2078832 1.9095329218058E11 187559.83 225 10 75 28350 1260 9450
114300.0 16452 3.0327113519E9 189041.89 2095284 1.9398600353247E11 189041.89 225 10 75 28575 1270 9525
115200.0 16453 3.05663813115E9 190524.03 2111737 1.9704264166362E11 190524.03 225 10 75 28800 1280 9600
116100.0 16560 3.09089913891E9 192006.55 2128297 2.0013354080254E11 192006.55 225 10 75 29025 1290 9675
117000.0 16532 3.1113978776E9 193488.62 2144829 2.0324493868014E11 193488.62 225 10 75 29250 1300 9750
117900.0 16452 3.12841841648E9 194971.24 2161281 2.0637335709662E11 194971.24 225 10 75 29475 1310 9825
118800.0 16452 3.15234923055E9 196453.3 2177733 2.0952570632717E11 196453.3 225 10 75 29700 1320 9900
119700.0 16561 3.1869258508E9 197935.35 2194294 2.1271263217797E11 197935.35 225 10 75 29925 1330 9975
120600.0 16524 3.207318407E9 199417.98 2210818 2.1591995058497E11 199417.98 225 10 75 30150 1340 10050
121500.0 16452 3.22412569232E9 200900.04 2227270 2.1914407627728E11 200900.04 225 10 75 30375 1350 10125
122400.0 16452 3.24805492898E9 202382.5 2243722 2.2239213120626E11 202382.5 225 10 75 30600 1360 10200
123300.0 16560 3.28295651393E9 203864.72 2260282 2.2567508772019E11 203864.72 225 10 75 30825 1370 10275
124200.0 16524 3.30323909883E9 205346.78 2276806 2.2897832681902E11 205346.78 225 10 75 31050 1380 10350
125100.0 16452 3.31983274415E9 206829.4 2293258 2.3229815956317E11 206829.4 225 10 75 31275 1390 10425
126000.0 16452 3.34376355822E9 208311.46 2309710 2.356419231214E11 208311.46 225 10 75 31500 1400 10500
126900.0 16569 3.37898050981E9 209793.51 2326279 2.3902090363121E11 209793.51 225 10 75 31725 1410 10575
127800.0 16524 3.39915963723E9 211276.14 2342803 2.4242006326844E11 211276.14 225 10 75 31950 1420 10650
128700.0 16453 3.41554001999E9 212758.2 2359256 2.4583560328842E11 212758.2 225 10 75 32175 1430 10725
129600.0 16452 3.43947054372E9 214240.81 2375708 2.4927507383215E11 214240.81 225 10 75 32400 1440 10800
130500.0 16560 3.47501252268E9 215722.87 2392268 2.5275008635482E11 215722.87 225 10 75 32625 1450 10875
131400.0 16524 3.49508035275E9 217204.94 2408792 2.5624516670757E11 217204.94 225 10 75 32850 1460 10950
132300.0 16452 3.51124711342E9 218687.55 2425244 2.5975641382099E11 218687.55 225 10 75 33075 1470 11025
133200.0 16452 3.53517792749E9 220169.61 2441696 2.6329159174848E11 220169.61 225 10 75 33300 1480 11100
134100.0 16561 3.57103521955E9 221651.67 2458257 2.6686262696803E11 221651.67 225 10 75 33525 1490 11175
135000.0 16524 3.59100090014E9 223134.29 2474781 2.7045362786818E11 223134.29 225 10 75 33750 1500 11250
135900.0 16460 3.60695438926E9 224616.35 2491241 2.7406058225743E11 224616.35 225 10 75 33975 1510 11325
136800.0 16452 3.63088502379E9 226098.97 2507693 2.7769146728123E11 226098.97 225 10 75 34200 1520 11400
137700.0 16560 3.66706721647E9 227581.03 2524253 2.813585344977E11 227581.03 225 10 75 34425 1530 11475
138600.0 16525 3.68692161566E9 229063.09 2540778 2.8504545611336E11 229063.09 225 10 75 34650 1540 11550
139500.0 16452 3.70266148269E9 230545.71 2557230 2.8874811759605E11 230545.71 225 10 75 34875 1550 11625
140400.0 16452 3.72659229676E9 232027.77 2573682 2.9247470989281E11 232027.77 225 10 75 35100 1560 11700
141300.0 16560 3.76308992929E9 233509.82 2590242 2.962377998221E11 233509.82 225 10 75 35325 1570 11775
142200.0 16524 3.78284216306E9 234992.45 2606766 3.0002064198516E11 234992.45 225 10 75 35550 1580 11850
143100.0 16452 3.79836875852E9 236474.51 2623218 3.0381901074368E11 236474.51 225 10 75 35775 1590 11925
144000.0 16453 3.82229939306E9 237957.13 2639671 3.0764131013674E11 237957.13 225 10 75 36000 1600 12000
144900.0 16560 3.85912193522E9 239439.19 2656231 3.1150043207196E11 239439.19 225 10 75 36225 1610 12075
145800.0 16532 3.87876287858E9 240921.25 2672763 3.1537919495054E11 240921.25 225 10 75 36450 1620 12150
146700.0 16452 3.89407585195E9 242403.87 2689215 3.1927327080249E11 242403.87 225 10 75 36675 1630 12225
147600.0 16452 3.91800666602E9 243885.93 2705667 3.2319127746851E11 243885.93 225 10 75 36900 1640 12300
148500.0 16561 3.95514464445E9 245367.98 2722228 3.2714642211297E11 245367.98 225 10 75 37125 1650 12375
149400.0 16524 3.97468342598E9 246850.61 2738752 3.3112110553894E11 246850.61 225 10 75 37350 1660 12450
150300.0 16452 3.98978312779E9 248332.67 2755204 3.3511088866673E11 248332.67 225 10 75 37575 1670 12525
151200.0 16452 4.01371376233E9 249815.28 2771656 3.3912460242906E11 249815.28 225 10 75 37800 1680 12600
152100.0 16560 4.05117663596E9 251297.35 2788216 3.4317577906502E11 251297.35 225 10 75 38025 1690 12675
153000.0 16524 4.07060414155E9 252779.41 2804740 3.4724638320657E11 252779.41 225 10 75 38250 1700 12750
153900.0 16453 4.08549022127E9 254262.02 2821193 3.5133187342784E11 254262.02 225 10 75 38475 1710 12825
154800.0 16452 4.10942103534E9 255744.08 2837645 3.5544129446318E11 255744.08 225 10 75 38700 1720 12900
155700.0 16568 4.14720009008E9 257226.23 2854213 3.5958849455327E11 257226.23 225 10 75 38925 1730 12975
156600.0 16524 4.16652547329E9 258708.76 2870737 3.6375502002655E11 258708.76 225 10 75 39150 1740 13050
157500.0 16453 4.18119746738E9 260190.82 2887190 3.6793621749393E11 260190.82 225 10 75 39375 1750 13125
158400.0 16452 4.20512810192E9 261673.44 2903642 3.7214134559584E11 261673.44 225 10 75 39600 1760 13200
159300.0 16560 4.24324752341E9 263155.5 2920202 3.7638459311925E11 263155.5 225 10 75 39825 1770 13275
160200.0 16524 4.26244537472E9 264637.56 2936726 3.8064703849397E11 264637.56 225 10 75 40050 1780 13350
161100.0 16452 4.27690456081E9 266120.18 2953178 3.8492394305478E11 266120.18 225 10 75 40275 1790 13425
162000.0 16452 4.30083537488E9 267602.24 2969630 3.8922477842966E11 267602.24 225 10 75 40500 1800 13500
162900.0 16561 4.33925717129E9 269084.7 2986191 3.9356403560095E11 269084.7 225 10 75 40725 1810 13575
163800.0 16524 4.35837019588E9 270566.92 3002715 3.9792240579683E11 270566.92 225 10 75 40950 1820 13650
164700.0 16460 4.372611796E9 272048.98 3019175 4.0229501759283E11 272048.98 225 10 75 41175 1830 13725
165600.0 16452 4.39654243053E9 273531.59 3035627 4.0669156002336E11 273531.59 225 10 75 41400 1840 13800
166500.0 16560 4.43530219236E9 275013.65 3052187 4.1112686221572E11 275013.65 225 10 75 41625 1850 13875
167400.0 16525 4.45428660579E9 276495.72 3068712 4.1558114882151E11 276495.72 225 10 75 41850 1860 13950
168300.0 16452 4.46831888932E9 277978.33 3085164 4.2004946771083E11 277978.33 225 10 75 42075 1870 14025
169200.0 16452 4.49224970339E9 279460.39 3101616 4.2454171741422E11 279460.39 225 10 75 42300 1880 14100
170100.0 16560 4.53131314162E9 280943.0 3118176 4.2907303055583E11 280943.0 225 10 75 42525 1890 14175
171000.0 16524 4.55021266664E9 282425.08 3134700 4.3362324322248E11 282425.08 225 10 75 42750 1900 14250
171900.0 16452 4.56402616505E9 283907.13 3151152 4.3818726938752E11 283907.13 225 10 75 42975 1910 14325
172800.0 16452 4.58795679958E9 285389.75 3167604 4.427752261871E11 285389.75 225 10 75 43200 1920 14400
173700.0 16560 4.6273406944E9 286871.81 3184164 4.474025668815E11 286871.81 225 10 75 43425 1930 14475
174600.0 16533 4.64612786849E9 288353.87 3200697 4.5204869475E11 288353.87 225 10 75 43650 1940 14550
175500.0 16452 4.65973325837E9 289836.49 3217149 4.5670842800837E11 289836.49 225 10 75 43875 1950 14625
176400.0 16453 4.68366407244E9 291318.55 3233602 4.613920920808E11 291318.55 225 10 75 44100 1960 14700
177300.0 16560 4.72336797132E9 292801.17 3250162 4.6611546005213E11 292801.17 225 10 75 44325 1970 14775
178200.0 16524 4.74205314572E9 294283.24 3266686 4.7085751319785E11 294283.24 225 10 75 44550 1980 14850
179100.0 16452 4.7554405341E9 295765.29 3283138 4.7561295373194E11 295765.29 225 10 75 44775 1990 14925
180000.0 16452 4.77937116863E9 297247.91 3299590 4.8039232490058E11 297247.91 225 10 75 45000 2000 15000
180900.0 16560 4.81939542192E9 298729.97 3316150 4.852117203225E11 298729.97 225 10 75 45225 2010 15075
181800.0 16525 4.83796913114E9 300212.03 3332675 4.9004968945364E11 300212.03 225 10 75 45450 2020 15150
182700.0 16452 4.85114762737E9 301694.65 3349127 4.94900837081E11 301694.65 225 10 75 45675 2030 15225
183600.0 16460 4.87507844144E9 303176.71 3365587 4.9977591552244E11 303176.71 225 10 75 45900 2040 15300
184500.0 16560 4.91542266279E9 304659.33 3382147 5.0469133818523E11 304659.33 225 10 75 46125 2050 15375
185400.0 16524 4.93389440831E9 306141.4 3398671 5.0962523259355E11 306141.4 225 10 75 46350 2060 15450
186300.0 16453 4.94685490304E9 307623.45 3415124 5.1457208749658E11 307623.45 225 10 75 46575 2070 15525
187200.0 16452 4.97078553758E9 309106.06 3431576 5.1954287303416E11 309106.06 225 10 75 46800 2080 15600
188100.0 16560 5.01145013134E9 310588.13 3448136 5.245543231655E11 310588.13 225 10 75 47025 2090 15675
189000.0 16524 5.02981039373E9 312070.19 3464660 5.2958413355923E11 312070.19 225 10 75 47250 2100 15750
189900.0 16452 5.04256199631E9 313552.8 3481112 5.3462669555554E11 313552.8 225 10 75 47475 2110 15825
190800.0 16452 5.06649281038E9 315034.87 3497564 5.3969318836591E11 315034.87 225 10 75 47700 2120 15900
191700.0 16561 5.10747739021E9 316517.48 3514125 5.4480066575612E11 316517.48 225 10 75 47925 2130 15975
192600.0 16524 5.1257356709E9 317999.55 3530649 5.4992640142703E11 317999.55 225 10 75 48150 2140 16050
193500.0 16460 5.13826927198E9 319481.6 3547109 5.5506467069901E11 319481.6 225 10 75 48375 2150 16125
194400.0 16452 5.16219990652E9 320964.22 3563561 5.6022687060552E11 320964.22 225 10 75 48600 2160 16200
195300.0 16560 5.20350482276E9 322446.28 3580121 5.6543037542828E11 322446.28 225 10 75 48825 2170 16275
196200.0 16525 5.22165242752E9 323928.44 3596646 5.706520278558E11 323928.44 225 10 75 49050 2180 16350
197100.0 16452 5.2339772151E9 325410.96 3613098 5.758860050709E11 325410.96 225 10 75 49275 2190 16425
198000.0 16452 5.25790714814E9 326893.02 3629550 5.8114391221904E11 326893.02 225 10 75 49500 2200 16500
198900.0 16560 5.29953206834E9 328375.64 3646110 5.8644344428738E11 328375.64 225 10 75 49725 2210 16575
199800.0 16524 5.31757690225E9 329857.71 3662634 5.9176102118963E11 329857.71 225 10 75 49950 2220 16650
200700.0 16452 5.32968360974E9 331339.76 3679086 5.9709070479937E11 331339.76 225 10 75 50175 2230 16725
201600.0 16452 5.35361424428E9 332822.38 3695538 6.0244431904365E11 332822.38 225 10 75 50400 2240 16800
202500.0 16567 5.39555951889E9 334304.44 3712105 6.0783987856255E11 334304.44 225 10 75 50625 2250 16875
203400.0 16526 5.41349614459E9 335786.91 3728631 6.1325337470714E11 335786.91 225 10 75 50850 2260 16950
204300.0 16452 5.42539422867E9 337269.12 3745083 6.1867876893581E11 337269.12 225 10 75 51075 2270 17025
205200.0 16453 5.44932147875E9 338751.17 3761536 6.2412809041456E11 338751.17 225 10 75 51300 2280 17100
206100.0 16560 5.4915867213E9 340233.79 3778096 6.2961967713586E11 340233.79 225 10 75 51525 2290 17175
207000.0 16524 5.50941812633E9 341715.86 3794620 6.351290952622E11 341715.86 225 10 75 51750 2300 17250
207900.0 16452 5.52109794028E9 343197.91 3811072 6.4065019320247E11 343197.91 225 10 75 51975 2310 17325
208800.0 16452 5.54502857482E9 344680.53 3827524 6.461952217773E11 344680.53 225 10 75 52200 2320 17400
209700.0 16560 5.58761418979E9 346162.59 3844084 6.5178283596708E11 346162.59 225 10 75 52425 2330 17475
210600.0 16525 5.60533857535E9 347645.21 3860609 6.5738817454244E11 347645.21 225 10 75 52650 2340 17550
211500.0 16452 5.6168097584E9 349127.28 3877061 6.6300498430083E11 349127.28 225 10 75 52875 2350 17625
212400.0 16460 5.64073584745E9 350609.33 3893521 6.6864572014828E11 350609.33 225 10 75 53100 2360 17700
213300.0 16560 5.68364143048E9 352091.95 3910081 6.7432936157876E11 352091.95 225 10 75 53325 2370 17775
214200.0 16524 5.70125938857E9 353574.02 3926605 6.8003062096733E11 353574.02 225 10 75 53550 2380 17850
215100.0 16453 5.71251230887E9 355056.07 3943058 6.857431332762E11 355056.07 225 10 75 53775 2390 17925
216000.0 16452 5.73644294342E9 356538.69 3959510 6.9147957621962E11 356538.69 225 10 75 54000 2400 18000
216900.0 16560 5.77966889885E9 358020.75 3976070 6.9725924511847E11 358020.75 225 10 75 54225 2410 18075
217800.0 16524 5.79717992663E9 359503.38 3992594 7.030564250451E11 359503.38 225 10 75 54450 2420 18150
218700.0 16452 5.8082241287E9 360985.44 4009046 7.0886464917381E11 360985.44 225 10 75 54675 2430 18225
219600.0 16452 5.83215021604E9 362467.49 4025498 7.1469679938985E11 362467.49 225 10 75 54900 2440 18300
220500.0 16560 5.87569614854E9 363950.11 4042058 7.2057249553839E11 363950.11 225 10 75 55125 2450 18375
221400.0 16524 5.89310065081E9 365432.18 4058582 7.264655961892E11 365432.18 225 10 75 55350 2460 18450
222300.0 16461 5.90392667741E9 366914.23 4075043 7.3236952286661E11 366914.23 225 10 75 55575 2470 18525
223200.0 16452 5.92785731195E9 368396.84 4091495 7.3829738017857E11 368396.84 225 10 75 55800 2480 18600
224100.0 16561 5.97172359886E9 369878.91 4108056 7.4426910377743E11 369878.91 225 10 75 56025 2490 18675
225000.0 16524 5.98902118882E9 371361.53 4124580 7.5025812496625E11 371361.53 225 10 75 56250 2500 18750
225900.0 16452 5.99963849719E9 372843.59 4141032 7.5625776346344E11 372843.59 225 10 75 56475 2510 18825
226800.0 16452 6.02356458453E9 374325.65 4157484 7.6228132804796E11 374325.65 225 10 75 56700 2520 18900
227700.0 16560 6.0677508575E9 375808.26 4174044 7.6834907890546E11 375808.26 225 10 75 56925 2530 18975
228600.0 16524 6.08494191295E9 377290.33 4190568 7.7443402081841E11 377290.33 225 10 75 57150 2540 19050
229500.0 16453 6.09534104589E9 378772.38 4207021 7.805293618643E11 378772.38 225 10 75 57375 2550 19125
230400.0 16452 6.11927168044E9 380255.0 4223473 7.8664863354474E11 380255.0 225 10 75 57600 2560 19200
231300.0 16568 6.16377830782E9 381737.06 4240041 7.9281241185255E11 381737.06 225 10 75 57825 2570 19275
232200.0 16524 6.18086245095E9 383219.69 4256565 7.9899327430351E11 383219.69 225 10 75 58050 2580 19350
233100.0 16452 6.19105286567E9 384701.75 4273017 8.0518432716918E11 384701.75 225 10 75 58275 2590 19425
234000.0 16453 6.21497895301E9 386183.8 4289470 8.1139930612219E11 386183.8 225 10 75 58500 2600 19500
234900.0 16560 6.25980556645E9 387666.42 4306030 8.1765911168864E11 387666.42 225 10 75 58725 2610 19575
235800.0 16524 6.27678317508E9 389148.49 4322554 8.2393589486372E11 389148.49 225 10 75 58950 2620 19650
236700.0 16452 6.28675622008E9 390630.65 4339006 8.302226510838E11 390630.65 225 10 75 59175 2630 19725
237600.0 16452 6.31068693662E9 392113.16 4355458 8.3653333802042E11 392113.16 225 10 75 59400 2640 19800
238500.0 16560 6.35583298453E9 393595.22 4372018 8.4288917100495E11 393595.22 225 10 75 59625 2650 19875
239400.0 16524 6.37270368088E9 395077.84 4388542 8.4926187468582E11 395077.84 225 10 75 59850 2660 19950
240300.0 16452 6.38246720202E9 396559.91 4404994 8.5564434188784E11 396559.91 225 10 75 60075 2670 20025
241200.0 16461 6.40639328936E9 398041.96 4421455 8.620507351772E11 398041.96 225 10 75 60300 2680 20100
242100.0 16560 6.45186024317E9 399524.57 4438015 8.6850259542037E11 399524.57 225 10 75 60525 2690 20175
243000.0 16525 6.468624405E9 401006.64 4454540 8.7497121982537E11 401006.64 225 10 75 60750 2700 20250
243900.0 16452 6.47817298875E9 402489.11 4470992 8.8144939281412E11 402489.11 225 10 75 60975 2710 20325
244800.0 16452 6.50210398313E9 403971.32 4487444 8.8795149679725E11 403971.32 225 10 75 61200 2720 20400
245700.0 16560 6.54788765645E9 405453.37 4504004 8.944993844537E11 405453.37 225 10 75 61425 2730 20475
246600.0 16524 6.56454490601E9 406936.0 4520528 9.0106392935971E11 406936.0 225 10 75 61650 2740 20550
247500.0 16452 6.57388153359E9 408418.06 4536980 9.0763781089329E11 408418.06 225 10 75 61875 2750 20625
248400.0 16453 6.59780762093E9 409900.11 4553433 9.1423561851422E11 409900.11 225 10 75 62100 2760 20700
249300.0 16560 6.64391492409E9 411382.73 4569993 9.2087953343831E11 411382.73 225 10 75 62325 2770 20775
250200.0 16529 6.66046563008E9 412864.8 4586522 9.2753999906839E11 412864.8 225 10 75 62550 2780 20850
251100.0 16455 6.66958853769E9 414347.41 4602977 9.3420958760608E11 414347.41 225 10 75 62775 2790 20925
252000.0 16452 6.69351943894E9 415829.48 4619429 9.4090310704502E11 415829.48 225 10 75 63000 2800 21000
252900.0 16561 6.73994235631E9 417311.53 4635990 9.4764304940133E11 417311.53 225 10 75 63225 2810 21075
253800.0 16524 6.75638616809E9 418794.16 4652514 9.5439943556942E11 418794.16 225 10 75 63450 2820 21150
254700.0 16452 6.76529590202E9 420276.22 4668966 9.6116473147144E11 420276.22 225 10 75 63675 2830 21225
255600.0 16452 6.78922198936E9 421758.27 4685418 9.6795395346079E11 421758.27 225 10 75 63900 2840 21300
256500.0 16560 6.83596963299E9 423240.89 4701978 9.7478992309378E11 423240.89 225 10 75 64125 2850 21375
257400.0 16524 6.85230689221E9 424722.96 4718502 9.81642229986E11 424722.96 225 10 75 64350 2860 21450
258300.0 16453 6.86100299506E9 426205.57 4734955 9.8850323298106E11 426205.57 225 10 75 64575 2870 21525
259200.0 16452 6.88493380914E9 427687.63 4751407 9.953881667902E11 427687.63 225 10 75 64800 2880 21600
260100.0 16568 6.93199706526E9 429169.69 4767975 1.00232016385546E12 429169.69 225 10 75 65025 2890 21675
261000.0 16524 6.94822743012E9 430652.31 4784499 1.00926839128558E12 430652.31 225 10 75 65250 2900 21750
261900.0 16452 6.95671027039E9 432134.37 4800951 1.01622510155597E12 432134.37 225 10 75 65475 2910 21825
262800.0 16453 6.98063635773E9 433616.43 4817404 1.02320573791371E12 433616.43 225 10 75 65700 2920 21900
263700.0 16560 7.02804055313E9 435099.04 4833964 1.03023377846683E12 435099.04 225 10 75 65925 2930 21975
264600.0 16524 7.04414815419E9 436581.11 4850488 1.03727792662102E12 436581.11 225 10 75 66150 2940 22050
265500.0 16452 7.05241736338E9 438063.73 4866940 1.0443303439844E12 438063.73 225 10 75 66375 2950 22125
266400.0 16452 7.07634817746E9 439545.79 4883392 1.05140669216186E12 439545.79 225 10 75 66600 2960 22200
267300.0 16560 7.12405177406E9 441027.84 4899952 1.05853074393592E12 441027.84 225 10 75 66825 2970 22275
268200.0 16525 7.14006950668E9 442510.47 4916477 1.0656708134426E12 442510.47 225 10 75 67050 2980 22350
269100.0 16452 7.14812463893E9 443992.53 4932929 1.07281893808153E12 443992.53 225 10 75 67275 2990 22425
270000.0 16460 7.17205078474E9 445474.58 4949389 1.07999098886627E12 445474.58 225 10 75 67500 3000 22500
270900.0 16560 7.22009527114E9 446957.2 4965949 1.08721108413741E12 446957.2 225 10 75 67725 3010 22575
271800.0 16525 7.23598940753E9 448439.27 4982474 1.09444707354494E12 448439.27 225 10 75 67950 3020 22650
272700.0 16452 7.24383173208E9 449921.89 4998926 1.10169090527702E12 449921.89 225 10 75 68175 3030 22725
273600.0 16452 7.26776254616E9 451403.95 5015378 1.10895866782318E12 451403.95 225 10 75 68400 3040 22800
274500.0 16560 7.31610647423E9 452886.0 5031938 1.11627477429741E12 452886.0 225 10 75 68625 3050 22875
275400.0 16524 7.33191074954E9 454368.63 5048462 1.12360668504695E12 454368.63 225 10 75 68850 3060 22950
276300.0 16452 7.33953900763E9 455850.69 5064914 1.13094622405458E12 455850.69 225 10 75 69075 3070 23025
277200.0 16453 7.36346595281E9 457332.85 5081367 1.1383096900074E12 457332.85 225 10 75 69300 3080 23100
278100.0 16560 7.4121347005E9 458815.36 5097927 1.1457218247079E12 458815.36 225 10 75 69525 3090 23175
279000.0 16532 7.42783063621E9 460297.42 5114459 1.15314965534411E12 460297.42 225 10 75 69750 3100 23250
279900.0 16452 7.43524606719E9 461780.04 5130911 1.1605849014113E12 461780.04 225 10 75 69975 3110 23325
280800.0 16452 7.45917688126E9 463262.1 5147363 1.16804407829256E12 463262.1 225 10 75 70200 3120 23400
281700.0 16561 7.50817736622E9 464744.15 5163924 1.17555225565878E12 464744.15 225 10 75 70425 3130 23475
282600.0 16524 7.52375118332E9 466226.78 5180448 1.1830760068421E12 466226.78 225 10 75 70650 3140 23550
283500.0 16452 7.53095334274E9 467708.84 5196900 1.19060696018484E12 467708.84 225 10 75 70875 3150 23625
284400.0 16452 7.55488285433E9 469191.33 5213352 1.19816184303917E12 469191.33 225 10 75 71100 3160 23700
285300.0 16560 7.60419222241E9 470673.52 5229912 1.20576603526158E12 470673.52 225 10 75 71325 3170 23775
286200.0 16524 7.61967265729E9 472155.58 5246436 1.21338570791887E12 472155.58 225 10 75 71550 3180 23850
287100.0 16453 7.62666040002E9 473638.2 5262889 1.22101236831889E12 473638.2 225 10 75 71775 3190 23925
288000.0 16452 7.6505912141E9 475120.26 5279341 1.22866295953299E12 475120.26 225 10 75 72000 3200 24000
288900.0 16568 7.70023205741E9 476602.31 5295909 1.2363631915904E12 476602.31 225 10 75 72225 3210 24075
289800.0 16524 7.71559240983E9 478084.94 5312433 1.24407878400023E12 478084.94 225 10 75 72450 3220 24150
290700.0 16453 7.72236767568E9 479567.0 5328886 1.25180115167592E12 479567.0 225 10 75 72675 3230 24225
291600.0 16452 7.74629822134E9 481049.61 5345338 1.25954744989726E12 481049.61 225 10 75 72900 3240 24300
292500.0 16560 7.79624784491E9 482531.67 5361898 1.26734369774217E12 482531.67 225 10 75 73125 3250 24375
293400.0 16524 7.81151392886E9 484013.74 5378422 1.27515521167102E12 484013.74 225 10 75 73350 3260 24450
294300.0 16452 7.81807476894E9 485496.35 5394874 1.28297328643996E12 485496.35 225 10 75 73575 3270 24525
295200.0 16452 7.84200558302E9 486978.41 5411326 1.29081529202298E12 486978.41 225 10 75 73800 3280 24600
296100.0 16561 7.89227054127E9 488460.47 5427887 1.29870756256425E12 488460.47 225 10 75 74025 3290 24675
297000.0 16524 7.9074336634E9 489943.09 5444411 1.30661499622765E12 489943.09 225 10 75 74250 3300 24750
297900.0 16460 7.9137820446E9 491425.15 5460871 1.31452877827225E12 491425.15 225 10 75 74475 3310 24825
298800.0 16452 7.93771267914E9 492907.77 5477323 1.3224664909514E12 492907.77 225 10 75 74700 3320 24900
299700.0 16560 7.98830255601E9 494389.83 5493883 1.33045479350741E12 494389.83 225 10 75 74925 3330 24975
300600.0 16525 8.00335439674E9 495871.89 5510408 1.33845814790415E12 495871.89 225 10 75 75150 3340 25050
301500.0 16452 8.00948913786E9 497354.51 5526860 1.346467637042E12 497354.51 225 10 75 75375 3350 25125
302400.0 16452 8.03341995193E9 498836.57 5543312 1.35450105699394E12 498836.57 225 10 75 75600 3360 25200
303300.0 16560 8.0843252417E9 500318.62 5559872 1.36258538223564E12 500318.62 225 10 75 75825 3370 25275
304200.0 16524 8.09927492602E9 501801.25 5576396 1.37068465716166E12 501801.25 225 10 75 76050 3380 25350
305100.0 16452 8.10519641357E9 503283.31 5592848 1.37878985357523E12 503283.31 225 10 75 76275 3390 25425
306000.0 16453 8.12912704812E9 504765.93 5609301 1.38691898062335E12 504765.93 225 10 75 76500 3400 25500
306900.0 16560 8.1803572655E9 506247.99 5625861 1.39509933788885E12 506247.99 225 10 75 76725 3410 25575
307800.0 16532 8.19519565947E9 507730.05 5642393 1.40329453354832E12 507730.05 225 10 75 76950 3420 25650
308700.0 16452 8.20090350693E9 509212.67 5658845 1.41149543705525E12 509212.67 225 10 75 77175 3430 25725
309600.0 16452 8.22483432101E9 510694.73 5675297 1.41972027137626E12 510694.73 225 10 75 77400 3440 25800
310500.0 16561 8.27637998042E9 512176.78 5691858 1.42799665135668E12 512176.78 225 10 75 77625 3450 25875
311400.0 16524 8.29111618886E9 513659.41 5708382 1.43628776754554E12 513659.41 225 10 75 77850 3460 25950
312300.0 16452 8.29661078276E9 515141.47 5724834 1.44458437832829E12 515141.47 225 10 75 78075 3470 26025
313200.0 16452 8.3205414173E9 516624.08 5741286 1.4529049197456E12 516624.08 225 10 75 78300 3480 26100
314100.0 16560 8.37241195694E9 518106.15 5757846 1.46127733170254E12 518106.15 225 10 75 78525 3490 26175
315000.0 16524 8.38703692236E9 519588.21 5774370 1.4696643686249E12 519588.21 225 10 75 78750 3500 26250
315900.0 16453 8.39231787618E9 521070.82 5790823 1.47805668650108E12 521070.82 225 10 75 78975 3510 26325
316800.0 16452 8.41624869025E9 522552.89 5807275 1.48647293519133E12 522552.89 225 10 75 79200 3520 26400
317700.0 16568 8.46843565168E9 524035.07 5823843 1.49494137084301E12 524035.07 225 10 75 79425 3530 26475
318600.0 16524 8.48295936942E9 525517.56 5840367 1.50342433021243E12 525517.56 225 10 75 79650 3540 26550
319500.0 16453 8.48802511755E9 526999.62 5856820 1.51191235532998E12 526999.62 225 10 75 79875 3550 26625
320400.0 16452 8.51195575209E9 528482.24 5873272 1.52042431108208E12 528482.24 225 10 75 80100 3560 26700
321300.0 16560 8.56446663209E9 529964.3 5889832 1.52898877771417E12 529964.3 225 10 75 80325 3570 26775
322200.0 16524 8.57887815078E9 531446.36 5906356 1.53756765586495E12 531446.36 225 10 75 80550 3580 26850
323100.0 16452 8.58373221102E9 532928.98 5922808 1.54615138807597E12 532928.98 225 10 75 80775 3590 26925
324000.0 16452 8.6076630251E9 534411.04 5939260 1.55475905110107E12 534411.04 225 10 75 81000 3600 27000
324900.0 16561 8.66049279802E9 535893.53 5955821 1.56341954389909E12 535893.53 225 10 75 81225 3610 27075
325800.0 16524 8.67480249753E9 537375.72 5972345 1.57209434639662E12 537375.72 225 10 75 81450 3620 27150
326700.0 16460 8.67943945098E9 538857.78 5988805 1.5807737858476E12 538857.78 225 10 75 81675 3630 27225
327600.0 16452 8.70337008552E9 540340.39 6005257 1.58947715593313E12 540340.39 225 10 75 81900 3640 27300
328500.0 16560 8.75652129688E9 541822.45 6021817 1.59823367723001E12 541822.45 225 10 75 82125 3650 27375
329400.0 16525 8.77071936883E9 543304.52 6038342 1.60700439659884E12 543304.52 225 10 75 82350 3660 27450
330300.0 16452 8.77514654451E9 544787.13 6054794 1.61577954314335E12 544787.13 225 10 75 82575 3670 27525
331200.0 16452 8.79907735858E9 546269.19 6071246 1.62457862050193E12 546269.19 225 10 75 82800 3680 27600
332100.0 16560 8.85256471433E9 547751.81 6087806 1.63343118521626E12 547751.81 225 10 75 83025 3690 27675
333000.0 16524 8.86664543923E9 549233.88 6104330 1.64229783065548E12 549233.88 225 10 75 83250 3700 27750
333900.0 16452 8.87085382044E9 550715.93 6120782 1.65116868447592E12 550715.93 225 10 75 83475 3710 27825
334800.0 16453 8.89478445498E9 552198.55 6137235 1.6600634689309E12 552198.55 225 10 75 83700 3720 27900
335700.0 16560 8.94857602481E9 553680.61 6153795 1.66901204495571E12 553680.61 225 10 75 83925 3730 27975
336600.0 16532 8.96256064094E9 555162.67 6170327 1.67797460559666E12 555162.67 225 10 75 84150 3740 28050
337500.0 16452 8.96656091396E9 556645.29 6186779 1.68694116651062E12 556645.29 225 10 75 84375 3750 28125
338400.0 16453 8.99049172804E9 558127.35 6203232 1.69593165823866E12 558127.35 225 10 75 84600 3760 28200
339300.0 16560 9.0446032842E9 559609.97 6219792 1.70497626152286E12 559609.97 225 10 75 84825 3770 28275
340200.0 16524 9.0584866951E9 561092.04 6236316 1.71403474821796E12 561092.04 225 10 75 85050 3780 28350
341100.0 16452 9.06226818995E9 562574.09 6252768 1.7230970164079E12 562574.09 225 10 75 85275 3790 28425
342000.0 16452 9.08619882449E9 564056.71 6269220 1.7321832152324E12 564056.71 225 10 75 85500 3800 28500
342900.0 16560 9.1406469605E9 565538.77 6285780 1.7413238621929E12 565538.77 225 10 75 85725 3810 28575
343800.0 16525 9.15440190416E9 567020.83 6302305 1.75047826409705E12 567020.83 225 10 75 85950 3820 28650
344700.0 16452 9.15797528353E9 568503.45 6318757 1.75963623938058E12 568503.45 225 10 75 86175 3830 28725
345600.0 16460 9.18190609761E9 569985.51 6335217 1.76881814547819E12 569985.51 225 10 75 86400 3840 28800

