# seed = 1, gamma = 0.25, beta = 1.0, dee = 10.0, dcc = 50.0, dec = 15.0, dsc = 2000.0, dLocalhost = 0.015, hostBroker = CLOUD, numOfCloud = 1, numOfEdge = 1, numOfSmartphone = 300 
#
# The columns have the following meaning: 
# instant[SECONDS] delayCountPartial delaySumPartial[SECONDS] delayMaxPartial[SECONDS] delayCountTot delaySumTot[SECONDS] delayMaxTot[SECONDS] runOnCloudPartial runOnEdgePartial runOnSmartphonePartial runOnCloudTot runOnEdgeTot runOnSmartphoneTot
0.0 0 0.0 0.0 0 0.0 0.0 0 0 0 0 0 0
900.0 16560 2.4641224819E8 30386.69 16560 2.4641224819E8 30386.69 8 2 300 8 2 300
1800.0 16524 7.3298198778E8 60533.77 33084 9.7939423596E8 60533.77 8 2 300 16 4 600
2700.0 16452 1.21823312313E9 90680.56 49536 2.19762735909E9 90680.56 8 2 300 24 6 900
3600.0 16452 1.70485836606E9 120827.23 65988 3.90248572515E9 120827.23 8 2 300 32 8 1200
4500.0 16560 2.19965482889E9 150973.89 82548 6.10214055404E9 150973.89 8 2 300 40 10 1500
5400.0 16524 2.68384951633E9 181120.57 99072 8.78599007037E9 181120.57 8 2 300 48 12 1800
6300.0 16452 3.16474390857E9 211267.23 115524 1.195073397894E10 211267.23 8 2 300 56 14 2100
7200.0 16452 3.65136836026E9 241413.9 131976 1.560210233921E10 241413.9 8 2 300 64 16 2400
8100.0 16561 4.15246531592E9 271560.56 148537 1.975456765513E10 271560.56 8 2 300 72 18 2700
9000.0 16524 4.63468988448E9 301707.24 165061 2.438925753961E10 301707.24 8 2 300 80 20 3000
9900.0 16452 5.11125390304E9 331853.9 181513 2.950051144265E10 331853.9 8 2 300 88 22 3300
10800.0 16452 5.59787835474E9 362000.57 197965 3.509838979739E10 362000.57 8 2 300 96 24 3600
11700.0 16560 6.10569819571E9 392147.23 214525 4.12040879931E10 392147.23 8 2 300 104 26 3900
12600.0 16524 6.58555174536E9 422293.9 231049 4.778963973846E10 422293.9 8 2 300 112 28 4200
13500.0 16452 7.05776389752E9 452440.57 247501 5.484740363598E10 452440.57 8 2 300 120 30 4500
14400.0 16452 7.54438834921E9 482587.23 263953 6.23917919852E10 482587.23 8 2 300 128 32 4800
15300.0 16560 8.05850813315E9 512733.9 280513 7.045030011835E10 512733.9 8 2 300 136 34 5100
16200.0 16524 8.53639211353E9 542880.57 297037 7.898669223187E10 542880.57 8 2 300 144 36 5400
17100.0 16452 9.00427389201E9 573027.24 313489 8.799096612388E10 573027.24 8 2 300 152 38 5700
18000.0 16452 9.49089834372E9 603173.9 329941 9.74818644676E10 603173.9 8 2 300 160 40 6000
18900.0 16560 1.001152980775E10 633320.57 346501 1.0749339427535E11 633320.57 8 2 300 168 42 6300
19800.0 16524 1.048724321911E10 663467.24 363025 1.1798063749446E11 663467.24 8 2 300 176 44 6600
20700.0 16452 1.095078388654E10 693613.91 379477 1.28931421381E11 693613.91 8 2 300 184 46 6900
21600.0 16452 1.143740833825E10 723760.57 395929 1.4036882971925E11 723760.57 8 2 300 192 48 7200
22500.0 16560 1.196455147335E10 753907.23 412489 1.523333811926E11 753907.23 8 2 300 200 50 7500
23400.0 16524 1.243809434269E10 784053.91 429013 1.6477147553529E11 784053.91 8 2 300 208 52 7800
24300.0 16452 1.289729388108E10 814200.57 445465 1.7766876941637E11 814200.57 8 2 300 216 54 8100
25200.0 16452 1.338391833279E10 844347.24 461917 1.9105268774915E11 844347.24 8 2 300 224 56 8400
26100.0 16560 1.391778491206E10 874493.9 478477 2.0497047266121E11 874493.9 8 2 300 232 58 8700
27000.0 16524 1.438894545759E10 904640.58 495001 2.193594181188E11 904640.58 8 2 300 240 60 9000
27900.0 16452 1.484380387594E10 934787.24 511453 2.3420322199474E11 934787.24 8 2 300 248 62 9300
28800.0 16452 1.533042832764E10 964933.91 527905 2.4953365032238E11 964933.91 8 2 300 256 64 9600
29700.0 16560 1.587059484093E10 995080.57 544465 2.6540424516331E11 995080.57 8 2 300 264 66 9900
30600.0 16524 1.633979656366E10 1025227.24 560989 2.8174404172697E11 1025227.24 8 2 300 272 68 10200
31500.0 16458 1.679031525292E10 1055373.91 577447 2.9853435697989E11 1055373.91 8 2 300 280 70 10500
32400.0 16454 1.727694054813E10 1085520.83 593901 3.1581129752802E11 1085520.83 8 2 300 288 72 10800
33300.0 16560 1.782362339151E10 1115667.8 610461 3.3363492091953E11 1115667.8 8 2 300 296 74 11100
34200.0 16524 1.829065693143E10 1145814.48 626985 3.5192557785096E11 1145814.48 8 2 300 304 76 11400
35100.0 16452 1.873683308911E10 1175961.15 643437 3.7066241094007E11 1175961.15 8 2 300 312 78 11700
36000.0 16452 1.922345754082E10 1206107.81 659889 3.8988586848089E11 1206107.81 8 2 300 320 80 12000
36900.0 16560 1.97766474361E10 1236254.48 676449 4.0966251591699E11 1236254.48 8 2 300 328 82 12300
37800.0 16524 2.024150804661E10 1266401.15 692973 4.2990402396359E11 1266401.15 8 2 300 336 84 12600
38700.0 16452 2.068334308429E10 1296547.82 709425 4.5058736704789E11 1296547.82 8 2 300 344 86 12900
39600.0 16452 2.1169967536E10 1326694.48 725877 4.7175733458389E11 1326694.48 8 2 300 352 88 13200
40500.0 16560 2.172966911136E10 1356841.15 742437 4.9348700369525E11 1356841.15 8 2 300 360 90 13500
41400.0 16524 2.219235916184E10 1386987.82 758961 5.1567936285709E11 1386987.82 8 2 300 368 92 13800
42300.0 16452 2.262985307948E10 1417134.48 775413 5.3830921593657E11 1417134.48 8 2 300 376 94 14100
43200.0 16452 2.311647753119E10 1447281.15 791865 5.6142569346776E11 1447281.15 8 2 300 384 96 14400
44100.0 16560 2.368269077762E10 1477427.81 808425 5.8510838424537E11 1477427.81 8 2 300 392 98 14700
45000.0 16524 2.414321027707E10 1507574.49 824949 6.0925159452245E11 1507574.49 8 2 300 400 100 15000
45900.0 16452 2.457636307472E10 1537721.15 841401 6.3382795759716E11 1537721.15 8 2 300 408 102 15300
46800.0 16452 2.506298752643E10 1567867.82 857853 6.5889094512359E11 1567867.82 8 2 300 416 104 15600
47700.0 16560 2.563592421699E10 1598014.48 874413 6.8452686934058E11 1598014.48 8 2 300 424 106 15900
48600.0 16524 2.609406138347E10 1628161.16 890937 7.1062093072405E11 1628161.16 8 2 300 432 108 16200
49500.0 16452 2.652287307006E10 1658307.82 907389 7.3714380379411E11 1658307.82 8 2 300 440 110 16500
50400.0 16452 2.700949752177E10 1688454.48 923841 7.6415330131588E11 1688454.48 8 2 300 448 112 16800
51300.0 16560 2.758873413735E10 1718601.15 940401 7.9174203545323E11 1718601.15 8 2 300 456 114 17100
52200.0 16524 2.804491250786E10 1748747.82 956925 8.1978694796109E11 1748747.82 8 2 300 464 116 17400
53100.0 16452 2.846938306541E10 1778894.49 973377 8.482563310265E11 1778894.49 8 2 300 472 118 17700
54000.0 16452 2.895600751712E10 1809041.15 989829 8.7721233854362E11 1809041.15 8 2 300 480 120 18000
54900.0 16560 2.954175581277E10 1839187.82 1006389 9.0675409435639E11 1839187.82 8 2 300 488 122 18300
55800.0 16524 2.99957636232E10 1869334.49 1022913 9.3674985797959E11 1869334.49 8 2 300 496 124 18600
56700.0 16452 3.04158930607E10 1899481.16 1039365 9.671657510403E11 1899481.16 8 2 300 504 126 18900
57600.0 16452 3.090251751241E10 1929627.82 1055817 9.9806826855271E11 1929627.82 8 2 300 512 128 19200
58500.0 16560 3.149477748813E10 1959774.49 1072377 1.02956304604084E12 1959774.49 8 2 300 520 130 19500
59400.0 16524 3.194661473855E10 1989921.16 1088901 1.06150966077939E12 1989921.16 8 2 300 528 132 19800
60300.0 16452 3.236240305599E10 2020067.82 1105353 1.09387206383538E12 2020067.82 8 2 300 536 134 20100
61200.0 16452 3.28490275077E10 2050214.49 1121805 1.12672109134309E12 2050214.49 8 2 300 544 136 20400
62100.0 16561 3.34477991635E10 2080361.15 1138366 1.16016889050659E12 2080361.15 8 2 300 552 138 20700
63000.0 16524 3.389746565494E10 2110507.87 1154890 1.19406635616153E12 2110507.87 8 2 300 560 140 21000
63900.0 16452 3.430891716314E10 2140654.94 1171342 1.22837527332467E12 2140654.94 8 2 300 568 142 21300
64800.0 16452 3.479554596494E10 2170801.73 1187794 1.26317081928961E12 2170801.73 8 2 300 576 144 21600
65700.0 16560 3.540104184869E10 2200948.39 1204354 1.2985718611383E12 2200948.39 8 2 300 584 146 21900
66600.0 16524 3.584832621364E10 2231095.07 1220878 1.33442018735194E12 2231095.07 8 2 300 592 148 22200
67500.0 16452 3.625543227036E10 2261241.73 1237330 1.3706756196223E12 2261241.73 8 2 300 600 150 22500
68400.0 16452 3.674205672201E10 2291388.4 1253782 1.40741767634431E12 2291388.4 8 2 300 608 152 22800
69300.0 16560 3.735385175975E10 2321535.06 1270342 1.44477152810406E12 2321535.06 8 2 300 616 154 23100
70200.0 16524 3.779917731974E10 2351681.74 1286866 1.4825707054238E12 2351681.74 8 2 300 624 156 23400
71100.0 16452 3.820194226541E10 2381828.4 1303318 1.52077264768921E12 2381828.4 8 2 300 632 158 23700
72000.0 16452 3.868856671706E10 2411975.06 1319770 1.55946121440627E12 2411975.06 8 2 300 640 160 24000
72900.0 16560 3.930687344387E10 2442121.73 1336330 1.59876808785014E12 2442121.73 8 2 300 648 162 24300
73800.0 16524 3.975002844384E10 2472268.4 1352854 1.63851811629398E12 2472268.4 8 2 300 656 164 24600
74700.0 16452 4.014845226046E10 2502415.07 1369306 1.67866656855445E12 2502415.07 8 2 300 664 166 24900
75600.0 16452 4.063507671211E10 2532561.73 1385758 1.71930164526656E12 2532561.73 8 2 300 672 168 25200
76500.0 16560 4.126010686506E10 2562708.4 1402318 1.76056175213162E12 2562708.4 8 2 300 680 170 25500
77400.0 16524 4.170087955894E10 2592855.07 1418842 1.80226263169055E12 2592855.07 8 2 300 688 172 25800
78300.0 16452 4.209496225551E10 2623001.74 1435294 1.84435759394607E12 2623001.74 8 2 300 696 174 26100
79200.0 16452 4.258158670716E10 2653148.4 1451746 1.88693918065323E12 2653148.4 8 2 300 704 176 26400
80100.0 16560 4.321291678512E10 2683295.07 1468306 1.93015209743835E12 2683295.07 8 2 300 712 178 26700
81000.0 16524 4.36517414204E10 2713441.74 1484830 1.97380383885875E12 2713441.74 8 2 300 720 180 27000
81900.0 16452 4.404147225051E10 2743588.4 1501282 2.01784531110926E12 2743588.4 8 2 300 728 182 27300
82800.0 16452 4.452809670216E10 2773735.07 1517734 2.06237340781142E12 2773735.07 8 2 300 736 184 27600
83700.0 16560 4.516615022425E10 2803881.73 1534294 2.10753955803567E12 2803881.73 8 2 300 744 186 27900
84600.0 16524 4.560258178908E10 2834028.41 1550818 2.15314213982475E12 2834028.41 8 2 300 752 188 28200
85500.0 16452 4.598798224551E10 2864175.07 1567270 2.19913012207026E12 2864175.07 8 2 300 760 190 28500
86400.0 16452 4.647460669716E10 2894321.74 1583722 2.24560472876741E12 2894321.74 8 2 300 768 192 28800
87300.0 16560 4.711896012626E10 2924468.4 1600282 2.29272368889367E12 2924468.4 8 2 300 776 194 29100
88200.0 16524 4.755344364149E10 2954615.08 1616806 2.34027713253516E12 2954615.08 8 2 300 784 196 29400
89100.0 16452 4.79344922405E10 2984761.74 1633258 2.38821162477566E12 2984761.74 8 2 300 792 198 29700
90000.0 16452 4.842111669215E10 3014908.4 1649710 2.43663274146781E12 3014908.4 8 2 300 800 200 30000
90900.0 16560 4.907219356539E10 3045055.07 1666270 2.4857049350332E12 3045055.07 8 2 300 808 202 30300
91800.0 16524 4.950428401023E10 3075201.74 1682794 2.53520921904343E12 3075201.74 8 2 300 816 204 30600
92700.0 16452 4.988100223555E10 3105348.41 1699246 2.58509022127899E12 3105348.41 8 2 300 824 206 30900
93600.0 16452 5.03676266872E10 3135495.07 1715698 2.63545784796619E12 3135495.07 8 2 300 832 208 31200
94500.0 16560 5.102500532513E10 3165641.99 1732258 2.68648285329132E12 3165641.99 8 2 300 840 210 31500
95400.0 16524 5.145515277412E10 3195788.98 1748782 2.73793800606544E12 3195788.98 8 2 300 848 212 31800
96300.0 16452 5.182752145262E10 3225935.65 1765234 2.78976552751806E12 3225935.65 8 2 300 856 214 32100
97200.0 16452 5.231414590427E10 3256082.31 1781686 2.84207967342233E12 3256082.31 8 2 300 864 216 32400
98100.0 16560 5.297803441344E10 3286228.98 1798246 2.89505770783576E12 3286228.98 8 2 300 872 218 32700
99000.0 16524 5.340599548301E10 3316375.65 1814770 2.94846370331877E12 3316375.65 8 2 300 880 220 33000
99900.0 16452 5.377403144767E10 3346522.32 1831222 3.00223773476644E12 3346522.32 8 2 300 888 222 33300
100800.0 16452 5.426065589932E10 3376668.98 1847674 3.05649839066576E12 3376668.98 8 2 300 896 224 33600
101700.0 16560 5.493105608856E10 3406815.64 1864234 3.11142944675432E12 3406815.64 8 2 300 904 226 33900
102600.0 16524 5.535684660711E10 3436962.32 1880758 3.16678629336142E12 3436962.32 8 2 300 912 228 34200
103500.0 16452 5.572054144272E10 3467108.98 1897210 3.22250683480414E12 3467108.98 8 2 300 920 230 34500
104400.0 16452 5.620716589437E10 3497255.65 1913662 3.27871400069851E12 3497255.65 8 2 300 928 232 34800
105300.0 16560 5.688407777268E10 3527402.31 1930222 3.3355980784712E12 3527402.31 8 2 300 936 234 35100
106200.0 16524 5.73076977132E10 3557548.99 1946746 3.3929057761844E12 3557548.99 8 2 300 944 236 35400
107100.0 16452 5.766705143777E10 3587695.65 1963198 3.45057282762217E12 3587695.65 8 2 300 952 238 35700
108000.0 16452 5.815367588942E10 3617842.32 1979650 3.50872650351159E12 3617842.32 8 2 300 960 240 36000
108900.0 16560 5.883709943881E10 3647988.98 1996210 3.5675636029504E12 3647988.98 8 2 300 968 242 36300
109800.0 16524 5.925854883736E10 3678135.65 2012734 3.62682215178776E12 3678135.65 8 2 300 976 244 36600
110700.0 16452 5.961356143293E10 3708282.32 2029186 3.68643571322069E12 3708282.32 8 2 300 984 246 36900
111600.0 16452 6.010018588458E10 3738428.98 2045638 3.74653589910527E12 3738428.98 8 2 300 992 248 37200
112500.0 16560 6.079012112304E10 3768575.65 2062198 3.80732602022831E12 3768575.65 8 2 300 1000 250 37500
113400.0 16524 6.120939994357E10 3798722.32 2078722 3.86853542017187E12 3798722.32 8 2 300 1008 252 37800
114300.0 16452 6.156007142809E10 3828868.99 2095174 3.93009549159996E12 3828868.99 8 2 300 1016 254 38100
115200.0 16452 6.204669587974E10 3859015.65 2111626 3.9921421874797E12 3859015.65 8 2 300 1024 256 38400
116100.0 16560 6.274314278027E10 3889162.32 2128186 4.05488533025997E12 3889162.32 8 2 300 1032 258 38700
117000.0 16524 6.316025106777E10 3919308.99 2144710 4.11804558132775E12 3919308.99 8 2 300 1040 260 39000
117900.0 16452 6.350658142325E10 3949455.66 2161162 4.181552162751E12 3949455.66 8 2 300 1048 262 39300
118800.0 16452 6.39932058749E10 3979602.32 2177614 4.24554536862589E12 3979602.32 8 2 300 1056 264 39600
119700.0 16560 6.46961644825E10 4009748.98 2194174 4.3102415331084E12 4009748.98 8 2 300 1064 266 39900
120600.0 16524 6.511110217398E10 4039895.66 2210698 4.37535263528238E12 4039895.66 8 2 300 1072 268 40200
121500.0 16452 6.545309141841E10 4070042.32 2227150 4.44080572670078E12 4070042.32 8 2 300 1080 270 40500
122400.0 16452 6.593971587006E10 4100188.99 2243602 4.50674544257084E12 4100188.99 8 2 300 1088 272 40800
123300.0 16560 6.664918613974E10 4130335.65 2260162 4.57339462871058E12 4130335.65 8 2 300 1096 274 41100
124200.0 16524 6.706195329819E10 4160482.33 2276686 4.64045658200877E12 4160482.33 8 2 300 1104 276 41400
125100.0 16452 6.739960197627E10 4190629.03 2293138 4.70785618398503E12 4190629.03 8 2 300 1112 278 41700
126000.0 16452 6.788623003499E10 4220776.11 2309590 4.77574241402002E12 4220776.11 8 2 300 1120 280 42000
126900.0 16560 6.860221625503E10 4250922.89 2326150 4.84434463027505E12 4250922.89 8 2 300 1128 282 42300
127800.0 16524 6.901281366178E10 4281069.57 2342674 4.91335744393682E12 4281069.57 8 2 300 1136 284 42600
128700.0 16452 6.934612063652E10 4311216.23 2359126 4.98270356457335E12 4311216.23 8 2 300 1144 286 42900
129600.0 16452 6.983274508817E10 4341362.9 2375578 5.05253630966152E12 4341362.9 8 2 300 1152 288 43200
130500.0 16560 7.055523876687E10 4371509.56 2392138 5.12309154842839E12 4371509.56 8 2 300 1160 290 43500
131400.0 16524 7.096366476799E10 4401656.23 2408662 5.19405521319638E12 4401656.23 8 2 300 1168 292 43800
132300.0 16452 7.129263063169E10 4431802.9 2425114 5.26534784382807E12 4431802.9 8 2 300 1176 294 44100
133200.0 16452 7.177925508334E10 4461949.56 2441566 5.3371270989114E12 4461949.56 8 2 300 1184 296 44400
134100.0 16560 7.250826043311E10 4492096.23 2458126 5.40963535934451E12 4492096.23 8 2 300 1192 298 44700
135000.0 16524 7.29145158922E10 4522242.9 2474650 5.4825498752367E12 4522242.9 8 2 300 1200 300 45000
135900.0 16452 7.323914062685E10 4552389.57 2491102 5.55578901586355E12 4552389.57 8 2 300 1208 302 45300
136800.0 16452 7.37257650785E10 4582536.23 2507554 5.62951478094205E12 4582536.23 8 2 300 1216 304 45600
137700.0 16560 7.446128209934E10 4612682.9 2524114 5.70397606304139E12 4612682.9 8 2 300 1224 306 45900
138600.0 16524 7.486536699841E10 4642829.57 2540638 5.7788414300398E12 4642829.57 8 2 300 1232 308 46200
139500.0 16452 7.518565062201E10 4672976.24 2557090 5.85402708066181E12 4672976.24 8 2 300 1240 310 46500
140400.0 16452 7.567227507366E10 4703122.9 2573542 5.92969935573547E12 4703122.9 8 2 300 1248 312 46800
141300.0 16560 7.641430378358E10 4733269.56 2590102 6.00611365951905E12 4733269.56 8 2 300 1256 314 47100
142200.0 16524 7.681621812262E10 4763416.24 2606626 6.08292987764167E12 4763416.24 8 2 300 1264 316 47400
143100.0 16452 7.713216061717E10 4793562.9 2623078 6.16006203825884E12 4793562.9 8 2 300 1272 318 47700
144000.0 16452 7.761878506882E10 4823709.57 2639530 6.23768082332766E12 4823709.57 8 2 300 1280 320 48000
144900.0 16560 7.836732545881E10 4853856.23 2656090 6.31604814878648E12 4853856.23 8 2 300 1288 322 48300
145800.0 16524 7.876706922883E10 4884002.91 2672614 6.39481521801531E12 4884002.91 8 2 300 1296 324 48600
146700.0 16452 7.907867061234E10 4914149.57 2689066 6.47389388862764E12 4914149.57 8 2 300 1304 326 48900
147600.0 16452 7.956529506398E10 4944296.24 2705518 6.55345918369163E12 4944296.24 8 2 300 1312 328 49200
148500.0 16560 8.032034713405E10 4974442.9 2722078 6.63377953082567E12 4974442.9 8 2 300 1320 330 49500
149400.0 16524 8.071792035304E10 5004589.57 2738602 6.71449745117871E12 5004589.57 8 2 300 1328 332 49800
150300.0 16452 8.10251806075E10 5034736.24 2755054 6.79552263178621E12 5034736.24 8 2 300 1336 334 50100
151200.0 16452 8.151180505915E10 5064882.9 2771506 6.87703443684536E12 5064882.9 8 2 300 1344 336 50400
152100.0 16560 8.227336880028E10 5095029.57 2788066 6.95930780564564E12 5095029.57 8 2 300 1352 338 50700
153000.0 16524 8.266877145931E10 5125176.24 2804590 7.04197657710494E12 5125176.24 8 2 300 1360 340 51000
153900.0 16452 8.297169060271E10 5155322.91 2821042 7.12494826770766E12 5155322.91 8 2 300 1368 342 51300
154800.0 16452 8.345831505436E10 5185469.57 2837494 7.20840658276202E12 5185469.57 8 2 300 1376 344 51600
155700.0 16566 8.422639194333E10 5215616.24 2854060 7.29263297470535E12 5215616.24 8 2 300 1384 346 51900
156600.0 16527 8.461962461547E10 5245763.17 2870587 7.37725259932082E12 5245763.17 8 2 300 1392 348 52200
157500.0 16452 8.491820750086E10 5275910.14 2887039 7.46217080682169E12 5275910.14 8 2 300 1400 350 52500
158400.0 16452 8.540483427064E10 5306056.81 2903491 7.54757564109232E12 5306056.81 8 2 300 1408 352 52800
159300.0 16560 8.617963315783E10 5336203.48 2920051 7.63375527425015E12 5336203.48 8 2 300 1416 354 53100
160200.0 16524 8.657048293146E10 5366350.15 2936575 7.72032575718161E12 5366350.15 8 2 300 1424 356 53400
161100.0 16452 8.686471981415E10 5396496.81 2953027 7.80719047699576E12 5396496.81 8 2 300 1432 358 53700
162000.0 16452 8.73513442658E10 5426643.48 2969479 7.89454182126156E12 5426643.48 8 2 300 1440 360 54000
162900.0 16560 8.8132443078E10 5456790.14 2986039 7.98267426433956E12 5456790.14 8 2 300 1448 362 54300
163800.0 16524 8.852134481092E10 5486936.82 3002563 8.07119560915048E12 5486936.82 8 2 300 1456 364 54600
164700.0 16452 8.88112298092E10 5517083.48 3019015 8.16000683895969E12 5517083.48 8 2 300 1464 366 54900
165600.0 16452 8.929785426085E10 5547230.15 3035467 8.24930469322054E12 5547230.15 8 2 300 1472 368 55200
166500.0 16560 9.008567650819E10 5577376.81 3052027 8.33939036972874E12 5577376.81 8 2 300 1480 370 55500
167400.0 16524 9.047218517067E10 5607523.49 3068551 8.4298625548994E12 5607523.49 8 2 300 1488 372 55800
168300.0 16452 9.075773980426E10 5637670.15 3085003 8.52062029470366E12 5637670.15 8 2 300 1496 374 56100
169200.0 16452 9.124436425591E10 5667816.82 3101455 8.61186465895957E12 5667816.82 8 2 300 1504 376 56400
170100.0 16560 9.203848642826E10 5697963.48 3118015 8.70390314538782E12 5697963.48 8 2 300 1512 378 56700
171000.0 16524 9.242304703213E10 5728110.15 3134539 8.79632619241995E12 5728110.15 8 2 300 1520 380 57000
171900.0 16452 9.270424979931E10 5758256.82 3150991 8.88903044221927E12 5758256.82 8 2 300 1528 382 57300
172800.0 16452 9.319087425096E10 5788403.48 3167443 8.98222131647023E12 5788403.48 8 2 300 1536 384 57600
173700.0 16560 9.399150810338E10 5818550.15 3184003 9.07621282457361E12 5818550.15 8 2 300 1544 386 57900
174600.0 16524 9.437388740087E10 5848696.82 3200527 9.17058671197448E12 5848696.82 8 2 300 1552 388 58200
175500.0 16452 9.465075979437E10 5878843.49 3216979 9.26523747176885E12 5878843.49 8 2 300 1560 390 58500
176400.0 16452 9.513738424602E10 5908990.15 3233431 9.36037485601486E12 5908990.15 8 2 300 1568 392 58800
177300.0 16560 9.594452978751E10 5939136.82 3249991 9.45631938580237E12 5939136.82 8 2 300 1576 394 59100
178200.0 16524 9.632473851597E10 5969283.49 3266515 9.55264412431835E12 5969283.49 8 2 300 1584 396 59400
179100.0 16452 9.659726978942E10 5999430.15 3282967 9.64924139410777E12 5999430.15 8 2 300 1592 398 59700
180000.0 16452 9.708389424107E10 6029576.82 3299419 9.74632528834884E12 6029576.82 8 2 300 1600 400 60000
180900.0 16560 9.789755147164E10 6059723.48 3315979 9.84422283982048E12 6059723.48 8 2 300 1608 402 60300
181800.0 16524 9.827558963102E10 6089870.16 3332503 9.9424984294515E12 6089870.16 8 2 300 1616 404 60600
182700.0 16452 9.854377978442E10 6120016.82 3348955 1.004104220923592E13 6120016.82 8 2 300 1624 406 60900
183600.0 16452 9.903040423607E10 6150163.49 3365407 1.014007261347199E13 6150163.49 8 2 300 1632 408 61200
184500.0 16560 9.985057311971E10 6180310.15 3381967 1.02399231865917E13 6180310.15 8 2 300 1640 410 61500
185400.0 16524 1.0022644074607E11 6210456.83 3398491 1.034014962733777E13 6210456.83 8 2 300 1648 412 61800
186300.0 16453 1.0049028977942E11 6240603.49 3414944 1.044063991711719E13 6240603.49 8 2 300 1656 414 62100
187200.0 16452 1.0097691483879E11 6270750.2 3431396 1.054161683195598E13 6270750.2 8 2 300 1664 416 62400
188100.0 16560 1.0180359893928E11 6300897.28 3447956 1.064342043089526E13 6300897.28 8 2 300 1672 418 62700
189000.0 16524 1.0217729982056E11 6331044.06 3464480 1.074559773071582E13 6331044.06 8 2 300 1680 420 63000
189900.0 16452 1.024368090013E11 6361190.73 3480932 1.084803453971712E13 6361190.73 8 2 300 1688 422 63300
190800.0 16452 1.0292343345295E11 6391337.39 3497384 1.095095797317006E13 6391337.39 8 2 300 1696 424 63600
191700.0 16560 1.037566257456E11 6421484.06 3513944 1.105471459891566E13 6421484.06 8 2 300 1704 426 63900
192600.0 16524 1.0412815222362E11 6451630.73 3530468 1.115884275113928E13 6451630.73 8 2 300 1712 428 64200
193500.0 16452 1.043833189963E11 6481777.4 3546920 1.126322607013558E13 6481777.4 8 2 300 1720 430 64500
194400.0 16452 1.0486994344795E11 6511924.06 3563372 1.136809601358353E13 6511924.06 8 2 300 1728 432 64800
195300.0 16560 1.0570964741167E11 6542070.73 3579932 1.14738056609952E13 6542070.73 8 2 300 1736 434 65100
196200.0 16524 1.0607900333867E11 6572217.4 3596456 1.157988466433387E13 6572217.4 8 2 300 1744 436 65400
197100.0 16452 1.063298289913E11 6602364.07 3612908 1.168621449332517E13 6602364.07 8 2 300 1752 438 65700
198000.0 16452 1.0681645344295E11 6632510.73 3629360 1.179303094676811E13 6632510.73 8 2 300 1760 440 66000
198900.0 16560 1.0766266909574E11 6662657.4 3645920 1.190069361586386E13 6662657.4 8 2 300 1768 442 66300
199800.0 16524 1.0802985445372E11 6692804.07 3662444 1.200872347031758E13 6692804.07 8 2 300 1776 444 66600
200700.0 16452 1.082763389863E11 6722950.73 3678896 1.211699980930388E13 6722950.73 8 2 300 1784 446 66900
201600.0 16452 1.0876296343795E11 6753097.4 3695348 1.222576277274182E13 6753097.4 8 2 300 1792 448 67200
202500.0 16560 1.0961569077982E11 6783244.06 3711908 1.233537846352164E13 6783244.06 8 2 300 1800 450 67500
203400.0 16524 1.0998070556877E11 6813390.74 3728432 1.24453591690904E13 6813390.74 8 2 300 1808 452 67800
204300.0 16452 1.102228489813E11 6843537.4 3744884 1.25555820180717E13 6843537.4 8 2 300 1816 454 68100
205200.0 16452 1.1070947343295E11 6873684.07 3761336 1.266629149150465E13 6873684.07 8 2 300 1824 456 68400
206100.0 16560 1.1156871242789E11 6903830.73 3777896 1.277786020393254E13 6903830.73 8 2 300 1832 458 68700
207000.0 16524 1.1193155668371E11 6933977.41 3794420 1.288979176061625E13 6933977.41 8 2 300 1840 460 69000
207900.0 16452 1.1216935897619E11 6964124.07 3810872 1.300196111959244E13 6964124.07 8 2 300 1848 462 69300
208800.0 16452 1.1265598342784E11 6994270.73 3827324 1.311461710302028E13 6994270.73 8 2 300 1856 464 69600
209700.0 16560 1.1352173412985E11 7024417.4 3843884 1.322813883715013E13 7024417.4 8 2 300 1864 466 69900
210600.0 16524 1.1388240779854E11 7054564.07 3860408 1.334202124494868E13 7054564.07 8 2 300 1872 468 70200
211500.0 16452 1.1411586897098E11 7084710.74 3876860 1.345613711391965E13 7084710.74 8 2 300 1880 470 70500
212400.0 16452 1.1460249342262E11 7114857.4 3893312 1.357073960734228E13 7114857.4 8 2 300 1888 472 70800
213300.0 16560 1.1547475577771E11 7145004.07 3909872 1.368621436311998E13 7145004.07 8 2 300 1896 474 71100
214200.0 16524 1.1583325891337E11 7175150.74 3926396 1.380204762203336E13 7175150.74 8 2 300 1904 476 71400
215100.0 16452 1.1606237896576E11 7205297.41 3942848 1.391811000099912E13 7205297.41 8 2 300 1912 478 71700
216000.0 16452 1.1654900341741E11 7235444.07 3959300 1.403465900441653E13 7235444.07 8 2 300 1920 480 72000
216900.0 16560 1.1742777747956E11 7265590.74 3975860 1.415208678189609E13 7265590.74 8 2 300 1928 482 72300
217800.0 16524 1.1778411002821E11 7295737.41 3992384 1.426987089192429E13 7295737.41 8 2 300 1936 484 72600
218700.0 16452 1.1800889122678E11 7325884.33 4008836 1.438787978315107E13 7325884.33 8 2 300 1944 486 72900
219600.0 16452 1.1849552034835E11 7356031.3 4025288 1.450637530349942E13 7356031.3 8 2 300 1952 488 73200
220500.0 16560 1.193808083874E11 7386177.97 4041848 1.462575611188682E13 7386177.97 8 2 300 1960 490 73500
221400.0 16524 1.1973497038373E11 7416324.65 4058372 1.474549108227055E13 7416324.65 8 2 300 1968 492 73800
222300.0 16452 1.1995540817541E11 7446471.31 4074824 1.486544649044596E13 7446471.31 8 2 300 1976 494 74100
223200.0 16452 1.2044203262706E11 7476617.98 4091276 1.498588852307301E13 7476617.98 8 2 300 1984 496 74400
224100.0 16560 1.213338300712E11 7506764.64 4107836 1.510722235314421E13 7506764.64 8 2 300 1992 498 74700
225000.0 16524 1.2168582149851E11 7536911.32 4124360 1.522890817464272E13 7536911.32 8 2 300 2000 500 75000
225900.0 16452 1.2190191817014E11 7567057.98 4140812 1.535081009281286E13 7567057.98 8 2 300 2008 502 75300
226800.0 16452 1.2238854262179E11 7597204.65 4157264 1.547319863543464E13 7597204.65 8 2 300 2016 504 75600
227700.0 16560 1.23286851737E11 7627351.31 4173824 1.559648548717164E13 7627351.31 8 2 300 2024 506 75900
228600.0 16524 1.2363667261329E11 7657497.98 4190348 1.572012215978493E13 7657497.98 8 2 300 2032 508 76200
229500.0 16452 1.2384842816487E11 7687644.65 4206800 1.58439705879498E13 7687644.65 8 2 300 2040 510 76500
230400.0 16452 1.2433505261652E11 7717791.31 4223252 1.596830564056631E13 7717791.31 8 2 300 2048 512 76800
231300.0 16560 1.252398734208E11 7747937.98 4239812 1.609354551398711E13 7747937.98 8 2 300 2056 514 77100
232200.0 16524 1.2558752372807E11 7778084.65 4256336 1.621913303771518E13 7778084.65 8 2 300 2064 516 77400
233100.0 16452 1.257949381596E11 7808231.32 4272788 1.634492797587478E13 7808231.32 8 2 300 2072 518 77700
234000.0 16452 1.2628156261125E11 7838377.98 4289240 1.647120953848602E13 7838377.98 8 2 300 2080 520 78000
234900.0 16560 1.271928950866E11 7868524.65 4305800 1.659840243357262E13 7868524.65 8 2 300 2088 522 78300
235800.0 16524 1.2753837484284E11 7898671.32 4322324 1.672594080841547E13 7898671.32 8 2 300 2096 524 78600
236700.0 16452 1.2774144815433E11 7928817.99 4338776 1.68536822565698E13 7928817.99 8 2 300 2104 526 78900
237600.0 16452 1.2822807260598E11 7958964.65 4355228 1.698191032917577E13 7958964.65 8 2 300 2112 528 79200
238500.0 16560 1.291459167704E11 7989111.31 4371788 1.711105624594617E13 7989111.31 8 2 300 2120 530 79500
239400.0 16524 1.2948922595762E11 8019257.99 4388312 1.72405454719038E13 8019257.99 8 2 300 2128 532 79800
240300.0 16452 1.2968795814906E11 8049404.65 4404764 1.737023343005285E13 8049404.65 8 2 300 2136 534 80100
241200.0 16452 1.3017458260071E11 8079551.32 4421216 1.750040801265356E13 8079551.32 8 2 300 2144 536 80400
242100.0 16560 1.3109893843621E11 8109697.98 4437776 1.763150695108977E13 8109697.98 8 2 300 2152 538 80700
243000.0 16524 1.314400770724E11 8139844.66 4454300 1.776294702816216E13 8139844.66 8 2 300 2160 540 81000
243900.0 16452 1.3163446814379E11 8169991.32 4470752 1.789458149630595E13 8169991.32 8 2 300 2168 542 81300
244800.0 16452 1.3212109259544E11 8200137.99 4487204 1.802670258890138E13 8200137.99 8 2 300 2176 544 81600
245700.0 16560 1.3305196012001E11 8230284.65 4503764 1.815975454902139E13 8230284.65 8 2 300 2184 546 81900
246600.0 16524 1.3339092818718E11 8260431.32 4520288 1.829314547720857E13 8260431.32 8 2 300 2192 548 82200
247500.0 16452 1.3358097813852E11 8290577.99 4536740 1.842672645534708E13 8290577.99 8 2 300 2200 550 82500
248400.0 16452 1.3406760259017E11 8320724.65 4553192 1.856079405793725E13 8320724.65 8 2 300 2208 552 82800
249300.0 16560 1.3500498233134E11 8350871.37 4569752 1.869579904026859E13 8350871.37 8 2 300 2216 554 83100
250200.0 16524 1.3534178300198E11 8381018.45 4586276 1.883114082327057E13 8381018.45 8 2 300 2224 556 83400
251100.0 16452 1.3552749670792E11 8411165.23 4602728 1.896666831997849E13 8411165.23 8 2 300 2232 558 83700
252000.0 16452 1.360141218105E11 8441311.89 4619180 1.910268244178899E13 8441311.89 8 2 300 2240 560 84000
252900.0 16560 1.3695801271728E11 8471458.56 4635740 1.923964045450627E13 8471458.56 8 2 300 2248 562 84300
253800.0 16524 1.3729263966339E11 8501605.23 4652264 1.937693309416966E13 8501605.23 8 2 300 2256 564 84600
254700.0 16452 1.3747400735429E11 8531751.9 4668716 1.951440710152394E13 8531751.9 8 2 300 2264 566 84900
255600.0 16452 1.3796063180618E11 8561898.56 4685168 1.965236773333013E13 8561898.56 8 2 300 2272 568 85200
256500.0 16561 1.3891103495099E11 8592045.23 4701729 1.979127876828112E13 8592045.23 8 2 300 2280 570 85500
257400.0 16524 1.3924349077911E11 8622191.9 4718253 1.993052225906023E13 8622191.9 8 2 300 2288 572 85800
258300.0 16452 1.3942051734997E11 8652338.57 4734705 2.00699427764102E13 8652338.57 8 2 300 2296 574 86100
259200.0 16452 1.3990714180185E11 8682485.23 4751157 2.020984991821206E13 8682485.23 8 2 300 2304 576 86400
260100.0 16560 1.4086405606878E11 8712631.89 4767717 2.035071397428083E13 8712631.89 8 2 300 2312 578 86700
261000.0 16524 1.4119434189474E11 8742778.57 4784241 2.049190831617557E13 8742778.57 8 2 300 2320 580 87000
261900.0 16452 1.4136702734554E11 8772925.23 4800693 2.06332753435211E13 8772925.23 8 2 300 2328 582 87300
262800.0 16452 1.4185365179742E11 8803071.9 4817145 2.077512899531853E13 8803071.9 8 2 300 2336 584 87600
263700.0 16560 1.4281728950852E11 8833218.56 4833705 2.091794628482705E13 8833218.56 8 2 300 2344 586 87900
264600.0 16524 1.4314519301041E11 8863365.24 4850229 2.106109147783746E13 8863365.24 8 2 300 2352 588 88200
265500.0 16452 1.4331353734116E11 8893511.9 4866681 2.120440501517861E13 8893511.9 8 2 300 2360 590 88500
266400.0 16452 1.4380016179304E11 8923658.57 4883133 2.134820517697166E13 8923658.57 8 2 300 2368 592 88800
267300.0 16560 1.4477009942012E11 8953805.23 4899693 2.149297527639178E13 8953805.23 8 2 300 2376 594 89100
268200.0 16524 1.450960548816E11 8983951.9 4916217 2.163807133127337E13 8983951.9 8 2 300 2384 596 89400
269100.0 16452 1.4526004733694E11 9014098.57 4932669 2.178333137861031E13 9014098.57 8 2 300 2392 598 89700
270000.0 16452 1.4574667178883E11 9044245.23 4949121 2.192907805039914E13 9044245.23 8 2 300 2400 600 90000
270900.0 16560 1.4672333286908E11 9074391.9 4965681 2.207580138326822E13 9074391.9 8 2 300 2408 602 90300
271800.0 16524 1.4704689523307E11 9104538.57 4982205 2.222284827850128E13 9104538.57 8 2 300 2416 604 90600
272700.0 16452 1.4720655733273E11 9134685.24 4998657 2.237005483583401E13 9134685.24 8 2 300 2424 606 90900
273600.0 16452 1.4769318178461E11 9164831.9 5015109 2.251774801761862E13 9164831.9 8 2 300 2432 608 91200
274500.0 16560 1.4867614276283E11 9194978.57 5031669 2.266642416038146E13 9194978.57 8 2 300 2440 610 91500
275400.0 16524 1.4899775711326E11 9225125.24 5048193 2.281542191749472E13 9225125.24 8 2 300 2448 612 91800
276300.0 16452 1.4915306732851E11 9255271.91 5064645 2.296457498482323E13 9255271.91 8 2 300 2456 614 92100
277200.0 16452 1.496396917804E11 9285418.57 5081097 2.311421467660362E13 9285418.57 8 2 300 2464 616 92400
278100.0 16560 1.5062916446569E11 9315565.23 5097657 2.326484384106932E13 9315565.23 8 2 300 2472 618 92700
279000.0 16524 1.5094859746474E11 9345711.91 5114181 2.341579243853405E13 9345711.91 8 2 300 2480 620 93000
279900.0 16458 1.5109957886301E11 9375858.57 5130639 2.356689201739707E13 9375858.57 8 2 300 2488 622 93300
280800.0 16454 1.5158620406429E11 9406005.5 5147093 2.371847822146135E13 9406005.5 8 2 300 2496 624 93600
281700.0 16560 1.525824046493E11 9436152.47 5163653 2.387106062611065E13 9436152.47 8 2 300 2504 626 93900
282600.0 16524 1.5289945782906E11 9466299.15 5180177 2.402396008393971E13 9466299.15 8 2 300 2512 628 94200
283500.0 16452 1.53046096539E11 9496445.81 5196629 2.417700618047872E13 9496445.81 8 2 300 2520 630 94500
284400.0 16452 1.5353272099089E11 9526592.48 5213081 2.43305389014696E13 9526592.48 8 2 300 2528 632 94800
285300.0 16560 1.5453521705818E11 9556739.14 5229641 2.448507411852779E13 9556739.14 8 2 300 2536 634 95100
286200.0 16524 1.548503196913E11 9586885.82 5246165 2.463992443821909E13 9586885.82 8 2 300 2544 636 95400
287100.0 16452 1.5499260653484E11 9617032.48 5262617 2.479491704475394E13 9617032.48 8 2 300 2552 638 95700
288000.0 16452 1.5547923098673E11 9647179.15 5279069 2.495039627574066E13 9647179.15 8 2 300 2560 640 96000
288900.0 16560 1.564884504982E11 9677325.81 5295629 2.510688472623886E13 9677325.81 8 2 300 2568 642 96300
289800.0 16524 1.5680116006089E11 9707472.48 5312153 2.526368588629975E13 9707472.48 8 2 300 2576 644 96600
290700.0 16452 1.5693911653073E11 9737619.15 5328605 2.542062500283048E13 9737619.15 8 2 300 2584 646 96900
291600.0 16452 1.5742574098262E11 9767765.81 5345057 2.55780507438131E13 9767765.81 8 2 300 2592 648 97200
292500.0 16560 1.5844126041006E11 9797912.48 5361617 2.573649200422316E13 9797912.48 8 2 300 2600 650 97500
293400.0 16524 1.5875202193219E11 9828059.15 5378141 2.589524402615535E13 9828059.15 8 2 300 2608 652 97800
294300.0 16452 1.5888562652663E11 9858205.82 5394593 2.605412965268198E13 9858205.82 8 2 300 2616 654 98100
295200.0 16452 1.5937225097851E11 9888352.48 5411045 2.621350190366049E13 9888352.48 8 2 300 2624 656 98400
296100.0 16560 1.6039428207703E11 9918499.15 5427605 2.637389618573752E13 9918499.15 8 2 300 2632 658 98700
297000.0 16524 1.6070286228377E11 9948645.82 5444129 2.653459904802128E13 9948645.82 8 2 300 2640 660 99000
297900.0 16452 1.6083213652252E11 9978792.48 5460581 2.66954311845438E13 9978792.48 8 2 300 2648 662 99300
298800.0 16452 1.613187609744E11 1.000893915E7 5477033 2.685674994551821E13 1.000893915E7 8 2 300 2656 664 99600
299700.0 16560 1.6234730376199E11 1.003908581E7 5493593 2.70190972492802E13 1.003908581E7 8 2 300 2664 666 99900
300600.0 16524 1.6265371340871E11 1.006923249E7 5510117 2.718175096268891E13 1.006923249E7 8 2 300 2672 668 100200
301500.0 16452 1.6277864651841E11 1.009937915E7 5526569 2.734452960920732E13 1.009937915E7 8 2 300 2680 670 100500
302400.0 16452 1.632652709703E11 1.012952582E7 5543021 2.750779488017762E13 1.012952582E7 8 2 300 2688 672 100800
303300.0 16560 1.6430032542E11 1.015967248E7 5559581 2.767209520559762E13 1.015967248E7 8 2 300 2696 674 101100
304200.0 16524 1.6460456451571E11 1.018981916E7 5576105 2.783669977011333E13 1.018981916E7 8 2 300 2704 676 101400
305100.0 16452 1.6472515651436E11 1.021996582E7 5592557 2.800142492662769E13 1.021996582E7 8 2 300 2712 678 101700
306000.0 16452 1.6521178096624E11 1.025011249E7 5609009 2.816663670759393E13 1.025011249E7 8 2 300 2720 680 102000
306900.0 16560 1.6625334711402E11 1.028025915E7 5625569 2.833289005470795E13 1.028025915E7 8 2 300 2728 682 102300
307800.0 16524 1.6655541564076E11 1.031040582E7 5642093 2.849944547034872E13 1.031040582E7 8 2 300 2736 684 102600
308700.0 16452 1.6667166651036E11 1.034055249E7 5658545 2.866611713685907E13 1.034055249E7 8 2 300 2744 686 102900
309600.0 16452 1.6715829096224E11 1.037069915E7 5674997 2.883327542782132E13 1.037069915E7 8 2 300 2752 688 103200
310500.0 16561 1.6820636878988E11 1.040084582E7 5691558 2.90014817966112E13 1.040084582E7 8 2 300 2760 690 103500
311400.0 16524 1.6850626692966E11 1.043099255E7 5708082 2.916998806354086E13 1.043099255E7 8 2 300 2768 692 103800
312300.0 16452 1.6861818099679E11 1.046113962E7 5724534 2.933860624453766E13 1.046113962E7 8 2 300 2776 694 104100
313200.0 16452 1.6910480956162E11 1.049128639E7 5740986 2.950771105409927E13 1.049128639E7 8 2 300 2784 696 104400
314100.0 16560 1.7015939970372E11 1.052143306E7 5757546 2.967787045380299E13 1.052143306E7 8 2 300 2792 698 104700
315000.0 16524 1.7045712711839E11 1.055157973E7 5774070 2.984832758092138E13 1.055157973E7 8 2 300 2800 700 105000
315900.0 16452 1.7056469572731E11 1.05817264E7 5790522 3.001889227664868E13 1.05817264E7 8 2 300 2808 702 105300
316800.0 16452 1.7105132017919E11 1.061187306E7 5806974 3.018994359682788E13 1.061187306E7 8 2 300 2816 704 105600
317700.0 16560 1.7211242139785E11 1.064201973E7 5823534 3.036205601822573E13 1.064201973E7 8 2 300 2824 706 105900
318600.0 16524 1.724079889809E11 1.06721664E7 5840058 3.053446400720662E13 1.06721664E7 8 2 300 2832 708 106200
319500.0 16452 1.7251120572342E11 1.070231306E7 5856510 3.070697521293004E13 1.070231306E7 8 2 300 2840 710 106500
320400.0 16452 1.729978301753E11 1.073245973E7 5872962 3.087997304310534E13 1.073245973E7 8 2 300 2848 712 106800
321300.0 16560 1.7406544305603E11 1.076260639E7 5889522 3.105403848616137E13 1.076260639E7 8 2 300 2856 714 107100
322200.0 16524 1.743588293507E11 1.079275307E7 5906046 3.122839731551208E13 1.079275307E7 8 2 300 2864 716 107400
323100.0 16452 1.7445771571952E11 1.082289973E7 5922498 3.14028550312316E13 1.082289973E7 8 2 300 2872 718 107700
324000.0 16452 1.7494434017141E11 1.08530464E7 5938950 3.157779937140301E13 1.08530464E7 8 2 300 2880 720 108000
324900.0 16560 1.7601846475022E11 1.088319306E7 5955510 3.175381783615323E13 1.088319306E7 8 2 300 2888 722 108300
325800.0 16524 1.7630968045792E11 1.091333974E7 5972034 3.193012751661114E13 1.091333974E7 8 2 300 2896 724 108600
326700.0 16452 1.7640422571569E11 1.09434864E7 5988486 3.210653174232683E13 1.09434864E7 8 2 300 2904 726 108900
327600.0 16452 1.7689085016757E11 1.097363307E7 6004938 3.22834225924944E13 1.097363307E7 8 2 300 2912 728 109200
328500.0 16560 1.7797148639945E11 1.100377973E7 6021498 3.246139407889386E13 1.100377973E7 8 2 300 2920 730 109500
329400.0 16524 1.7826053157413E11 1.10339264E7 6038022 3.263965461046798E13 1.10339264E7 8 2 300 2928 732 109800
330300.0 16452 1.7835073571185E11 1.106407307E7 6054474 3.281800534617983E13 1.106407307E7 8 2 300 2936 734 110100
331200.0 16452 1.7883736016373E11 1.109421973E7 6070926 3.299684270634357E13 1.109421973E7 8 2 300 2944 736 110400
332100.0 16560 1.7992471985797E11 1.11243664E7 6087486 3.317676742620154E13 1.11243664E7 8 2 300 2952 738 110700
333000.0 16524 1.802113934457E11 1.115451307E7 6104010 3.335697881964724E13 1.115451307E7 8 2 300 2960 740 111000
333900.0 16452 1.8029724570801E11 1.118465974E7 6120462 3.353727606535525E13 1.118465974E7 8 2 300 2968 742 111300
334800.0 16452 1.807838701599E11 1.12148064E7 6136914 3.371805993551515E13 1.12148064E7 8 2 300 2976 744 111600
335700.0 16560 1.8187752976993E11 1.124495307E7 6153474 3.389993746528508E13 1.124495307E7 8 2 300 2984 746 111900
336600.0 16524 1.8216223381556E11 1.127509974E7 6169998 3.408209969910063E13 1.127509974E7 8 2 300 2992 748 112200
337500.0 16452 1.8224375570417E11 1.130524641E7 6186450 3.42643434548048E13 1.130524641E7 8 2 300 3000 750 112500
338400.0 16452 1.8273038015606E11 1.133539307E7 6202902 3.444707383496087E13 1.133539307E7 8 2 300 3008 752 112800
339300.0 16560 1.8383055143717E11 1.136553973E7 6219462 3.463090438639804E13 1.136553973E7 8 2 300 3016 754 113100
340200.0 16524 1.8411309566918E11 1.139568641E7 6235986 3.481501748206722E13 1.139568641E7 8 2 300 3024 756 113400
341100.0 16452 1.8419026570039E11 1.142583307E7 6252438 3.499920774776761E13 1.142583307E7 8 2 300 3032 758 113700
342000.0 16452 1.8467689015228E11 1.145597974E7 6268890 3.518388463791989E13 1.145597974E7 8 2 300 3040 760 114000
342900.0 16560 1.8578378721044E11 1.148612667E7 6285450 3.536966842513032E13 1.148612667E7 8 2 300 3048 762 114300
343800.0 16524 1.8606394265854E11 1.151627364E7 6301974 3.555573236778886E13 1.151627364E7 8 2 300 3056 764 114600
344700.0 16452 1.8613678491501E11 1.154642031E7 6318426 3.574186915270388E13 1.154642031E7 8 2 300 3064 766 114900
345600.0 16452 1.866234093669E11 1.157656698E7 6334878 3.592849256207077E13 1.157656698E7 8 2 300 3072 768 115200

