# seed = 1, gamma = 0.25, beta = 0.25, dee = 10.0, dcc = 5.0, dec = 15.0, dsc = 2000.0, dLocalhost = 0.015, hostBroker = CLOUD, numOfCloud = 1, numOfEdge = 1, numOfSmartphone = 75 
#
# The columns have the following meaning: 
# instant[SECONDS] delayCountPartial delaySumPartial[SECONDS] delayMaxPartial[SECONDS] delayCountTot delaySumTot[SECONDS] delayMaxTot[SECONDS] runOnCloudPartial runOnEdgePartial runOnSmartphonePartial runOnCloudTot runOnEdgeTot runOnSmartphoneTot
0.0 0 0.0 0.0 0 0.0 0.0 0 0 0 0 0 0
900.0 16560 6.376980146E7 7901.29 16560 6.376980146E7 7901.29 233 2 75 233 2 75
1800.0 16524 1.8013831514E8 15114.19 33084 2.439081166E8 15114.19 233 2 75 466 4 150
2700.0 16453 2.9626307687E8 22326.6 49537 5.4017119347E8 22326.6 233 2 75 699 6 225
3600.0 16452 4.1265095809E8 29539.0 65989 9.5282215156E8 29539.0 233 2 75 932 8 300
4500.0 16560 5.3108204635E8 36751.4 82549 1.48390419791E9 36751.4 233 2 75 1165 10 375
5400.0 16524 6.4687464485E8 43963.81 99073 2.13077884275E9 43963.81 233 2 75 1398 12 450
6300.0 16452 7.6195335893E8 51176.21 115525 2.89273220169E9 51176.21 233 2 75 1631 14 525
7200.0 16452 8.7834132979E8 58388.61 131977 3.77107353148E9 58388.61 233 2 75 1864 16 600
8100.0 16560 9.9827489896E8 65601.01 148537 4.76934843044E9 65601.01 233 2 75 2097 18 675
9000.0 16532 1.11360095384E9 72813.48 165069 5.88294938428E9 72813.48 233 2 75 2330 20 750
9900.0 16452 1.22764883514E9 80026.38 181521 7.11059821942E9 80026.38 233 2 75 2563 22 825
10800.0 16452 1.34404094953E9 87238.79 197973 8.45463916895E9 87238.79 233 2 75 2796 24 900
11700.0 16560 1.46558784438E9 94451.19 214533 9.92022701332E9 94451.19 233 2 75 3029 26 975
12600.0 16524 1.58034182894E9 101663.6 231057 1.150056884226E10 101663.6 233 2 75 3262 28 1050
13500.0 16452 1.69334335064E9 108876.0 247509 1.31939121929E10 108876.0 233 2 75 3495 30 1125
14400.0 16452 1.8097313215E9 116088.4 263961 1.50036435144E10 116088.4 233 2 75 3728 32 1200
15300.0 16560 1.93278067026E9 123300.8 280521 1.693642418466E10 123300.8 233 2 75 3961 34 1275
16200.0 16525 2.04706761551E9 130513.21 297046 1.898349180017E10 130513.21 233 2 75 4194 36 1350
17100.0 16452 2.15903390233E9 137725.62 313498 2.11425257025E10 137725.62 233 2 75 4427 38 1425
18000.0 16452 2.27542634152E9 144938.57 329950 2.341795204402E10 144938.57 233 2 75 4660 40 1500
18900.0 16560 2.40003821746E9 152150.98 346510 2.581799026148E10 152150.98 233 2 75 4893 42 1575
19800.0 16524 2.51380585044E9 159363.39 363034 2.833179611192E10 159363.39 233 2 75 5126 44 1650
20700.0 16452 2.62473335998E9 166575.79 379486 3.095652947189E10 166575.79 233 2 75 5359 46 1725
21600.0 16452 2.74112133083E9 173788.19 395938 3.369765080272E10 173788.19 233 2 75 5592 48 1800
22500.0 16560 2.86728645924E9 181000.59 412498 3.656493726197E10 181000.59 233 2 75 5825 50 1875
23400.0 16524 2.98053481728E9 188213.0 429022 3.954547207925E10 188213.0 233 2 75 6058 52 1950
24300.0 16452 3.09042373193E9 195425.4 445474 4.263589581117E10 195425.4 233 2 75 6291 54 2025
25200.0 16452 3.20681182319E9 202637.81 461926 4.584270763436E10 202637.81 233 2 75 6524 56 2100
26100.0 16560 3.33459470371E9 209850.76 478486 4.917730233807E10 209850.76 233 2 75 6757 58 2175
27000.0 16524 3.44727306362E9 217063.18 495010 5.262457540169E10 217063.18 233 2 75 6990 60 2250
27900.0 16452 3.55612337171E9 224275.58 511462 5.61806987734E10 224275.58 233 2 75 7223 62 2325
28800.0 16452 3.67251134257E9 231487.98 527914 5.985321011597E10 231487.98 233 2 75 7456 64 2400
29700.0 16560 3.80179227769E9 238700.38 544474 6.365500239366E10 238700.38 233 2 75 7689 66 2475
30600.0 16524 3.91400201295E9 245912.79 560998 6.75690044066E10 245912.79 233 2 75 7922 68 2550
31500.0 16452 4.02181374415E9 253125.19 577450 7.159081815076E10 253125.19 233 2 75 8155 70 2625
32400.0 16452 4.13820171501E9 260337.59 593902 7.572901986576E10 260337.59 233 2 75 8388 72 2700
33300.0 16560 4.26904056781E9 267549.99 610462 7.999806043357E10 267549.99 233 2 75 8621 74 2775
34200.0 16524 4.38073546675E9 274762.96 626986 8.437879590032E10 274762.96 233 2 75 8854 76 2850
35100.0 16452 4.48751338651E9 281975.37 643438 8.886630928682E10 281975.37 233 2 75 9087 78 2925
36000.0 16452 4.60390135736E9 289187.77 659890 9.347021064419E10 289187.77 233 2 75 9320 80 3000
36900.0 16560 4.73629807216E9 296400.17 676450 9.820650871635E10 296400.17 233 2 75 9553 82 3075
37800.0 16524 4.8474692293E9 303612.58 692974 1.0305397794564E11 303612.58 233 2 75 9786 84 3150
38700.0 16452 4.95320375911E9 310824.98 709426 1.0800718170475E11 310824.98 233 2 75 10019 86 3225
39600.0 16452 5.06959172996E9 318037.38 725878 1.1307677343472E11 318037.38 233 2 75 10252 88 3300
40500.0 16560 5.2035463236E9 325249.78 742438 1.1828031975831E11 325249.78 233 2 75 10485 90 3375
41400.0 16533 5.31419905751E9 332462.18 758971 1.2359451881582E11 332462.18 233 2 75 10718 92 3450
42300.0 16452 5.41889867605E9 339675.15 775423 1.2901341749188E11 339675.15 233 2 75 10951 94 3525
43200.0 16452 5.53529137365E9 346887.56 791875 1.3454870886553E11 346887.56 233 2 75 11184 96 3600
44100.0 16560 5.67080386813E9 354099.96 808435 1.4021951273366E11 354099.96 233 2 75 11417 98 3675
45000.0 16524 5.78093643804E9 361312.37 824959 1.4600044917171E11 361312.37 233 2 75 11650 100 3750
45900.0 16452 5.88459377546E9 368524.77 841411 1.5188504294716E11 368524.77 233 2 75 11883 102 3825
46800.0 16452 6.00098174631E9 375737.17 857863 1.5788602469347E11 375737.17 233 2 75 12116 104 3900
47700.0 16560 6.1381075715E9 382949.57 874423 1.6402413226497E11 382949.57 233 2 75 12349 106 3975
48600.0 16524 6.2476653877E9 390161.98 890947 1.7027179765266E11 390161.98 233 2 75 12582 108 4050
49500.0 16453 6.35028414822E9 397374.38 907400 1.7662208180088E11 397374.38 233 2 75 12815 110 4125
50400.0 16452 6.46667666629E9 404587.34 923852 1.8308875846717E11 404587.34 233 2 75 13048 112 4200
51300.0 16560 6.60530968232E9 411799.75 940412 1.8969406814949E11 411799.75 233 2 75 13281 114 4275
52200.0 16524 6.71440364711E9 419012.16 956936 1.964084717966E11 419012.16 233 2 75 13514 116 4350
53100.0 16452 6.81598379207E9 426224.56 973388 2.0322445558867E11 426224.56 233 2 75 13747 118 4425
54000.0 16452 6.93237176292E9 433436.96 989840 2.101568273516E11 433436.96 233 2 75 13980 120 4500
54900.0 16560 7.07255793392E9 440649.36 1006400 2.1722938528552E11 440649.36 233 2 75 14213 122 4575
55800.0 16524 7.18113260571E9 447861.77 1022924 2.2441051789123E11 447861.77 233 2 75 14446 124 4650
56700.0 16452 7.28167416478E9 455074.17 1039376 2.3169219205601E11 455074.17 233 2 75 14679 126 4725
57600.0 16452 7.39806213564E9 462286.56 1055828 2.3909025419164E11 462286.56 233 2 75 14912 128 4800
58500.0 16560 7.53981072897E9 469499.53 1072388 2.4663006492061E11 469499.53 233 2 75 15145 130 4875
59400.0 16524 7.64787085607E9 476711.95 1088912 2.5427793577668E11 476711.95 233 2 75 15378 132 4950
60300.0 16452 7.74737380858E9 483924.35 1105364 2.6202530958527E11 483924.35 233 2 75 15611 134 5025
61200.0 16452 7.86376177945E9 491136.75 1121816 2.6988907136472E11 491136.75 233 2 75 15844 136 5100
62100.0 16560 8.00706373914E9 498349.15 1138376 2.7789613510386E11 498349.15 233 2 75 16077 138 5175
63000.0 16524 8.11459981472E9 505561.56 1154900 2.8601073491858E11 505561.56 233 2 75 16310 140 5250
63900.0 16452 8.21306418135E9 512773.96 1171352 2.9422379909994E11 512773.96 233 2 75 16543 142 5325
64800.0 16452 8.32945215222E9 519986.36 1187804 3.0255325125216E11 519986.36 233 2 75 16776 144 5400
65700.0 16560 8.47436743362E9 527198.75 1204364 3.1102761868578E11 527198.75 233 2 75 17009 146 5475
66600.0 16524 8.58133328393E9 534411.73 1220888 3.1960895196971E11 534411.73 233 2 75 17242 148 5550
67500.0 16453 8.6787638252E9 541624.14 1237341 3.2828771579491E11 541624.14 233 2 75 17475 150 5625
68400.0 16452 8.79515179607E9 548836.54 1253793 3.3708286759097E11 548836.54 233 2 75 17708 152 5700
69300.0 16560 8.94156953544E9 556048.94 1270353 3.4602443712641E11 556048.94 233 2 75 17941 154 5775
70200.0 16524 9.04806701479E9 563261.35 1286877 3.550725041412E11 563261.35 233 2 75 18174 156 5850
71100.0 16452 9.14445419797E9 570473.75 1303329 3.6421695833917E11 570473.75 233 2 75 18407 158 5925
72000.0 16452 9.26084216884E9 577686.15 1319781 3.73477800508E11 577686.15 233 2 75 18640 160 6000
72900.0 16560 9.40881779604E9 584898.54 1336341 3.8288661830404E11 584898.54 233 2 75 18873 162 6075
73800.0 16532 9.51479670311E9 592110.95 1352873 3.9240141500716E11 592110.95 233 2 75 19106 164 6150
74700.0 16452 9.61014911507E9 599323.92 1369325 4.0201156412223E11 599323.92 233 2 75 19339 166 6225
75600.0 16452 9.72654181268E9 606536.33 1385777 4.1173810593491E11 606536.33 233 2 75 19572 168 6300
76500.0 16560 9.87613078361E9 613748.73 1402337 4.2161423671852E11 613748.73 233 2 75 19805 170 6375
77400.0 16524 9.98153423286E9 620961.14 1418861 4.3159577095137E11 620961.14 233 2 75 20038 172 6450
78300.0 16452 1.007584421458E10 628173.54 1435313 4.4167161516595E11 628173.54 233 2 75 20271 174 6525
79200.0 16452 1.019223218545E10 635385.94 1451765 4.518638473514E11 635385.94 233 2 75 20504 176 6600
80100.0 16560 1.034332359234E10 642598.34 1468325 4.6220717094374E11 642598.34 233 2 75 20737 178 6675
81000.0 16524 1.044826636279E10 649810.74 1484849 4.7265543730653E11 649810.74 233 2 75 20970 180 6750
81900.0 16453 1.054153471607E10 657023.14 1501302 4.831969720226E11 657023.14 233 2 75 21203 182 6825
82800.0 16452 1.065792710537E10 664236.11 1517754 4.9385489912797E11 664236.11 233 2 75 21436 184 6900
83700.0 16560 1.081063659785E10 671448.52 1534314 5.0466553572582E11 671448.52 233 2 75 21669 186 6975
84600.0 16524 1.091500144187E10 678660.93 1550838 5.1558053716769E11 678660.93 233 2 75 21902 188 7050
85500.0 16452 1.100723423109E10 685873.33 1567290 5.2658777139878E11 685873.33 233 2 75 22135 190 7125
86400.0 16452 1.112362220195E10 693085.73 1583742 5.3771139360074E11 693085.73 233 2 75 22368 192 7200
87300.0 16560 1.127782938852E10 700298.13 1600302 5.4898922298926E11 700298.13 233 2 75 22601 194 7275
88200.0 16524 1.138173356275E10 707510.54 1616826 5.6037095655201E11 707510.54 233 2 75 22834 196 7350
89100.0 16452 1.14729246038E10 714722.94 1633278 5.7184388115582E11 714722.94 233 2 75 23067 198 7425
90000.0 16452 1.158931257467E10 721935.33 1649730 5.8343319373049E11 721935.33 233 2 75 23300 200 7500
90900.0 16560 1.17451376351E10 729148.3 1666290 5.9517833136558E11 729148.3 233 2 75 23533 202 7575
91800.0 16524 1.184846864189E10 736360.72 1682814 6.0702680000747E11 736360.72 233 2 75 23766 204 7650
92700.0 16452 1.193862424765E10 743573.12 1699266 6.1896542425512E11 743573.12 233 2 75 23999 206 7725
93600.0 16452 1.205501221851E10 750785.52 1715718 6.3102043647363E11 750785.52 233 2 75 24232 208 7800
94500.0 16560 1.221233520276E10 757997.92 1732278 6.432327716764E11 757997.92 233 2 75 24465 210 7875
95400.0 16524 1.231520077182E10 765210.33 1748802 6.5554797244822E11 765210.33 233 2 75 24698 212 7950
96300.0 16452 1.240431462042E10 772422.73 1765254 6.6795228706863E11 772422.73 233 2 75 24931 214 8025
97200.0 16452 1.252070259128E10 779635.12 1781706 6.8047298965992E11 779635.12 233 2 75 25164 216 8100
98100.0 16560 1.267958345437E10 786847.52 1798266 6.9315257311429E11 786847.52 233 2 75 25397 218 8175
99000.0 16524 1.278193106975E10 794060.5 1814790 7.0593450418404E11 794060.5 233 2 75 25630 220 8250
99900.0 16452 1.287001426426E10 801272.91 1831242 7.188045184483E11 801272.91 233 2 75 25863 222 8325
100800.0 16452 1.298640223513E10 808485.31 1847694 7.3179092068343E11 808485.31 233 2 75 26096 224 8400
101700.0 16560 1.314684100806E10 815697.71 1864254 7.4493776169149E11 815697.71 233 2 75 26329 226 8475
102600.0 16524 1.324866481861E10 822910.12 1880778 7.581864265101E11 822910.12 233 2 75 26562 228 8550
103500.0 16452 1.333570463703E10 830122.52 1897230 7.7152213114713E11 830122.52 233 2 75 26795 230 8625
104400.0 16452 1.34520926079E10 837334.92 1913682 7.8497422375503E11 837334.92 233 2 75 27028 232 8700
105300.0 16560 1.361408926866E10 844547.31 1930242 7.9858831302369E11 844547.31 233 2 75 27261 234 8775
106200.0 16533 1.371539422006E10 851759.72 1946775 8.1230370724375E11 851759.72 233 2 75 27494 236 8850
107100.0 16452 1.380139955414E10 858972.69 1963227 8.2610510679788E11 858972.69 233 2 75 27727 238 8925
108000.0 16452 1.391779225174E10 866185.1 1979679 8.4002289904963E11 866185.1 233 2 75 27960 240 9000
108900.0 16560 1.408134681336E10 873397.5 1996239 8.5410424586298E11 873397.5 233 2 75 28193 242 9075
109800.0 16524 1.418213202774E10 880609.91 2012763 8.6828637789072E11 880609.91 233 2 75 28426 244 9150
110700.0 16452 1.426709465375E10 887822.31 2029215 8.8255347254447E11 887822.31 233 2 75 28659 246 9225
111600.0 16452 1.438348262462E10 895034.71 2045667 8.9693695516909E11 895034.71 233 2 75 28892 248 9300
112500.0 16560 1.454859507407E10 902247.1 2062227 9.1148555024316E11 902247.1 233 2 75 29125 250 9375
113400.0 16524 1.46488609775E10 909459.51 2078751 9.2613441122066E11 909459.51 233 2 75 29358 252 9450
114300.0 16453 1.473278510529E10 916671.91 2095204 9.4086719632595E11 916671.91 233 2 75 29591 254 9525
115200.0 16452 1.484917754471E10 923884.88 2111656 9.5571637387065E11 923884.88 233 2 75 29824 256 9600
116100.0 16560 1.501585260987E10 931097.29 2128216 9.7073222648052E11 931097.29 233 2 75 30057 258 9675
117000.0 16524 1.511559923702E10 938309.7 2144740 9.8584782571754E11 938309.7 233 2 75 30290 260 9750
117900.0 16452 1.519848467058E10 945522.1 2161192 1.00104631038812E12 945522.1 233 2 75 30523 262 9825
118800.0 16452 1.531487264145E10 952734.5 2177644 1.01636118302957E12 952734.5 233 2 75 30756 264 9900
119700.0 16560 1.548310088858E10 959946.9 2194204 1.03184428391815E12 959946.9 233 2 75 30989 266 9975
120600.0 16524 1.558232818679E10 967159.3 2210728 1.04742661210494E12 967159.3 233 2 75 31222 268 10050
121500.0 16452 1.566417504346E10 974371.7 2227180 1.0630907871484E12 974371.7 233 2 75 31455 270 10125
122400.0 16452 1.578056301433E10 981584.1 2243632 1.07887135016273E12 981584.1 233 2 75 31688 272 10200
123300.0 16560 1.595035366579E10 988797.07 2260192 1.09482170382852E12 988797.07 233 2 75 31921 274 10275
124200.0 16524 1.604906644631E10 996009.49 2276716 1.11087077027483E12 996009.49 233 2 75 32154 276 10350
125100.0 16452 1.612987468741E10 1003221.89 2293168 1.12700064496224E12 1003221.89 233 2 75 32387 278 10425
126000.0 16452 1.624626265828E10 1010434.29 2309620 1.14324690762053E12 1010434.29 233 2 75 32620 280 10500
126900.0 16560 1.64176066851E10 1017646.69 2326180 1.15966451430562E12 1017646.69 233 2 75 32853 282 10575
127800.0 16524 1.651579540508E10 1024859.1 2342704 1.1761803097107E12 1024859.1 233 2 75 33086 284 10650
128700.0 16452 1.659556506029E10 1032071.5 2359156 1.19277587477099E12 1032071.5 233 2 75 33319 286 10725
129600.0 16452 1.671195303116E10 1039283.89 2375608 1.20948782780216E12 1039283.89 233 2 75 33552 288 10800
130500.0 16560 1.688485494581E10 1046496.29 2392168 1.22637268274797E12 1046496.29 233 2 75 33785 290 10875
131400.0 16524 1.698252886539E10 1053709.27 2408692 1.24335521161336E12 1053709.27 233 2 75 34018 292 10950
132300.0 16453 1.706126470425E10 1060921.68 2425145 1.26041647631761E12 1060921.68 233 2 75 34251 294 11025
133200.0 16452 1.717765267512E10 1068134.08 2441597 1.27759412899273E12 1068134.08 233 2 75 34484 296 11100
134100.0 16560 1.735211249061E10 1075346.48 2458157 1.29494624148334E12 1075346.48 233 2 75 34717 298 11175
135000.0 16524 1.744926261436E10 1082558.89 2474681 1.3123955040977E12 1082558.89 233 2 75 34950 300 11250
135900.0 16452 1.752695507713E10 1089771.29 2491133 1.32992245917483E12 1089771.29 233 2 75 35183 302 11325
136800.0 16452 1.7643343048E10 1096983.68 2507585 1.34756580222283E12 1096983.68 233 2 75 35416 304 11400
137700.0 16560 1.781936073333E10 1104196.08 2524145 1.36538516295615E12 1104196.08 233 2 75 35649 306 11475
138600.0 16532 1.791599156414E10 1111408.49 2540677 1.38330115452029E12 1111408.49 233 2 75 35882 308 11550
139500.0 16452 1.799264999434E10 1118621.46 2557129 1.40129380451463E12 1118621.46 233 2 75 36115 310 11625
140400.0 16452 1.810904269195E10 1125833.87 2573581 1.41940284720658E12 1125833.87 233 2 75 36348 312 11700
141300.0 16560 1.828661829613E10 1133046.27 2590141 1.43768946550271E12 1133046.27 233 2 75 36581 314 11775
142200.0 16524 1.838272982365E10 1140258.68 2606665 1.45607219532636E12 1140258.68 233 2 75 36814 316 11850
143100.0 16452 1.845834509396E10 1147471.08 2623117 1.47453054042032E12 1147471.08 233 2 75 37047 318 11925
144000.0 16452 1.857473306483E10 1154683.48 2639569 1.49310527348515E12 1154683.48 233 2 75 37280 320 12000
144900.0 16560 1.875386654784E10 1161895.87 2656129 1.51185914003299E12 1161895.87 233 2 75 37513 322 12075
145800.0 16524 1.884945877342E10 1169108.28 2672653 1.53070859880642E12 1169108.28 233 2 75 37746 324 12150
146700.0 16453 1.892403549589E10 1176320.68 2689106 1.54963263430231E12 1176320.68 233 2 75 37979 326 12225
147600.0 16452 1.904042798492E10 1183533.65 2705558 1.56867306228722E12 1183533.65 233 2 75 38212 328 12300
148500.0 16560 1.922112410164E10 1190746.06 2722118 1.58789418638887E12 1190746.06 233 2 75 38445 330 12375
149400.0 16524 1.931619703294E10 1197958.47 2738642 1.60721038342181E12 1197958.47 233 2 75 38678 332 12450
150300.0 16452 1.93897351108E10 1205170.87 2755094 1.6266001185326E12 1205170.87 233 2 75 38911 334 12525
151200.0 16452 1.950612308166E10 1212383.27 2771546 1.64610624161427E12 1212383.27 233 2 75 39144 336 12600
152100.0 16560 1.968837234436E10 1219595.67 2788106 1.66579461395862E12 1219595.67 233 2 75 39377 338 12675
153000.0 16524 1.978292598277E10 1226808.07 2804630 1.68557753994139E12 1226808.07 233 2 75 39610 340 12750
153900.0 16452 1.985542548373E10 1234020.47 2821082 1.70543296542512E12 1234020.47 233 2 75 39843 342 12825
154800.0 16452 1.99718134546E10 1241232.87 2837534 1.72540477887972E12 1241232.87 233 2 75 40076 344 12900
155700.0 16560 2.015562514862E10 1248445.84 2854094 1.74556040402834E12 1248445.84 233 2 75 40309 346 12975
156600.0 16524 2.024966424234E10 1255658.26 2870618 1.76581006827068E12 1255658.26 233 2 75 40542 348 13050
157500.0 16452 2.032112512768E10 1262870.66 2887070 1.78613119339836E12 1262870.66 233 2 75 40775 350 13125
158400.0 16452 2.043751309855E10 1270083.06 2903522 1.80656870649691E12 1270083.06 233 2 75 41008 352 13200
159300.0 16560 2.06229335928E10 1277295.46 2920082 1.82719164008971E12 1277295.46 233 2 75 41241 354 13275
160200.0 16524 2.071639319211E10 1284507.86 2936606 1.84790803328182E12 1284507.86 233 2 75 41474 356 13350
161100.0 16452 2.078681550056E10 1291720.26 2953058 1.86869484878238E12 1291720.26 233 2 75 41707 358 13425
162000.0 16452 2.090320347143E10 1298932.66 2969510 1.88959805225382E12 1298932.66 233 2 75 41940 360 13500
162900.0 16560 2.109012640164E10 1306145.06 2986070 1.91068817865546E12 1306145.06 233 2 75 42173 362 13575
163800.0 16524 2.118312985081E10 1313358.04 3002594 1.93187130850627E12 1313358.04 233 2 75 42406 364 13650
164700.0 16453 2.125251514441E10 1320570.45 3019047 1.95312382365068E12 1320570.45 233 2 75 42639 366 13725
165600.0 16452 2.136890311528E10 1327782.85 3035499 1.97449272676596E12 1327782.85 233 2 75 42872 368 13800
166500.0 16560 2.155743939821E10 1334995.25 3052059 1.99605016616417E12 1334995.25 233 2 75 43105 370 13875
167400.0 16524 2.164986041018E10 1342207.66 3068583 2.01770002657435E12 1342207.66 233 2 75 43338 372 13950
168300.0 16452 2.171820551718E10 1349420.06 3085035 2.03941823209153E12 1349420.06 233 2 75 43571 374 14025
169200.0 16452 2.183459348805E10 1356632.45 3101487 2.06125282557958E12 1356632.45 233 2 75 43804 376 14100
170100.0 16560 2.202463220694E10 1363844.85 3118047 2.08327745778652E12 1363844.85 233 2 75 44037 378 14175
171000.0 16532 2.211659254012E10 1371057.26 3134579 2.10539405032664E12 1371057.26 233 2 75 44270 380 14250
171900.0 16452 2.218390043429E10 1378270.23 3151031 2.12757795076092E12 1378270.23 233 2 75 44503 382 14325
172800.0 16452 2.230029313189E10 1385482.64 3167483 2.14987824389282E12 1385482.64 233 2 75 44736 384 14400
173700.0 16560 2.249188976063E10 1392695.04 3184043 2.17237013365345E12 1392695.04 233 2 75 44969 386 14475
174600.0 16524 2.258332761925E10 1399907.45 3200567 2.1949534612727E12 1399907.45 233 2 75 45202 388 14550
175500.0 16452 2.26495955338E10 1407119.85 3217019 2.2176030568065E12 1407119.85 233 2 75 45435 390 14625
176400.0 16452 2.276598350467E10 1414332.24 3233471 2.24036904031117E12 1414332.24 233 2 75 45668 392 14700
177300.0 16560 2.295913802124E10 1421544.64 3250031 2.2633281783324E12 1421544.64 233 2 75 45901 394 14775
178200.0 16524 2.305005657791E10 1428757.05 3266555 2.28637823491032E12 1428757.05 233 2 75 46134 396 14850
179100.0 16453 2.311528590657E10 1435969.45 3283008 2.30949352081689E12 1435969.45 233 2 75 46367 398 14925
180000.0 16452 2.323167842464E10 1443182.42 3299460 2.33272519924153E12 1443182.42 233 2 75 46600 400 15000
180900.0 16560 2.342639558393E10 1450394.83 3316020 2.35615159482546E12 1450394.83 233 2 75 46833 402 15075
181800.0 16524 2.351679482827E10 1457607.24 3332544 2.37966838965373E12 1457607.24 233 2 75 47066 404 15150
182700.0 16452 2.358098555036E10 1464819.64 3348996 2.40324937520409E12 1464819.64 233 2 75 47299 406 15225
183600.0 16452 2.369737352123E10 1472032.04 3365448 2.42694674872532E12 1472032.04 233 2 75 47532 408 15300
184500.0 16560 2.389364380848E10 1479244.43 3382008 2.45084039253381E12 1479244.43 233 2 75 47765 410 15375
185400.0 16524 2.398352378688E10 1486456.84 3398532 2.47482391632068E12 1486456.84 233 2 75 47998 412 15450
186300.0 16452 2.404667592308E10 1493669.24 3414984 2.49887059224376E12 1493669.24 233 2 75 48231 414 15525
187200.0 16452 2.416306389395E10 1500881.64 3431436 2.52303365613771E12 1500881.64 233 2 75 48464 416 15600
188100.0 16560 2.436089663053E10 1508094.61 3447996 2.54739455276824E12 1508094.61 233 2 75 48697 418 15675
189000.0 16524 2.445026203723E10 1515307.03 3464520 2.57184481480548E12 1515307.03 233 2 75 48930 420 15750
189900.0 16452 2.451237556687E10 1522519.43 3480972 2.59635719037234E12 1522519.43 233 2 75 49163 422 15825
190800.0 16452 2.462876353774E10 1529731.83 3497424 2.62098595391008E12 1529731.83 233 2 75 49396 424 15900
191700.0 16560 2.482814963167E10 1536944.23 3513984 2.64581410354176E12 1536944.23 233 2 75 49629 426 15975
192600.0 16524 2.491699099584E10 1544156.63 3530508 2.6707310945376E12 1544156.63 233 2 75 49862 428 16050
193500.0 16452 2.497806593959E10 1551369.03 3546960 2.69570916047718E12 1551369.03 233 2 75 50095 430 16125
194400.0 16452 2.509445391046E10 1558581.43 3563412 2.72080361438764E12 1558581.43 233 2 75 50328 432 16200
195300.0 16560 2.529539787422E10 1565793.83 3579972 2.74609901226187E12 1565793.83 233 2 75 50561 434 16275
196200.0 16524 2.5383724465E10 1573006.81 3596496 2.77148273672686E12 1573006.81 233 2 75 50794 436 16350
197100.0 16453 2.544376558338E10 1580219.22 3612949 2.79692650231024E12 1580219.22 233 2 75 51027 438 16425
198000.0 16452 2.556015355425E10 1587431.62 3629401 2.82248665586449E12 1587431.62 233 2 75 51260 440 16500
198900.0 16560 2.576265543686E10 1594644.02 3645961 2.84824931130135E12 1594644.02 233 2 75 51493 442 16575
199800.0 16524 2.58504582048E10 1601856.42 3662485 2.87409976950615E12 1601856.42 233 2 75 51726 444 16650
200700.0 16452 2.59094559561E10 1609068.82 3678937 2.90000922546225E12 1609068.82 233 2 75 51959 446 16725
201600.0 16452 2.602584392697E10 1616281.22 3695389 2.92603506938922E12 1616281.22 233 2 75 52192 448 16800
202500.0 16560 2.622990369741E10 1623493.62 3711949 2.95226497308663E12 1623493.62 233 2 75 52425 450 16875
203400.0 16532 2.631718716341E10 1630706.03 3728481 2.97858216025004E12 1630706.03 233 2 75 52658 452 16950
204300.0 16452 2.637515087315E10 1637919.0 3744933 3.00495731112319E12 1637919.0 233 2 75 52891 454 17025
205200.0 16452 2.649154357076E10 1645131.41 3761385 3.03144885469395E12 1645131.41 233 2 75 53124 456 17100
206100.0 16560 2.669716122405E10 1652343.81 3777945 3.058146015918E12 1652343.81 233 2 75 53357 458 17175
207000.0 16524 2.678392541366E10 1659556.22 3794469 3.08492994133166E12 1659556.22 233 2 75 53590 460 17250
207900.0 16452 2.68408459725E10 1666768.62 3810921 3.11177078730416E12 1666768.62 233 2 75 53823 462 17325
208800.0 16452 2.695723394337E10 1673981.01 3827373 3.13872802124753E12 1673981.01 233 2 75 54056 464 17400
209700.0 16560 2.71644095025E10 1681193.41 3843933 3.16589243075003E12 1681193.41 233 2 75 54289 466 17475
210600.0 16524 2.725065437205E10 1688405.82 3860457 3.19314308512208E12 1688405.82 233 2 75 54522 468 17550
211500.0 16453 2.7306536345E10 1695618.22 3876910 3.22044962146708E12 1695618.22 233 2 75 54755 470 17625
212400.0 16452 2.742292886307E10 1702831.19 3893362 3.24787255033015E12 1702831.19 233 2 75 54988 472 17700
213300.0 16560 2.763166702892E10 1710043.6 3909922 3.27550421735907E12 1710043.6 233 2 75 55221 474 17775
214200.0 16524 2.771739262219E10 1717256.01 3926446 3.30322160998126E12 1717256.01 233 2 75 55454 476 17850
215100.0 16452 2.777223598857E10 1724468.41 3942898 3.33099384596983E12 1724468.41 233 2 75 55687 478 17925
216000.0 16452 2.788862395944E10 1731680.8 3959350 3.35888246992928E12 1731680.8 233 2 75 55920 480 18000
216900.0 16560 2.809891530725E10 1738893.2 3975910 3.38698138523653E12 1738893.2 233 2 75 56153 482 18075
217800.0 16524 2.818412158058E10 1746105.61 3992434 3.41516550681711E12 1746105.61 233 2 75 56386 484 18150
218700.0 16452 2.823792636108E10 1753318.01 4008886 3.44340343317819E12 1753318.01 233 2 75 56619 486 18225
219600.0 16452 2.835431433195E10 1760530.41 4025338 3.47175774751013E12 1760530.41 233 2 75 56852 488 18300
220500.0 16560 2.856616808408E10 1767743.38 4041898 3.50032391559422E12 1767743.38 233 2 75 57085 490 18375
221400.0 16524 2.865085983072E10 1774955.8 4058422 3.52897477542494E12 1774955.8 233 2 75 57318 492 18450
222300.0 16452 2.87036260046E10 1782168.2 4074874 3.55767840142953E12 1782168.2 233 2 75 57551 494 18525
223200.0 16452 2.882001397547E10 1789380.6 4091326 3.586498415405E12 1789380.6 233 2 75 57784 496 18600
224100.0 16560 2.903342110295E10 1796592.99 4107886 3.61553183650795E12 1796592.99 233 2 75 58017 498 18675
225000.0 16524 2.911758878906E10 1803805.4 4124410 3.64464942529701E12 1803805.4 233 2 75 58250 500 18750
225900.0 16452 2.916931637705E10 1811017.8 4140862 3.67381874167406E12 1811017.8 233 2 75 58483 502 18825
226800.0 16452 2.928570434791E10 1818230.2 4157314 3.70310444602197E12 1818230.2 233 2 75 58716 504 18900
227700.0 16560 2.950066934523E10 1825442.6 4173874 3.7326051153672E12 1825442.6 233 2 75 58949 506 18975
228600.0 16524 2.958432225794E10 1832655.58 4190398 3.76218943762514E12 1832655.58 233 2 75 59182 508 19050
229500.0 16452 2.963501602057E10 1839867.99 4206850 3.79182445364571E12 1839867.99 233 2 75 59415 510 19125
230400.0 16452 2.975140399143E10 1847080.39 4223302 3.82157585763714E12 1847080.39 233 2 75 59648 512 19200
231300.0 16560 2.99679269076E10 1854292.78 4239862 3.85154378454475E12 1854292.78 233 2 75 59881 514 19275
232200.0 16524 3.005105599748E10 1861505.19 4256386 3.88159484054222E12 1861505.19 233 2 75 60114 516 19350
233100.0 16452 3.010070639301E10 1868717.59 4272838 3.91169554693524E12 1868717.59 233 2 75 60347 518 19425
234000.0 16452 3.021709436388E10 1875929.99 4289290 3.94191264129912E12 1875929.99 233 2 75 60580 520 19500
234900.0 16560 3.043517514988E10 1883142.39 4305850 3.972347816449E12 1883142.39 233 2 75 60813 522 19575
235800.0 16533 3.051778495581E10 1890354.8 4322383 4.00286560140482E12 1890354.8 233 2 75 61046 524 19650
236700.0 16452 3.05664013098E10 1897567.77 4338835 4.03343200271461E12 1897567.77 233 2 75 61279 526 19725
237600.0 16452 3.06827940074E10 1904780.18 4355287 4.06411479672202E12 1904780.18 233 2 75 61512 528 19800
238500.0 16560 3.090243271225E10 1911992.58 4371847 4.09501722943426E12 1911992.58 233 2 75 61745 530 19875
239400.0 16524 3.098452320585E10 1919204.98 4388371 4.12600175264012E12 1919204.98 233 2 75 61978 532 19950
240300.0 16452 3.103209640887E10 1926417.38 4404823 4.15703384904899E12 1926417.38 233 2 75 62211 534 20025
241200.0 16452 3.114848437968E10 1933629.78 4421275 4.18818233342867E12 1933629.78 233 2 75 62444 536 20100
242100.0 16560 3.13696809543E10 1940842.18 4437835 4.21955201438297E12 1940842.18 233 2 75 62677 538 20175
243000.0 16524 3.145125216395E10 1948054.59 4454359 4.25100326654692E12 1948054.59 233 2 75 62910 540 20250
243900.0 16453 3.149778678108E10 1955266.99 4470812 4.282501053328E12 1955266.99 233 2 75 63143 542 20325
244800.0 16452 3.161417929912E10 1962479.96 4487264 4.31411523262712E12 1962479.96 233 2 75 63376 544 20400
245700.0 16560 3.183693851648E10 1969692.37 4503824 4.3459521711436E12 1969692.37 233 2 75 63609 546 20475
246600.0 16524 3.191799041384E10 1976904.77 4520348 4.37787016155745E12 1976904.77 233 2 75 63842 548 20550
247500.0 16452 3.196348642442E10 1984117.17 4536800 4.40983364798186E12 1984117.17 233 2 75 64075 550 20625
248400.0 16452 3.207987439522E10 1991329.57 4553252 4.44191352237709E12 1991329.57 233 2 75 64308 552 20700
249300.0 16560 3.230418676748E10 1998541.97 4569812 4.47421770914456E12 1998541.97 233 2 75 64541 554 20775
250200.0 16524 3.238471937188E10 2005754.38 4586336 4.50660242851645E12 2005754.38 233 2 75 64774 556 20850
251100.0 16452 3.242917679657E10 2012966.78 4602788 4.53903160531302E12 2012966.78 233 2 75 65007 558 20925
252000.0 16452 3.254556476738E10 2020179.18 4619240 4.57157717008039E12 2020179.18 233 2 75 65240 560 21000
252900.0 16560 3.277143955303E10 2027392.15 4635800 4.60434860963342E12 2027392.15 233 2 75 65473 562 21075
253800.0 16524 3.285145762178E10 2034604.57 4652324 4.63720006725521E12 2034604.57 233 2 75 65706 564 21150
254700.0 16452 3.28948764399E10 2041816.97 4668776 4.67009494369511E12 2041816.97 233 2 75 65939 566 21225
255600.0 16452 3.301126441071E10 2049029.36 4685228 4.70310620810582E12 2049029.36 233 2 75 66172 568 21300
256500.0 16560 3.323869257164E10 2056241.76 4701788 4.73634490067746E12 2056241.76 233 2 75 66405 570 21375
257400.0 16524 3.331818657988E10 2063454.17 4718312 4.76966308725734E12 2063454.17 233 2 75 66638 572 21450
258300.0 16452 3.336056681211E10 2070666.57 4734764 4.80302365406944E12 2070666.57 233 2 75 66871 574 21525
259200.0 16452 3.347695478292E10 2077878.97 4751216 4.83650060885236E12 2077878.97 233 2 75 67104 576 21600
260100.0 16560 3.370594081368E10 2085091.37 4767776 4.87020654966604E12 2085091.37 233 2 75 67337 578 21675
261000.0 16524 3.378492004844E10 2092304.35 4784300 4.90399146971448E12 2092304.35 233 2 75 67570 580 21750
261900.0 16453 3.382626645533E10 2099516.76 4800753 4.93781773616982E12 2099516.76 233 2 75 67803 582 21825
262800.0 16452 3.394265442614E10 2106729.15 4817205 4.97176039059596E12 2106729.15 233 2 75 68036 584 21900
263700.0 16560 3.417325381867E10 2113941.55 4833765 5.00593364441463E12 2113941.55 233 2 75 68269 586 21975
264600.0 16524 3.425165378771E10 2121153.96 4850289 5.04018529820234E12 2121153.96 233 2 75 68502 588 22050
265500.0 16452 3.429195682749E10 2128366.36 4866741 5.07447725502983E12 2128366.36 233 2 75 68735 590 22125
266400.0 16452 3.440834479829E10 2135578.76 4883193 5.10888559982812E12 2135578.76 233 2 75 68968 592 22200
267300.0 16560 3.464044661774E10 2142791.16 4899753 5.14352604644586E12 2142791.16 233 2 75 69201 594 22275
268200.0 16532 3.471838592619E10 2150003.57 4916285 5.17824443237204E12 2150003.57 233 2 75 69434 596 22350
269100.0 16452 3.475765174416E10 2157216.54 4932737 5.21300208411621E12 2157216.54 233 2 75 69667 598 22425
270000.0 16452 3.487404444174E10 2164428.95 4949189 5.24787612855794E12 2164428.95 233 2 75 69900 600 22500
270900.0 16560 3.510775963194E10 2171641.34 4965749 5.28298388818988E12 2171641.34 233 2 75 70133 602 22575
271800.0 16524 3.518512098691E10 2178853.75 4982273 5.3181690091768E12 2178853.75 233 2 75 70366 604 22650
272700.0 16452 3.522334684324E10 2186066.15 4998725 5.35339235602004E12 2186066.15 233 2 75 70599 606 22725
273600.0 16452 3.533973481405E10 2193278.55 5015177 5.38873209083409E12 2193278.55 233 2 75 70832 608 22800
274500.0 16560 3.557495241317E10 2200490.95 5031737 5.42430704324727E12 2200490.95 233 2 75 71065 610 22875
275400.0 16524 3.56518531344E10 2207703.36 5048261 5.45995889638166E12 2207703.36 233 2 75 71298 612 22950
276300.0 16453 3.568903721556E10 2214915.76 5064714 5.49564793359722E12 2214915.76 233 2 75 71531 614 23025
277200.0 16452 3.58054297336E10 2222128.73 5081166 5.53145336333082E12 2222128.73 233 2 75 71764 616 23100
278100.0 16560 3.604220999346E10 2229341.13 5097726 5.56749557332428E12 2229341.13 233 2 75 71997 618 23175
279000.0 16524 3.611858819512E10 2236553.54 5114250 5.6036141615194E12 2236553.54 233 2 75 72230 620 23250
279900.0 16452 3.6154736859E10 2243765.94 5130702 5.6397688983784E12 2243765.94 233 2 75 72463 622 23325
280800.0 16452 3.627112482981E10 2250978.34 5147154 5.67604002320821E12 2250978.34 233 2 75 72696 624 23400
281700.0 16560 3.650951366952E10 2258190.74 5163714 5.71254953687773E12 2258190.74 233 2 75 72929 626 23475
282600.0 16524 3.658531716233E10 2265403.15 5180238 5.74913485404006E12 2265403.15 233 2 75 73162 628 23550
283500.0 16452 3.662042723131E10 2272615.55 5196690 5.78575528127138E12 2272615.55 233 2 75 73395 630 23625
284400.0 16452 3.673681520212E10 2279827.95 5213142 5.8224920964735E12 2279827.95 233 2 75 73628 632 23700
285300.0 16560 3.697671103032E10 2287040.92 5229702 5.85946880750382E12 2287040.92 233 2 75 73861 634 23775
286200.0 16524 3.705205858366E10 2294253.33 5246226 5.89652086608748E12 2294253.33 233 2 75 74094 636 23850
287100.0 16452 3.708612687481E10 2301465.73 5262678 5.9336069929623E12 2301465.73 233 2 75 74327 638 23925
288000.0 16452 3.720251484562E10 2308678.13 5279130 5.97080950780792E12 2308678.13 233 2 75 74560 640 24000
288900.0 16560 3.744401949201E10 2315890.53 5295690 6.00825352729993E12 2315890.53 233 2 75 74793 642 24075
289800.0 16524 3.75187843707E10 2323102.94 5312214 6.04577231167062E12 2323102.94 233 2 75 75026 644 24150
290700.0 16452 3.755181724723E10 2330315.34 5328666 6.08332412891786E12 2330315.34 233 2 75 75259 646 24225
291600.0 16452 3.766820521804E10 2337527.74 5345118 6.1209923341359E12 2337527.74 233 2 75 75492 648 24300
292500.0 16560 3.791121229135E10 2344740.14 5361678 6.15890354642725E12 2344740.14 233 2 75 75725 650 24375
293400.0 16524 3.798552102008E10 2351953.12 5378202 6.19688906744733E12 2351953.12 233 2 75 75958 652 24450
294300.0 16453 3.801751689078E10 2359165.53 5394655 6.23490658433811E12 2359165.53 233 2 75 76191 654 24525
295200.0 16452 3.813390486159E10 2366377.92 5411107 6.27304048919971E12 2366377.92 233 2 75 76424 656 24600
296100.0 16560 3.837846983575E10 2373590.32 5427667 6.31141895903546E12 2373590.32 233 2 75 76657 658 24675
297000.0 16524 3.845225157012E10 2380802.73 5444191 6.34987121060558E12 2380802.73 233 2 75 76890 660 24750
297900.0 16452 3.848320726321E10 2388015.13 5460643 6.38835441786878E12 2388015.13 233 2 75 77123 662 24825
298800.0 16452 3.859959523402E10 2395227.53 5477095 6.4269540131028E12 2395227.53 233 2 75 77356 664 24900
299700.0 16560 3.8845718096E10 2402439.93 5493655 6.4657997311988E12 2402439.93 233 2 75 77589 666 24975
300600.0 16532 3.891898053743E10 2409652.34 5510187 6.50471871173624E12 2409652.34 233 2 75 77822 668 25050
301500.0 16452 3.894890217999E10 2416865.31 5526639 6.54366761391622E12 2416865.31 233 2 75 78055 670 25125
302400.0 16452 3.906529487757E10 2424077.71 5543091 6.58273290879379E12 2424077.71 233 2 75 78288 672 25200
303300.0 16560 3.931297563144E10 2431290.11 5559651 6.62204588442523E12 2431290.11 233 2 75 78521 674 25275
304200.0 16524 3.93857187786E10 2438502.52 5576175 6.66143160320384E12 2438502.52 233 2 75 78754 676 25350
305100.0 16452 3.941459727923E10 2445714.92 5592627 6.70084620048307E12 2445714.92 233 2 75 78987 678 25425
306000.0 16452 3.953098525004E10 2452927.32 5609079 6.74037718573311E12 2452927.32 233 2 75 79220 680 25500
306900.0 16560 3.978022390075E10 2460139.72 5625639 6.78015740963386E12 2460139.72 233 2 75 79453 682 25575
307800.0 16524 3.985244774602E10 2467352.13 5642163 6.82000985737988E12 2467352.13 233 2 75 79686 684 25650
308700.0 16453 3.988028765176E10 2474564.53 5658616 6.85989014503165E12 2474564.53 233 2 75 79919 686 25725
309600.0 16452 3.99966801698E10 2481777.5 5675068 6.89988682520146E12 2481777.5 233 2 75 80152 688 25800
310500.0 16560 4.024748145404E10 2488989.9 5691628 6.9401343066555E12 2488989.9 233 2 75 80385 690 25875
311400.0 16524 4.03191859873E10 2496202.31 5708152 6.9804534926428E12 2496202.31 233 2 75 80618 692 25950
312300.0 16452 4.034598729548E10 2503414.71 5724604 7.02079947993827E12 2503414.71 233 2 75 80851 694 26025
313200.0 16452 4.046237526629E10 2510627.11 5741056 7.06126185520456E12 2510627.11 233 2 75 81084 696 26100
314100.0 16560 4.071472968746E10 2517839.51 5757616 7.10197658489202E12 2517839.51 233 2 75 81317 698 26175
315000.0 16524 4.078591495477E10 2525051.92 5774140 7.14276249984679E12 2525051.92 233 2 75 81550 700 26250
315900.0 16452 4.081167766806E10 2532264.32 5790592 7.18357417751485E12 2532264.32 233 2 75 81783 702 26325
316800.0 16452 4.092806563887E10 2539476.72 5807044 7.22450224315372E12 2539476.72 233 2 75 82016 704 26400
317700.0 16560 4.118198250066E10 2546689.69 5823604 7.26568422565438E12 2546689.69 233 2 75 82249 706 26475
318600.0 16524 4.125265637638E10 2553902.1 5840128 7.30693688203076E12 2553902.1 233 2 75 82482 708 26550
319500.0 16452 4.127737731183E10 2561114.5 5856580 7.34821425934259E12 2561114.5 233 2 75 82715 710 26625
320400.0 16452 4.139376528264E10 2568326.9 5873032 7.38960802462523E12 2568326.9 233 2 75 82948 712 26700
321300.0 16560 4.164923549249E10 2575539.3 5889592 7.43125726011772E12 2575539.3 233 2 75 83181 714 26775
322200.0 16524 4.171938216363E10 2582751.71 5906116 7.47297664228135E12 2582751.71 233 2 75 83414 716 26850
323100.0 16452 4.174306768447E10 2589964.11 5922568 7.51471970996582E12 2589964.11 233 2 75 83647 718 26925
324000.0 16452 4.185945565528E10 2597176.51 5939020 7.5565791656211E12 2597176.51 233 2 75 83880 720 27000
324900.0 16560 4.211648376196E10 2604388.91 5955580 7.59869564938306E12 2604388.91 233 2 75 84113 722 27075
325800.0 16524 4.218611562379E10 2611601.89 5972104 7.64088176500685E12 2611601.89 233 2 75 84346 724 27150
326700.0 16453 4.220876732829E10 2618814.29 5988557 7.68309053233514E12 2618814.29 233 2 75 84579 726 27225
327600.0 16452 4.23251552991E10 2626026.69 6005009 7.72541568763423E12 2626026.69 233 2 75 84812 728 27300
328500.0 16560 4.258374128863E10 2633239.09 6021569 7.76799942892287E12 2633239.09 233 2 75 85045 730 27375
329400.0 16524 4.26528493636E10 2640451.5 6038093 7.81065227828647E12 2640451.5 233 2 75 85278 732 27450
330300.0 16452 4.267445770098E10 2647663.9 6054545 7.85332673598745E12 2647663.9 233 2 75 85511 734 27525
331200.0 16452 4.279084567179E10 2654876.3 6070997 7.89611758165924E12 2654876.3 233 2 75 85744 736 27600
332100.0 16560 4.305104501025E10 2662088.7 6087557 7.93916862666949E12 2662088.7 233 2 75 85977 738 27675
333000.0 16532 4.311958150246E10 2669301.11 6104089 7.98228820817195E12 2669301.11 233 2 75 86210 740 27750
333900.0 16452 4.314015261804E10 2676514.08 6120541 8.02542836078998E12 2676514.08 233 2 75 86443 742 27825
334800.0 16452 4.325654531561E10 2683726.48 6136993 8.06868490610559E12 2683726.48 233 2 75 86676 744 27900
335700.0 16560 4.351824711183E10 2690938.88 6153553 8.11220315321742E12 2690938.88 233 2 75 86909 746 27975
336600.0 16524 4.358631658157E10 2698151.29 6170077 8.15578946979899E12 2698151.29 233 2 75 87142 748 28050
337500.0 16452 4.360584771749E10 2705363.69 6186529 8.19939531751648E12 2705363.69 233 2 75 87375 750 28125
338400.0 16452 4.37222356883E10 2712576.09 6202981 8.24311755320478E12 2712576.09 233 2 75 87608 752 28200
339300.0 16560 4.398549535435E10 2719788.49 6219541 8.28710304855914E12 2719788.49 233 2 75 87841 754 28275
340200.0 16524 4.405304870248E10 2727000.9 6236065 8.33115609726162E12 2727000.9 233 2 75 88074 756 28350
341100.0 16453 4.407153809024E10 2734213.3 6252518 8.37522763535186E12 2734213.3 233 2 75 88307 758 28425
342000.0 16452 4.418793060828E10 2741426.27 6268970 8.41941556596014E12 2741426.27 233 2 75 88540 760 28500
342900.0 16560 4.445280837817E10 2748638.67 6285530 8.46386837433831E12 2748638.67 233 2 75 88773 762 28575
343800.0 16524 4.451978379064E10 2755851.08 6302054 8.50838815812895E12 2755851.08 233 2 75 89006 764 28650
344700.0 16452 4.453723773412E10 2763063.48 6318506 8.55292539586307E12 2763063.48 233 2 75 89239 766 28725
345600.0 16452 4.465362570493E10 2770275.88 6334958 8.59757902156799E12 2770275.88 233 2 75 89472 768 28800

