# seed = 1, gamma = 0.75, beta = 0.5, dee = 100.0, dcc = 50.0, dec = 600.0, dsc = 2000.0, dLocalhost = 0.015, hostBroker = CLOUD, numOfCloud = 1, numOfEdge = 1, numOfSmartphone = 150 
#
# The columns have the following meaning: 
# instant[SECONDS] delayCountPartial delaySumPartial[SECONDS] delayMaxPartial[SECONDS] delayCountTot delaySumTot[SECONDS] delayMaxTot[SECONDS] runOnCloudPartial runOnEdgePartial runOnSmartphonePartial runOnCloudTot runOnEdgeTot runOnSmartphoneTot
0.0 0 0.0 0.0 0 0.0 0.0 0 0 0 0 0 0
900.0 16560 1.2713329192E8 15652.19 16560 1.2713329192E8 15652.19 153 7 150 153 7 150
1800.0 16524 3.7111692039E8 30772.4 33084 4.9825021231E8 30772.4 153 7 150 306 14 300
2700.0 16452 6.1453211986E8 45892.08 49536 1.11278233217E9 45892.08 153 7 150 459 21 450
3600.0 16452 8.585447184E8 61011.75 65988 1.97132705057E9 61011.75 153 7 150 612 28 600
4500.0 16561 1.10676448114E9 76131.42 82549 3.07809153171E9 76131.42 153 7 150 765 35 750
5400.0 16524 1.34954899286E9 91251.1 99073 4.42764052456E9 91251.1 153 7 150 918 42 900
6300.0 16452 1.59077908606E9 106370.77 115525 6.01841961063E9 106370.77 153 7 150 1071 49 1050
7200.0 16452 1.83479168461E9 121490.44 131977 7.85321129524E9 121490.44 153 7 150 1224 56 1200
8100.0 16560 2.08616815621E9 136610.11 148537 9.93937945145E9 136610.11 153 7 150 1377 63 1350
9000.0 16524 2.32796738648E9 151729.79 165061 1.226734683792E10 151729.79 153 7 150 1530 70 1500
9900.0 16452 2.56702605253E9 166849.46 181513 1.483437289046E10 166849.46 153 7 150 1683 77 1650
10800.0 16452 2.81103865108E9 181969.12 197965 1.764541154154E10 181969.12 153 7 150 1836 84 1800
11700.0 16560 3.06579002121E9 197088.79 214525 2.071120156275E10 197088.79 153 7 150 1989 91 1950
12600.0 16524 3.30639739125E9 212208.47 231049 2.4017598954E10 212208.47 153 7 150 2142 98 2100
13500.0 16452 3.543273019E9 227328.14 247501 2.7560871973E10 227328.14 153 7 150 2295 105 2250
14400.0 16452 3.78728561754E9 242447.81 263953 3.134815759053E10 242447.81 153 7 150 2448 112 2400
15300.0 16560 4.04519377834E9 257567.48 280513 3.539335136887E10 257567.48 153 7 150 2601 119 2550
16200.0 16530 4.28481578487E9 272687.16 297043 3.967816715374E10 272687.16 153 7 150 2754 126 2700
17100.0 16454 4.51952158458E9 287807.03 313497 4.419768873832E10 287807.03 153 7 150 2907 133 2850
18000.0 16452 4.76354016624E9 302927.06 329949 4.896122890456E10 302927.06 153 7 150 3060 140 3000
18900.0 16560 5.02471584414E9 318046.74 346509 5.39859447487E10 318046.74 153 7 150 3213 147 3150
19800.0 16524 5.26324921502E9 333166.42 363033 5.924919396373E10 333166.42 153 7 150 3366 154 3300
20700.0 16452 5.49577617132E9 348286.09 379485 6.474497013504E10 348286.09 153 7 150 3519 161 3450
21600.0 16452 5.73978876986E9 363405.76 395937 7.048475890491E10 363405.76 153 7 150 3672 168 3600
22500.0 16560 6.0042286507E9 378525.43 412497 7.648898755561E10 378525.43 153 7 150 3825 175 3750
23400.0 16524 6.24167342322E9 393645.11 429021 8.273066097883E10 393645.11 153 7 150 3978 182 3900
24300.0 16452 6.47202313778E9 408764.78 445473 8.920268411661E10 408764.78 153 7 150 4131 189 4050
25200.0 16452 6.71603573633E9 423884.44 461925 9.591871985294E10 423884.44 153 7 150 4284 196 4200
26100.0 16560 6.98385055171E9 439004.11 478485 1.0290257040464E11 439004.11 153 7 150 4437 203 4350
27000.0 16524 7.22009762274E9 454123.79 495009 1.1012266802738E11 454123.79 153 7 150 4590 210 4500
27900.0 16452 7.44827010457E9 469243.46 511461 1.1757093813195E11 469243.46 153 7 150 4743 217 4650
28800.0 16452 7.69228270311E9 484363.13 527913 1.2526322083507E11 484363.13 153 7 150 4896 224 4800
29700.0 16560 7.9632543002E9 499482.8 544473 1.3322647513527E11 499482.8 153 7 150 5049 231 4950
30600.0 16524 8.19852181343E9 514602.48 560997 1.4142499694869E11 514602.48 153 7 150 5202 238 5100
31500.0 16452 8.42451707153E9 529722.15 577449 1.4984951402023E11 529722.15 153 7 150 5355 245 5250
32400.0 16453 8.66852967009E9 544841.82 593902 1.5851804369032E11 544841.82 153 7 150 5508 252 5400
33300.0 16560 8.94277017101E9 559961.85 610462 1.6746081386134E11 559961.85 153 7 150 5661 259 5550
34200.0 16524 9.17695368557E9 575081.73 626986 1.766377675469E11 575081.73 153 7 150 5814 266 5700
35100.0 16452 9.40077325893E9 590201.41 643438 1.8603854080583E11 590201.41 153 7 150 5967 273 5850
36000.0 16452 9.64478585749E9 605321.08 659890 1.9568332666332E11 605321.08 153 7 150 6120 280 6000
36900.0 16560 9.92228917464E9 620440.75 676450 2.0560561583796E11 620440.75 153 7 150 6273 287 6150
37800.0 16524 1.015537946297E10 635560.42 692974 2.1576099530093E11 635560.42 153 7 150 6426 294 6300
38700.0 16452 1.03770202261E10 650680.09 709426 2.2613801552703E11 650680.09 153 7 150 6579 301 6450
39600.0 16452 1.062103282466E10 665799.76 725878 2.3675904835168E11 665799.76 153 7 150 6732 308 6600
40500.0 16560 1.090180199091E10 680919.43 742438 2.476608503426E11 680919.43 153 7 150 6885 315 6750
41400.0 16524 1.113380366288E10 696039.11 758962 2.5879465400547E11 696039.11 153 7 150 7038 322 6900
42300.0 16452 1.135326719327E10 711158.78 775414 2.7014792119874E11 711158.78 153 7 150 7191 329 7050
43200.0 16452 1.159727979183E10 726278.45 791866 2.8174520099057E11 726278.45 153 7 150 7344 336 7200
44100.0 16560 1.188131479819E10 741398.12 808426 2.9362651578876E11 741398.12 153 7 150 7497 343 7350
45000.0 16524 1.211222786278E10 756517.8 824950 3.0573874365154E11 756517.8 153 7 150 7650 350 7500
45900.0 16452 1.23295141605E10 771637.47 841402 3.1806825781204E11 771637.47 153 7 150 7803 357 7650
46800.0 16452 1.257352675905E10 786757.14 857854 3.3064178457109E11 786757.14 153 7 150 7956 364 7800
47700.0 16560 1.286093669991E10 801876.81 874414 3.43502721271E11 801876.81 153 7 150 8109 371 7950
48600.0 16524 1.309065205385E10 816996.49 890938 3.5659337332485E11 816996.49 153 7 150 8262 378 8100
49500.0 16452 1.330576739561E10 832116.66 907390 3.6989914072047E11 832116.66 153 7 150 8415 385 8250
50400.0 16452 1.354978244974E10 847236.4 923842 3.8344892317021E11 847236.4 153 7 150 8568 392 8400
51300.0 16560 1.384034971589E10 862356.07 940402 3.972892728861E11 862356.07 153 7 150 8721 399 8550
52200.0 16524 1.406908552855E10 877475.75 956926 4.1135835841465E11 877475.75 153 7 150 8874 406 8700
53100.0 16452 1.428201734017E10 892595.42 973378 4.2564037575483E11 892595.42 153 7 150 9027 413 8850
54000.0 16452 1.452602993873E10 907715.08 989830 4.4016640569356E11 907715.08 153 7 150 9180 420 9000
54900.0 16560 1.481986253233E10 922834.75 1006390 4.5498626822589E11 922834.75 153 7 150 9333 427 9150
55800.0 16524 1.504750972856E10 937954.43 1022914 4.7003377795445E11 937954.43 153 7 150 9486 434 9300
56700.0 16452 1.525826430745E10 953074.1 1039366 4.8529204226191E11 953074.1 153 7 150 9639 441 9450
57600.0 16452 1.550227690601E10 968193.77 1055818 5.0079431916792E11 968193.77 153 7 150 9792 448 9600
58500.0 16560 1.579937534871E10 983313.44 1072378 5.1659369451663E11 983313.44 153 7 150 9945 455 9750
59400.0 16524 1.602593392858E10 998433.12 1088902 5.3261962844521E11 998433.12 153 7 150 10098 462 9900
60300.0 16452 1.623451127473E10 1013552.79 1105354 5.4885413971994E11 1013552.79 153 7 150 10251 469 10050
61200.0 16452 1.647852387329E10 1028672.46 1121806 5.6533266359324E11 1028672.46 153 7 150 10404 476 10200
62100.0 16560 1.67788881651E10 1043792.13 1138366 5.8211155175833E11 1043792.13 153 7 150 10557 483 10350
63000.0 16524 1.70043581286E10 1058911.81 1154890 5.9911590988693E11 1058911.81 153 7 150 10710 490 10500
63900.0 16452 1.721075824202E10 1074031.48 1171342 6.1632666812895E11 1074031.48 153 7 150 10863 497 10650
64800.0 16452 1.745477084057E10 1089151.15 1187794 6.3378143896952E11 1089151.15 153 7 150 11016 504 10800
65700.0 16560 1.775851676331E10 1104271.38 1204354 6.5153995573283E11 1104271.38 153 7 150 11169 511 10950
66600.0 16524 1.798279162037E10 1119391.07 1220878 6.6952274735319E11 1119391.07 153 7 150 11322 518 11100
67500.0 16452 1.818701448037E10 1134510.74 1237330 6.8770976183357E11 1134510.74 153 7 150 11475 525 11250
68400.0 16452 1.843102707893E10 1149630.41 1253782 7.061407889125E11 1149630.41 153 7 150 11628 532 11400
69300.0 16560 1.873792309096E10 1164750.08 1270342 7.2487871200346E11 1164750.08 153 7 150 11781 539 11550
70200.0 16524 1.896121581139E10 1179869.76 1286866 7.4383992781484E11 1179869.76 153 7 150 11934 546 11700
71100.0 16452 1.916326144766E10 1194989.43 1303318 7.630031892625E11 1194989.43 153 7 150 12087 553 11850
72000.0 16452 1.940727404622E10 1210109.09 1319770 7.8241046330872E11 1210109.09 153 7 150 12240 560 12000
72900.0 16560 1.971743591635E10 1225228.76 1336330 8.0212789922507E11 1225228.76 153 7 150 12393 567 12150
73800.0 16524 1.993964002041E10 1240348.44 1352854 8.2206753924547E11 1240348.44 153 7 150 12546 574 12300
74700.0 16452 2.013950841494E10 1255468.11 1369306 8.4220704766041E11 1255468.11 153 7 150 12699 581 12450
75600.0 16452 2.03835210135E10 1270587.78 1385758 8.6259056867391E11 1270587.78 153 7 150 12852 588 12600
76500.0 16560 2.069705780013E10 1285707.45 1402318 8.8328762647404E11 1285707.45 153 7 150 13005 595 12750
77400.0 16524 2.091806422043E10 1300827.13 1418842 9.0420569069447E11 1300827.13 153 7 150 13158 602 12900
78300.0 16452 2.111575538222E10 1315946.8 1435294 9.2532144607669E11 1315946.8 153 7 150 13311 609 13050
79200.0 16452 2.135976798078E10 1331066.47 1451746 9.4668121405747E11 1331066.47 153 7 150 13464 616 13200
80100.0 16566 2.167646154013E10 1346186.14 1468312 9.683576755976E11 1346186.14 153 7 150 13617 623 13350
81000.0 16527 2.189649424377E10 1361305.85 1484839 9.9025416984137E11 1361305.85 153 7 150 13770 630 13500
81900.0 16452 2.209200934775E10 1376426.05 1501291 1.01234617918911E12 1376426.05 153 7 150 13923 637 13650
82800.0 16452 2.233602420841E10 1391545.73 1517743 1.03468220339752E12 1391545.73 153 7 150 14076 644 13800
83700.0 16560 2.265609273323E10 1406665.4 1534303 1.05733829613075E12 1406665.4 153 7 150 14229 651 13950
84600.0 16524 2.287492190146E10 1421785.08 1550827 1.0802132180322E12 1421785.08 153 7 150 14382 658 14100
85500.0 16452 2.306825857708E10 1436904.75 1567279 1.10328147660928E12 1436904.75 153 7 150 14535 665 14250
86400.0 16452 2.331227117564E10 1452024.42 1583731 1.12659374778492E12 1452024.42 153 7 150 14688 672 14400
87300.0 16560 2.363549645516E10 1467144.09 1600291 1.15022924424008E12 1467144.09 153 7 150 14841 679 14550
88200.0 16524 2.3853351898E10 1482263.77 1616815 1.17408259613808E12 1482263.77 153 7 150 14994 686 14700
89100.0 16452 2.404450554431E10 1497383.43 1633267 1.19812710168239E12 1497383.43 153 7 150 15147 693 14850
90000.0 16452 2.428851814287E10 1512503.1 1649719 1.22241561982526E12 1512503.1 153 7 150 15300 700 15000
90900.0 16560 2.461511835689E10 1527622.77 1666279 1.24703073818215E12 1527622.77 153 7 150 15453 707 15150
91800.0 16524 2.483177029244E10 1542742.45 1682803 1.27186250847459E12 1542742.45 153 7 150 15606 714 15300
92700.0 16452 2.502075251159E10 1557862.12 1699255 1.29688326098618E12 1557862.12 153 7 150 15759 721 15450
93600.0 16452 2.526476511015E10 1572981.79 1715707 1.32214802609634E12 1572981.79 153 7 150 15912 728 15600
94500.0 16560 2.559452209689E10 1588101.46 1732267 1.34774254819322E12 1588101.46 153 7 150 16065 735 15750
95400.0 16524 2.581020029804E10 1603221.14 1748791 1.37355274849126E12 1603221.14 153 7 150 16218 742 15900
96300.0 16453 2.599699947888E10 1618340.81 1765244 1.39954974797014E12 1618340.81 153 7 150 16371 749 16050
97200.0 16452 2.624101369626E10 1633460.68 1781696 1.42579076166639E12 1633460.68 153 7 150 16524 756 16200
98100.0 16560 2.65740411815E10 1648580.71 1798256 1.4523648028479E12 1648580.71 153 7 150 16677 763 16350
99000.0 16524 2.678862794887E10 1663700.4 1814780 1.47915343079677E12 1663700.4 153 7 150 16830 770 16500
99900.0 16452 2.697325568195E10 1678820.07 1831232 1.50612668647872E12 1678820.07 153 7 150 16983 777 16650
100800.0 16452 2.721726828051E10 1693939.74 1847684 1.53334395475922E12 1693939.74 153 7 150 17136 784 16800
101700.0 16560 2.755355699635E10 1709059.41 1864244 1.56089751175557E12 1709059.41 153 7 150 17289 791 16950
102600.0 16524 2.776705215789E10 1724179.09 1880768 1.58866456391346E12 1724179.09 153 7 150 17442 798 17100
103500.0 16452 2.794950264923E10 1739298.76 1897220 1.6166140665627E12 1739298.76 153 7 150 17595 805 17250
104400.0 16452 2.819351524779E10 1754418.42 1913672 1.64480758181049E12 1754418.42 153 7 150 17748 812 17400
105300.0 16560 2.853306982174E10 1769538.09 1930232 1.67334065163223E12 1769538.09 153 7 150 17901 819 17550
106200.0 16524 2.874547634891E10 1784657.77 1946756 1.70208612798114E12 1784657.77 153 7 150 18054 826 17700
107100.0 16452 2.892574961652E10 1799777.44 1963208 1.73101187759765E12 1799777.44 153 7 150 18207 833 17850
108000.0 16452 2.916976221508E10 1814897.11 1979660 1.76018163981273E12 1814897.11 153 7 150 18360 840 18000
108900.0 16560 2.951258262912E10 1830016.78 1996220 1.78969422244185E12 1830016.78 153 7 150 18513 847 18150
109800.0 16524 2.972390055798E10 1845136.46 2012744 1.81941812299984E12 1845136.46 153 7 150 18666 854 18300
110700.0 16452 2.990199658391E10 1860256.13 2029196 1.84932011958375E12 1860256.13 153 7 150 18819 861 18450
111600.0 16452 3.014600918247E10 1875375.8 2045648 1.87946612876622E12 1875375.8 153 7 150 18972 868 18600
112500.0 16560 3.049209545462E10 1890495.47 2062208 1.90995822422084E12 1890495.47 153 7 150 19125 875 18750
113400.0 16524 3.070232956663E10 1905615.51 2078732 1.94066055378747E12 1905615.51 153 7 150 19278 882 18900
114300.0 16452 3.087825106562E10 1920735.39 2095184 1.97153880485308E12 1920735.39 153 7 150 19431 889 19050
115200.0 16452 3.112226537017E10 1935855.06 2111636 2.00266107022326E12 1935855.06 153 7 150 19584 896 19200
116100.0 16560 3.147161750427E10 1950974.73 2128196 2.03413268772753E12 1950974.73 153 7 150 19737 903 19350
117000.0 16524 3.168075819912E10 1966094.41 2144720 2.06581344592664E12 1966094.41 153 7 150 19890 910 19500
117900.0 16452 3.185449973901E10 1981214.08 2161172 2.09766794566565E12 1981214.08 153 7 150 20043 917 19650
118800.0 16452 3.209851233756E10 1996333.74 2177624 2.12976645800321E12 1996333.74 153 7 150 20196 924 19800
119700.0 16560 3.245113034777E10 2011453.41 2194184 2.16221758835098E12 2011453.41 153 7 150 20349 931 19950
120600.0 16524 3.265918239024E10 2026573.09 2210708 2.19487677074123E12 2026573.09 153 7 150 20502 938 20100
121500.0 16452 3.283074670637E10 2041692.76 2227160 2.2277075174476E12 2041692.76 153 7 150 20655 945 20250
122400.0 16452 3.307475930487E10 2056812.43 2243612 2.26078227675246E12 2056812.43 153 7 150 20808 952 20400
123300.0 16560 3.343064314611E10 2071932.1 2260172 2.29421291989857E12 2071932.1 153 7 150 20961 959 20550
124200.0 16524 3.363760659916E10 2087051.78 2276696 2.32785052649773E12 2087051.78 153 7 150 21114 966 20700
125100.0 16452 3.380699367351E10 2102171.45 2293148 2.36165752017125E12 2102171.45 153 7 150 21267 973 20850
126000.0 16452 3.405100627201E10 2117291.12 2309600 2.39570852644326E12 2117291.12 153 7 150 21420 980 21000
126900.0 16560 3.441015597136E10 2132410.79 2326160 2.43011868241462E12 2132410.79 153 7 150 21573 987 21150
127800.0 16524 3.461603079904E10 2147530.47 2342684 2.46473471321366E12 2147530.47 153 7 150 21726 994 21300
128700.0 16452 3.478324064066E10 2162650.14 2359136 2.49951795385432E12 2162650.14 153 7 150 21879 1001 21450
129600.0 16452 3.502725951789E10 2177770.31 2375588 2.53454521337221E12 2177770.31 153 7 150 22032 1008 21600
130500.0 16560 3.538967750294E10 2192890.05 2392148 2.56993489087515E12 2192890.05 153 7 150 22185 1015 21750
131400.0 16524 3.559446425607E10 2208009.73 2408672 2.60552935513122E12 2208009.73 153 7 150 22338 1022 21900
132300.0 16453 3.575949685333E10 2223129.4 2425125 2.64128885198455E12 2223129.4 153 7 150 22491 1029 22050
133200.0 16452 3.600350945183E10 2238249.07 2441577 2.67729236143638E12 2238249.07 153 7 150 22644 1036 22200
134100.0 16560 3.636919088032E10 2253368.73 2458137 2.7136615523167E12 2253368.73 153 7 150 22797 1043 22350
135000.0 16524 3.657288846495E10 2268488.41 2474661 2.75023444078165E12 2268488.41 153 7 150 22950 1050 22500
135900.0 16452 3.673574382048E10 2283608.08 2491113 2.78697018460213E12 2283608.08 153 7 150 23103 1057 22650
136800.0 16452 3.697975641898E10 2298727.75 2507565 2.8239499410211E12 2298727.75 153 7 150 23256 1064 22800
137700.0 16560 3.734870368757E10 2313847.42 2524125 2.86129864470867E12 2313847.42 153 7 150 23409 1071 22950
138600.0 16524 3.755131265583E10 2328967.1 2540649 2.8988499573645E12 2328967.1 153 7 150 23562 1078 23100
139500.0 16452 3.771199078762E10 2344086.77 2557101 2.93656194815212E12 2344086.77 153 7 150 23715 1085 23250
140400.0 16452 3.795600338612E10 2359206.44 2573553 2.97451795153824E12 2359206.44 153 7 150 23868 1092 23400
141300.0 16560 3.832821651281E10 2374326.11 2590113 3.01284616805106E12 2374326.11 153 7 150 24021 1099 23550
142200.0 16524 3.852973686471E10 2389445.79 2606637 3.05137590491577E12 2389445.79 153 7 150 24174 1106 23700
143100.0 16452 3.868823775477E10 2404565.46 2623089 3.09006414267054E12 2404565.46 153 7 150 24327 1113 23850
144000.0 16452 3.893225035327E10 2419685.13 2639541 3.1289963930238E12 2419685.13 153 7 150 24480 1120 24000
144900.0 16568 3.930773063418E10 2434804.8 2656109 3.16830412365799E12 2434804.8 153 7 150 24633 1127 24150
145800.0 16524 3.950816772214E10 2449925.04 2672633 3.20781229138013E12 2449925.04 153 7 150 24786 1134 24300
146700.0 16452 3.966449399304E10 2465044.72 2689085 3.24747678537317E12 2465044.72 153 7 150 24939 1141 24450
147600.0 16452 3.990850659154E10 2480164.39 2705537 3.28738529196471E12 2480164.39 153 7 150 25092 1148 24600
148500.0 16560 4.028725144745E10 2495284.06 2722097 3.32767254341217E12 2495284.06 153 7 150 25245 1155 24750
149400.0 16524 4.048659455628E10 2510403.74 2738621 3.36815913796844E12 2510403.74 153 7 150 25398 1162 24900
150300.0 16452 4.064074096019E10 2525523.41 2755073 3.40879987892863E12 2525523.41 153 7 150 25551 1169 25050
151200.0 16452 4.088475355869E10 2540643.08 2771525 3.44968463248732E12 2540643.08 153 7 150 25704 1176 25200
152100.0 16560 4.12667642547E10 2555762.74 2788085 3.49095139674202E12 2555762.74 153 7 150 25857 1183 25350
153000.0 16524 4.146501874721E10 2570882.42 2804609 3.53241641548923E12 2570882.42 153 7 150 26010 1190 25500
153900.0 16452 4.161698792739E10 2586002.09 2821061 3.57403340341662E12 2586002.09 153 7 150 26163 1197 25650
154800.0 16452 4.186100052589E10 2601121.76 2837513 3.61589440394251E12 2601121.76 153 7 150 26316 1204 25800
155700.0 16560 4.224627708001E10 2616241.43 2854073 3.65814068102252E12 2616241.43 153 7 150 26469 1211 25950
156600.0 16524 4.244344295615E10 2631361.11 2870597 3.70058412397866E12 2631361.11 153 7 150 26622 1218 26100
157500.0 16452 4.259323489453E10 2646480.78 2887049 3.7431773588732E12 2646480.78 153 7 150 26775 1225 26250
158400.0 16452 4.283724749303E10 2661600.45 2903501 3.78601460636623E12 2661600.45 153 7 150 26928 1232 26400
159300.0 16560 4.322589896365E10 2676720.12 2920061 3.82924050532988E12 2676720.12 153 7 150 27081 1239 26550
160200.0 16525 4.342186714703E10 2691839.8 2936586 3.87266237247691E12 2691839.8 153 7 150 27234 1246 26700
161100.0 16452 4.356948217494E10 2706959.5 2953038 3.91623185465185E12 2706959.5 153 7 150 27387 1253 26850
162000.0 16452 4.381350146268E10 2722079.7 2969490 3.96004535611453E12 2722079.7 153 7 150 27540 1260 27000
162900.0 16560 4.420531199453E10 2737199.38 2986050 4.00425066810906E12 2737199.38 153 7 150 27693 1267 27150
163800.0 16524 4.440030645108E10 2752319.06 3002574 4.04865097456014E12 2752319.06 153 7 150 27846 1274 27300
164700.0 16452 4.454573808876E10 2767438.73 3019026 4.0931967126489E12 2767438.73 153 7 150 27999 1281 27450
165600.0 16452 4.478975068726E10 2782558.4 3035478 4.13798646333616E12 2782558.4 153 7 150 28152 1288 27600
166500.0 16560 4.518493388706E10 2797678.07 3052038 4.18317139722322E12 2797678.07 153 7 150 28305 1295 27750
167400.0 16524 4.537872483627E10 2812797.75 3068562 4.22855012205949E12 2812797.75 153 7 150 28458 1302 27900
168300.0 16452 4.55219850558E10 2827917.42 3085014 4.27407210711529E12 2827917.42 153 7 150 28611 1309 28050
169200.0 16452 4.57659976543E10 2843037.08 3101466 4.31983810476959E12 2843037.08 153 7 150 28764 1316 28200
170100.0 16560 4.616433762681E10 2858156.75 3118026 4.3660024423964E12 2858156.75 153 7 150 28917 1323 28350
171000.0 16524 4.635715484162E10 2873276.43 3134550 4.41235959723802E12 2873276.43 153 7 150 29070 1330 28500
171900.0 16452 4.649823202284E10 2888396.1 3151002 4.45885782926086E12 2888396.1 153 7 150 29223 1337 28650
172800.0 16452 4.674224462133E10 2903515.77 3167454 4.50560007388219E12 2903515.77 153 7 150 29376 1344 28800
173700.0 16560 4.714385044295E10 2918635.44 3184014 4.55274392432514E12 2918635.44 153 7 150 29529 1351 28950
174600.0 16524 4.733557323582E10 2933755.12 3200538 4.60007949756096E12 2933755.12 153 7 150 29682 1358 29100
175500.0 16452 4.747447898987E10 2948874.79 3216990 4.64755397655083E12 2948874.79 153 7 150 29835 1365 29250
176400.0 16452 4.771849158837E10 2963994.46 3233442 4.69527246813921E12 2963994.46 153 7 150 29988 1372 29400
177300.0 16560 4.812336475453E10 2979114.33 3250002 4.74339583289374E12 2979114.33 153 7 150 30141 1379 29550
178200.0 16524 4.831400488904E10 2994234.37 3266526 4.79170983778278E12 2994234.37 153 7 150 30294 1386 29700
179100.0 16452 4.845073519239E10 3009354.05 3282978 4.84016057297517E12 3009354.05 153 7 150 30447 1393 29850
180000.0 16452 4.869474779089E10 3024473.72 3299430 4.88885532076606E12 3024473.72 153 7 150 30600 1400 30000
180900.0 16560 4.91028853596E10 3039593.39 3315990 4.93795820612566E12 3039593.39 153 7 150 30753 1407 30150
181800.0 16524 4.929243089138E10 3054713.07 3332514 4.98725063701704E12 3054713.07 153 7 150 30906 1414 30300
182700.0 16452 4.942698215937E10 3069832.74 3348966 5.03667761917641E12 3069832.74 153 7 150 31059 1421 30450
183600.0 16452 4.967099475787E10 3084952.4 3365418 5.08634861393428E12 3084952.4 153 7 150 31212 1428 30600
184500.0 16560 5.008239814869E10 3100072.07 3381978 5.13643101208297E12 3100072.07 153 7 150 31365 1435 30750
185400.0 16524 5.02708550911E10 3115191.75 3398502 5.18670186717407E12 3115191.75 153 7 150 31518 1442 30900
186300.0 16452 5.040322912636E10 3130311.42 3414954 5.23710509630043E12 3130311.42 153 7 150 31671 1449 31050
187200.0 16452 5.064724172485E10 3145431.09 3431406 5.28775233802528E12 3145431.09 153 7 150 31824 1456 31200
188100.0 16560 5.106191099177E10 3160550.76 3447966 5.33881424901706E12 3160550.76 153 7 150 31977 1463 31350
189000.0 16524 5.124927929082E10 3175670.44 3464490 5.39006352830788E12 3175670.44 153 7 150 32130 1470 31500
189900.0 16452 5.137947609334E10 3190790.11 3480942 5.44144300440122E12 3190790.11 153 7 150 32283 1477 31650
190800.0 16452 5.162348869184E10 3205909.78 3497394 5.49306649309305E12 3205909.78 153 7 150 32436 1484 31800
191700.0 16560 5.204142379886E10 3221029.45 3513954 5.54510791689191E12 3221029.45 153 7 150 32589 1491 31950
192600.0 16524 5.222770349054E10 3236149.13 3530478 5.59733562038245E12 3236149.13 153 7 150 32742 1498 32100
193500.0 16452 5.235572628781E10 3251269.16 3546930 5.64969134667026E12 3251269.16 153 7 150 32895 1505 32250
194400.0 16452 5.259974318232E10 3266389.03 3563382 5.70229108985258E12 3266389.03 153 7 150 33048 1512 32400
195300.0 16560 5.302094585758E10 3281508.71 3579942 5.75531203571016E12 3281508.71 153 7 150 33201 1519 32550
196200.0 16524 5.320613693161E10 3296628.39 3596466 5.80851817264178E12 3296628.39 153 7 150 33354 1526 32700
197100.0 16452 5.33319792481E10 3311748.06 3612918 5.86185015188988E12 3311748.06 153 7 150 33507 1533 32850
198000.0 16452 5.357599184659E10 3326867.72 3629370 5.91542614373647E12 3326867.72 153 7 150 33660 1540 33000
198900.0 16560 5.400045868267E10 3341987.39 3645930 5.96942660241914E12 3341987.39 153 7 150 33813 1547 33150
199800.0 16524 5.418456113133E10 3357107.07 3662454 6.02361116355047E12 3357107.07 153 7 150 33966 1554 33300
200700.0 16452 5.430822621508E10 3372226.74 3678906 6.07791938976555E12 3372226.74 153 7 150 34119 1561 33450
201600.0 16452 5.455223881358E10 3387346.41 3695358 6.13247162857913E12 3387346.41 153 7 150 34272 1568 33600
202500.0 16560 5.497997150776E10 3402466.08 3711918 6.18745160008689E12 3402466.08 153 7 150 34425 1575 33750
203400.0 16524 5.516298533105E10 3417585.76 3728442 6.24261458541794E12 3417585.76 153 7 150 34578 1582 33900
204300.0 16452 5.528447318206E10 3432705.43 3744894 6.2978990586E12 3432705.43 153 7 150 34731 1589 34050
205200.0 16452 5.552848578056E10 3447825.1 3761346 6.35342754438056E12 3447825.1 153 7 150 34884 1596 34200
206100.0 16560 5.595948429684E10 3462944.77 3777906 6.4093870286774E12 3462944.77 153 7 150 35037 1603 34350
207000.0 16524 5.614140953066E10 3478064.45 3794430 6.46552843820807E12 3478064.45 153 7 150 35190 1610 34500
207900.0 16452 5.626072014894E10 3493184.12 3810882 6.521789158357E12 3493184.12 153 7 150 35343 1617 34650
208800.0 16458 5.650473286992E10 3508303.79 3827340 6.57829389122692E12 3508303.79 153 7 150 35496 1624 34800
209700.0 16563 5.693900425025E10 3523423.96 3843903 6.63523289547718E12 3523423.96 153 7 150 35649 1631 34950
210600.0 16524 5.711984234208E10 3538543.71 3860427 6.69235273781926E12 3538543.71 153 7 150 35802 1638 35100
211500.0 16452 5.723697636162E10 3553663.38 3876879 6.74958971418088E12 3553663.38 153 7 150 35955 1645 35250
212400.0 16452 5.748098896012E10 3568783.05 3893331 6.807070703141E12 3568783.05 153 7 150 36108 1652 35400
213300.0 16560 5.791851920554E10 3583902.72 3909891 6.86498922234654E12 3583902.72 153 7 150 36261 1659 35550
214200.0 16524 5.80982671962E10 3599022.39 3926415 6.92308748954274E12 3599022.39 153 7 150 36414 1666 35700
215100.0 16452 5.821322332839E10 3614142.06 3942867 6.98130071287114E12 3614142.06 153 7 150 36567 1673 35850
216000.0 16452 5.845723592689E10 3629261.73 3959319 7.03975794879802E12 3629261.73 153 7 150 36720 1680 36000
216900.0 16560 5.889803204841E10 3644381.4 3975879 7.09865598084643E12 3644381.4 153 7 150 36873 1687 36150
217800.0 16524 5.907669139571E10 3659501.08 3992403 7.15773267224214E12 3659501.08 153 7 150 37026 1694 36300
218700.0 16452 5.918947029516E10 3674620.75 4008855 7.21692214253729E12 3674620.75 153 7 150 37179 1701 36450
219600.0 16452 5.943348289366E10 3689740.42 4025307 7.27635562543095E12 3689740.42 153 7 150 37332 1708 36600
220500.0 16560 5.987754484628E10 3704860.09 4041867 7.33623317027723E12 3704860.09 153 7 150 37485 1715 36750
221400.0 16524 6.005511559521E10 3719979.77 4058391 7.39628828587243E12 3719979.77 153 7 150 37638 1722 36900
222300.0 16452 6.016571726187E10 3735099.44 4074843 7.45645400313431E12 3735099.44 153 7 150 37791 1729 37050
223200.0 16452 6.040972986037E10 3750219.11 4091295 7.51686373299467E12 3750219.11 153 7 150 37944 1736 37200
224100.0 16560 6.085705767109E10 3765338.78 4107855 7.57772079066576E12 3765338.78 153 7 150 38097 1743 37350
225000.0 16525 6.103354012941E10 3780458.45 4124380 7.63875433079518E12 3780458.45 153 7 150 38250 1750 37500
225900.0 16452 6.114197095829E10 3795578.69 4140832 7.69989630175346E12 3795578.69 153 7 150 38403 1757 37650
226800.0 16452 6.138598609821E10 3810698.37 4157284 7.76128228785168E12 3810698.37 153 7 150 38556 1764 37800
227700.0 16560 6.183657978005E10 3825818.04 4173844 7.82311886763172E12 3825818.04 153 7 150 38709 1771 37950
228600.0 16524 6.201197328591E10 3840937.72 4190368 7.88513084091763E12 3840937.72 153 7 150 38862 1778 38100
229500.0 16452 6.211822046643E10 3856057.39 4206820 7.94724906138406E12 3856057.39 153 7 150 39015 1785 38250
230400.0 16452 6.236223306492E10 3871177.06 4223272 8.00961129444898E12 3871177.06 153 7 150 39168 1792 38400
231300.0 16560 6.281609260486E10 3886296.72 4239832 8.07242738705384E12 3886296.72 153 7 150 39321 1799 38550
232200.0 16524 6.299039748536E10 3901416.4 4256356 8.1354177845392E12 3901416.4 153 7 150 39474 1806 38700
233100.0 16452 6.309446743314E10 3916536.07 4272808 8.19851225197234E12 3916536.07 153 7 150 39627 1813 38850
234000.0 16452 6.333848003164E10 3931655.74 4289260 8.26185073200397E12 3931655.74 153 7 150 39780 1820 39000
234900.0 16560 6.379560541168E10 3946775.41 4305820 8.32564633741565E12 3946775.41 153 7 150 39933 1827 39150
235800.0 16524 6.39688216848E10 3961895.09 4322344 8.38961515910046E12 3961895.09 153 7 150 40086 1834 39300
236700.0 16452 6.407071439985E10 3977014.76 4338796 8.45368587350031E12 3977014.76 153 7 150 40239 1841 39450
237600.0 16452 6.431472699835E10 3992134.43 4355248 8.51800060049866E12 3992134.43 153 7 150 40392 1848 39600
238500.0 16560 6.477511823649E10 4007254.1 4371808 8.58277571873515E12 4007254.1 153 7 150 40545 1855 39750
239400.0 16524 6.494724588425E10 4022373.78 4388332 8.6477229646194E12 4022373.78 153 7 150 40698 1862 39900
240300.0 16452 6.504696136657E10 4037493.45 4404784 8.71276992598597E12 4037493.45 153 7 150 40851 1869 40050
241200.0 16452 6.529097428209E10 4052613.15 4421236 8.77806090026806E12 4052613.15 153 7 150 41004 1876 40200
242100.0 16560 6.575463809976E10 4067733.35 4437796 8.84381553836781E12 4067733.35 153 7 150 41157 1883 40350
243000.0 16524 6.592567936398E10 4082853.04 4454320 8.90974121773179E12 4082853.04 153 7 150 41310 1890 40500
243900.0 16452 6.602321759291E10 4097972.71 4470772 8.9757644353247E12 4097972.71 153 7 150 41463 1897 40650
244800.0 16452 6.626723019141E10 4113092.38 4487224 9.04203166551611E12 4113092.38 153 7 150 41616 1904 40800
245700.0 16560 6.673415315874E10 4128212.05 4503784 9.10876581867485E12 4128212.05 153 7 150 41769 1911 40950
246600.0 16524 6.690410356344E10 4143331.73 4520308 9.17566992223829E12 4143331.73 153 7 150 41922 1918 41100
247500.0 16452 6.699946455964E10 4158451.4 4536760 9.24266938679793E12 4158451.4 153 7 150 42075 1925 41250
248400.0 16452 6.724347715814E10 4173571.06 4553212 9.30991286395607E12 4173571.06 153 7 150 42228 1932 41400
249300.0 16560 6.771366597452E10 4188690.73 4569772 9.37762652993059E12 4188690.73 153 7 150 42381 1939 41550
250200.0 16524 6.788252776285E10 4203810.41 4586296 9.44550905769344E12 4203810.41 153 7 150 42534 1946 41700
251100.0 16452 6.797571152631E10 4218930.08 4602748 9.51348476921975E12 4218930.08 153 7 150 42687 1953 41850
252000.0 16452 6.821972412481E10 4234049.75 4619200 9.58170449334456E12 4234049.75 153 7 150 42840 1960 42000
252900.0 16560 6.86931787813E10 4249169.42 4635760 9.65039767212586E12 4249169.42 153 7 150 42993 1967 42150
253800.0 16524 6.886095196231E10 4264289.1 4652284 9.71925862408817E12 4264289.1 153 7 150 43146 1974 42300
254700.0 16452 6.895195849304E10 4279408.77 4668736 9.7882105825812E12 4279408.77 153 7 150 43299 1981 42450
255600.0 16452 6.919597109154E10 4294528.44 4685188 9.85740655367274E12 4294528.44 153 7 150 43452 1988 42600
256500.0 16560 6.967269160613E10 4309648.11 4701748 9.92707924527886E12 4309648.11 153 7 150 43605 1995 42750
257400.0 16524 6.983937825994E10 4324767.99 4718272 9.99691862353881E12 4324767.99 153 7 150 43758 2002 42900
258300.0 16452 6.992821171623E10 4339888.02 4734724 1.006684683525504E13 4339888.02 153 7 150 43911 2009 43050
259200.0 16452 7.017222729337E10 4355007.7 4751176 1.013701906254841E13 4355007.7 153 7 150 44064 2016 43200
260100.0 16560 7.065221367896E10 4370127.37 4767736 1.020767127622736E13 4370127.37 153 7 150 44217 2023 43350
261000.0 16525 7.081780998193E10 4385247.05 4784261 1.027848908620929E13 4385247.05 153 7 150 44370 2030 43500
261900.0 16452 7.090446166149E10 4400366.72 4800713 1.034939354787078E13 4400366.72 153 7 150 44523 2037 43650
262800.0 16452 7.114847425999E10 4415486.38 4817165 1.042054202213077E13 4415486.38 153 7 150 44676 2044 43800
263700.0 16560 7.163183558011E10 4430606.05 4833725 1.049217385771088E13 4430606.05 153 7 150 44829 2051 43950
264600.0 16524 7.179623381624E10 4445725.73 4850249 1.056397009152712E13 4445725.73 153 7 150 44982 2058 44100
265500.0 16452 7.188070862816E10 4460845.4 4866701 1.063585080015528E13 4460845.4 153 7 150 45135 2065 44250
266400.0 16452 7.212472122666E10 4475965.07 4883153 1.070797552138194E13 4475965.07 153 7 150 45288 2072 44400
267300.0 16560 7.261123931045E10 4491084.74 4899713 1.078058676069238E13 4491084.74 153 7 150 45441 2079 44550
268200.0 16524 7.277466383038E10 4506204.42 4916237 1.085336142452276E13 4506204.42 153 7 150 45594 2086 44700
269100.0 16452 7.285695559499E10 4521324.09 4932689 1.092621838011776E13 4521324.09 153 7 150 45747 2093 44850
270000.0 16452 7.310096819349E10 4536443.76 4949141 1.099931934831125E13 4536443.76 153 7 150 45900 2100 45000
270900.0 16560 7.359086122082E10 4551563.43 4965701 1.107291020953208E13 4551563.43 153 7 150 46053 2107 45150
271800.0 16524 7.375308220637E10 4566683.11 4982225 1.114666329173844E13 4566683.11 153 7 150 46206 2114 45300
272700.0 16458 7.383320256183E10 4581802.78 4998683 1.122049649430027E13 4581802.78 153 7 150 46359 2121 45450
273600.0 16454 7.407721856444E10 4596922.81 5015137 1.129457371286472E13 4596922.81 153 7 150 46512 2128 45600
274500.0 16560 7.457027245034E10 4612042.68 5031697 1.136914398531506E13 4612042.68 153 7 150 46665 2135 45750
275400.0 16524 7.473152147089E10 4627162.37 5048221 1.144387550678595E13 4627162.37 153 7 150 46818 2142 45900
276300.0 16452 7.480945874947E10 4642282.04 5064673 1.151868496553543E13 4642282.04 153 7 150 46971 2149 46050
277200.0 16452 7.505347134797E10 4657401.7 5081125 1.15937384368834E13 4657401.7 153 7 150 47124 2156 46200
278100.0 16560 7.554978702792E10 4672521.37 5097685 1.166928822391132E13 4672521.37 153 7 150 47277 2163 46350
279000.0 16524 7.570993984688E10 4687641.05 5114209 1.17449981637582E13 4687641.05 153 7 150 47430 2170 46500
279900.0 16452 7.578570571631E10 4702760.72 5130661 1.182078386947451E13 4702760.72 153 7 150 47583 2177 46650
280800.0 16452 7.602971831481E10 4717880.39 5147113 1.189681358778932E13 4717880.39 153 7 150 47736 2184 46800
281700.0 16560 7.652940890229E10 4733000.06 5163673 1.197334299669161E13 4733000.06 153 7 150 47889 2191 46950
282600.0 16524 7.668836405545E10 4748119.74 5180197 1.205003136074706E13 4748119.74 153 7 150 48042 2198 47100
283500.0 16452 7.676195268314E10 4763239.41 5196649 1.212679331343021E13 4763239.41 153 7 150 48195 2205 47250
284400.0 16452 7.700596528164E10 4778359.08 5213101 1.220379927871185E13 4778359.08 153 7 150 48348 2212 47400
285300.0 16560 7.750881265079E10 4793478.75 5229661 1.228130809136264E13 4793478.75 153 7 150 48501 2219 47550
286200.0 16524 7.766679406065E10 4808598.43 5246185 1.23589748854233E13 4808598.43 153 7 150 48654 2226 47700
287100.0 16452 7.773819965003E10 4823718.1 5262637 1.243671308507333E13 4823718.1 153 7 150 48807 2233 47850
288000.0 16452 7.798221224853E10 4838837.77 5279089 1.251469529732186E13 4838837.77 153 7 150 48960 2240 48000
288900.0 16561 7.848843463668E10 4853957.43 5295650 1.259318373195854E13 4853957.43 153 7 150 49113 2247 48150
289800.0 16524 7.864521875527E10 4869077.62 5312174 1.267182895071381E13 4869077.62 153 7 150 49266 2254 48300
290700.0 16452 7.871445536648E10 4884197.36 5328626 1.275054340608029E13 4884197.36 153 7 150 49419 2261 48450
291600.0 16452 7.895846846186E10 4899317.03 5345078 1.282950187454215E13 4899317.03 153 7 150 49572 2268 48600
292500.0 16560 7.946784756014E10 4914436.69 5361638 1.29089697221023E13 4914436.69 153 7 150 49725 2275 48750
293400.0 16524 7.962365173601E10 4929556.37 5378162 1.298859337383831E13 4929556.37 153 7 150 49878 2282 48900
294300.0 16452 7.96907028303E10 4944676.04 5394614 1.306828407666861E13 4944676.04 153 7 150 50031 2289 49050
295200.0 16452 7.99347154288E10 4959795.71 5411066 1.314821879209741E13 4959795.71 153 7 150 50184 2296 49200
296100.0 16560 8.044736036719E10 4974915.38 5427626 1.32286661524646E13 4974915.38 153 7 150 50337 2303 49350
297000.0 16524 8.060207011211E10 4990035.06 5444150 1.330926822257672E13 4990035.06 153 7 150 50490 2310 49500
297900.0 16452 8.066694979724E10 5005154.73 5460602 1.338993517237396E13 5005154.73 153 7 150 50643 2317 49650
298800.0 16452 8.091096239574E10 5020274.4 5477054 1.34708461347697E13 5020274.4 153 7 150 50796 2324 49800
299700.0 16560 8.142687319223E10 5035394.07 5493614 1.355227300796194E13 5035394.07 153 7 150 50949 2331 49950
300600.0 16524 8.158049432079E10 5050513.75 5510138 1.363385350228272E13 5050513.75 153 7 150 51102 2338 50100
301500.0 16452 8.164319676419E10 5065633.42 5526590 1.371549669904691E13 5065633.42 153 7 150 51255 2345 50250
302400.0 16452 8.188720936269E10 5080753.09 5543042 1.37973839084096E13 5080753.09 153 7 150 51408 2352 50400
303300.0 16560 8.240638599032E10 5095872.76 5559602 1.387979029439992E13 5095872.76 153 7 150 51561 2359 50550
304200.0 16524 8.255891851152E10 5110992.43 5576126 1.396234921291144E13 5110992.43 153 7 150 51714 2366 50700
305100.0 16452 8.261944373118E10 5126112.1 5592578 1.404496865664262E13 5126112.1 153 7 150 51867 2373 50850
306000.0 16452 8.286346306226E10 5141232.34 5609030 1.412783211970488E13 5141232.34 153 7 150 52020 2380 51000
306900.0 16560 8.338590812657E10 5156352.02 5625590 1.421121802783145E13 5156352.02 153 7 150 52173 2387 51150
307800.0 16524 8.353735201211E10 5171471.7 5642114 1.429475537984356E13 5171471.7 153 7 150 52326 2394 51300
308700.0 16452 8.359569996936E10 5186591.37 5658566 1.437835107981293E13 5186591.37 153 7 150 52479 2401 51450
309600.0 16452 8.383971256786E10 5201711.04 5675018 1.446219079238079E13 5201711.04 153 7 150 52632 2408 51600
310500.0 16560 8.43654209425E10 5216830.7 5691578 1.45465562133233E13 5216830.7 153 7 150 52785 2415 51750
311400.0 16524 8.451577620295E10 5231950.38 5708102 1.463107198952625E13 5231950.38 153 7 150 52938 2422 51900
312300.0 16452 8.457194693647E10 5247070.05 5724554 1.471564393646272E13 5247070.05 153 7 150 53091 2429 52050
313200.0 16452 8.481595953497E10 5262189.72 5741006 1.480045989599769E13 5262189.72 153 7 150 53244 2436 52200
314100.0 16560 8.534493374071E10 5277309.39 5757566 1.48858048297384E13 5277309.39 153 7 150 53397 2443 52350
315000.0 16524 8.549420041179E10 5292429.07 5774090 1.49712990301502E13 5292429.07 153 7 150 53550 2450 52500
315900.0 16452 8.554819390357E10 5307548.74 5790542 1.505684722405377E13 5307548.74 153 7 150 53703 2457 52650
316800.0 16452 8.579220650207E10 5322668.41 5806994 1.514263943055585E13 5322668.41 153 7 150 53856 2464 52800
317700.0 16560 8.632444657492E10 5337788.08 5823554 1.522896387713076E13 5337788.08 153 7 150 54009 2471 52950
318600.0 16524 8.647263041726E10 5352907.76 5840078 1.531543650754803E13 5352907.76 153 7 150 54162 2478 53100
319500.0 16452 8.652444087073E10 5368027.43 5856530 1.540196094841876E13 5368027.43 153 7 150 54315 2485 53250
320400.0 16452 8.676845346923E10 5383147.1 5872982 1.548872940188799E13 5383147.1 153 7 150 54468 2492 53400
321300.0 16560 8.730395951929E10 5398266.8 5889542 1.557603336140728E13 5398266.8 153 7 150 54621 2499 53550
322200.0 16524 8.745105605354E10 5413387.01 5906066 1.566348441746082E13 5413387.01 153 7 150 54774 2506 53700
323100.0 16452 8.750069709754E10 5428506.69 5922518 1.575098511455836E13 5428506.69 153 7 150 54927 2513 53850
324000.0 16452 8.774470969604E10 5443626.36 5938970 1.58387298242544E13 5443626.36 153 7 150 55080 2520 54000
324900.0 16561 8.828348166755E10 5458746.03 5955531 1.592701330592195E13 5458746.03 153 7 150 55233 2527 54150
325800.0 16524 8.842948228283E10 5473865.71 5972055 1.601544278820478E13 5473865.71 153 7 150 55386 2534 54300
326700.0 16452 8.847694406475E10 5488985.38 5988507 1.610391973226952E13 5488985.38 153 7 150 55539 2541 54450
327600.0 16452 8.872095666325E10 5504105.04 6004959 1.619264068893277E13 5504105.04 153 7 150 55692 2548 54600
328500.0 16560 8.926299428738E10 5519224.71 6021519 1.628190368322015E13 5519224.71 153 7 150 55845 2555 54750
329400.0 16524 8.940790648278E10 5534344.39 6038043 1.637131158970293E13 5534344.39 153 7 150 55998 2562 54900
330300.0 16452 8.945319103196E10 5549464.06 6054495 1.646076478073489E13 5549464.06 153 7 150 56151 2569 55050
331200.0 16452 8.969720363046E10 5564583.73 6070947 1.655046198436535E13 5564583.73 153 7 150 56304 2576 55200
332100.0 16560 9.024261620731E10 5579703.4 6087507 1.664070460057266E13 5579703.4 153 7 150 56457 2583 55350
333000.0 16524 9.03863364973E10 5594823.08 6104031 1.673109093706996E13 5594823.08 153 7 150 56610 2590 55500
333900.0 16452 9.042943799917E10 5609942.75 6120483 1.682152037506914E13 5609942.75 153 7 150 56763 2597 55650
334800.0 16452 9.067345059767E10 5625062.42 6136935 1.691219382566681E13 5625062.42 153 7 150 56916 2604 55800
335700.0 16560 9.122201993801E10 5640182.09 6153495 1.700341584560482E13 5640182.09 153 7 150 57069 2611 55950
336600.0 16530 9.136475489167E10 5655301.77 6170025 1.70947806004965E13 5655301.77 153 7 150 57222 2618 56100
337500.0 16454 9.140568660395E10 5670421.64 6186479 1.718618628710045E13 5670421.64 153 7 150 57375 2625 56250
338400.0 16452 9.164970382005E10 5685541.67 6202931 1.727783599092049E13 5685541.67 153 7 150 57528 2632 56400
339300.0 16560 9.220154201133E10 5700661.35 6219491 1.737003753293182E13 5700661.35 153 7 150 57681 2639 56550
340200.0 16524 9.234319414395E10 5715781.03 6236015 1.746238072707578E13 5715781.03 153 7 150 57834 2646 56700
341100.0 16452 9.238194116876E10 5730900.7 6252467 1.755476266824454E13 5730900.7 153 7 150 57987 2653 56850
342000.0 16452 9.262595376726E10 5746020.36 6268919 1.76473886220118E13 5746020.36 153 7 150 58140 2660 57000
342900.0 16560 9.318116393131E10 5761140.03 6285479 1.774056978594311E13 5761140.03 153 7 150 58293 2667 57150
343800.0 16524 9.332161254738E10 5776259.71 6302003 1.783389139849049E13 5776259.71 153 7 150 58446 2674 57300
344700.0 16452 9.335818813603E10 5791379.38 6318455 1.792724958662652E13 5791379.38 153 7 150 58599 2681 57450
345600.0 16452 9.360220073453E10 5806499.05 6334907 1.802085178736105E13 5806499.05 153 7 150 58752 2688 57600

