# seed = 1, gamma = 0.75, beta = 1.0, dee = 100.0, dcc = 200.0, dec = 15.0, dsc = 20.0, dLocalhost = 0.015, hostBroker = EDGE, numOfCloud = 1, numOfEdge = 1, numOfSmartphone = 300 
#
# The columns have the following meaning: 
# instant[SECONDS] delayCountPartial delaySumPartial[SECONDS] delayMaxPartial[SECONDS] delayCountTot delaySumTot[SECONDS] delayMaxTot[SECONDS] runOnCloudPartial runOnEdgePartial runOnSmartphonePartial runOnCloudTot runOnEdgeTot runOnSmartphoneTot
0.0 0 0.0 0.0 0 0.0 0.0 0 0 0 0 0 0
900.0 16566 4032621.97 518.24 16566 4032621.97 518.24 3 7 300 3 7 300
1800.0 16528 4028841.57 518.24 33094 8061463.54 518.24 3 7 300 6 14 600
2700.0 16452 4025179.02 518.24 49546 1.208664256E7 518.24 3 7 300 9 21 900
3600.0 16452 4025150.57 518.24 65998 1.611179313E7 518.24 3 7 300 12 28 1200
4500.0 16566 4036343.17 518.24 82564 2.01481363E7 518.24 3 7 300 15 35 1500
5400.0 16528 4029027.26 518.24 99092 2.417716356E7 518.24 3 7 300 18 42 1800
6300.0 16452 4025179.02 518.24 115544 2.820234258E7 518.24 3 7 300 21 49 2100
7200.0 16452 4025150.57 518.24 131996 3.222749316E7 518.24 3 7 300 24 56 2400
8100.0 16566 4032628.81 518.24 148562 3.626012197E7 518.24 3 7 300 27 63 2700
9000.0 16528 4028841.57 518.24 165090 4.028896354E7 518.24 3 7 300 30 70 3000
9900.0 16452 4025179.02 518.24 181542 4.431414256E7 518.24 3 7 300 33 77 3300
10800.0 16452 4025150.57 518.24 197994 4.833929313E7 518.24 3 7 300 36 84 3600
11700.0 16566 4036361.17 518.24 214560 5.23756543E7 518.24 3 7 300 39 91 3900
12600.0 16528 4029027.26 518.24 231088 5.640468156E7 518.24 3 7 300 42 98 4200
13500.0 16452 4025179.02 518.24 247540 6.042986058E7 518.24 3 7 300 45 105 4500
14400.0 16452 4025150.57 518.24 263992 6.445501115E7 518.24 3 7 300 48 112 4800
15300.0 16566 4032619.81 518.24 280558 6.848763097E7 518.24 3 7 300 51 119 5100
16200.0 16528 4028841.57 518.24 297086 7.251647253E7 518.24 3 7 300 54 126 5400
17100.0 16452 4025179.02 518.24 313538 7.654165156E7 518.24 3 7 300 57 133 5700
18000.0 16452 4025150.57 518.24 329990 8.056680213E7 518.24 3 7 300 60 140 6000
18900.0 16566 4032628.81 518.24 346556 8.459943094E7 518.24 3 7 300 63 147 6300
19800.0 16528 4028841.57 518.24 363084 8.862827251E7 518.24 3 7 300 66 154 6600
20700.0 16452 4025179.02 518.24 379536 9.265345153E7 518.24 3 7 300 69 161 6900
21600.0 16452 4025150.57 518.24 395988 9.66786021E7 518.24 3 7 300 72 168 7200
22500.0 16566 4032610.81 518.24 412554 1.0071121292E8 518.24 3 7 300 75 175 7500
23400.0 16528 4028841.57 518.24 429082 1.0474005448E8 518.24 3 7 300 78 182 7800
24300.0 16452 4025179.02 518.24 445534 1.0876523351E8 518.24 3 7 300 81 189 8100
25200.0 16452 4025150.57 518.24 461986 1.1279038408E8 518.24 3 7 300 84 196 8400
26100.0 16566 4036370.17 518.24 478552 1.1682675425E8 518.24 3 7 300 87 203 8700
27000.0 16528 4028841.57 518.24 495080 1.2085559581E8 518.24 3 7 300 90 210 9000
27900.0 16452 4025179.02 518.24 511532 1.2488077483E8 518.24 3 7 300 93 217 9300
28800.0 16452 4025150.57 518.24 527984 1.2890592541E8 518.24 3 7 300 96 224 9600
29700.0 16566 4032628.81 518.24 544550 1.3293855422E8 518.24 3 7 300 99 231 9900
30600.0 16528 4028841.57 518.24 561078 1.3696739578E8 518.24 3 7 300 102 238 10200
31500.0 16452 4025179.02 518.24 577530 1.4099257481E8 518.24 3 7 300 105 245 10500
32400.0 16452 4025150.57 518.24 593982 1.4501772538E8 518.24 3 7 300 108 252 10800
33300.0 16566 4032619.81 518.24 610548 1.4905034519E8 518.24 3 7 300 111 259 11100
34200.0 16528 4028841.57 518.24 627076 1.5307918675E8 518.24 3 7 300 114 266 11400
35100.0 16452 4025179.02 518.24 643528 1.5710436578E8 518.24 3 7 300 117 273 11700
36000.0 16452 4025150.57 518.24 659980 1.6112951635E8 518.24 3 7 300 120 280 12000
36900.0 16566 4032628.81 518.24 676546 1.6516214516E8 518.24 3 7 300 123 287 12300
37800.0 16528 4028841.57 518.24 693074 1.6919098672E8 518.24 3 7 300 126 294 12600
38700.0 16452 4025179.02 518.24 709526 1.7321616575E8 518.24 3 7 300 129 301 12900
39600.0 16452 4025150.57 518.24 725978 1.7724131632E8 518.24 3 7 300 132 308 13200
40500.0 16566 4032619.81 518.24 742544 1.8127393613E8 518.24 3 7 300 135 315 13500
41400.0 16528 4028841.57 518.24 759072 1.853027777E8 518.24 3 7 300 138 322 13800
42300.0 16452 4025179.02 518.24 775524 1.8932795672E8 518.24 3 7 300 141 329 14100
43200.0 16452 4025150.57 518.24 791976 1.9335310729E8 518.24 3 7 300 144 336 14400
44100.0 16566 4032619.81 518.24 808542 1.973857271E8 518.24 3 7 300 147 343 14700
45000.0 16528 4028841.57 518.24 825070 2.0141456867E8 518.24 3 7 300 150 350 15000
45900.0 16452 4025179.02 518.24 841522 2.0543974769E8 518.24 3 7 300 153 357 15300
46800.0 16452 4025150.57 518.24 857974 2.0946489826E8 518.24 3 7 300 156 364 15600
47700.0 16566 4036361.17 518.24 874540 2.1350125943E8 518.24 3 7 300 159 371 15900
48600.0 16528 4028841.57 518.24 891068 2.17530101E8 518.24 3 7 300 162 378 16200
49500.0 16452 4025179.02 518.24 907520 2.2155528002E8 518.24 3 7 300 165 385 16500
50400.0 16452 4025150.57 518.24 923972 2.2558043059E8 518.24 3 7 300 168 392 16800
51300.0 16566 4032628.81 518.24 940538 2.296130594E8 518.24 3 7 300 171 399 17100
52200.0 16528 4028841.57 518.24 957066 2.3364190097E8 518.24 3 7 300 174 406 17400
53100.0 16452 4025179.02 518.24 973518 2.3766707999E8 518.24 3 7 300 177 413 17700
54000.0 16452 4025150.57 518.24 989970 2.4169223056E8 518.24 3 7 300 180 420 18000
54900.0 16566 4032619.81 518.24 1006536 2.4572485037E8 518.24 3 7 300 183 427 18300
55800.0 16528 4028841.57 518.24 1023064 2.4975369194E8 518.24 3 7 300 186 434 18600
56700.0 16452 4025179.02 518.24 1039516 2.5377887096E8 518.24 3 7 300 189 441 18900
57600.0 16452 4025150.57 518.24 1055968 2.5780402153E8 518.24 3 7 300 192 448 19200
58500.0 16566 4032628.81 518.24 1072534 2.6183665034E8 518.24 3 7 300 195 455 19500
59400.0 16528 4028841.57 518.24 1089062 2.6586549191E8 518.24 3 7 300 198 462 19800
60300.0 16452 4025179.02 518.24 1105514 2.6989067093E8 518.24 3 7 300 201 469 20100
61200.0 16452 4025150.57 518.24 1121966 2.7391582151E8 518.24 3 7 300 204 476 20400
62100.0 16566 4032619.81 518.24 1138532 2.7794844132E8 518.24 3 7 300 207 483 20700
63000.0 16528 4028841.57 518.24 1155060 2.8197728288E8 518.24 3 7 300 210 490 21000
63900.0 16452 4025179.02 518.24 1171512 2.860024619E8 518.24 3 7 300 213 497 21300
64800.0 16452 4025150.57 518.24 1187964 2.9002761248E8 518.24 3 7 300 216 504 21600
65700.0 16566 4036370.17 518.24 1204530 2.9406398264E8 518.24 3 7 300 219 511 21900
66600.0 16528 4028841.57 518.24 1221058 2.9809282421E8 518.24 3 7 300 222 518 22200
67500.0 16452 4025179.02 518.24 1237510 3.0211800323E8 518.24 3 7 300 225 525 22500
68400.0 16452 4025150.57 518.24 1253962 3.0614315381E8 518.24 3 7 300 228 532 22800
69300.0 16566 4032610.81 518.24 1270528 3.1017576462E8 518.24 3 7 300 231 539 23100
70200.0 16528 4028841.57 518.24 1287056 3.1420460618E8 518.24 3 7 300 234 546 23400
71100.0 16452 4025179.02 518.24 1303508 3.182297852E8 518.24 3 7 300 237 553 23700
72000.0 16452 4025150.57 518.24 1319960 3.2225493578E8 518.24 3 7 300 240 560 24000
72900.0 16566 4032628.81 518.24 1336526 3.2628756459E8 518.24 3 7 300 243 567 24300
73800.0 16528 4028841.57 518.24 1353054 3.3031640615E8 518.24 3 7 300 246 574 24600
74700.0 16452 4025179.02 518.24 1369506 3.3434158518E8 518.24 3 7 300 249 581 24900
75600.0 16452 4025150.57 518.24 1385958 3.3836673575E8 518.24 3 7 300 252 588 25200
76500.0 16566 4036352.17 518.24 1402524 3.4240308792E8 518.24 3 7 300 255 595 25500
77400.0 16528 4028841.57 518.24 1419052 3.4643192948E8 518.24 3 7 300 258 602 25800
78300.0 16452 4025179.02 518.24 1435504 3.504571085E8 518.24 3 7 300 261 609 26100
79200.0 16452 4025150.57 518.24 1451956 3.5448225908E8 518.24 3 7 300 264 616 26400
80100.0 16566 4032628.81 518.24 1468522 3.5851488789E8 518.24 3 7 300 267 623 26700
81000.0 16528 4029027.26 518.24 1485050 3.6254391515E8 518.24 3 7 300 270 630 27000
81900.0 16452 4025179.02 518.24 1501502 3.6656909417E8 518.24 3 7 300 273 637 27300
82800.0 16452 4025150.57 518.24 1517954 3.7059424474E8 518.24 3 7 300 276 644 27600
83700.0 16566 4036361.17 518.24 1534520 3.7463060591E8 518.24 3 7 300 279 651 27900
84600.0 16528 4028841.57 518.24 1551048 3.7865944748E8 518.24 3 7 300 282 658 28200
85500.0 16452 4025179.02 518.24 1567500 3.826846265E8 518.24 3 7 300 285 665 28500
86400.0 16452 4025150.57 518.24 1583952 3.8670977707E8 518.24 3 7 300 288 672 28800
87300.0 16566 4032619.81 518.24 1600518 3.9074239688E8 518.24 3 7 300 291 679 29100
88200.0 16528 4029018.26 518.24 1617046 3.9477141514E8 518.24 3 7 300 294 686 29400
89100.0 16452 4025179.02 518.24 1633498 3.9879659417E8 518.24 3 7 300 297 693 29700
90000.0 16452 4025150.57 518.24 1649950 4.0282174474E8 518.24 3 7 300 300 700 30000
90900.0 16566 4036352.17 518.24 1666516 4.0685809691E8 518.24 3 7 300 303 707 30300
91800.0 16528 4028832.57 518.24 1683044 4.1088692947E8 518.24 3 7 300 306 714 30600
92700.0 16452 4025179.02 518.24 1699496 4.1491210849E8 518.24 3 7 300 309 721 30900
93600.0 16452 4025150.57 518.24 1715948 4.1893725907E8 518.24 3 7 300 312 728 31200
94500.0 16566 4032619.81 518.24 1732514 4.2296987888E8 518.24 3 7 300 315 735 31500
95400.0 16528 4029018.26 518.24 1749042 4.2699889714E8 518.24 3 7 300 318 742 31800
96300.0 16452 4025179.02 518.24 1765494 4.3102407616E8 518.24 3 7 300 321 749 32100
97200.0 16452 4025150.57 518.24 1781946 4.3504922673E8 518.24 3 7 300 324 756 32400
98100.0 16566 4032610.81 518.24 1798512 4.3908183754E8 518.24 3 7 300 327 763 32700
99000.0 16528 4028832.57 518.24 1815040 4.4311067011E8 518.24 3 7 300 330 770 33000
99900.0 16452 4025179.02 518.24 1831492 4.4713584913E8 518.24 3 7 300 333 777 33300
100800.0 16452 4025150.57 518.24 1847944 4.511609997E8 518.24 3 7 300 336 784 33600
101700.0 16566 4032619.81 518.24 1864510 4.5519361951E8 518.24 3 7 300 339 791 33900
102600.0 16528 4028841.57 518.24 1881038 4.5922246108E8 518.24 3 7 300 342 798 34200
103500.0 16452 4025179.02 518.24 1897490 4.632476401E8 518.24 3 7 300 345 805 34500
104400.0 16452 4025150.57 518.24 1913942 4.6727279067E8 518.24 3 7 300 348 812 34800
105300.0 16566 4032619.81 518.24 1930508 4.7130541048E8 518.24 3 7 300 351 819 35100
106200.0 16528 4028841.57 518.24 1947036 4.7533425205E8 518.24 3 7 300 354 826 35400
107100.0 16452 4025179.02 518.24 1963488 4.7935943107E8 518.24 3 7 300 357 833 35700
108000.0 16452 4025150.57 518.24 1979940 4.8338458165E8 518.24 3 7 300 360 840 36000
108900.0 16566 4032619.81 518.24 1996506 4.8741720146E8 518.24 3 7 300 363 847 36300
109800.0 16528 4028841.57 518.24 2013034 4.9144604302E8 518.24 3 7 300 366 854 36600
110700.0 16452 4025179.02 518.24 2029486 4.9547122205E8 518.24 3 7 300 369 861 36900
111600.0 16452 4025150.57 518.24 2045938 4.9949637262E8 518.24 3 7 300 372 868 37200
112500.0 16566 4032619.81 518.24 2062504 5.0352899243E8 518.24 3 7 300 375 875 37500
113400.0 16528 4028841.57 518.24 2079032 5.0755783399E8 518.24 3 7 300 378 882 37800
114300.0 16452 4025179.02 518.24 2095484 5.1158301302E8 518.24 3 7 300 381 889 38100
115200.0 16452 4025150.57 518.24 2111936 5.1560816359E8 518.24 3 7 300 384 896 38400
116100.0 16566 4032610.81 518.24 2128502 5.196407744E8 518.24 3 7 300 387 903 38700
117000.0 16528 4028841.57 518.24 2145030 5.2366961596E8 518.24 3 7 300 390 910 39000
117900.0 16452 4025179.02 518.24 2161482 5.2769479499E8 518.24 3 7 300 393 917 39300
118800.0 16452 4025150.57 518.24 2177934 5.3171994556E8 518.24 3 7 300 396 924 39600
119700.0 16566 4032628.81 518.24 2194500 5.3575257437E8 518.24 3 7 300 399 931 39900
120600.0 16528 4028841.57 518.24 2211028 5.3978141594E8 518.24 3 7 300 402 938 40200
121500.0 16452 4025179.02 518.24 2227480 5.4380659496E8 518.24 3 7 300 405 945 40500
122400.0 16452 4025150.57 518.24 2243932 5.4783174553E8 518.24 3 7 300 408 952 40800
123300.0 16566 4032610.81 518.24 2260498 5.5186435634E8 518.24 3 7 300 411 959 41100
124200.0 16528 4028841.57 518.24 2277026 5.5589319791E8 518.24 3 7 300 414 966 41400
125100.0 16452 4025179.02 518.24 2293478 5.5991837693E8 518.24 3 7 300 417 973 41700
126000.0 16452 4025150.57 518.24 2309930 5.639435275E8 518.24 3 7 300 420 980 42000
126900.0 16566 4032628.81 518.24 2326496 5.6797615631E8 518.24 3 7 300 423 987 42300
127800.0 16528 4028841.57 518.24 2343024 5.7200499788E8 518.24 3 7 300 426 994 42600
128700.0 16452 4025179.02 518.24 2359476 5.760301769E8 518.24 3 7 300 429 1001 42900
129600.0 16452 4025150.57 518.24 2375928 5.8005532747E8 518.24 3 7 300 432 1008 43200
130500.0 16566 4032628.81 518.24 2392494 5.8408795628E8 518.24 3 7 300 435 1015 43500
131400.0 16528 4028841.57 518.24 2409022 5.8811679785E8 518.24 3 7 300 438 1022 43800
132300.0 16452 4025179.02 518.24 2425474 5.9214197687E8 518.24 3 7 300 441 1029 44100
133200.0 16452 4025150.57 518.24 2441926 5.9616712745E8 518.24 3 7 300 444 1036 44400
134100.0 16566 4032619.81 518.24 2458492 6.0019974726E8 518.24 3 7 300 447 1043 44700
135000.0 16528 4028841.57 518.24 2475020 6.0422858882E8 518.24 3 7 300 450 1050 45000
135900.0 16452 4025179.02 518.24 2491472 6.0825376784E8 518.24 3 7 300 453 1057 45300
136800.0 16452 4025150.57 518.24 2507924 6.1227891841E8 518.24 3 7 300 456 1064 45600
137700.0 16566 4032619.81 518.24 2524490 6.1631153822E8 518.24 3 7 300 459 1071 45900
138600.0 16528 4028841.57 518.24 2541018 6.2034037979E8 518.24 3 7 300 462 1078 46200
139500.0 16452 4025179.02 518.24 2557470 6.2436555881E8 518.24 3 7 300 465 1085 46500
140400.0 16452 4025150.57 518.24 2573922 6.2839070938E8 518.24 3 7 300 468 1092 46800
141300.0 16566 4032619.81 518.24 2590488 6.3242332919E8 518.24 3 7 300 471 1099 47100
142200.0 16528 4028841.57 518.24 2607016 6.3645217076E8 518.24 3 7 300 474 1106 47400
143100.0 16452 4025179.02 518.24 2623468 6.4047734978E8 518.24 3 7 300 477 1113 47700
144000.0 16452 4025150.57 518.24 2639920 6.4450250035E8 518.24 3 7 300 480 1120 48000
144900.0 16566 4032619.81 518.24 2656486 6.4853512016E8 518.24 3 7 300 483 1127 48300
145800.0 16528 4028841.57 518.24 2673014 6.5256396173E8 518.24 3 7 300 486 1134 48600
146700.0 16452 4025179.02 518.24 2689466 6.5658914075E8 518.24 3 7 300 489 1141 48900
147600.0 16452 4025150.57 518.24 2705918 6.6061429132E8 518.24 3 7 300 492 1148 49200
148500.0 16566 4032628.81 518.24 2722484 6.6464692013E8 518.24 3 7 300 495 1155 49500
149400.0 16528 4028841.57 518.24 2739012 6.686757617E8 518.24 3 7 300 498 1162 49800
150300.0 16452 4025179.02 518.24 2755464 6.7270094072E8 518.24 3 7 300 501 1169 50100
151200.0 16452 4025150.57 518.24 2771916 6.7672609129E8 518.24 3 7 300 504 1176 50400
152100.0 16566 4032610.81 518.24 2788482 6.807587021E8 518.24 3 7 300 507 1183 50700
153000.0 16528 4028841.57 518.24 2805010 6.8478754367E8 518.24 3 7 300 510 1190 51000
153900.0 16452 4025179.02 518.24 2821462 6.8881272269E8 518.24 3 7 300 513 1197 51300
154800.0 16452 4025150.57 518.24 2837914 6.9283787326E8 518.24 3 7 300 516 1204 51600
155700.0 16566 4032628.81 518.24 2854480 6.9687050207E8 518.24 3 7 300 519 1211 51900
156600.0 16528 4028841.57 518.24 2871008 7.0089934364E8 518.24 3 7 300 522 1218 52200
157500.0 16452 4025179.02 518.24 2887460 7.0492452266E8 518.24 3 7 300 525 1225 52500
158400.0 16452 4025150.57 518.24 2903912 7.0894967323E8 518.24 3 7 300 528 1232 52800
159300.0 16566 4036352.17 518.24 2920478 7.129860254E8 518.24 3 7 300 531 1239 53100
160200.0 16528 4028841.57 518.24 2937006 7.1701486696E8 518.24 3 7 300 534 1246 53400
161100.0 16452 4025179.02 518.24 2953458 7.2104004598E8 518.24 3 7 300 537 1253 53700
162000.0 16452 4025150.57 518.24 2969910 7.2506519656E8 518.24 3 7 300 540 1260 54000
162900.0 16566 4032628.81 518.24 2986476 7.2909782537E8 518.24 3 7 300 543 1267 54300
163800.0 16528 4029027.26 518.24 3003004 7.3312685263E8 518.24 3 7 300 546 1274 54600
164700.0 16452 4025179.02 518.24 3019456 7.3715203165E8 518.24 3 7 300 549 1281 54900
165600.0 16452 4025150.57 518.24 3035908 7.4117718222E8 518.24 3 7 300 552 1288 55200
166500.0 16566 4036352.17 518.24 3052474 7.4521353439E8 518.24 3 7 300 555 1295 55500
167400.0 16528 4028841.57 518.24 3069002 7.4924237595E8 518.24 3 7 300 558 1302 55800
168300.0 16452 4025179.02 518.24 3085454 7.5326755497E8 518.24 3 7 300 561 1309 56100
169200.0 16452 4025150.57 518.24 3101906 7.5729270555E8 518.24 3 7 300 564 1316 56400
170100.0 16566 4032628.81 518.24 3118472 7.6132533436E8 518.24 3 7 300 567 1323 56700
171000.0 16528 4029027.26 518.24 3135000 7.6535436162E8 518.24 3 7 300 570 1330 57000
171900.0 16452 4025179.02 518.24 3151452 7.6937954064E8 518.24 3 7 300 573 1337 57300
172800.0 16452 4025150.57 518.24 3167904 7.7340469121E8 518.24 3 7 300 576 1344 57600
173700.0 16566 4032610.81 518.24 3184470 7.7743730202E8 518.24 3 7 300 579 1351 57900
174600.0 16528 4028841.57 518.24 3200998 7.8146614359E8 518.24 3 7 300 582 1358 58200
175500.0 16452 4025179.02 518.24 3217450 7.8549132261E8 518.24 3 7 300 585 1365 58500
176400.0 16452 4025150.57 518.24 3233902 7.8951647318E8 518.24 3 7 300 588 1372 58800
177300.0 16566 4032628.81 518.24 3250468 7.9354910199E8 518.24 3 7 300 591 1379 59100
178200.0 16528 4028841.57 518.24 3266996 7.9757794355E8 518.24 3 7 300 594 1386 59400
179100.0 16452 4025179.02 518.24 3283448 8.0160312258E8 518.24 3 7 300 597 1393 59700
180000.0 16452 4025150.57 518.24 3299900 8.0562827315E8 518.24 3 7 300 600 1400 60000
180900.0 16566 4032628.81 518.24 3316466 8.0966090196E8 518.24 3 7 300 603 1407 60300
181800.0 16528 4028841.57 518.24 3332994 8.1368974352E8 518.24 3 7 300 606 1414 60600
182700.0 16452 4025179.02 518.24 3349446 8.1771492255E8 518.24 3 7 300 609 1421 60900
183600.0 16452 4025150.57 518.24 3365898 8.2174007312E8 518.24 3 7 300 612 1428 61200
184500.0 16566 4032610.81 518.24 3382464 8.2577268393E8 518.24 3 7 300 615 1435 61500
185400.0 16528 4028841.57 518.24 3398992 8.2980152549E8 518.24 3 7 300 618 1442 61800
186300.0 16452 4025179.02 518.24 3415444 8.3382670451E8 518.24 3 7 300 621 1449 62100
187200.0 16452 4025150.57 518.24 3431896 8.3785185509E8 518.24 3 7 300 624 1456 62400
188100.0 16566 4032628.81 518.24 3448462 8.418844839E8 518.24 3 7 300 627 1463 62700
189000.0 16528 4028841.57 518.24 3464990 8.4591332546E8 518.24 3 7 300 630 1470 63000
189900.0 16452 4025179.02 518.24 3481442 8.4993850448E8 518.24 3 7 300 633 1477 63300
190800.0 16452 4025150.57 518.24 3497894 8.5396365505E8 518.24 3 7 300 636 1484 63600
191700.0 16566 4032628.81 518.24 3514460 8.5799628386E8 518.24 3 7 300 639 1491 63900
192600.0 16528 4028841.57 518.24 3530988 8.6202512543E8 518.24 3 7 300 642 1498 64200
193500.0 16452 4025179.02 518.24 3547440 8.6605030445E8 518.24 3 7 300 645 1505 64500
194400.0 16452 4025150.57 518.24 3563892 8.7007545502E8 518.24 3 7 300 648 1512 64800
195300.0 16566 4032610.81 518.24 3580458 8.7410806583E8 518.24 3 7 300 651 1519 65100
196200.0 16528 4028841.57 518.24 3596986 8.781369074E8 518.24 3 7 300 654 1526 65400
197100.0 16452 4025179.02 518.24 3613438 8.8216208642E8 518.24 3 7 300 657 1533 65700
198000.0 16452 4025150.57 518.24 3629890 8.8618723699E8 518.24 3 7 300 660 1540 66000
198900.0 16566 4032628.81 518.24 3646456 8.902198658E8 518.24 3 7 300 663 1547 66300
199800.0 16528 4028841.57 518.24 3662984 8.9424870737E8 518.24 3 7 300 666 1554 66600
200700.0 16452 4025179.02 518.24 3679436 8.9827388639E8 518.24 3 7 300 669 1561 66900
201600.0 16452 4025150.57 518.24 3695888 9.0229903696E8 518.24 3 7 300 672 1568 67200
202500.0 16566 4032628.81 518.24 3712454 9.0633166577E8 518.24 3 7 300 675 1575 67500
203400.0 16528 4028841.57 518.24 3728982 9.1036050734E8 518.24 3 7 300 678 1582 67800
204300.0 16452 4025179.02 518.24 3745434 9.1438568636E8 518.24 3 7 300 681 1589 68100
205200.0 16452 4025150.57 518.24 3761886 9.1841083693E8 518.24 3 7 300 684 1596 68400
206100.0 16566 4032610.81 518.24 3778452 9.2244344774E8 518.24 3 7 300 687 1603 68700
207000.0 16528 4028841.57 518.24 3794980 9.2647228931E8 518.24 3 7 300 690 1610 69000
207900.0 16452 4025179.02 518.24 3811432 9.3049746833E8 518.24 3 7 300 693 1617 69300
208800.0 16452 4025150.57 518.24 3827884 9.345226189E8 518.24 3 7 300 696 1624 69600
209700.0 16566 4032628.81 518.24 3844450 9.3855524771E8 518.24 3 7 300 699 1631 69900
210600.0 16528 4028841.57 518.24 3860978 9.4258408927E8 518.24 3 7 300 702 1638 70200
211500.0 16452 4025179.02 518.24 3877430 9.466092683E8 518.24 3 7 300 705 1645 70500
212400.0 16452 4025150.57 518.24 3893882 9.5063441887E8 518.24 3 7 300 708 1652 70800
213300.0 16566 4032610.81 518.24 3910448 9.5466702968E8 518.24 3 7 300 711 1659 71100
214200.0 16528 4028841.57 518.24 3926976 9.5869587124E8 518.24 3 7 300 714 1666 71400
215100.0 16452 4025179.02 518.24 3943428 9.6272105027E8 518.24 3 7 300 717 1673 71700
216000.0 16452 4025150.57 518.24 3959880 9.6674620084E8 518.24 3 7 300 720 1680 72000
216900.0 16566 4032628.81 518.24 3976446 9.7077882965E8 518.24 3 7 300 723 1687 72300
217800.0 16528 4028841.57 518.24 3992974 9.7480767121E8 518.24 3 7 300 726 1694 72600
218700.0 16452 4025179.02 518.24 4009426 9.7883285023E8 518.24 3 7 300 729 1701 72900
219600.0 16452 4025150.57 518.24 4025878 9.8285800081E8 518.24 3 7 300 732 1708 73200
220500.0 16566 4032610.81 518.24 4042444 9.8689061162E8 518.24 3 7 300 735 1715 73500
221400.0 16528 4028841.57 518.24 4058972 9.9091945318E8 518.24 3 7 300 738 1722 73800
222300.0 16452 4025179.02 518.24 4075424 9.949446322E8 518.24 3 7 300 741 1729 74100
223200.0 16452 4025150.57 518.24 4091876 9.9896978277E8 518.24 3 7 300 744 1736 74400
224100.0 16566 4032628.81 518.24 4108442 1.00300241158E9 518.24 3 7 300 747 1743 74700
225000.0 16528 4028841.57 518.24 4124970 1.00703125315E9 518.24 3 7 300 750 1750 75000
225900.0 16452 4025179.02 518.24 4141422 1.01105643217E9 518.24 3 7 300 753 1757 75300
226800.0 16452 4025150.57 518.24 4157874 1.01508158274E9 518.24 3 7 300 756 1764 75600
227700.0 16566 4032610.81 518.24 4174440 1.01911419355E9 518.24 3 7 300 759 1771 75900
228600.0 16528 4028841.57 518.24 4190968 1.02314303512E9 518.24 3 7 300 762 1778 76200
229500.0 16452 4025179.02 518.24 4207420 1.02716821414E9 518.24 3 7 300 765 1785 76500
230400.0 16452 4025150.57 518.24 4223872 1.03119336471E9 518.24 3 7 300 768 1792 76800
231300.0 16566 4032628.81 518.24 4240438 1.03522599352E9 518.24 3 7 300 771 1799 77100
232200.0 16528 4028841.57 518.24 4256966 1.03925483509E9 518.24 3 7 300 774 1806 77400
233100.0 16452 4025179.02 518.24 4273418 1.04328001411E9 518.24 3 7 300 777 1813 77700
234000.0 16452 4025150.57 518.24 4289870 1.04730516468E9 518.24 3 7 300 780 1820 78000
234900.0 16566 4032610.81 518.24 4306436 1.05133777549E9 518.24 3 7 300 783 1827 78300
235800.0 16528 4028841.57 518.24 4322964 1.05536661706E9 518.24 3 7 300 786 1834 78600
236700.0 16452 4025179.02 518.24 4339416 1.05939179608E9 518.24 3 7 300 789 1841 78900
237600.0 16452 4025150.57 518.24 4355868 1.06341694665E9 518.24 3 7 300 792 1848 79200
238500.0 16566 4032628.81 518.24 4372434 1.06744957546E9 518.24 3 7 300 795 1855 79500
239400.0 16528 4028841.57 518.24 4388962 1.07147841702E9 518.24 3 7 300 798 1862 79800
240300.0 16452 4025179.02 518.24 4405414 1.07550359605E9 518.24 3 7 300 801 1869 80100
241200.0 16452 4025150.57 518.24 4421866 1.07952874662E9 518.24 3 7 300 804 1876 80400
242100.0 16566 4032610.81 518.24 4438432 1.08356135743E9 518.24 3 7 300 807 1883 80700
243000.0 16528 4028841.57 518.24 4454960 1.08759019899E9 518.24 3 7 300 810 1890 81000
243900.0 16452 4025179.02 518.24 4471412 1.09161537802E9 518.24 3 7 300 813 1897 81300
244800.0 16452 4025150.57 518.24 4487864 1.09564052859E9 518.24 3 7 300 816 1904 81600
245700.0 16566 4032628.81 518.24 4504430 1.0996731574E9 518.24 3 7 300 819 1911 81900
246600.0 16528 4028841.57 518.24 4520958 1.10370199896E9 518.24 3 7 300 822 1918 82200
247500.0 16452 4025179.02 518.24 4537410 1.10772717798E9 518.24 3 7 300 825 1925 82500
248400.0 16452 4025150.57 518.24 4553862 1.11175232856E9 518.24 3 7 300 828 1932 82800
249300.0 16566 4032619.81 518.24 4570428 1.11578494837E9 518.24 3 7 300 831 1939 83100
250200.0 16528 4028841.57 518.24 4586956 1.11981378993E9 518.24 3 7 300 834 1946 83400
251100.0 16452 4025179.02 518.24 4603408 1.12383896896E9 518.24 3 7 300 837 1953 83700
252000.0 16452 4025150.57 518.24 4619860 1.12786411953E9 518.24 3 7 300 840 1960 84000
252900.0 16566 4032619.81 518.24 4636426 1.13189673934E9 518.24 3 7 300 843 1967 84300
253800.0 16528 4028841.57 518.24 4652954 1.13592558091E9 518.24 3 7 300 846 1974 84600
254700.0 16452 4025179.02 518.24 4669406 1.13995075993E9 518.24 3 7 300 849 1981 84900
255600.0 16452 4025150.57 518.24 4685858 1.1439759105E9 518.24 3 7 300 852 1988 85200
256500.0 16566 4032619.81 518.24 4702424 1.14800853032E9 518.24 3 7 300 855 1995 85500
257400.0 16528 4028841.57 518.24 4718952 1.15203737188E9 518.24 3 7 300 858 2002 85800
258300.0 16452 4025179.02 518.24 4735404 1.1560625509E9 518.24 3 7 300 861 2009 86100
259200.0 16452 4025150.57 518.24 4751856 1.16008770147E9 518.24 3 7 300 864 2016 86400
260100.0 16566 4032619.81 518.24 4768422 1.16412032129E9 518.24 3 7 300 867 2023 86700
261000.0 16528 4028841.57 518.24 4784950 1.16814916285E9 518.24 3 7 300 870 2030 87000
261900.0 16452 4025179.02 518.24 4801402 1.17217434188E9 518.24 3 7 300 873 2037 87300
262800.0 16452 4025150.57 518.24 4817854 1.17619949245E9 518.24 3 7 300 876 2044 87600
263700.0 16566 4036361.17 518.24 4834420 1.18023585361E9 518.24 3 7 300 879 2051 87900
264600.0 16528 4028841.57 518.24 4850948 1.18426469518E9 518.24 3 7 300 882 2058 88200
265500.0 16452 4025179.02 518.24 4867400 1.1882898742E9 518.24 3 7 300 885 2065 88500
266400.0 16452 4025150.57 518.24 4883852 1.19231502477E9 518.24 3 7 300 888 2072 88800
267300.0 16566 4032619.81 518.24 4900418 1.19634764459E9 518.24 3 7 300 891 2079 89100
268200.0 16528 4029027.26 518.24 4916946 1.20037667185E9 518.24 3 7 300 894 2086 89400
269100.0 16452 4025179.02 518.24 4933398 1.20440185087E9 518.24 3 7 300 897 2093 89700
270000.0 16452 4025150.57 518.24 4949850 1.20842700144E9 518.24 3 7 300 900 2100 90000
270900.0 16566 4036370.17 518.24 4966416 1.21246337161E9 518.24 3 7 300 903 2107 90300
271800.0 16528 4028841.57 518.24 4982944 1.21649221318E9 518.24 3 7 300 906 2114 90600
272700.0 16452 4025179.02 518.24 4999396 1.2205173922E9 518.24 3 7 300 909 2121 90900
273600.0 16452 4025150.57 518.24 5015848 1.22454254277E9 518.24 3 7 300 912 2128 91200
274500.0 16566 4032610.81 518.24 5032414 1.22857515358E9 518.24 3 7 300 915 2135 91500
275400.0 16528 4029027.26 518.24 5048942 1.23260418084E9 518.24 3 7 300 918 2142 91800
276300.0 16452 4025179.02 518.24 5065394 1.23662935987E9 518.24 3 7 300 921 2149 92100
277200.0 16452 4025150.57 518.24 5081846 1.24065451044E9 518.24 3 7 300 924 2156 92400
278100.0 16566 4032628.81 518.24 5098412 1.24468713925E9 518.24 3 7 300 927 2163 92700
279000.0 16528 4028841.57 518.24 5114940 1.24871598082E9 518.24 3 7 300 930 2170 93000
279900.0 16452 4025179.02 518.24 5131392 1.25274115984E9 518.24 3 7 300 933 2177 93300
280800.0 16452 4025150.57 518.24 5147844 1.25676631041E9 518.24 3 7 300 936 2184 93600
281700.0 16566 4036361.17 518.24 5164410 1.26080267158E9 518.24 3 7 300 939 2191 93900
282600.0 16528 4028841.57 518.24 5180938 1.26483151315E9 518.24 3 7 300 942 2198 94200
283500.0 16452 4025179.02 518.24 5197390 1.26885669217E9 518.24 3 7 300 945 2205 94500
284400.0 16452 4025150.57 518.24 5213842 1.27288184274E9 518.24 3 7 300 948 2212 94800
285300.0 16566 4032619.81 518.24 5230408 1.27691446256E9 518.24 3 7 300 951 2219 95100
286200.0 16528 4029027.26 518.24 5246936 1.28094348982E9 518.24 3 7 300 954 2226 95400
287100.0 16452 4025179.02 518.24 5263388 1.28496866884E9 518.24 3 7 300 957 2233 95700
288000.0 16452 4025150.57 518.24 5279840 1.28899381941E9 518.24 3 7 300 960 2240 96000
288900.0 16566 4036370.17 518.24 5296406 1.29303018958E9 518.24 3 7 300 963 2247 96300
289800.0 16528 4028841.57 518.24 5312934 1.29705903114E9 518.24 3 7 300 966 2254 96600
290700.0 16452 4025179.02 518.24 5329386 1.30108421017E9 518.24 3 7 300 969 2261 96900
291600.0 16452 4025150.57 518.24 5345838 1.30510936074E9 518.24 3 7 300 972 2268 97200
292500.0 16566 4032628.81 518.24 5362404 1.30914198955E9 518.24 3 7 300 975 2275 97500
293400.0 16528 4029027.26 518.24 5378932 1.31317101681E9 518.24 3 7 300 978 2282 97800
294300.0 16452 4025179.02 518.24 5395384 1.31719619584E9 518.24 3 7 300 981 2289 98100
295200.0 16452 4025150.57 518.24 5411836 1.32122134641E9 518.24 3 7 300 984 2296 98400
296100.0 16566 4032610.81 518.24 5428402 1.32525395722E9 518.24 3 7 300 987 2303 98700
297000.0 16528 4028841.57 518.24 5444930 1.32928279879E9 518.24 3 7 300 990 2310 99000
297900.0 16452 4025179.02 518.24 5461382 1.33330797781E9 518.24 3 7 300 993 2317 99300
298800.0 16452 4025150.57 518.24 5477834 1.33733312838E9 518.24 3 7 300 996 2324 99600
299700.0 16566 4032628.81 518.24 5494400 1.3413657572E9 518.24 3 7 300 999 2331 99900
300600.0 16528 4028841.57 518.24 5510928 1.34539459876E9 518.24 3 7 300 1002 2338 100200
301500.0 16452 4025179.02 518.24 5527380 1.34941977778E9 518.24 3 7 300 1005 2345 100500
302400.0 16452 4025150.57 518.24 5543832 1.35344492836E9 518.24 3 7 300 1008 2352 100800
303300.0 16566 4032610.81 518.24 5560398 1.35747753917E9 518.24 3 7 300 1011 2359 101100
304200.0 16528 4028841.57 518.24 5576926 1.36150638073E9 518.24 3 7 300 1014 2366 101400
305100.0 16452 4025179.02 518.24 5593378 1.36553155975E9 518.24 3 7 300 1017 2373 101700
306000.0 16452 4025150.57 518.24 5609830 1.36955671033E9 518.24 3 7 300 1020 2380 102000
306900.0 16566 4032628.81 518.24 5626396 1.37358933914E9 518.24 3 7 300 1023 2387 102300
307800.0 16528 4028841.57 518.24 5642924 1.3776181807E9 518.24 3 7 300 1026 2394 102600
308700.0 16452 4025179.02 518.24 5659376 1.38164335972E9 518.24 3 7 300 1029 2401 102900
309600.0 16452 4025150.57 518.24 5675828 1.3856685103E9 518.24 3 7 300 1032 2408 103200
310500.0 16566 4032628.85 518.24 5692394 1.38970113915E9 518.24 3 7 300 1035 2415 103500
311400.0 16528 4028841.57 518.24 5708922 1.39372998071E9 518.24 3 7 300 1038 2422 103800
312300.0 16452 4025179.02 518.24 5725374 1.39775515974E9 518.24 3 7 300 1041 2429 104100
313200.0 16452 4025150.57 518.24 5741826 1.40178031031E9 518.24 3 7 300 1044 2436 104400
314100.0 16566 4032610.85 518.24 5758392 1.40581292116E9 518.24 3 7 300 1047 2443 104700
315000.0 16528 4028841.57 518.24 5774920 1.40984176273E9 518.24 3 7 300 1050 2450 105000
315900.0 16452 4025179.02 518.24 5791372 1.41386694175E9 518.24 3 7 300 1053 2457 105300
316800.0 16452 4025150.57 518.24 5807824 1.41789209232E9 518.24 3 7 300 1056 2464 105600
317700.0 16566 4032628.85 518.24 5824390 1.42192472117E9 518.24 3 7 300 1059 2471 105900
318600.0 16528 4029027.26 518.24 5840918 1.42595374843E9 518.24 3 7 300 1062 2478 106200
319500.0 16452 4025179.02 518.24 5857370 1.42997892746E9 518.24 3 7 300 1065 2485 106500
320400.0 16452 4025150.57 518.24 5873822 1.43400407803E9 518.24 3 7 300 1068 2492 106800
321300.0 16566 4032610.85 518.24 5890388 1.43803668888E9 518.24 3 7 300 1071 2499 107100
322200.0 16528 4028841.57 518.24 5906916 1.44206553045E9 518.24 3 7 300 1074 2506 107400
323100.0 16452 4025179.02 518.24 5923368 1.44609070947E9 518.24 3 7 300 1077 2513 107700
324000.0 16452 4025150.57 518.24 5939820 1.45011586004E9 518.24 3 7 300 1080 2520 108000
324900.0 16566 4032628.85 518.24 5956386 1.45414848889E9 518.24 3 7 300 1083 2527 108300
325800.0 16528 4028841.57 518.24 5972914 1.45817733046E9 518.24 3 7 300 1086 2534 108600
326700.0 16452 4025179.02 518.24 5989366 1.46220250948E9 518.24 3 7 300 1089 2541 108900
327600.0 16452 4025150.57 518.24 6005818 1.46622766005E9 518.24 3 7 300 1092 2548 109200
328500.0 16566 4032601.85 518.24 6022384 1.4702602619E9 518.24 3 7 300 1095 2555 109500
329400.0 16528 4028832.57 518.24 6038912 1.47428909447E9 518.24 3 7 300 1098 2562 109800
330300.0 16452 4025179.02 518.24 6055364 1.47831427349E9 518.24 3 7 300 1101 2569 110100
331200.0 16452 4025150.57 518.24 6071816 1.48233942407E9 518.24 3 7 300 1104 2576 110400
332100.0 16566 4036370.17 518.24 6088382 1.48637579423E9 518.24 3 7 300 1107 2583 110700
333000.0 16528 4029027.26 518.24 6104910 1.49040482149E9 518.24 3 7 300 1110 2590 111000
333900.0 16452 4025179.02 518.24 6121362 1.49443000052E9 518.24 3 7 300 1113 2597 111300
334800.0 16452 4025150.57 518.24 6137814 1.49845515109E9 518.24 3 7 300 1116 2604 111600
335700.0 16566 4032619.85 518.24 6154380 1.50248777094E9 518.24 3 7 300 1119 2611 111900
336600.0 16528 4028841.57 518.24 6170908 1.50651661251E9 518.24 3 7 300 1122 2618 112200
337500.0 16452 4025179.02 518.24 6187360 1.51054179153E9 518.24 3 7 300 1125 2625 112500
338400.0 16452 4025150.57 518.24 6203812 1.5145669421E9 518.24 3 7 300 1128 2632 112800
339300.0 16566 4032610.85 518.24 6220378 1.51859955295E9 518.24 3 7 300 1131 2639 113100
340200.0 16528 4029018.26 518.24 6236906 1.52262857121E9 518.24 3 7 300 1134 2646 113400
341100.0 16452 4025179.02 518.24 6253358 1.52665375024E9 518.24 3 7 300 1137 2653 113700
342000.0 16452 4025150.57 518.24 6269810 1.53067890081E9 518.24 3 7 300 1140 2660 114000
342900.0 16566 4036370.17 518.24 6286376 1.53471527098E9 518.24 3 7 300 1143 2667 114300
343800.0 16528 4028841.57 518.24 6302904 1.53874411254E9 518.24 3 7 300 1146 2674 114600
344700.0 16452 4025179.02 518.24 6319356 1.54276929156E9 518.24 3 7 300 1149 2681 114900
345600.0 16452 4025150.57 518.24 6335808 1.54679444214E9 518.24 3 7 300 1152 2688 115200

