# seed = 1, gamma = 0.75, beta = 0.25, dee = 10.0, dcc = 5.0, dec = 600.0, dsc = 2000.0, dLocalhost = 0.015, hostBroker = EDGE, numOfCloud = 1, numOfEdge = 1, numOfSmartphone = 75 
#
# The columns have the following meaning: 
# instant[SECONDS] delayCountPartial delaySumPartial[SECONDS] delayMaxPartial[SECONDS] delayCountTot delaySumTot[SECONDS] delayMaxTot[SECONDS] runOnCloudPartial runOnEdgePartial runOnSmartphonePartial runOnCloudTot runOnEdgeTot runOnSmartphoneTot
0.0 0 0.0 0.0 0 0.0 0.0 0 0 0 0 0 0
900.0 16560 1.3824205543E8 17066.94 16560 1.3824205543E8 17066.94 228 7 75 228 7 75
1800.0 16524 4.0542656989E8 33623.85 33084 5.4366862532E8 33623.85 228 7 75 456 14 150
2700.0 16452 6.7195596251E8 50180.23 49536 1.21562458782E9 50180.23 228 7 75 684 21 225
3600.0 16452 9.391741978E8 66736.6 65988 2.15479878563E9 66736.6 228 7 75 912 28 300
4500.0 16561 1.21095855264E9 83292.97 82549 3.36575733827E9 83292.97 228 7 75 1140 35 375
5400.0 16524 1.4768337704E9 99849.35 99073 4.84259110867E9 99849.35 228 7 75 1368 42 450
6300.0 16452 1.74096777431E9 116405.72 115525 6.58355888298E9 116405.72 228 7 75 1596 49 525
7200.0 16452 2.00818600961E9 132962.09 131977 8.59174489259E9 132962.09 228 7 75 1824 56 600
8100.0 16560 2.28342733796E9 149518.46 148537 1.087517223055E10 149518.46 228 7 75 2052 63 675
9000.0 16524 2.54822387627E9 166074.84 165061 1.342339610682E10 166074.84 228 7 75 2280 70 750
9900.0 16452 2.80997958638E9 182631.21 181513 1.62333756932E10 182631.21 228 7 75 2508 77 825
10800.0 16452 3.07719782167E9 199187.57 197965 1.931057351488E10 199187.57 228 7 75 2736 84 900
11700.0 16560 3.35613454711E9 215743.94 214525 2.266670806199E10 215743.94 228 7 75 2964 91 975
12600.0 16524 3.61962562959E9 232300.32 231049 2.628633369158E10 232300.32 228 7 75 3192 98 1050
13500.0 16452 3.87899139844E9 248856.69 247501 3.016532509002E10 248856.69 228 7 75 3420 105 1125
14400.0 16452 4.14620963374E9 265413.06 263953 3.431153472376E10 265413.06 228 7 75 3648 112 1200
15300.0 16560 4.42860330569E9 281969.43 280513 3.874013802945E10 281969.43 228 7 75 3876 119 1275
16200.0 16524 4.69101573547E9 298525.81 297037 4.343115376491E10 298525.81 228 7 75 4104 126 1350
17100.0 16452 4.94800321051E9 315082.18 313489 4.837915697542E10 315082.18 228 7 75 4332 133 1425
18000.0 16458 5.21522170735E9 331638.55 329947 5.359437868277E10 331638.55 228 7 75 4560 140 1500
18900.0 16562 5.50119422756E9 348195.37 346509 5.909557291033E10 348195.37 228 7 75 4788 147 1575
19800.0 16524 5.7624197032E9 364751.87 363033 6.485799261353E10 364751.87 228 7 75 5016 154 1650
20700.0 16452 6.01702426093E9 381308.24 379485 7.087501687446E10 381308.24 228 7 75 5244 161 1725
21600.0 16452 6.28424249623E9 397864.61 395937 7.715925937069E10 397864.61 228 7 75 5472 168 1800
22500.0 16560 6.57378854268E9 414420.98 412497 8.373304791337E10 414420.98 228 7 75 5700 175 1875
23400.0 16524 6.83381685363E9 430977.36 429021 9.0566864767E10 430977.36 228 7 75 5928 182 1950
24300.0 16452 7.086036073E9 447533.73 445473 9.765290084E10 447533.73 228 7 75 6156 189 2025
25200.0 16452 7.35325430829E9 464090.1 461925 1.0500615514829E11 464090.1 228 7 75 6384 196 2100
26100.0 16560 7.64649578783E9 480646.46 478485 1.1265265093612E11 480646.46 228 7 75 6612 203 2175
27000.0 16524 7.90521278355E9 497202.84 495009 1.2055786371967E11 497202.84 228 7 75 6840 210 2250
27900.0 16452 8.15504788539E9 513759.21 511461 1.2871291160505E11 513759.21 228 7 75 7068 217 2325
28800.0 16452 8.42226612069E9 530315.58 527913 1.3713517772574E11 530315.58 228 7 75 7296 224 2400
29700.0 16560 8.7189645378E9 546871.95 544473 1.4585414226355E11 546871.95 228 7 75 7524 231 2475
30600.0 16524 8.97660870467E9 563428.33 560997 1.5483075096822E11 563428.33 228 7 75 7752 238 2550
31500.0 16452 9.22405969799E9 579984.7 577449 1.6405481066621E11 579984.7 228 7 75 7980 245 2625
32400.0 16452 9.4912779333E9 596541.07 593901 1.7354608859951E11 596541.07 228 7 75 8208 252 2700
33300.0 16560 9.79155251772E9 613097.44 610461 1.8333764111722E11 613097.44 228 7 75 8436 259 2775
34200.0 16524 1.004800464387E10 629653.82 626985 1.933856457611E11 629653.82 228 7 75 8664 266 2850
35100.0 16453 1.029307151065E10 646210.19 643438 2.0367871727175E11 646210.19 228 7 75 8892 273 2925
36000.0 16452 1.056029127342E10 662766.75 659890 2.1423900854517E11 662766.75 228 7 75 9120 280 3000
36900.0 16560 1.086414672552E10 679323.49 676450 2.2510315527069E11 679323.49 228 7 75 9348 287 3075
37800.0 16524 1.111940983267E10 695879.88 692974 2.3622256510336E11 695879.88 228 7 75 9576 294 3150
38700.0 16452 1.136209256137E10 712436.25 709426 2.4758465766473E11 712436.25 228 7 75 9804 301 3225
39600.0 16452 1.162931079668E10 728992.62 725878 2.592139684614E11 728992.62 228 7 75 10032 308 3300
40500.0 16560 1.193673776461E10 745548.99 742438 2.7115070622601E11 745548.99 228 7 75 10260 315 3375
41400.0 16524 1.219080576298E10 762105.36 758962 2.8334151198899E11 762105.36 228 7 75 10488 322 3450
42300.0 16452 1.243110437414E10 778661.73 775414 2.9577261636313E11 778661.73 228 7 75 10716 329 3525
43200.0 16452 1.269832260945E10 795218.1 791866 3.0847093897258E11 795218.1 228 7 75 10944 336 3600
44100.0 16560 1.300932574468E10 811774.47 808426 3.2148026471726E11 811774.47 228 7 75 11172 343 3675
45000.0 16524 1.326220169328E10 828330.85 824950 3.3474246641054E11 828330.85 228 7 75 11400 350 3750
45900.0 16452 1.350011618697E10 844887.22 841402 3.4824258259751E11 844887.22 228 7 75 11628 357 3825
46800.0 16452 1.376733442227E10 861443.59 857854 3.6200991701978E11 861443.59 228 7 75 11856 364 3900
47700.0 16560 1.408203299055E10 877999.96 874414 3.7609195001034E11 877999.96 228 7 75 12084 371 3975
48600.0 16524 1.433359761475E10 894556.34 890938 3.9042554762509E11 894556.34 228 7 75 12312 378 4050
49500.0 16452 1.45691279999E10 911112.71 907390 4.0499467562499E11 911112.71 228 7 75 12540 385 4125
50400.0 16452 1.483634623521E10 927669.08 923842 4.198310218602E11 927669.08 228 7 75 12768 392 4200
51300.0 16560 1.515450173205E10 944225.45 940402 4.3498552359224E11 944225.45 228 7 75 12996 399 4275
52200.0 16524 1.540499355422E10 960781.83 956926 4.5039051714647E11 960781.83 228 7 75 13224 406 4350
53100.0 16452 1.563813981283E10 977338.2 973378 4.660286569593E11 977338.2 228 7 75 13452 413 4425
54000.0 16452 1.590536137084E10 993895.13 989830 4.8193401833014E11 993895.13 228 7 75 13680 420 4500
54900.0 16560 1.622709902337E10 1010451.51 1006390 4.9816111735351E11 1010451.51 228 7 75 13908 427 4575
55800.0 16524 1.647639877639E10 1027007.89 1022914 5.1463751612989E11 1027007.89 228 7 75 14136 434 4650
56700.0 16452 1.670716089679E10 1043564.26 1039366 5.3134467702668E11 1043564.26 228 7 75 14364 441 4725
57600.0 16452 1.69743791321E10 1060120.63 1055818 5.4831905615878E11 1060120.63 228 7 75 14592 448 4800
58500.0 16560 1.729968701256E10 1076677.0 1072378 5.6561874317133E11 1076677.0 228 7 75 14820 455 4875
59400.0 16524 1.754779470681E10 1093233.37 1088902 5.8316653787814E11 1093233.37 228 7 75 15048 462 4950
60300.0 16452 1.777617270967E10 1109789.74 1105354 6.0094271058781E11 1109789.74 228 7 75 15276 469 5025
61200.0 16452 1.804339094498E10 1126346.11 1121806 6.1898610153279E11 1126346.11 228 7 75 15504 476 5100
62100.0 16560 1.837227500175E10 1142902.48 1138366 6.3735837653454E11 1142902.48 228 7 75 15732 483 5175
63000.0 16524 1.861919063723E10 1159458.86 1154890 6.5597756717176E11 1159458.86 228 7 75 15960 490 5250
63900.0 16452 1.884518452255E10 1176015.23 1171342 6.7482275169432E11 1176015.23 228 7 75 16188 497 5325
64800.0 16452 1.911240275786E10 1192571.6 1187794 6.9393515445218E11 1192571.6 228 7 75 16416 504 5400
65700.0 16560 1.944498223868E10 1209127.97 1204354 7.1338013669086E11 1209127.97 228 7 75 16644 511 5475
66600.0 16524 1.969058656765E10 1225684.35 1220878 7.330707232585E11 1225684.35 228 7 75 16872 518 5550
67500.0 16452 1.991419633544E10 1242240.72 1237330 7.5298491959394E11 1242240.72 228 7 75 17100 525 5625
68400.0 16452 2.018141457075E10 1258797.09 1253782 7.7316633416469E11 1258797.09 228 7 75 17328 532 5700
69300.0 16560 2.051745097112E10 1275353.46 1270342 7.9368378513581E11 1275353.46 228 7 75 17556 539 5775
70200.0 16524 2.076198248906E10 1291909.84 1286866 8.1444576762488E11 1291909.84 228 7 75 17784 546 5850
71100.0 16452 2.098320977255E10 1308466.55 1303318 8.3542897739743E11 1308466.55 228 7 75 18012 553 5925
72000.0 16452 2.125043377655E10 1325023.14 1319770 8.5667941117398E11 1325023.14 228 7 75 18240 560 6000
72900.0 16560 2.159004821986E10 1341579.51 1336330 8.7826945939384E11 1341579.51 228 7 75 18468 567 6075
73800.0 16524 2.183338766876E10 1358135.89 1352854 9.001028470626E11 1358135.89 228 7 75 18696 574 6150
74700.0 16452 2.205222918092E10 1374692.26 1369306 9.2215507624352E11 1374692.26 228 7 75 18924 581 6225
75600.0 16452 2.231944741623E10 1391248.63 1385758 9.4447452365974E11 1391248.63 228 7 75 19152 588 6300
76500.0 16560 2.26627554478E10 1407805.0 1402318 9.6713727910754E11 1407805.0 228 7 75 19380 595 6375
77400.0 16524 2.290478359918E10 1424361.38 1418842 9.9004206270671E11 1424361.38 228 7 75 19608 602 6450
78300.0 16452 2.31212409938E10 1440917.75 1435294 1.01316330370051E12 1440917.75 228 7 75 19836 609 6525
79200.0 16452 2.338845922911E10 1457474.12 1451746 1.03655176292962E12 1457474.12 228 7 75 20064 616 6600
80100.0 16560 2.373522418924E10 1474030.49 1468306 1.06028698711886E12 1474030.49 228 7 75 20292 623 6675
81000.0 16524 2.397618535332E10 1490586.87 1484830 1.08426317247218E12 1490586.87 228 7 75 20520 630 6750
81900.0 16452 2.419025280663E10 1507143.24 1501282 1.10845342527881E12 1507143.24 228 7 75 20748 637 6825
82800.0 16452 2.445747104194E10 1523699.61 1517734 1.13291089632075E12 1523699.61 228 7 75 20976 644 6900
83700.0 16560 2.480793143512E10 1540255.98 1534294 1.15771882775587E12 1540255.98 228 7 75 21204 651 6975
84600.0 16524 2.504757545996E10 1556812.36 1550818 1.18276640321583E12 1556812.36 228 7 75 21432 658 7050
85500.0 16452 2.525926461946E10 1573368.72 1567270 1.20802566783529E12 1573368.72 228 7 75 21660 665 7125
86400.0 16452 2.552648285477E10 1589925.09 1583722 1.23355215069006E12 1589925.09 228 7 75 21888 672 7200
87300.0 16566 2.588040015851E10 1606481.46 1600288 1.25943255084856E12 1606481.46 228 7 75 22116 679 7275
88200.0 16527 2.611897776287E10 1623037.91 1616815 1.28555152861144E12 1623037.91 228 7 75 22344 686 7350
89100.0 16452 2.632828027591E10 1639594.78 1633267 1.31187980888735E12 1639594.78 228 7 75 22572 693 7425
90000.0 16452 2.659550391648E10 1656151.15 1649719 1.33847531280383E12 1656151.15 228 7 75 22800 700 7500
90900.0 16560 2.69531166842E10 1672707.52 1666279 1.36542842948803E12 1672707.52 228 7 75 23028 707 7575
91800.0 16524 2.719037658125E10 1689263.9 1682803 1.39261880606929E12 1689263.9 228 7 75 23256 714 7650
92700.0 16452 2.739729749405E10 1705820.27 1699255 1.42001610356334E12 1705820.27 228 7 75 23484 721 7725
93600.0 16452 2.766451572936E10 1722376.64 1715707 1.4476806192927E12 1722376.64 228 7 75 23712 728 7800
94500.0 16560 2.802558542565E10 1738933.01 1732267 1.47570620471835E12 1738933.01 228 7 75 23940 735 7875
95400.0 16524 2.82617783354E10 1755489.39 1748791 1.50396798305375E12 1755489.39 228 7 75 24168 742 7950
96300.0 16452 2.846630930694E10 1772045.76 1765243 1.53243429236069E12 1772045.76 228 7 75 24396 749 8025
97200.0 16452 2.873352754225E10 1788602.13 1781695 1.56116781990293E12 1788602.13 228 7 75 24624 756 8100
98100.0 16560 2.909817341484E10 1805158.5 1798255 1.59026599331777E12 1805158.5 228 7 75 24852 763 8175
99000.0 16524 2.933316844209E10 1821714.88 1814779 1.61959916175986E12 1821714.88 228 7 75 25080 770 8250
99900.0 16452 2.953532111982E10 1838271.25 1831231 1.64913448287969E12 1838271.25 228 7 75 25308 777 8325
100800.0 16452 2.980253935513E10 1854827.62 1847683 1.67893702223482E12 1854827.62 228 7 75 25536 784 8400
101700.0 16560 3.017076140402E10 1871383.98 1864243 1.70910778363884E12 1871383.98 228 7 75 25764 791 8475
102600.0 16524 3.040456438151E10 1887940.36 1880767 1.73951234802036E12 1887940.36 228 7 75 25992 798 8550
103500.0 16452 3.060433293271E10 1904496.73 1897219 1.77011668095306E12 1904496.73 228 7 75 26220 805 8625
104400.0 16452 3.087155116802E10 1921053.1 1913671 1.80098823212108E12 1921053.1 228 7 75 26448 812 8700
105300.0 16561 3.124334959829E10 1937609.47 1930232 1.83223158171937E12 1937609.47 228 7 75 26676 819 8775
106200.0 16524 3.147596260427E10 1954166.33 1946756 1.86370754432364E12 1954166.33 228 7 75 26904 826 8850
107100.0 16452 3.167335323753E10 1970722.79 1963208 1.89538089756116E12 1970722.79 228 7 75 27132 833 8925
108000.0 16452 3.194057221523E10 1987279.16 1979660 1.9273214697764E12 1987279.16 228 7 75 27360 840 9000
108900.0 16560 3.231594664763E10 2003835.53 1996220 1.95963741642403E12 2003835.53 228 7 75 27588 847 9075
109800.0 16524 3.254736549734E10 2020391.91 2012744 1.99218478192136E12 2020391.91 228 7 75 27816 854 9150
110700.0 16452 3.274236579292E10 2036948.28 2029196 2.02492714771428E12 2036948.28 228 7 75 28044 861 9225
111600.0 16452 3.30095840282E10 2053504.65 2045648 2.05793673174248E12 2053504.65 228 7 75 28272 868 9300
112500.0 16560 3.338853464583E10 2070061.02 2062208 2.09132526638831E12 2070061.02 228 7 75 28500 875 9375
113400.0 16524 3.361876141871E10 2086617.4 2078732 2.12494402780702E12 2086617.4 228 7 75 28728 882 9450
114300.0 16452 3.38113776057E10 2103173.77 2095184 2.15875540541272E12 2103173.77 228 7 75 28956 889 9525
115200.0 16452 3.407859584094E10 2119730.14 2111636 2.19283400125366E12 2119730.14 228 7 75 29184 896 9600
116100.0 16560 3.446112261688E10 2136286.51 2128196 2.22729512387054E12 2136286.51 228 7 75 29412 903 9675
117000.0 16524 3.469015735799E10 2152842.88 2144720 2.26198528122853E12 2152842.88 228 7 75 29640 910 9750
117900.0 16452 3.488038941844E10 2169399.25 2161172 2.29686567064697E12 2169399.25 228 7 75 29868 917 9825
118800.0 16452 3.514760765369E10 2185955.62 2177624 2.33201327830066E12 2185955.62 228 7 75 30096 924 9900
119700.0 16560 3.553371063293E10 2202511.99 2194184 2.36754698893359E12 2202511.99 228 7 75 30324 931 9975
120600.0 16524 3.576155327927E10 2219068.37 2210708 2.40330854221286E12 2219068.37 228 7 75 30552 938 10050
121500.0 16452 3.594940123119E10 2235624.74 2227160 2.43925794344405E12 2235624.74 228 7 75 30780 945 10125
122400.0 16452 3.621661946643E10 2252181.11 2243612 2.47547456291048E12 2252181.11 228 7 75 31008 952 10200
123300.0 16560 3.660629994683E10 2268737.68 2260172 2.51208086285732E12 2268737.68 228 7 75 31236 959 10275
124200.0 16524 3.683295425674E10 2285294.42 2276696 2.54891381711405E12 2285294.42 228 7 75 31464 966 10350
125100.0 16452 3.701842228067E10 2301850.8 2293148 2.58593223939472E12 2301850.8 228 7 75 31692 973 10425
126000.0 16452 3.728564051592E10 2318407.17 2309600 2.62321787991064E12 2318407.17 228 7 75 31920 980 10500
126900.0 16560 3.767889586966E10 2334963.54 2326160 2.6608967757803E12 2334963.54 228 7 75 32148 987 10575
127800.0 16524 3.790435440617E10 2351519.92 2342684 2.69880113018648E12 2351519.92 228 7 75 32376 994 10650
128700.0 16452 3.808743409342E10 2368076.29 2359136 2.73688856427989E12 2368076.29 228 7 75 32604 1001 10725
129600.0 16452 3.835465232866E10 2384632.66 2375588 2.77524321660856E12 2384632.66 228 7 75 32832 1008 10800
130500.0 16560 3.875148386771E10 2401189.03 2392148 2.81399470047627E12 2401189.03 228 7 75 33060 1015 10875
131400.0 16524 3.897575032746E10 2417745.4 2408672 2.85297045080373E12 2417745.4 228 7 75 33288 1022 10950
132300.0 16452 3.915644590616E10 2434301.77 2425124 2.89212689670989E12 2434301.77 228 7 75 33516 1029 11025
133200.0 16452 3.942366414141E10 2450858.14 2441576 2.93155056085129E12 2450858.14 228 7 75 33744 1036 11100
134100.0 16560 3.982407184776E10 2467414.51 2458136 2.97137463269906E12 2467414.51 228 7 75 33972 1043 11175
135000.0 16524 4.004714626674E10 2483970.89 2474660 3.01142177896579E12 2483970.89 228 7 75 34200 1050 11250
135900.0 16452 4.022545771891E10 2500527.26 2491112 3.0516472366847E12 2500527.26 228 7 75 34428 1057 11325
136800.0 16452 4.049267595415E10 2517083.63 2507564 3.09213991263885E12 2517083.63 228 7 75 34656 1064 11400
137700.0 16560 4.089665982781E10 2533640.0 2524124 3.13303657246666E12 2533640.0 228 7 75 34884 1071 11475
138600.0 16524 4.111854218802E10 2550196.38 2540648 3.17415511465468E12 2550196.38 228 7 75 35112 1078 11550
139500.0 16452 4.129446953165E10 2566752.75 2557100 3.21544958418633E12 2566752.75 228 7 75 35340 1085 11625
140400.0 16452 4.15616877669E10 2583309.12 2573552 3.25701127195323E12 2583309.12 228 7 75 35568 1092 11700
141300.0 16560 4.196925098803E10 2599866.05 2590112 3.29898052294127E12 2599866.05 228 7 75 35796 1099 11775
142200.0 16524 4.21899474191E10 2616422.44 2606636 3.34117047036037E12 2616422.44 228 7 75 36024 1106 11850
143100.0 16452 4.236349061553E10 2632978.81 2623088 3.3835339609759E12 2632978.81 228 7 75 36252 1113 11925
144000.0 16453 4.263070885077E10 2649535.18 2639541 3.42616466982667E12 2649535.18 228 7 75 36480 1120 12000
144900.0 16560 4.304184511705E10 2666091.55 2656101 3.46920651494372E12 2666091.55 228 7 75 36708 1127 12075
145800.0 16524 4.326134334038E10 2682647.93 2672625 3.5124678582841E12 2682647.93 228 7 75 36936 1134 12150
146700.0 16452 4.343250242827E10 2699204.3 2689077 3.55590036071237E12 2699204.3 228 7 75 37164 1141 12225
147600.0 16452 4.369972066352E10 2715760.67 2705529 3.59960008137589E12 2715760.67 228 7 75 37392 1148 12300
148500.0 16560 4.41144331061E10 2732317.04 2722089 3.64371451448199E12 2732317.04 228 7 75 37620 1155 12375
149400.0 16524 4.433273927967E10 2748873.41 2738613 3.68804725376166E12 2748873.41 228 7 75 37848 1162 12450
150300.0 16452 4.450151424102E10 2765429.78 2755065 3.73254876800267E12 2765429.78 228 7 75 38076 1169 12525
151200.0 16452 4.476873247626E10 2781986.15 2771517 3.77731750047894E12 2781986.15 228 7 75 38304 1176 12600
152100.0 16560 4.518702108615E10 2798542.52 2788077 3.82250452156509E12 2798542.52 228 7 75 38532 1183 12675
153000.0 16524 4.5404135201E10 2815098.9 2804601 3.86790865676609E12 2815098.9 228 7 75 38760 1190 12750
153900.0 16452 4.557052605382E10 2831655.27 2821053 3.9134791828199E12 2831655.27 228 7 75 38988 1197 12825
154800.0 16452 4.583774428906E10 2848211.64 2837505 3.95931692710897E12 2848211.64 228 7 75 39216 1204 12900
155700.0 16560 4.625960908425E10 2864768.01 2854065 4.00557653619322E12 2864768.01 228 7 75 39444 1211 12975
156600.0 16524 4.647553114034E10 2881324.39 2870589 4.05205206733355E12 2881324.39 228 7 75 39672 1218 13050
157500.0 16458 4.663953786656E10 2897880.76 2887047 4.09869160520012E12 2897880.76 228 7 75 39900 1225 13125
158400.0 16454 4.690675791357E10 2914437.48 2903501 4.14559836311369E12 2914437.48 228 7 75 40128 1232 13200
159300.0 16560 4.733232397458E10 2930994.06 2920061 4.19293068708827E12 2930994.06 228 7 75 40356 1239 13275
160200.0 16524 4.754693630227E10 2947550.45 2936585 4.24047762339054E12 2947550.45 228 7 75 40584 1246 13350
161100.0 16452 4.77085588994E10 2964106.82 2953037 4.28818618228994E12 2964106.82 228 7 75 40812 1253 13425
162000.0 16452 4.797577713465E10 2980663.19 2969489 4.33616195942459E12 2980663.19 228 7 75 41040 1260 13500
162900.0 16560 4.840479430429E10 2997219.56 2986049 4.38456675372888E12 2997219.56 228 7 75 41268 1267 13575
163800.0 16524 4.861833807417E10 3013775.93 3002573 4.43318509180305E12 3013775.93 228 7 75 41496 1274 13650
164700.0 16452 4.877757071204E10 3030332.3 3019025 4.48196266251509E12 3030332.3 228 7 75 41724 1281 13725
165600.0 16452 4.904478894729E10 3046888.67 3035477 4.53100745146238E12 3046888.67 228 7 75 41952 1288 13800
166500.0 16560 4.947750154097E10 3063445.04 3052037 4.58048495300335E12 3063445.04 228 7 75 42180 1295 13875
167400.0 16524 4.968972817162E10 3080001.42 3068561 4.63017468117497E12 3080001.42 228 7 75 42408 1302 13950
168300.0 16452 4.984658252468E10 3096557.79 3085013 4.68002126369964E12 3096557.79 228 7 75 42636 1309 14025
169200.0 16452 5.011380075992E10 3113114.16 3101465 4.73013506445957E12 3113114.16 228 7 75 42864 1316 14100
170100.0 16560 5.054997028217E10 3129670.53 3118025 4.78068503474174E12 3129670.53 228 7 75 43092 1323 14175
171000.0 16524 5.076112992552E10 3146226.91 3134549 4.83144616466725E12 3146226.91 228 7 75 43320 1330 14250
171900.0 16452 5.091559433731E10 3162783.28 3151001 4.88236175900457E12 3162783.28 228 7 75 43548 1337 14325
172800.0 16452 5.118281257256E10 3179339.65 3167453 4.93354457157713E12 3179339.65 228 7 75 43776 1344 14400
173700.0 16560 5.162255827111E10 3195896.02 3184013 4.98516712984824E12 3195896.02 228 7 75 44004 1351 14475
174600.0 16525 5.183252003197E10 3212452.4 3200538 5.03699964988021E12 3212452.4 228 7 75 44232 1358 14550
175500.0 16452 5.1984606765E10 3229008.84 3216990 5.08898425664521E12 3229008.84 228 7 75 44460 1365 14625
176400.0 16452 5.225182828766E10 3245565.7 3233442 5.14123608493287E12 3245565.7 228 7 75 44688 1372 14700
177300.0 16560 5.269515554743E10 3262122.08 3250002 5.1939312404803E12 3262122.08 228 7 75 44916 1379 14775
178200.0 16524 5.290392523021E10 3278678.46 3266526 5.24683516571051E12 3278678.46 228 7 75 45144 1386 14850
179100.0 16452 5.305362721004E10 3295234.83 3282978 5.29988879292055E12 3295234.83 228 7 75 45372 1393 14925
180000.0 16452 5.332084544528E10 3311791.19 3299430 5.35320963836584E12 3311791.19 228 7 75 45600 1400 15000
180900.0 16560 5.376774354537E10 3328347.56 3315990 5.40697738191121E12 3328347.56 228 7 75 45828 1407 15075
181800.0 16524 5.397532116033E10 3344903.94 3332514 5.46095270307154E12 3344903.94 228 7 75 46056 1414 15150
182700.0 16452 5.412263902262E10 3361460.31 3348966 5.51507534209416E12 3361460.31 228 7 75 46284 1421 15225
183600.0 16452 5.438985725787E10 3378016.68 3365418 5.56946519935202E12 3378016.68 228 7 75 46512 1428 15300
184500.0 16560 5.484033150726E10 3394573.05 3381978 5.62430553085928E12 3394573.05 228 7 75 46740 1435 15375
185400.0 16524 5.504671709045E10 3411129.43 3398502 5.67935224794973E12 3411129.43 228 7 75 46968 1442 15450
186300.0 16452 5.51916508352E10 3427685.8 3414954 5.73454389878494E12 3427685.8 228 7 75 47196 1449 15525
187200.0 16452 5.545886907045E10 3444242.17 3431406 5.79000276785539E12 3444242.17 228 7 75 47424 1456 15600
188100.0 16560 5.591291952315E10 3460798.54 3447966 5.84591568737853E12 3460798.54 228 7 75 47652 1463 15675
189000.0 16524 5.611811302057E10 3477354.92 3464490 5.9020338003991E12 3477354.92 228 7 75 47880 1470 15750
189900.0 16452 5.626066264779E10 3493911.29 3480942 5.95829446304688E12 3493911.29 228 7 75 48108 1477 15825
190800.0 16452 5.652788088303E10 3510467.66 3497394 6.01482234392992E12 3510467.66 228 7 75 48336 1484 15900
191700.0 16560 5.698550750303E10 3527024.02 3513954 6.07180785143295E12 3527024.02 228 7 75 48564 1491 15975
192600.0 16524 5.718950895069E10 3543580.4 3530478 6.12899736038364E12 3543580.4 228 7 75 48792 1498 16050
193500.0 16452 5.732967720368E10 3560137.26 3546930 6.18632703758731E12 3560137.26 228 7 75 49020 1505 16125
194400.0 16452 5.759690130059E10 3576693.71 3563382 6.2439239388879E12 3576693.71 228 7 75 49248 1512 16200
195300.0 16560 5.805810475248E10 3593250.08 3579942 6.30198204364038E12 3593250.08 228 7 75 49476 1519 16275
196200.0 16524 5.826091414007E10 3609806.46 3596466 6.36024295778045E12 3609806.46 228 7 75 49704 1526 16350
197100.0 16452 5.839869551161E10 3626362.83 3612918 6.41864165329206E12 3626362.83 228 7 75 49932 1533 16425
198000.0 16452 5.866591374686E10 3642919.2 3629370 6.47730756703892E12 3642919.2 228 7 75 50160 1540 16500
198900.0 16560 5.913069275037E10 3659475.57 3645930 6.53643825978929E12 3659475.57 228 7 75 50388 1547 16575
199800.0 16524 5.933231007019E10 3676031.95 3662454 6.59577056985948E12 3676031.95 228 7 75 50616 1554 16650
200700.0 16452 5.94677073242E10 3692588.32 3678906 6.65523827718367E12 3692588.32 228 7 75 50844 1561 16725
201600.0 16452 5.973492555944E10 3709144.69 3695358 6.71497320274312E12 3709144.69 228 7 75 51072 1568 16800
202500.0 16560 6.020328074825E10 3725701.06 3711918 6.77517648349137E12 3725701.06 228 7 75 51300 1575 16875
203400.0 16524 6.04037060003E10 3742257.44 3728442 6.83558018949168E12 3742257.44 228 7 75 51528 1582 16950
204300.0 16452 6.053671913678E10 3758813.81 3744894 6.89611690862846E12 3758813.81 228 7 75 51756 1589 17025
205200.0 16452 6.080393737203E10 3775370.18 3761346 6.95692084600048E12 3775370.18 228 7 75 51984 1596 17100
206100.0 16560 6.127586871014E10 3791926.55 3777906 7.01819671471062E12 3791926.55 228 7 75 52212 1603 17175
207000.0 16524 6.147510193032E10 3808482.92 3794430 7.07967181664094E12 3808482.92 228 7 75 52440 1610 17250
207900.0 16452 6.160573094925E10 3825039.29 3810882 7.14127754759019E12 3825039.29 228 7 75 52668 1617 17325
208800.0 16452 6.18729491845E10 3841595.66 3827334 7.20315049677469E12 3841595.66 228 7 75 52896 1624 17400
209700.0 16560 6.234845672592E10 3858152.03 3843894 7.26549895350061E12 3858152.03 228 7 75 53124 1631 17475
210600.0 16524 6.25464984329E10 3874708.62 3860418 7.32804545193352E12 3874708.62 228 7 75 53352 1638 17550
211500.0 16452 6.267474901515E10 3891265.35 3876870 7.39072020094867E12 3891265.35 228 7 75 53580 1645 17625
212400.0 16452 6.294197023235E10 3907821.72 3893322 7.45366217118102E12 3907821.72 228 7 75 53808 1652 17700
213300.0 16560 6.342105395396E10 3924378.09 3909882 7.51708322513498E12 3924378.09 228 7 75 54036 1659 17775
214200.0 16524 6.361790304619E10 3940934.47 3926406 7.58070112818117E12 3940934.47 228 7 75 54264 1666 17850
215100.0 16452 6.374376380947E10 3957490.84 3942858 7.64444489199064E12 3957490.84 228 7 75 54492 1673 17925
216000.0 16452 6.401098204471E10 3974047.21 3959310 7.70845587403535E12 3974047.21 228 7 75 54720 1680 18000
216900.0 16560 6.449364196963E10 3990603.58 3975870 7.77294951600498E12 3990603.58 228 7 75 54948 1687 18075
217800.0 16524 6.46892989761E10 4007159.96 3992394 7.83763881498108E12 4007159.96 228 7 75 55176 1694 18150
218700.0 16452 6.481277562183E10 4023716.33 4008846 7.90245159060291E12 4023716.33 228 7 75 55404 1701 18225
219600.0 16452 6.507999385708E10 4040272.7 4025298 7.96753158445999E12 4040272.7 228 7 75 55632 1708 18300
220500.0 16560 6.55662299403E10 4056829.07 4041858 8.03309781440029E12 4056829.07 228 7 75 55860 1715 18375
221400.0 16524 6.5760694906E10 4073385.44 4058382 8.09885850930629E12 4073385.44 228 7 75 56088 1722 18450
222300.0 16452 6.588178743415E10 4089941.81 4074834 8.16474029674043E12 4089941.81 228 7 75 56316 1729 18525
223200.0 16452 6.61490056694E10 4106498.18 4091286 8.23088930240983E12 4106498.18 228 7 75 56544 1736 18600
224100.0 16560 6.663881793792E10 4123054.55 4107846 8.29752812034775E12 4123054.55 228 7 75 56772 1743 18675
225000.0 16524 6.683209083586E10 4139610.93 4124370 8.36436021118361E12 4139610.93 228 7 75 57000 1750 18750
225900.0 16452 6.695079924647E10 4156167.3 4140822 8.43131101043009E12 4156167.3 228 7 75 57228 1757 18825
226800.0 16452 6.721801748172E10 4172723.67 4157274 8.49852902791181E12 4172723.67 228 7 75 57456 1764 18900
227700.0 16569 6.771140764351E10 4189280.04 4173843 8.56624043555532E12 4189280.04 228 7 75 57684 1771 18975
228600.0 16524 6.790349001182E10 4205836.98 4190367 8.63414392556714E12 4205836.98 228 7 75 57912 1778 19050
229500.0 16452 6.801982032993E10 4222393.36 4206819 8.70216374589707E12 4222393.36 228 7 75 58140 1785 19125
230400.0 16452 6.828703856518E10 4238949.73 4223271 8.77045078446225E12 4238949.73 228 7 75 58368 1792 19200
231300.0 16560 6.878400321732E10 4255506.1 4239831 8.83923478767958E12 4255506.1 228 7 75 58596 1799 19275
232200.0 16524 6.897489198739E10 4272062.48 4256355 8.90820967966696E12 4272062.48 228 7 75 58824 1806 19350
233100.0 16452 6.908883214226E10 4288618.85 4272807 8.97729851180922E12 4288618.85 228 7 75 59052 1813 19425
234000.0 16452 6.935605037751E10 4305175.22 4289259 9.04665456218673E12 4305175.22 228 7 75 59280 1820 19500
234900.0 16560 6.985659119695E10 4321731.59 4305819 9.11651115338368E12 4321731.59 228 7 75 59508 1827 19575
235800.0 16524 7.004628791725E10 4338287.97 4322343 9.18655744130093E12 4338287.97 228 7 75 59736 1834 19650
236700.0 16452 7.015784395458E10 4354844.34 4338795 9.25671528525551E12 4354844.34 228 7 75 59964 1841 19725
237600.0 16452 7.042506218983E10 4371400.71 4355247 9.32714034744535E12 4371400.71 228 7 75 60192 1848 19800
238500.0 16560 7.092917919458E10 4387957.08 4371807 9.39806952663993E12 4387957.08 228 7 75 60420 1855 19875
239400.0 16524 7.111768384711E10 4404513.45 4388331 9.46918721048704E12 4404513.45 228 7 75 60648 1862 19950
240300.0 16452 7.122685576691E10 4421069.82 4404783 9.54041406625394E12 4421069.82 228 7 75 60876 1869 20025
241200.0 16452 7.149407400216E10 4437626.19 4421235 9.6119081402561E12 4437626.19 228 7 75 61104 1876 20100
242100.0 16560 7.200176717421E10 4454182.56 4437795 9.68390990743031E12 4454182.56 228 7 75 61332 1883 20175
243000.0 16524 7.218907977697E10 4470738.94 4454319 9.75609898720728E12 4470738.94 228 7 75 61560 1890 20250
243900.0 16452 7.229586757924E10 4487295.31 4470771 9.82839485478652E12 4487295.31 228 7 75 61788 1897 20325
244800.0 16453 7.256308581449E10 4503851.68 4487224 9.90095794060101E12 4503851.68 228 7 75 62016 1904 20400
245700.0 16560 7.307435666902E10 4520408.41 4503784 9.97403229727002E12 4520408.41 228 7 75 62244 1911 20475
246600.0 16524 7.326048345679E10 4536965.0 4520308 1.004729278072681E13 4536965.0 228 7 75 62472 1918 20550
247500.0 16452 7.336488861168E10 4553521.37 4536760 1.012065766933849E13 4553521.37 228 7 75 62700 1925 20625
248400.0 16452 7.363210684693E10 4570077.74 4553212 1.019428977618542E13 4570077.74 228 7 75 62928 1932 20700
249300.0 16560 7.414695241138E10 4586634.11 4569772 1.02684367285968E13 4586634.11 228 7 75 63156 1939 20775
250200.0 16524 7.433188087732E10 4603190.49 4586296 1.034276860947411E13 4603190.49 228 7 75 63384 1946 20850
251100.0 16452 7.443390042395E10 4619746.86 4602748 1.041720250989806E13 4619746.86 228 7 75 63612 1953 20925
252000.0 16452 7.47011186592E10 4636303.23 4619200 1.049190362855726E13 4636303.23 228 7 75 63840 1960 21000
252900.0 16560 7.521954039096E10 4652859.6 4635760 1.056712316894822E13 4652859.6 228 7 75 64068 1967 21075
253800.0 16524 7.540327680718E10 4669415.97 4652284 1.06425264457554E13 4669415.97 228 7 75 64296 1974 21150
254700.0 16452 7.550291223628E10 4685972.34 4668736 1.071802935799168E13 4685972.34 228 7 75 64524 1981 21225
255600.0 16452 7.577013047153E10 4702528.71 4685188 1.07937994884632E13 4702528.71 228 7 75 64752 1988 21300
256500.0 16560 7.629212838859E10 4719085.08 4701748 1.087009161685179E13 4719085.08 228 7 75 64980 1995 21375
257400.0 16524 7.647467273704E10 4735641.46 4718272 1.094656628958883E13 4735641.46 228 7 75 65208 2002 21450
258300.0 16452 7.65719240486E10 4752197.83 4734724 1.102313821363743E13 4752197.83 228 7 75 65436 2009 21525
259200.0 16452 7.683914228385E10 4768754.2 4751176 1.109997735592128E13 4768754.2 228 7 75 65664 2016 21600
260100.0 16560 7.736471636821E10 4785310.57 4767736 1.11773420722895E13 4785310.57 228 7 75 65892 2023 21675
261000.0 16524 7.75460686668E10 4801866.95 4784260 1.12548881409563E13 4801866.95 228 7 75 66120 2030 21750
261900.0 16452 7.764093586082E10 4818423.32 4800712 1.133252907681712E13 4818423.32 228 7 75 66348 2037 21825
262800.0 16452 7.790815477911E10 4834979.77 4817164 1.141043723159622E13 4834979.77 228 7 75 66576 2044 21900
263700.0 16560 7.843742741026E10 4851536.62 4833724 1.148887465900648E13 4851536.62 228 7 75 66804 2051 21975
264600.0 16524 7.86174738644E10 4868093.01 4850248 1.156749213287088E13 4868093.01 228 7 75 67032 2058 22050
265500.0 16452 7.870995692027E10 4884649.38 4866700 1.164620208979115E13 4884649.38 228 7 75 67260 2065 22125
266400.0 16452 7.897717515552E10 4901205.75 4883152 1.172517926494667E13 4901205.75 228 7 75 67488 2072 22200
267300.0 16560 7.950990162342E10 4917762.12 4899712 1.180468916657008E13 4917762.12 228 7 75 67716 2079 22275
268200.0 16524 7.968887562709E10 4934318.5 4916236 1.188437804219717E13 4934318.5 228 7 75 67944 2086 22350
269100.0 16452 7.97789687327E10 4950874.86 4932688 1.196415701092987E13 4950874.86 228 7 75 68172 2093 22425
270000.0 16452 8.004618696795E10 4967431.23 4949140 1.204420319789782E13 4967431.23 228 7 75 68400 2100 22500
270900.0 16560 8.058260887794E10 4983987.6 4965700 1.212478580677576E13 4983987.6 228 7 75 68628 2107 22575
271800.0 16524 8.076026571533E10 5000543.98 4982224 1.220554607249109E13 5000543.98 228 7 75 68856 2114 22650
272700.0 16452 8.084798054514E10 5017100.35 4998676 1.228639405303623E13 5017100.35 228 7 75 69084 2121 22725
273600.0 16452 8.111519878039E10 5033656.72 5015128 1.236750925181661E13 5033656.72 228 7 75 69312 2128 22800
274500.0 16560 8.165507759189E10 5050213.09 5031688 1.24491643294085E13 5050213.09 228 7 75 69540 2135 22875
275400.0 16524 8.183166748702E10 5066769.47 5048212 1.253099599689552E13 5066769.47 228 7 75 69768 2142 22950
276300.0 16452 8.191699235757E10 5083325.84 5064664 1.26129129892531E13 5083325.84 228 7 75 69996 2149 23025
277200.0 16452 8.218421059282E10 5099882.21 5081116 1.269509719984592E13 5099882.21 228 7 75 70224 2156 23100
278100.0 16560 8.272766560763E10 5116438.58 5097676 1.277782486545354E13 5116438.58 228 7 75 70452 2163 23175
279000.0 16524 8.290305757527E10 5132994.96 5114200 1.286072792302881E13 5132994.96 228 7 75 70680 2170 23250
279900.0 16452 8.298600417001E10 5149551.33 5130652 1.294371392719882E13 5149551.33 228 7 75 70908 2177 23325
280800.0 16452 8.325322520663E10 5166108.19 5147104 1.302696715240545E13 5166108.19 228 7 75 71136 2184 23400
281700.0 16560 8.38003814551E10 5182664.64 5163664 1.311076753386055E13 5182664.64 228 7 75 71364 2191 23475
282600.0 16524 8.397446277651E10 5199221.02 5180188 1.319474199663706E13 5199221.02 228 7 75 71592 2198 23550
283500.0 16453 8.40550252241E10 5215777.39 5196641 1.327879702186117E13 5215777.39 228 7 75 71820 2205 23625
284400.0 16452 8.432224345935E10 5232333.75 5213093 1.336311926532052E13 5232333.75 228 7 75 72048 2212 23700
285300.0 16560 8.487285084868E10 5248890.12 5229653 1.34479921161692E13 5248890.12 228 7 75 72276 2219 23775
286200.0 16524 8.504586453026E10 5265446.5 5246177 1.353303798069946E13 5265446.5 228 7 75 72504 2226 23850
287100.0 16452 8.512403703659E10 5282002.87 5262629 1.361816201773605E13 5282002.87 228 7 75 72732 2233 23925
288000.0 16452 8.539125527184E10 5298559.24 5279081 1.37035532730079E13 5298559.24 228 7 75 72960 2240 24000
288900.0 16560 8.594555809426E10 5315115.61 5295641 1.378949883110215E13 5315115.61 228 7 75 73188 2247 24075
289800.0 16524 8.611725463661E10 5331671.99 5312165 1.387561608573876E13 5331671.99 228 7 75 73416 2254 24150
290700.0 16452 8.619304884914E10 5348228.36 5328617 1.39618091345879E13 5348228.36 228 7 75 73644 2261 24225
291600.0 16452 8.646026708439E10 5364784.73 5345069 1.404826940167228E13 5364784.73 228 7 75 73872 2268 24300
292500.0 16560 8.701802682632E10 5381341.1 5361629 1.41352874284986E13 5381341.1 228 7 75 74100 2275 24375
293400.0 16524 8.718865639941E10 5397897.48 5378153 1.422247608489802E13 5397897.48 228 7 75 74328 2282 24450
294300.0 16452 8.726206066168E10 5414453.85 5394605 1.430973814555969E13 5414453.85 228 7 75 74556 2289 24525
295200.0 16452 8.752927889693E10 5431010.22 5411057 1.439726742445662E13 5431010.22 228 7 75 74784 2296 24600
296100.0 16560 8.809061480616E10 5447566.59 5427617 1.448535803926278E13 5447566.59 228 7 75 75012 2303 24675
297000.0 16530 8.826004648777E10 5464122.96 5444147 1.457361808575055E13 5464122.96 228 7 75 75240 2310 24750
297900.0 16454 8.833107428516E10 5480679.56 5460601 1.466194916003571E13 5480679.56 228 7 75 75468 2317 24825
298800.0 16452 8.859829715377E10 5497236.27 5477053 1.475054745718948E13 5497236.27 228 7 75 75696 2324 24900
299700.0 16560 8.916321206355E10 5513792.64 5493613 1.483971066925303E13 5513792.64 228 7 75 75924 2331 24975
300600.0 16524 8.93314516761E10 5530349.02 5510137 1.492904212092913E13 5530349.02 228 7 75 76152 2338 25050
301500.0 16452 8.940009351543E10 5546905.39 5526589 1.501844221444456E13 5546905.39 228 7 75 76380 2345 25125
302400.0 16452 8.966731175068E10 5563461.76 5543041 1.510810952619525E13 5563461.76 228 7 75 76608 2352 25200
303300.0 16560 9.023580003444E10 5580018.13 5559601 1.519834532622968E13 5580018.13 228 7 75 76836 2359 25275
304200.0 16524 9.040284759723E10 5596574.51 5576125 1.528874817382691E13 5596574.51 228 7 75 77064 2366 25350
305100.0 16452 9.046910532803E10 5613130.88 5592577 1.537921727915494E13 5613130.88 228 7 75 77292 2373 25425
306000.0 16452 9.073632356328E10 5629687.25 5609029 1.546995360271822E13 5629687.25 228 7 75 77520 2380 25500
306900.0 16560 9.130838804134E10 5646243.62 5625589 1.556126199075956E13 5646243.62 228 7 75 77748 2387 25575
307800.0 16524 9.147424353642E10 5662800.0 5642113 1.565273623429598E13 5662800.0 228 7 75 77976 2394 25650
308700.0 16452 9.153811714068E10 5679356.37 5658565 1.574427435143666E13 5679356.37 228 7 75 78204 2401 25725
309600.0 16452 9.180533537593E10 5695912.74 5675017 1.583607968681259E13 5695912.74 228 7 75 78432 2408 25800
310500.0 16560 9.238097603007E10 5712469.11 5691577 1.592846066284267E13 5712469.11 228 7 75 78660 2415 25875
311400.0 16524 9.254563945766E10 5729025.48 5708101 1.602100630230032E13 5729025.48 228 7 75 78888 2422 25950
312300.0 16452 9.260712895339E10 5745581.85 5724553 1.611361343125371E13 5745581.85 228 7 75 79116 2429 26025
313200.0 16452 9.287434718864E10 5762138.22 5741005 1.620648777844234E13 5762138.22 228 7 75 79344 2436 26100
314100.0 16560 9.345356400108E10 5778694.59 5757565 1.629994134244343E13 5778694.59 228 7 75 79572 2443 26175
315000.0 16525 9.36170353969E10 5795250.97 5774090 1.639355837784032E13 5795250.97 228 7 75 79800 2450 26250
315900.0 16452 9.367614408595E10 5811807.91 5790542 1.648723452192627E13 5811807.91 228 7 75 80028 2457 26325
316800.0 16452 9.394336827247E10 5828364.28 5806994 1.658117789019874E13 5828364.28 228 7 75 80256 2464 26400
317700.0 16560 9.452616131024E10 5844920.65 5823554 1.667570405150898E13 5844920.65 228 7 75 80484 2471 26475
318600.0 16524 9.468844644272E10 5861477.03 5840078 1.67703924979517E13 5861477.03 228 7 75 80712 2478 26550
319500.0 16452 9.474516184998E10 5878033.4 5856530 1.686513765980167E13 5878033.4 228 7 75 80940 2485 26625
320400.0 16452 9.501238008523E10 5894589.77 5872982 1.69601500398869E13 5894589.77 228 7 75 81168 2492 26700
321300.0 16560 9.55987492813E10 5911146.14 5889542 1.70557487891682E13 5911146.14 228 7 75 81396 2499 26775
322200.0 16524 9.575983654929E10 5927702.52 5906066 1.715150862571749E13 5927702.52 228 7 75 81624 2506 26850
323100.0 16452 9.581417366274E10 5944258.89 5922518 1.724732279938023E13 5944258.89 228 7 75 81852 2513 26925
324000.0 16452 9.608139189799E10 5960815.26 5938970 1.734340419127822E13 5960815.26 228 7 75 82080 2520 27000
324900.0 16560 9.667133728836E10 5977371.63 5955530 1.744007552856658E13 5977371.63 228 7 75 82308 2527 27075
325800.0 16524 9.683123247064E10 5993928.01 5972054 1.753690676103723E13 5993928.01 228 7 75 82536 2534 27150
326700.0 16452 9.688318547555E10 6010484.38 5988506 1.763378994651278E13 6010484.38 228 7 75 82764 2541 27225
327600.0 16452 9.71504037108E10 6027040.75 6004958 1.773094035022358E13 6027040.75 228 7 75 82992 2548 27300
328500.0 16560 9.774392525048E10 6043597.12 6021518 1.782868427547406E13 6043597.12 228 7 75 83220 2555 27375
329400.0 16524 9.790262840099E10 6060153.49 6038042 1.792658690387505E13 6060153.49 228 7 75 83448 2562 27450
330300.0 16452 9.795219728836E10 6076709.86 6054494 1.802453910116341E13 6076709.86 228 7 75 83676 2569 27525
331200.0 16452 9.821941552361E10 6093266.23 6070946 1.812275851668703E13 6093266.23 228 7 75 83904 2576 27600
332100.0 16560 9.881663251455E10 6109822.6 6087506 1.822157514920159E13 6109822.6 228 7 75 84132 2583 27675
333000.0 16524 9.897403204429E10 6126379.35 6104030 1.832054918124588E13 6126379.35 228 7 75 84360 2590 27750
333900.0 16452 9.902121674902E10 6142935.92 6120482 1.84195703979949E13 6142935.92 228 7 75 84588 2597 27825
334800.0 16452 9.928843655657E10 6159492.29 6136934 1.851885883455147E13 6159492.29 228 7 75 84816 2604 27900
335700.0 16560 9.98891104977E10 6176048.66 6153494 1.861874794504917E13 6176048.66 228 7 75 85044 2611 27975
336600.0 16524 1.000454295114E11 6192605.04 6170018 1.871879337456057E13 6192605.04 228 7 75 85272 2618 28050
337500.0 16452 1.0009023013414E11 6209161.41 6186470 1.88188836046947E13 6209161.41 228 7 75 85500 2625 28125
338400.0 16452 1.0035744836939E11 6225717.78 6202922 1.891924105306409E13 6225717.78 228 7 75 85728 2632 28200
339300.0 16560 1.0096169847782E11 6242274.15 6219482 1.90202027515419E13 6242274.15 228 7 75 85956 2639 28275
340200.0 16524 1.0111683125652E11 6258830.53 6236006 1.912131958279842E13 6258830.53 228 7 75 86184 2646 28350
341100.0 16452 1.01159241947E11 6275386.9 6252458 1.922247882474543E13 6275386.9 228 7 75 86412 2653 28425
342000.0 16452 1.0142646018225E11 6291943.27 6268910 1.932390528492768E13 6291943.27 228 7 75 86640 2660 28500
342900.0 16560 1.0203440574195E11 6308499.64 6285470 1.942593969066962E13 6308499.64 228 7 75 86868 2667 28575
343800.0 16524 1.021882213722E11 6325056.01 6301994 1.952812791204182E13 6325056.01 228 7 75 87096 2674 28650
344700.0 16452 1.0222825375987E11 6341612.38 6318446 1.963035616580169E13 6341612.38 228 7 75 87324 2681 28725
345600.0 16452 1.0249547199512E11 6358168.75 6334898 1.973285163779681E13 6358168.75 228 7 75 87552 2688 28800

