# seed = 1, gamma = 0.5, beta = 1.0, dee = 100.0, dcc = 50.0, dec = 600.0, dsc = 2000.0, dLocalhost = 0.015, hostBroker = EDGE, numOfCloud = 1, numOfEdge = 1, numOfSmartphone = 300 
#
# The columns have the following meaning: 
# instant[SECONDS] delayCountPartial delaySumPartial[SECONDS] delayMaxPartial[SECONDS] delayCountTot delaySumTot[SECONDS] delayMaxTot[SECONDS] runOnCloudPartial runOnEdgePartial runOnSmartphonePartial runOnCloudTot runOnEdgeTot runOnSmartphoneTot
0.0 0 0.0 0.0 0 0.0 0.0 0 0 0 0 0 0
900.0 16560 3.2171281994E8 39653.53 16560 3.2171281994E8 39653.53 5 5 300 5 5 300
1800.0 16524 9.6075121595E8 79246.84 33084 1.28246403589E9 79246.84 5 5 300 10 10 600
2700.0 16452 1.59805208879E9 118840.02 49536 2.88051612468E9 118840.02 5 5 300 15 15 900
3600.0 16452 2.23716049783E9 158432.99 65988 5.11767662251E9 158432.99 5 5 300 20 20 1200
4500.0 16560 2.88698962078E9 198025.96 82548 8.00466624329E9 198025.96 5 5 300 25 25 1500
5400.0 16524 3.52290965183E9 237618.94 99072 1.152757589513E10 237618.94 5 5 300 30 30 1800
6300.0 16452 4.1544927117E9 277211.9 115524 1.568206860683E10 277211.9 5 5 300 35 35 2100
7200.0 16452 4.79359939092E9 316804.87 131976 2.047566799774E10 316804.87 5 5 300 40 40 2400
8100.0 16560 5.45170446663E9 356397.84 148536 2.592737246438E10 356397.84 5 5 300 45 45 2700
9000.0 16524 6.08503732497E9 395990.82 165060 3.201240978934E10 395990.82 5 5 300 50 50 3000
9900.0 16453 6.71093174041E9 435583.78 181513 3.872334152975E10 435583.78 5 5 300 55 55 3300
10800.0 16452 7.35003828427E9 475176.75 197965 4.607337981402E10 475176.75 5 5 300 60 60 3600
11700.0 16560 8.01697158831E9 514769.72 214525 5.409035140233E10 514769.72 5 5 300 65 65 3900
12600.0 16524 8.64719021393E9 554362.7 231049 6.273754161626E10 554362.7 5 5 300 70 70 4200
13500.0 16452 9.26737049844E9 593955.66 247501 7.20049121147E10 593955.66 5 5 300 75 75 4500
14400.0 16452 9.90647717766E9 633548.63 263953 8.191138929236E10 633548.63 5 5 300 80 80 4800
15300.0 16560 1.058168640748E10 673141.6 280513 9.249307569984E10 673141.6 5 5 300 85 85 5100
16200.0 16524 1.120931788713E10 712734.58 297037 1.0370239358698E11 712734.58 5 5 300 90 90 5400
17100.0 16452 1.182380939185E10 752327.55 313489 1.1552620297883E11 752327.55 5 5 300 95 95 5700
18000.0 16452 1.246291607108E10 791920.51 329941 1.2798911904991E11 791920.51 5 5 300 100 100 6000
18900.0 16560 1.314667738244E10 831513.48 346501 1.4113579643235E11 831513.48 5 5 300 105 105 6300
19800.0 16524 1.377145815924E10 871106.46 363025 1.5490725459159E11 871106.46 5 5 300 110 110 6600
20700.0 16452 1.438024828527E10 910699.43 379477 1.6928750287686E11 910699.43 5 5 300 115 115 6900
21600.0 16452 1.50193549645E10 950292.39 395929 1.8430685784136E11 950292.39 5 5 300 120 120 7200
22500.0 16560 1.57116683484E10 989885.36 412489 2.0001852618975E11 989885.36 5 5 300 125 125 7500
23400.0 16524 1.633359844935E10 1029478.34 429013 2.1635212463911E11 1029478.34 5 5 300 130 130 7800
24300.0 16452 1.693668717869E10 1069071.31 445465 2.3328881181779E11 1069071.31 5 5 300 135 135 8100
25200.0 16452 1.757579385792E10 1108664.27 461917 2.5086460567571E11 1108664.27 5 5 300 140 140 8400
26100.0 16560 1.827693550613E10 1148257.24 478477 2.6914154118184E11 1148257.24 5 5 300 145 145 8700
27000.0 16524 1.889573873079E10 1187850.22 495001 2.8803727991264E11 1187850.22 5 5 300 150 150 9000
27900.0 16452 1.949312607243E10 1227443.19 511453 3.0753040598507E11 1227443.19 5 5 300 155 155 9300
28800.0 16452 2.013223275166E10 1267036.15 527905 3.2766263873673E11 1267036.15 5 5 300 160 160 9600
29700.0 16560 2.084165031669E10 1306629.12 544465 3.4850428905342E11 1306629.12 5 5 300 165 165 9900
30600.0 16524 2.145787900339E10 1346222.1 560989 3.6996216805681E11 1346222.1 5 5 300 170 170 10200
31500.0 16452 2.204956496634E10 1385815.07 577441 3.9201173302315E11 1385815.07 5 5 300 175 175 10500
32400.0 16452 2.268867164557E10 1425408.03 593893 4.1470040466872E11 1425408.03 5 5 300 180 180 10800
33300.0 16560 2.340664128314E10 1465001.0 610453 4.3810704595186E11 1465001.0 5 5 300 185 185 11100
34200.0 16524 2.402001929405E10 1504593.98 626977 4.6212706524591E11 1504593.98 5 5 300 190 190 11400
35100.0 16452 2.46060038603E10 1544186.95 643429 4.8673306910621E11 1544186.95 5 5 300 195 195 11700
36000.0 16452 2.524511053953E10 1583779.91 659881 5.1197817964573E11 1583779.91 5 5 300 200 200 12000
36900.0 16560 2.597163225864E10 1623372.88 676441 5.3794981190438E11 1623372.88 5 5 300 205 205 12300
37800.0 16524 2.658215957576E10 1662965.86 692965 5.6453197148014E11 1662965.86 5 5 300 210 210 12600
38700.0 16452 2.716244275437E10 1702558.83 709417 5.9169441423451E11 1702558.83 5 5 300 215 215 12900
39600.0 16452 2.78015494336E10 1742151.8 725869 6.1949596366811E11 1742151.8 5 5 300 220 220 13200
40500.0 16566 2.853662331395E10 1781744.76 742435 6.4803258698205E11 1781744.76 5 5 300 225 225 13500
41400.0 16524 2.914429928522E10 1821337.77 758959 6.7717688626727E11 1821337.77 5 5 300 230 230 13800
42300.0 16454 2.971888507887E10 1860931.07 775413 7.0689577134614E11 1860931.07 5 5 300 235 235 14100
43200.0 16452 3.035799582463E10 1900524.24 791865 7.3725376717077E11 1900524.24 5 5 300 240 240 14400
44100.0 16560 3.110162344465E10 1940117.21 808425 7.6835539061542E11 1940117.21 5 5 300 245 245 14700
45000.0 16524 3.170644937279E10 1979710.19 824949 8.0006183998821E11 1979710.19 5 5 300 250 250 15000
45900.0 16452 3.227532975552E10 2019303.16 841401 8.3233716974373E11 2019303.16 5 5 300 255 255 15300
46800.0 16452 3.291443643475E10 2058896.13 857853 8.6525160617848E11 2058896.13 5 5 300 260 260 15600
47700.0 16560 3.366689060305E10 2098489.09 874413 8.9891849678152E11 2098489.09 5 5 300 265 265 15900
48600.0 16524 3.426858964569E10 2138082.07 890937 9.3318708642721E11 2138082.07 5 5 300 270 270 16200
49500.0 16452 3.483176864966E10 2177675.04 907389 9.6801885507687E11 2177675.04 5 5 300 275 275 16500
50400.0 16452 3.547087532883E10 2217268.01 923841 1.0034897304057E12 2217268.01 5 5 300 280 280 16800
51300.0 16560 3.623160540488E10 2256860.98 940401 1.03972133581058E12 2256860.98 5 5 300 285 285 17100
52200.0 16524 3.683072993637E10 2296453.95 956925 1.07655206574695E12 2296453.95 5 5 300 290 290 17400
53100.0 16452 3.738820754365E10 2336046.92 973377 1.11394027329059E12 2336046.92 5 5 300 295 295 17700
54000.0 16452 3.802731422281E10 2375639.89 989829 1.15196758751341E12 2375639.89 5 5 300 300 300 18000
54900.0 16560 3.879659638041E10 2415232.86 1006389 1.19076418389381E12 2415232.86 5 5 300 305 305 18300
55800.0 16524 3.9392870218E10 2454825.83 1022913 1.23015705411181E12 2454825.83 5 5 300 310 310 18600
56700.0 16452 3.994464643758E10 2494418.8 1039365 1.27010170054939E12 2494418.8 5 5 300 315 315 18900
57600.0 16452 4.058375311675E10 2534011.77 1055817 1.31068545366614E12 2534011.77 5 5 300 320 320 19200
58500.0 16560 4.136158735588E10 2573604.74 1072377 1.35204704102202E12 2573604.74 5 5 300 325 325 19500
59400.0 16524 4.195501049963E10 2613197.71 1088901 1.39400205152165E12 2613197.71 5 5 300 330 330 19800
60300.0 16452 4.250108533151E10 2652790.68 1105353 1.43650313685316E12 2652790.68 5 5 300 335 335 20100
61200.0 16452 4.314019201068E10 2692383.65 1121805 1.47964332886384E12 2692383.65 5 5 300 340 340 20400
62100.0 16560 4.392657833136E10 2731976.62 1138365 1.52356990719519E12 2731976.62 5 5 300 345 345 20700
63000.0 16524 4.451715078126E10 2771569.59 1154889 1.56808705797645E12 2771569.59 5 5 300 350 350 21000
63900.0 16452 4.505752422544E10 2811162.56 1171341 1.6131445822019E12 2811162.56 5 5 300 355 355 21300
64800.0 16452 4.569663090461E10 2850755.53 1187793 1.65884121310651E12 2850755.53 5 5 300 360 360 21600
65700.0 16560 4.649184548057E10 2890348.5 1204353 1.70533305858707E12 2890348.5 5 5 300 365 365 21900
66600.0 16524 4.707929106289E10 2929941.47 1220877 1.75241234964996E12 2929941.47 5 5 300 370 370 22200
67500.0 16452 4.761396311938E10 2969534.44 1237329 1.80002631276934E12 2969534.44 5 5 300 375 375 22500
68400.0 16452 4.825306979854E10 3009127.41 1253781 1.84827938256788E12 3009127.41 5 5 300 380 380 22800
69300.0 16560 4.905656027331E10 3048720.38 1270341 1.89733594284119E12 3048720.38 5 5 300 385 385 23100
70200.0 16524 4.964143133551E10 3088313.35 1286865 1.9469773741767E12 3088313.35 5 5 300 390 390 23400
71100.0 16452 5.017040201331E10 3127906.32 1303317 1.99714777619001E12 3127906.32 5 5 300 395 395 23700
72000.0 16452 5.080950869248E10 3167499.29 1319769 2.04795728488249E12 3167499.29 5 5 300 400 400 24000
72900.0 16560 5.162155125779E10 3207092.26 1336329 2.09957883614027E12 3207092.26 5 5 300 405 405 24300
73800.0 16524 5.220357162614E10 3246685.23 1352853 2.15178240776642E12 3246685.23 5 5 300 410 410 24600
74700.0 16452 5.272684090724E10 3286278.2 1369305 2.20450924867366E12 3286278.2 5 5 300 415 415 24900
75600.0 16452 5.336594758641E10 3325871.17 1385757 2.25787519626007E12 3325871.17 5 5 300 420 420 25200
76500.0 16560 5.4186818398E10 3365464.14 1402317 2.31206201465806E12 3365464.14 5 5 300 425 425 25500
77400.0 16524 5.476571190777E10 3405057.12 1418841 2.36682772656583E12 3405057.12 5 5 300 430 430 25800
78300.0 16452 5.528327980117E10 3444650.08 1435293 2.42211100636701E12 3444650.08 5 5 300 435 435 26100
79200.0 16452 5.592238648034E10 3484243.05 1451745 2.47803339284735E12 3484243.05 5 5 300 440 440 26400
80100.0 16560 5.675153319974E10 3523836.02 1468305 2.53478492604709E12 3523836.02 5 5 300 445 445 26700
81000.0 16525 5.732786492268E10 3563429.0 1484830 2.59211279096977E12 3563429.0 5 5 300 450 450 27000
81900.0 16452 5.783971899178E10 3603022.0 1501282 2.64995250996155E12 3603022.0 5 5 300 455 455 27300
82800.0 16452 5.84788285606E10 3642615.29 1517734 2.70843133852215E12 3642615.29 5 5 300 460 460 27600
83700.0 16560 5.931680803248E10 3682208.47 1534294 2.76774814655463E12 3682208.47 5 5 300 465 465 27900
84600.0 16524 5.989000170375E10 3721801.45 1550818 2.82763814825839E12 3721801.45 5 5 300 470 470 28200
85500.0 16452 6.039616680117E10 3761394.41 1567270 2.88803431505956E12 3761394.41 5 5 300 475 475 28500
86400.0 16452 6.103527348034E10 3800987.38 1583722 2.9490695885399E12 3800987.38 5 5 300 480 480 28800
87300.0 16560 6.188152438464E10 3840580.35 1600282 3.01095111292453E12 3840580.35 5 5 300 485 485 29100
88200.0 16524 6.245215458424E10 3880173.33 1616806 3.07340326750877E12 3880173.33 5 5 300 490 490 29400
89100.0 16452 6.295260569505E10 3919766.3 1633258 3.13635587320382E12 3919766.3 5 5 300 495 495 29700
90000.0 16452 6.359171237422E10 3959359.26 1649710 3.19994758557803E12 3959359.26 5 5 300 500 500 30000
90900.0 16560 6.444679154279E10 3998952.23 1666270 3.26439437712082E12 3998952.23 5 5 300 505 505 30300
91800.0 16524 6.501428225796E10 4038545.21 1682794 3.32940865937878E12 4038545.21 5 5 300 510 510 30600
92700.0 16452 6.550904458898E10 4078138.18 1699246 3.39491770396776E12 4078138.18 5 5 300 515 515 30900
93600.0 16452 6.614815126815E10 4117731.14 1715698 3.46106585523591E12 4117731.14 5 5 300 520 520 31200
94500.0 16560 6.701150634453E10 4157324.11 1732258 3.52807736158045E12 4157324.11 5 5 300 525 525 31500
95400.0 16524 6.757643514749E10 4196917.09 1748782 3.59565379672794E12 4196917.09 5 5 300 530 530 31800
96300.0 16452 6.806548348291E10 4236510.06 1765234 3.66371928021085E12 4236510.06 5 5 300 535 535 32100
97200.0 16452 6.870459016209E10 4276103.02 1781686 3.73242387037294E12 4276103.02 5 5 300 540 540 32400
98100.0 16560 6.957649732002E10 4315695.99 1798246 3.80200036769296E12 4315695.99 5 5 300 545 545 32700
99000.0 16524 7.013856282122E10 4355288.97 1814770 3.87213893051418E12 4355288.97 5 5 300 550 550 33000
99900.0 16452 7.062192237686E10 4394881.94 1831222 3.94276085289103E12 4394881.94 5 5 300 555 555 33300
100800.0 16452 7.126102905603E10 4434474.9 1847674 4.01402188194706E12 4434474.9 5 5 300 560 560 33600
101700.0 16560 7.21414882955E10 4474067.87 1864234 4.08616337024256E12 4474067.87 5 5 300 565 565 33900
102600.0 16524 7.270070311186E10 4513660.85 1880758 4.15886407335442E12 4513660.85 5 5 300 570 570 34200
103500.0 16452 7.31783612708E10 4553253.82 1897210 4.23204243462522E12 4553253.82 5 5 300 575 575 34500
104400.0 16452 7.381746794997E10 4592846.78 1913662 4.30585990257519E12 4592846.78 5 5 300 580 580 34800
105300.0 16560 7.470647927999E10 4632439.75 1930222 4.38056638185518E12 4632439.75 5 5 300 585 585 35100
106200.0 16524 7.52628433845E10 4672032.73 1946746 4.45582922523968E12 4672032.73 5 5 300 590 590 35400
107100.0 16452 7.573480016474E10 4711625.7 1963198 4.53156402540442E12 4711625.7 5 5 300 595 595 35700
108000.0 16452 7.637390684391E10 4751218.66 1979650 4.60793793224833E12 4751218.66 5 5 300 600 600 36000
108900.0 16560 7.727147024647E10 4790811.63 1996210 4.68520940249481E12 4790811.63 5 5 300 605 605 36300
109800.0 16524 7.782498367519E10 4830404.61 2012734 4.76303438617E12 4830404.61 5 5 300 610 610 36600
110700.0 16452 7.829123905879E10 4869997.58 2029186 4.84132562522879E12 4869997.58 5 5 300 615 615 36900
111600.0 16452 7.893034573796E10 4909590.55 2045638 4.92025597096675E12 4909590.55 5 5 300 620 620 37200
112500.0 16560 7.983646123107E10 4949183.51 2062198 5.00009243219782E12 4949183.51 5 5 300 625 625 37500
113400.0 16524 8.038712394794E10 4988776.49 2078722 5.08047955614576E12 4988776.49 5 5 300 630 630 37800
114300.0 16452 8.084767795284E10 5028369.46 2095174 5.1613272340986E12 5028369.46 5 5 300 635 635 38100
115200.0 16452 8.148678463201E10 5067962.43 2111626 5.24281401873061E12 5067962.43 5 5 300 640 640 38400
116100.0 16560 8.240145218866E10 5107555.39 2128186 5.32521547091927E12 5107555.39 5 5 300 645 645 38700
117000.0 16524 8.294926423868E10 5147148.37 2144710 5.40816473515796E12 5147148.37 5 5 300 650 650 39000
117900.0 16452 8.340411684689E10 5186741.34 2161162 5.49156885200485E12 5186741.34 5 5 300 655 655 39300
118800.0 16452 8.404322352606E10 5226334.31 2177614 5.57561207553091E12 5226334.31 5 5 300 660 660 39600
119700.0 16560 8.496644319126E10 5265927.27 2194174 5.66057851872217E12 5265927.27 5 5 300 665 665 39900
120600.0 16524 8.551140451143E10 5305520.25 2210698 5.7460899232336E12 5305520.25 5 5 300 670 670 40200
121500.0 16452 8.596055574094E10 5345113.22 2227150 5.83205047897454E12 5345113.22 5 5 300 675 675 40500
122400.0 16452 8.659966272384E10 5384706.22 2243602 5.91865014169839E12 5384706.22 5 5 300 680 680 40800
123300.0 16560 8.753143751802E10 5424299.52 2260162 6.00618157921641E12 5424299.52 5 5 300 685 685 41100
124200.0 16524 8.807355251985E10 5463892.7 2276686 6.09425513173626E12 5463892.7 5 5 300 690 690 41400
125100.0 16452 8.851700384681E10 5503485.67 2293138 6.18277213558307E12 5503485.67 5 5 300 695 695 41700
126000.0 16452 8.915611052598E10 5543078.64 2309590 6.27192824610906E12 5543078.64 5 5 300 700 700 42000
126900.0 16560 9.009643437608E10 5582671.61 2326150 6.36202468048514E12 5582671.61 5 5 300 705 705 42300
127800.0 16524 9.063569431629E10 5622264.58 2342674 6.45266037480143E12 5622264.58 5 5 300 710 710 42600
128700.0 16452 9.107344274086E10 5661857.55 2359126 6.54373381754229E12 5661857.55 5 5 300 715 715 42900
129600.0 16452 9.171254942004E10 5701450.52 2375578 6.63544636696233E12 5701450.52 5 5 300 720 720 43200
130500.0 16560 9.266142536068E10 5741043.49 2392138 6.728107792323E12 5741043.49 5 5 300 725 725 43500
131400.0 16524 9.319783458903E10 5780636.46 2408662 6.82130562691204E12 5780636.46 5 5 300 730 730 43800
132300.0 16452 9.362988163491E10 5820229.43 2425114 6.91493550854695E12 5820229.43 5 5 300 735 735 44100
133200.0 16452 9.426898831409E10 5859822.4 2441566 7.00920449686104E12 5859822.4 5 5 300 740 740 44400
134100.0 16560 9.522641632727E10 5899415.37 2458126 7.10443091318831E12 5899415.37 5 5 300 745 745 44700
135000.0 16524 9.575997487978E10 5939008.34 2474650 7.20019088806808E12 5939008.34 5 5 300 750 750 45000
135900.0 16452 9.618632052897E10 5978601.31 2491102 7.29637720859705E12 5978601.31 5 5 300 755 755 45300
136800.0 16452 9.682542720814E10 6018194.28 2507554 7.39320263580519E12 6018194.28 5 5 300 760 760 45600
137700.0 16560 9.779140729386E10 6057787.25 2524114 7.49099404309905E12 6057787.25 5 5 300 765 765 45900
138600.0 16524 9.832211515253E10 6097380.22 2540638 7.58931615825158E12 6097380.22 5 5 300 770 770 46200
139500.0 16452 9.874275942302E10 6136973.19 2557090 7.68805891767459E12 6136973.19 5 5 300 775 775 46500
140400.0 16452 9.938186610219E10 6176566.16 2573542 7.78744078377678E12 6176566.16 5 5 300 780 780 46800
141300.0 16560 1.0035639827846E11 6216159.13 2590102 7.88779718205524E12 6216159.13 5 5 300 785 785 47100
142200.0 16524 1.0088425544327E11 6255752.1 2606626 7.98868143749851E12 6255752.1 5 5 300 790 790 47400
143100.0 16452 1.0129919831707E11 6295345.07 2623078 8.08998063581557E12 6295345.07 5 5 300 795 795 47700
144000.0 16452 1.0193830499624E11 6334938.04 2639530 8.19191894081181E12 6334938.04 5 5 300 800 800 48000
144900.0 16560 1.0292138925405E11 6374531.01 2656090 8.29484033006586E12 6374531.01 5 5 300 805 805 48300
145800.0 16524 1.0344639571602E11 6414123.98 2672614 8.39828672578188E12 6414123.98 5 5 300 810 810 48600
146700.0 16452 1.0385563721112E11 6453716.95 2689066 8.502142362993E12 6453716.95 5 5 300 815 815 48900
147600.0 16452 1.0449474389029E11 6493309.92 2705518 8.60663710688328E12 6493309.92 5 5 300 820 820 49200
148500.0 16560 1.0548638022965E11 6532902.89 2722078 8.71212348711293E12 6532902.89 5 5 300 825 825 49500
149400.0 16524 1.0600853600676E11 6572495.87 2738602 8.8181320231197E12 6572495.87 5 5 300 830 830 49800
150300.0 16452 1.0641207610517E11 6612088.83 2755054 8.92454409922486E12 6612088.83 5 5 300 835 835 50100
151200.0 16452 1.0705118278434E11 6651681.8 2771506 9.0315952820092E12 6651681.8 5 5 300 840 840 50400
152100.0 16560 1.0805137119624E11 6691274.77 2788066 9.13964665320544E12 6691274.77 5 5 300 845 845 50700
153000.0 16524 1.0857067627956E11 6730867.75 2804590 9.248217329485E12 6730867.75 5 5 300 850 850 51000
153900.0 16452 1.0896851499927E11 6770460.71 2821042 9.35718584448428E12 6770460.71 5 5 300 855 855 51300
154800.0 16452 1.0960762167844E11 6810053.68 2837494 9.46679346616272E12 6810053.68 5 5 300 860 860 51600
155700.0 16560 1.1061636218089E11 6849646.65 2854054 9.57740982834361E12 6849646.65 5 5 300 865 865 51900
156600.0 16524 1.1113281657036E11 6889239.63 2870578 9.68854264491397E12 6889239.63 5 5 300 870 870 52200
157500.0 16452 1.1152495389332E11 6928832.59 2887030 9.8000675988073E12 6928832.59 5 5 300 875 875 52500
158400.0 16452 1.1216406057249E11 6968425.56 2903482 9.91223165937979E12 6968425.56 5 5 300 880 880 52800
159300.0 16560 1.1318162932122E11 7008018.53 2920042 1.0025413288701E13 7008018.53 5 5 300 885 885 53100
160200.0 16524 1.1369495684311E11 7047611.51 2936566 1.013910824554412E13 7047611.51 5 5 300 890 890 53400
161100.0 16452 1.1408139278737E11 7087204.47 2953018 1.025318963833149E13 7087204.47 5 5 300 895 895 53700
162000.0 16452 1.1472049946654E11 7126797.44 2969470 1.036791013779803E13 7126797.44 5 5 300 900 900 54000
162900.0 16560 1.157463440486E11 7166390.45 2986030 1.048365648184663E13 7166390.45 5 5 300 905 905 54300
163800.0 16524 1.1625711377193E11 7205983.75 3002554 1.059991359561856E13 7205983.75 5 5 300 910 910 54600
164700.0 16452 1.1663783924336E11 7245576.92 3019006 1.071655143486192E13 7245576.92 5 5 300 915 915 54900
165600.0 16452 1.1727694757105E11 7285169.89 3035458 1.083382838243297E13 7285169.89 5 5 300 920 920 55200
166500.0 16560 1.1831162051367E11 7324762.86 3052018 1.095214000294664E13 7324762.86 5 5 300 925 925 55500
167400.0 16524 1.1881924664649E11 7364355.84 3068542 1.107095924959314E13 7364355.84 5 5 300 930 930 55800
168300.0 16452 1.1919427978582E11 7403948.81 3084994 1.119015352937896E13 7403948.81 5 5 300 935 935 56100
169200.0 16452 1.1983338646499E11 7443541.77 3101446 1.130998691584395E13 7443541.77 5 5 300 940 940 56400
170100.0 16560 1.2087633531543E11 7483134.74 3118006 1.143086325115937E13 7483134.74 5 5 300 945 945 56700
171000.0 16524 1.2138139953604E11 7522727.72 3134530 1.155224465069541E13 7522727.72 5 5 300 950 950 57000
171900.0 16452 1.2175071867976E11 7562320.69 3150982 1.167399536937518E13 7562320.69 5 5 300 955 955 57300
172800.0 16452 1.2238982535893E11 7601913.65 3167434 1.179638519473411E13 7601913.65 5 5 300 960 960 57600
173700.0 16560 1.2344132629091E11 7641506.62 3183994 1.191982652102502E13 7641506.62 5 5 300 965 965 57900
174600.0 16524 1.2394352720977E11 7681099.6 3200518 1.20437700482348E13 7681099.6 5 5 300 970 970 58200
175500.0 16452 1.2430715757371E11 7720692.57 3216970 1.21680772058085E13 7720692.57 5 5 300 975 975 58500
176400.0 16452 1.2494626425288E11 7760285.53 3233422 1.229302347006138E13 7760285.53 5 5 300 980 980 58800
177300.0 16560 1.260063172754E11 7799878.5 3249982 1.241902978733677E13 7799878.5 5 5 300 985 985 59100
178200.0 16524 1.2650566749141E11 7839471.48 3266506 1.254553545482818E13 7839471.48 5 5 300 990 990 59400
179100.0 16452 1.2686359646765E11 7879064.45 3282958 1.267239905129583E13 7879064.45 5 5 300 995 995 59700
180000.0 16452 1.2750270314682E11 7918657.41 3299410 1.279990175444264E13 7918657.41 5 5 300 1000 1000 60000
180900.0 16560 1.2857130825988E11 7958250.38 3315970 1.292847306270253E13 7958250.38 5 5 300 1005 1005 60300
181800.0 16524 1.2906780777299E11 7997843.36 3332494 1.305754087047552E13 7997843.36 5 5 300 1010 1010 60600
182700.0 16452 1.2942003536154E11 8037436.33 3348946 1.318696090583706E13 8037436.33 5 5 300 1015 1015 60900
183600.0 16452 1.3005914204071E11 8077029.3 3365398 1.331702004787777E13 8077029.3 5 5 300 1020 1020 61200
184500.0 16560 1.3113629920831E11 8116622.26 3381958 1.344815634708608E13 8116622.26 5 5 300 1025 1025 61500
185400.0 16524 1.3162994805458E11 8156215.24 3398482 1.357978629514065E13 8156215.24 5 5 300 1030 1030 61800
186300.0 16452 1.3197647425542E11 8195808.21 3414934 1.371176276939608E13 8195808.21 5 5 300 1035 1035 62100
187200.0 16452 1.326155809346E11 8235401.18 3431386 1.384437835033067E13 8235401.18 5 5 300 1040 1040 62400
188100.0 16560 1.3370129021075E11 8274994.14 3447946 1.397807964054142E13 8274994.14 5 5 300 1045 1045 62700
189000.0 16524 1.3419208833616E11 8314587.12 3464470 1.411227172887758E13 8314587.12 5 5 300 1050 1050 63000
189900.0 16452 1.3453291314931E11 8354180.09 3480922 1.424680464202689E13 8354180.09 5 5 300 1055 1055 63300
190800.0 16452 1.3517201982848E11 8393773.06 3497374 1.438197666185538E13 8393773.06 5 5 300 1060 1060 63600
191700.0 16560 1.3626628117727E11 8433366.02 3513934 1.451824294303264E13 8433366.02 5 5 300 1065 1065 63900
192600.0 16524 1.3675422861807E11 8472959.0 3530458 1.465499717165071E13 8472959.0 5 5 300 1070 1070 64200
193500.0 16452 1.3708935204376E11 8512551.97 3546910 1.479208652369446E13 8512551.97 5 5 300 1075 1075 64500
194400.0 16452 1.3772845872316E11 8552144.94 3563362 1.492981498241762E13 8552144.94 5 5 300 1080 1080 64800
195300.0 16560 1.3883127214463E11 8591737.9 3579922 1.506864625456226E13 8591737.9 5 5 300 1085 1085 65100
196200.0 16524 1.3931636890058E11 8631330.88 3596446 1.520796262346284E13 8631330.88 5 5 300 1090 1090 65400
197100.0 16452 1.3964579093858E11 8670923.85 3612898 1.534760841440142E13 8670923.85 5 5 300 1095 1095 65700
198000.0 16452 1.4028489761798E11 8710516.82 3629350 1.54878933120194E13 8710516.82 5 5 300 1100 1100 66000
198900.0 16560 1.4139626313E11 8750109.79 3645910 1.562928957514941E13 8750109.79 5 5 300 1105 1105 66300
199800.0 16524 1.418785091831E11 8789702.76 3662434 1.577116808433251E13 8789702.76 5 5 300 1110 1110 66600
200700.0 16452 1.422022298334E11 8829295.73 3678886 1.591337031416591E13 8829295.73 5 5 300 1115 1115 66900
201600.0 16452 1.428413365128E11 8868888.7 3695338 1.605621165067872E13 8868888.7 5 5 300 1120 1120 67200
202500.0 16566 1.4396125422263E11 8908481.67 3711904 1.620017290490135E13 8908481.67 5 5 300 1125 1125 67500
203400.0 16524 1.4444064930942E11 8948074.68 3728428 1.634461355421076E13 8948074.68 5 5 300 1130 1130 67800
204300.0 16455 1.4475867280133E11 8987667.98 3744883 1.648937222701209E13 8987667.98 5 5 300 1135 1135 68100
205200.0 16452 1.4539778298358E11 9027261.15 3761335 1.663477000999567E13 9027261.15 5 5 300 1140 1140 68400
206100.0 16560 1.4652625430497E11 9066854.12 3777895 1.678129626430064E13 9066854.12 5 5 300 1145 1145 68700
207000.0 16524 1.4700279897799E11 9106447.09 3794419 1.692829906327863E13 9106447.09 5 5 300 1150 1150 69000
207900.0 16452 1.4731511683236E11 9146040.06 3810871 1.707561418011099E13 9146040.06 5 5 300 1155 1155 69300
208800.0 16452 1.4795422351176E11 9185633.03 3827323 1.722356840362275E13 9185633.03 5 5 300 1160 1160 69600
209700.0 16560 1.4909124530823E11 9225226.0 3843883 1.737265964893098E13 9225226.0 5 5 300 1165 1165 69900
210600.0 16524 1.495649392603E11 9264818.97 3860407 1.752222458819127E13 9264818.97 5 5 300 1170 1170 70200
211500.0 16452 1.4987155572696E11 9304411.94 3876859 1.767209614391823E13 9304411.94 5 5 300 1175 1175 70500
212400.0 16452 1.5051066240636E11 9344004.91 3893311 1.78226068063246E13 9344004.91 5 5 300 1180 1180 70800
213300.0 16560 1.5165623625738E11 9383597.88 3909871 1.797426304258197E13 9383597.88 5 5 300 1185 1185 71100
214200.0 16524 1.521270795426E11 9423190.85 3926395 1.812639012212457E13 9423190.85 5 5 300 1190 1190 71400
215100.0 16452 1.5242799462157E11 9462783.82 3942847 1.827881811674614E13 9462783.82 5 5 300 1195 1195 71700
216000.0 16452 1.5306710130097E11 9502376.79 3959299 1.843188521804711E13 9502376.79 5 5 300 1200 1200 72000
216900.0 16560 1.5422122726053E11 9541969.76 3975859 1.858610644530764E13 9541969.76 5 5 300 1205 1205 72300
217800.0 16524 1.546892198249E11 9581562.74 3992383 1.874079566513254E13 9581562.74 5 5 300 1210 1210 72600
218700.0 16452 1.5498443351617E11 9621155.7 4008835 1.889578009864872E13 9621155.7 5 5 300 1215 1215 72900
219600.0 16452 1.5562354019558E11 9660748.67 4025287 1.905140363884429E13 9660748.67 5 5 300 1220 1220 73200
220500.0 16560 1.5678621821868E11 9700341.64 4041847 1.920818985706297E13 9700341.64 5 5 300 1225 1225 73500
221400.0 16524 1.572513601072E11 9739934.62 4058371 1.936544121717018E13 9739934.62 5 5 300 1230 1230 73800
222300.0 16452 1.5754087241072E11 9779527.58 4074823 1.95229820895809E13 9779527.58 5 5 300 1235 1235 74100
223200.0 16452 1.5817997909013E11 9819120.55 4091275 1.968116206867103E13 9819120.55 5 5 300 1240 1240 74400
224100.0 16560 1.5935120920378E11 9858713.52 4107835 1.98405132778748E13 9858713.52 5 5 300 1245 1245 74700
225000.0 16524 1.5981350038945E11 9898306.5 4124359 2.000032677826425E13 9898306.5 5 5 300 1250 1250 75000
225900.0 16452 1.6009731130527E11 9937899.46 4140811 2.016042408956954E13 9937899.46 5 5 300 1255 1255 75300
226800.0 16452 1.6073641798468E11 9977492.43 4157263 2.032116050755421E13 9977492.43 5 5 300 1260 1260 75600
227700.0 16560 1.6191620017087E11 1.00170854E7 4173823 2.048307670772508E13 1.00170854E7 5 5 300 1265 1265 75900
228600.0 16524 1.623756406717E11 1.005667838E7 4190347 2.064545234839678E13 1.005667838E7 5 5 300 1270 1270 76200
229500.0 16452 1.6265375019983E11 1.009627134E7 4206799 2.080810609859661E13 1.009627134E7 5 5 300 1275 1275 76500
230400.0 16452 1.6329285687923E11 1.013586431E7 4223251 2.097139895547584E13 1.013586431E7 5 5 300 1280 1280 76800
231300.0 16560 1.6448119115597E11 1.017545728E7 4239811 2.113588014663181E13 1.017545728E7 5 5 300 1285 1285 77100
232200.0 16524 1.6493778095395E11 1.021505026E7 4256335 2.130081792758575E13 1.021505026E7 5 5 300 1290 1290 77400
233100.0 16452 1.6521018909438E11 1.025464323E7 4272787 2.146602811668013E13 1.025464323E7 5 5 300 1295 1295 77700
234000.0 16452 1.6584929577378E11 1.029423619E7 4289239 2.163187741245391E13 1.029423619E7 5 5 300 1300 1300 78000
234900.0 16560 1.6704618212307E11 1.033382916E7 4305799 2.179892359457698E13 1.033382916E7 5 5 300 1305 1305 78300
235800.0 16524 1.674999212362E11 1.037342214E7 4322323 2.196642351581318E13 1.037342214E7 5 5 300 1310 1310 78600
236700.0 16452 1.6776662798893E11 1.041301511E7 4338775 2.21341901438021E13 1.041301511E7 5 5 300 1315 1315 78900
237600.0 16452 1.6840573466833E11 1.045260807E7 4355227 2.230259587847043E13 1.045260807E7 5 5 300 1320 1320 79200
238500.0 16560 1.6961117310816E11 1.049220104E7 4371787 2.24722070515786E13 1.049220104E7 5 5 300 1325 1325 79500
239400.0 16524 1.7006206151845E11 1.053179402E7 4388311 2.264226911309704E13 1.053179402E7 5 5 300 1330 1330 79800
240300.0 16452 1.7032306688348E11 1.057138699E7 4404763 2.281259217998052E13 1.057138699E7 5 5 300 1335 1335 80100
241200.0 16452 1.7096217356288E11 1.061097995E7 4421215 2.298355435354341E13 1.061097995E7 5 5 300 1340 1340 80400
242100.0 16560 1.7217616407526E11 1.065057292E7 4437775 2.315573051761867E13 1.065057292E7 5 5 300 1345 1345 80700
243000.0 16525 1.7262420195398E11 1.06901659E7 4454300 2.332835471957265E13 1.06901659E7 5 5 300 1350 1350 81000
243900.0 16452 1.7287950616179E11 1.072975891E7 4470752 2.350123422573444E13 1.072975891E7 5 5 300 1355 1355 81300
244800.0 16452 1.7351861579033E11 1.07693522E7 4487204 2.367475284152477E13 1.07693522E7 5 5 300 1360 1360 81600
245700.0 16560 1.7474116215616E11 1.080894537E7 4503764 2.384949400368093E13 1.080894537E7 5 5 300 1365 1365 81900
246600.0 16524 1.7518635131167E11 1.084853835E7 4520288 2.40246803549926E13 1.084853835E7 5 5 300 1370 1370 82200
247500.0 16452 1.7543595388078E11 1.088813132E7 4536740 2.420011630887338E13 1.088813132E7 5 5 300 1375 1375 82500
248400.0 16452 1.7607506056018E11 1.092772428E7 4553192 2.437619136943356E13 1.092772428E7 5 5 300 1380 1380 82800
249300.0 16560 1.7730615527541E11 1.096731725E7 4569752 2.455349752470898E13 1.096731725E7 5 5 300 1385 1385 83100
250200.0 16524 1.7774849159387E11 1.100691023E7 4586276 2.473124601630284E13 1.100691023E7 5 5 300 1390 1390 83400
251100.0 16452 1.7799239277528E11 1.10465032E7 4602728 2.490923840907812E13 1.10465032E7 5 5 300 1395 1395 83700
252000.0 16452 1.7863149945468E11 1.108609617E7 4619180 2.50878699085328E13 1.108609617E7 5 5 300 1400 1400 84000
252900.0 16560 1.7987114624245E11 1.112568913E7 4635740 2.526774105477525E13 1.112568913E7 5 5 300 1405 1405 84300
253800.0 16524 1.8031063187612E11 1.116528211E7 4652264 2.544805168665137E13 1.116528211E7 5 5 300 1410 1410 84600
254700.0 16452 1.8054883166983E11 1.120487508E7 4668716 2.56286005183212E13 1.120487508E7 5 5 300 1415 1415 84900
255600.0 16452 1.8118793834923E11 1.124446805E7 4685168 2.580978845667043E13 1.124446805E7 5 5 300 1420 1420 85200
256500.0 16560 1.8243613722755E11 1.128406101E7 4701728 2.599222459389798E13 1.128406101E7 5 5 300 1425 1425 85500
257400.0 16524 1.8287277215837E11 1.132365399E7 4718252 2.617509736605634E13 1.132365399E7 5 5 300 1430 1430 85800
258300.0 16452 1.8310527056438E11 1.136324696E7 4734704 2.635820263662072E13 1.136324696E7 5 5 300 1435 1435 86100
259200.0 16452 1.8374437724378E11 1.140283993E7 4751156 2.654194701386451E13 1.140283993E7 5 5 300 1440 1440 86400
260100.0 16560 1.8500112819465E11 1.144243289E7 4767716 2.672694814205916E13 1.144243289E7 5 5 300 1445 1445 86700
261000.0 16524 1.8543491244051E11 1.148202587E7 4784240 2.691238305449967E13 1.148202587E7 5 5 300 1450 1450 87000
261900.0 16452 1.8566170945882E11 1.152161884E7 4800692 2.709804476395849E13 1.152161884E7 5 5 300 1455 1455 87300
262800.0 16452 1.8630081613823E11 1.156121181E7 4817144 2.728434558009672E13 1.156121181E7 5 5 300 1460 1460 87600
263700.0 16560 1.8756639535341E11 1.160080477E7 4833704 2.747191197545012E13 1.160080477E7 5 5 300 1465 1465 87900
264600.0 16524 1.879970527227E11 1.164039775E7 4850228 2.765990902817283E13 1.164039775E7 5 5 300 1470 1470 88200
265500.0 16452 1.8821814835332E11 1.167999072E7 4866680 2.784812717652615E13 1.167999072E7 5 5 300 1475 1475 88500
266400.0 16452 1.8885725503272E11 1.171958369E7 4883132 2.803698443155888E13 1.171958369E7 5 5 300 1480 1480 88800
267300.0 16560 1.9013111014668E11 1.175917666E7 4899692 2.822711554170555E13 1.175917666E7 5 5 300 1485 1485 89100
268200.0 16524 1.9055920562196E11 1.179876963E7 4916216 2.841767474732752E13 1.179876963E7 5 5 300 1490 1490 89400
269100.0 16452 1.9077458724798E11 1.18383626E7 4932668 2.860844933457549E13 1.18383626E7 5 5 300 1495 1495 89700
270000.0 16452 1.9141369392738E11 1.187795557E7 4949120 2.879986302850287E13 1.187795557E7 5 5 300 1500 1500 90000
270900.0 16560 1.9269637731466E11 1.191754854E7 4965680 2.899255940581753E13 1.191754854E7 5 5 300 1505 1505 90300
271800.0 16524 1.9312133327841E11 1.195714151E7 4982204 2.918568073909594E13 1.195714151E7 5 5 300 1510 1510 90600
272700.0 16452 1.9333102614264E11 1.199673448E7 4998656 2.937901176523858E13 1.199673448E7 5 5 300 1515 1515 90900
273600.0 16452 1.9397013282204E11 1.203632745E7 5015108 2.957298189806062E13 1.203632745E7 5 5 300 1520 1520 91200
274500.0 16560 1.9526109209009E11 1.207592042E7 5031668 2.97682429901507E13 1.207592042E7 5 5 300 1525 1525 91500
275400.0 16524 1.9568348618668E11 1.211551339E7 5048192 2.996392647633738E13 1.211551339E7 5 5 300 1530 1530 91800
276300.0 16452 1.958874650373E11 1.215510636E7 5064644 3.015981394137468E13 1.215510636E7 5 5 300 1535 1535 92100
277200.0 16452 1.965265717167E11 1.219469933E7 5081096 3.035634051309138E13 1.219469933E7 5 5 300 1540 1540 92400
278100.0 16560 1.9782608309329E11 1.22342923E7 5097656 3.055416659618467E13 1.22342923E7 5 5 300 1545 1545 92700
279000.0 16524 1.9824561384312E11 1.227388527E7 5114180 3.075241221002779E13 1.227388527E7 5 5 300 1550 1550 93000
279900.0 16452 1.9844390393196E11 1.231347824E7 5130632 3.095085611395975E13 1.231347824E7 5 5 300 1555 1555 93300
280800.0 16452 1.9908301061136E11 1.235307121E7 5147084 3.11499391245711E13 1.235307121E7 5 5 300 1560 1560 93600
281700.0 16560 2.0039135022527E11 1.239266418E7 5163644 3.135033047479638E13 1.239266418E7 5 5 300 1565 1565 93900
282600.0 16524 2.0080775413448E11 1.243225715E7 5180168 3.155113822893086E13 1.243225715E7 5 5 300 1570 1570 94200
283500.0 16452 2.0100034282662E11 1.247185012E7 5196620 3.175213857175748E13 1.247185012E7 5 5 300 1575 1575 94500
284400.0 16452 2.0163944992336E11 1.251144314E7 5213072 3.195377802168084E13 1.251144314E7 5 5 300 1580 1580 94800
285300.0 16560 2.029560685655E11 1.255103643E7 5229632 3.215673409024635E13 1.255103643E7 5 5 300 1585 1585 95100
286200.0 16524 2.0336991485614E11 1.25906296E7 5246156 3.236010400510249E13 1.25906296E7 5 5 300 1590 1590 95400
287100.0 16452 2.0355679092791E11 1.263022257E7 5262608 3.256366079603041E13 1.263022257E7 5 5 300 1595 1595 95700
288000.0 16452 2.0419589760732E11 1.266981554E7 5279060 3.276785669363773E13 1.266981554E7 5 5 300 1600 1600 96000
288900.0 16560 2.0552134143312E11 1.270940851E7 5295620 3.297337803507085E13 1.270940851E7 5 5 300 1605 1605 96300
289800.0 16524 2.0593204392647E11 1.274900149E7 5312144 3.317931007899732E13 1.274900149E7 5 5 300 1610 1610 96600
290700.0 16452 2.0611322982268E11 1.278859445E7 5328596 3.338542330882001E13 1.278859445E7 5 5 300 1615 1615 96900
291600.0 16452 2.0675233650209E11 1.282818742E7 5345048 3.359217564532209E13 1.282818742E7 5 5 300 1620 1620 97200
292500.0 16560 2.0808605622666E11 1.286778039E7 5361608 3.380026170154876E13 1.286778039E7 5 5 300 1625 1625 97500
293400.0 16524 2.0849419682585E11 1.290737337E7 5378132 3.400875589837461E13 1.290737337E7 5 5 300 1630 1630 97800
294300.0 16452 2.0866966871745E11 1.294696633E7 5394584 3.421742556709206E13 1.294696633E7 5 5 300 1635 1635 98100
295200.0 16452 2.0930877539685E11 1.29865593E7 5411036 3.442673434248891E13 1.29865593E7 5 5 300 1640 1640 98400
296100.0 16560 2.1065104719398E11 1.302615227E7 5427596 3.463738538968289E13 1.302615227E7 5 5 300 1645 1645 98700
297000.0 16524 2.110563244824E11 1.306574525E7 5444120 3.484844171416529E13 1.306574525E7 5 5 300 1650 1650 99000
297900.0 16452 2.1122610761222E11 1.310533821E7 5460572 3.50596678217775E13 1.310533821E7 5 5 300 1655 1655 99300
298800.0 16452 2.1186521429162E11 1.314493118E7 5477024 3.527153303606912E13 1.314493118E7 5 5 300 1660 1660 99600
299700.0 16560 2.1321603817929E11 1.318452415E7 5493584 3.548474907424841E13 1.318452415E7 5 5 300 1665 1665 99900
300600.0 16524 2.1361846477387E11 1.322411713E7 5510108 3.569836753902228E13 1.322411713E7 5 5 300 1670 1670 100200
301500.0 16452 2.1378254650698E11 1.326371009E7 5526560 3.591215008552927E13 1.326371009E7 5 5 300 1675 1675 100500
302400.0 16452 2.1442165318639E11 1.330330306E7 5543012 3.612657173871566E13 1.330330306E7 5 5 300 1680 1680 100800
303300.0 16560 2.1578102913764E11 1.334289603E7 5559572 3.63423527678533E13 1.334289603E7 5 5 300 1685 1685 101100
304200.0 16524 2.1618060504738E11 1.338248901E7 5576096 3.655853337290069E13 1.338248901E7 5 5 300 1690 1690 101400
305100.0 16452 2.1633898540181E11 1.342208198E7 5592548 3.67748723583025E13 1.342208198E7 5 5 300 1695 1695 101700
306000.0 16452 2.1697809208121E11 1.346167494E7 5609000 3.69918504503837E13 1.346167494E7 5 5 300 1700 1700 102000
306900.0 16560 2.1834602013201E11 1.350126791E7 5625560 3.721019647051572E13 1.350126791E7 5 5 300 1705 1705 102300
307800.0 16524 2.1874274533896E11 1.354086089E7 5642084 3.742893921585468E13 1.354086089E7 5 5 300 1710 1710 102600
308700.0 16452 2.1889542429668E11 1.358045386E7 5658536 3.764783464015136E13 1.358045386E7 5 5 300 1715 1715 102900
309600.0 16452 2.1953453097609E11 1.362004682E7 5674988 3.786736917112744E13 1.362004682E7 5 5 300 1720 1720 103200
310500.0 16560 2.2091101110822E11 1.365963979E7 5691548 3.808828018223567E13 1.365963979E7 5 5 300 1725 1725 103500
311400.0 16524 2.2130488561259E11 1.369923277E7 5708072 3.830958506784825E13 1.369923277E7 5 5 300 1730 1730 103800
312300.0 16452 2.2145186319161E11 1.373882574E7 5724524 3.853103693103986E13 1.373882574E7 5 5 300 1735 1735 104100
313200.0 16452 2.2209096987102E11 1.37784187E7 5740976 3.875312790091088E13 1.37784187E7 5 5 300 1740 1740 104400
314100.0 16560 2.2347600206669E11 1.381801167E7 5757536 3.897660390297756E13 1.381801167E7 5 5 300 1745 1745 104700
315000.0 16524 2.2386702590421E11 1.385760465E7 5774060 3.920047092888178E13 1.385760465E7 5 5 300 1750 1750 105000
315900.0 16452 2.2400830208654E11 1.389719762E7 5790512 3.942447923096833E13 1.389719762E7 5 5 300 1755 1755 105300
316800.0 16452 2.2464740876595E11 1.393679058E7 5806964 3.964912663973427E13 1.393679058E7 5 5 300 1760 1760 105600
317700.0 16560 2.2604099306117E11 1.397638355E7 5823524 3.987516763279544E13 1.397638355E7 5 5 300 1765 1765 105900
318600.0 16524 2.264291787948E11 1.401597653E7 5840048 4.010159681159024E13 1.401597653E7 5 5 300 1770 1770 106200
319500.0 16452 2.2656474098152E11 1.40555695E7 5856500 4.032816155257177E13 1.40555695E7 5 5 300 1775 1775 106500
320400.0 16452 2.2720384766093E11 1.409516246E7 5872952 4.05553654002327E13 1.409516246E7 5 5 300 1780 1780 106800
321300.0 16560 2.286059840197E11 1.413475543E7 5889512 4.07839713842524E13 1.413475543E7 5 5 300 1785 1785 107100
322200.0 16524 2.2899130646958E11 1.417434841E7 5906036 4.101296269072198E13 1.417434841E7 5 5 300 1790 1790 107400
323100.0 16452 2.2912117987651E11 1.421394138E7 5922488 4.124208387059848E13 1.421394138E7 5 5 300 1795 1795 107700
324000.0 16452 2.2976028655591E11 1.425353435E7 5938940 4.14718441571544E13 1.425353435E7 5 5 300 1800 1800 108000
324900.0 16560 2.3117097531804E11 1.429312736E7 5955500 4.170301513247243E13 1.429312736E7 5 5 300 1805 1805 108300
325800.0 16524 2.3155345082702E11 1.433272066E7 5972024 4.193456858329945E13 1.433272066E7 5 5 300 1810 1810 108600
326700.0 16452 2.3167762638467E11 1.437231383E7 5988476 4.216624620968412E13 1.437231383E7 5 5 300 1815 1815 108900
327600.0 16452 2.3231673465617E11 1.44119068E7 6004928 4.23985629443403E13 1.44119068E7 5 5 300 1820 1820 109200
328500.0 16560 2.3373597519983E11 1.445149976E7 6021488 4.263229891954013E13 1.445149976E7 5 5 300 1825 1825 109500
329400.0 16524 2.341155962518E11 1.449109274E7 6038012 4.286641451579192E13 1.449109274E7 5 5 300 1830 1830 109800
330300.0 16452 2.3423406687181E11 1.453068571E7 6054464 4.310064858266373E13 1.453068571E7 5 5 300 1835 1835 110100
331200.0 16452 2.3487317355121E11 1.457027868E7 6070916 4.333552175621494E13 1.457027868E7 5 5 300 1840 1840 110400
332100.0 16560 2.3630124237737E11 1.460987164E7 6087476 4.357182299859231E13 1.460987164E7 5 5 300 1845 1845 110700
333000.0 16524 2.3667774915144E11 1.464946462E7 6104000 4.380850074774375E13 1.464946462E7 5 5 300 1850 1850 111000
333900.0 16453 2.3679050595787E11 1.468905759E7 6120453 4.404529125370162E13 1.468905759E7 5 5 300 1855 1855 111300
334800.0 16452 2.3742961244625E11 1.472865056E7 6136905 4.428272086614787E13 1.472865056E7 5 5 300 1860 1860 111600
335700.0 16560 2.38865957171E11 1.476824352E7 6153465 4.452158682331888E13 1.476824352E7 5 5 300 1865 1865 111900
336600.0 16524 2.3923987682627E11 1.48078365E7 6169989 4.476082670014515E13 1.48078365E7 5 5 300 1870 1870 112200
337500.0 16452 2.3934694466188E11 1.484742947E7 6186441 4.500017364480702E13 1.484742947E7 5 5 300 1875 1875 112500
338400.0 16452 2.3998605134129E11 1.488702244E7 6202893 4.524015969614831E13 1.488702244E7 5 5 300 1880 1880 112800
339300.0 16560 2.4143094813859E11 1.492661541E7 6219453 4.54815906442869E13 1.492661541E7 5 5 300 1885 1885 113100
340200.0 16524 2.4180202970797E11 1.496620838E7 6235977 4.572339267399487E13 1.496620838E7 5 5 300 1890 1890 113400
341100.0 16452 2.4190338355697E11 1.500580135E7 6252429 4.596529605755184E13 1.500580135E7 5 5 300 1895 1895 113700
342000.0 16452 2.4254249023638E11 1.504539432E7 6268881 4.620783854778822E13 1.504539432E7 5 5 300 1900 1900 114000
342900.0 16560 2.4399621531618E11 1.508498729E7 6285441 4.64518347631044E13 1.508498729E7 5 5 300 1905 1905 114300
343800.0 16524 2.4436415739185E11 1.512458026E7 6301965 4.669619892049624E13 1.512458026E7 5 5 300 1910 1910 114600
344700.0 16452 2.4445982245206E11 1.516417323E7 6318417 4.69406587429483E13 1.516417323E7 5 5 300 1915 1915 114900
345600.0 16452 2.4509892913147E11 1.52037662E7 6334869 4.718575767207977E13 1.52037662E7 5 5 300 1920 1920 115200

