# seed = 1, gamma = 0.0, beta = 0.5, dee = 100.0, dcc = 200.0, dec = 600.0, dsc = 20.0, dLocalhost = 0.015, hostBroker = EDGE, numOfCloud = 1, numOfEdge = 1, numOfSmartphone = 150 
#
# The columns have the following meaning: 
# instant[SECONDS] delayCountPartial delaySumPartial[SECONDS] delayMaxPartial[SECONDS] delayCountTot delaySumTot[SECONDS] delayMaxTot[SECONDS] runOnCloudPartial runOnEdgePartial runOnSmartphonePartial runOnCloudTot runOnEdgeTot runOnSmartphoneTot
0.0 0 0.0 0.0 0 0.0 0.0 0 0 0 0 0 0
900.0 16560 7.757458923E7 9603.61 16560 7.757458923E7 9603.61 160 0 150 160 0 150
1800.0 16524 2.2195720053E8 18550.08 33084 2.9953178975E8 18550.08 160 0 150 320 0 300
2700.0 16453 3.6595264765E8 27496.07 49537 6.654844374E8 27496.07 160 0 150 480 0 450
3600.0 16452 5.1035819405E8 36442.05 65989 1.17584263145E9 36442.05 160 0 150 640 0 600
4500.0 16560 6.5720679076E8 45388.03 82549 1.83304942221E9 45388.03 160 0 150 800 0 750
5400.0 16524 8.0087739346E8 54334.03 99073 2.63392681567E9 54334.03 160 0 150 960 0 900
6300.0 16452 9.4357698938E8 63280.01 115525 3.57750380505E9 63280.01 160 0 150 1120 0 1050
7200.0 16452 1.08798253578E9 72225.99 131977 4.66548634082E9 72225.99 160 0 150 1280 0 1200
8100.0 16560 1.23669641427E9 81171.97 148537 5.9021827551E9 81171.97 160 0 150 1440 0 1350
9000.0 16524 1.37978649906E9 90117.96 165061 7.28196925416E9 90117.96 160 0 150 1600 0 1500
9900.0 16458 1.52120133138E9 99063.95 181519 8.80317058554E9 99063.95 160 0 150 1760 0 1650
10800.0 16454 1.66560826492E9 108010.1 197973 1.046877885046E10 108010.1 160 0 150 1920 0 1800
11700.0 16560 1.81632624393E9 116956.48 214533 1.228510509439E10 116956.48 160 0 150 2080 0 1950
12600.0 16524 1.95871178051E9 125902.48 231057 1.424381687491E10 125902.48 160 0 150 2240 0 2100
13500.0 16452 2.09883491224E9 134848.46 247509 1.634265178715E10 134848.46 160 0 150 2400 0 2250
14400.0 16452 2.24324045863E9 143794.44 263961 1.858589224578E10 143794.44 160 0 150 2560 0 2400
15300.0 16560 2.39581902444E9 152740.42 280521 2.098171127022E10 152740.42 160 0 150 2720 0 2550
16200.0 16524 2.53762088611E9 161686.41 297045 2.351933215633E10 161686.41 160 0 150 2880 0 2700
17100.0 16452 2.67645925423E9 170632.4 313497 2.619579141056E10 170632.4 160 0 150 3040 0 2850
18000.0 16452 2.82086480062E9 179578.38 329949 2.901665621118E10 179578.38 160 0 150 3200 0 3000
18900.0 16560 2.97537569913E9 188524.36 346509 3.199203191031E10 188524.36 160 0 150 3360 0 3150
19800.0 16525 3.1165334409E9 197470.35 363034 3.510856535121E10 197470.35 160 0 150 3520 0 3300
20700.0 16452 3.25408558953E9 206416.59 379486 3.836265094074E10 206416.59 160 0 150 3680 0 3450
21600.0 16452 3.39849583304E9 215362.88 395938 4.176114677377E10 215362.88 160 0 150 3840 0 3600
22500.0 16560 3.55494161701E9 224308.87 412498 4.531608839078E10 224308.87 160 0 150 4000 0 3750
23400.0 16524 3.6954552556E9 233254.86 429022 4.901154364639E10 233254.86 160 0 150 4160 0 3900
24300.0 16452 3.83171715955E9 242200.85 445474 5.284326080594E10 242200.85 160 0 150 4320 0 4050
25200.0 16452 3.97612270594E9 251146.83 461926 5.681938351188E10 251146.83 160 0 150 4480 0 4200
26100.0 16560 4.13456539662E9 260092.81 478486 6.09539489085E10 260092.81 160 0 150 4640 0 4350
27000.0 16524 4.27436781971E9 269038.8 495010 6.522831672822E10 269038.8 160 0 150 4800 0 4500
27900.0 16452 4.40934150186E9 277984.79 511462 6.963765823008E10 277984.79 160 0 150 4960 0 4650
28800.0 16452 4.55374704826E9 286930.77 527914 7.419140527834E10 286930.77 160 0 150 5120 0 4800
29700.0 16560 4.71405498476E9 295876.75 544474 7.890546026309E10 295876.75 160 0 150 5280 0 4950
30600.0 16524 4.85328310145E9 304823.07 560998 8.375874336454E10 304823.07 160 0 150 5440 0 5100
31500.0 16452 4.98697314822E9 313769.29 577450 8.874571651277E10 313769.29 160 0 150 5600 0 5250
32400.0 16452 5.13138060927E9 322715.28 593902 9.387709712204E10 322715.28 160 0 150 5760 0 5400
33300.0 16560 5.29362090031E9 331661.26 610462 9.917071802235E10 331661.26 160 0 150 5920 0 5550
34200.0 16524 5.43220218742E9 340607.25 626986 1.0460292020976E11 340607.25 160 0 150 6080 0 5700
35100.0 16452 5.5645994054E9 349553.23 643438 1.1016751961516E11 349553.23 160 0 150 6240 0 5850
36000.0 16452 5.7090049518E9 358499.22 659890 1.1587652456696E11 358499.22 160 0 150 6400 0 6000
36900.0 16560 5.87317757554E9 367445.2 676450 1.217497021425E11 367445.2 160 0 150 6560 0 6150
37800.0 16524 6.0111147518E9 376391.19 692974 1.277608168943E11 376391.19 160 0 150 6720 0 6300
38700.0 16452 6.14222374804E9 385337.17 709426 1.3390304064234E11 385337.17 160 0 150 6880 0 6450
39600.0 16452 6.28662929443E9 394283.16 725878 1.4018966993677E11 394283.16 160 0 150 7040 0 6600
40500.0 16560 6.45273741991E9 403229.54 742438 1.4664240735669E11 403229.54 160 0 150 7200 0 6750
41400.0 16524 6.59003535415E9 412175.7 758962 1.5323244271083E11 412175.7 160 0 150 7360 0 6900
42300.0 16452 6.71985731686E9 421121.68 775414 1.5995230002769E11 421121.68 160 0 150 7520 0 7050
43200.0 16452 6.86426286325E9 430067.67 791866 1.6681656289094E11 430067.67 160 0 150 7680 0 7200
44100.0 16560 7.03230017427E9 439013.65 808426 1.7384886306521E11 439013.65 160 0 150 7840 0 7350
45000.0 16524 7.16894912744E9 447959.64 824950 1.8101781219265E11 447959.64 160 0 150 8000 0 7500
45900.0 16452 7.29748165955E9 456905.62 841402 1.883152938522E11 456905.62 160 0 150 8160 0 7650
46800.0 16452 7.44188720594E9 465851.6 857854 1.9575718105814E11 465851.6 160 0 150 8320 0 7800
47700.0 16560 7.61192395454E9 474797.59 874414 2.0336910501268E11 474797.59 160 0 150 8480 0 7950
48600.0 16524 7.74786168304E9 483743.58 890938 2.1111696669572E11 483743.58 160 0 150 8640 0 8100
49500.0 16458 7.87510600235E9 492689.56 907396 2.1899207269806E11 492689.56 160 0 150 8800 0 8250
50400.0 16455 8.01951576222E9 501636.02 923851 2.2701158846029E11 501636.02 160 0 150 8960 0 8400
51300.0 16560 8.19142214653E9 510582.1 940411 2.3520301060682E11 510582.1 160 0 150 9120 0 8550
52200.0 16524 8.326783514E9 519528.09 956935 2.4352979412083E11 519528.09 160 0 150 9280 0 8700
53100.0 16452 8.45273958193E9 528474.07 973387 2.5198253370275E11 528474.07 160 0 150 9440 0 8850
54000.0 16452 8.59714512834E9 537420.06 989839 2.6057967883109E11 537420.06 160 0 150 9600 0 9000
54900.0 16560 8.77097947738E9 546366.04 1006399 2.6935065830847E11 546366.04 160 0 150 9760 0 9150
55800.0 16524 8.90569607861E9 555312.03 1022923 2.7825635438708E11 555312.03 160 0 150 9920 0 9300
56700.0 16452 9.03036392473E9 564258.01 1039375 2.8728671831181E11 564258.01 160 0 150 10080 0 9450
57600.0 16452 9.17476947114E9 573203.99 1055827 2.9646148778295E11 573203.99 160 0 150 10240 0 9600
58500.0 16560 9.35053615289E9 582149.98 1072387 3.0581202393584E11 582149.98 160 0 150 10400 0 9750
59400.0 16525 9.48460864322E9 591095.97 1088912 3.1529663257906E11 591095.97 160 0 150 10560 0 9900
60300.0 16452 9.60799271625E9 600042.51 1105364 3.2490462529531E11 600042.51 160 0 150 10720 0 10050
61200.0 16452 9.752403033E9 608988.51 1121816 3.3465702832831E11 608988.51 160 0 150 10880 0 10200
62100.0 16560 9.93010212806E9 617934.49 1138376 3.4458713045637E11 617934.49 160 0 150 11040 0 10350
63000.0 16524 1.006353049715E10 626880.48 1154900 3.5465066095352E11 626880.48 160 0 150 11200 0 10500
63900.0 16452 1.0185621879E10 635826.46 1171352 3.6483628283252E11 635826.46 160 0 150 11360 0 10650
64800.0 16452 1.033002742541E10 644772.45 1187804 3.7516631025793E11 644772.45 160 0 150 11520 0 10800
65700.0 16560 1.050972589945E10 653718.43 1204364 3.8567603615738E11 653718.43 160 0 150 11680 0 10950
66600.0 16524 1.064244306176E10 662664.42 1220888 3.9631847921914E11 662664.42 160 0 150 11840 0 11100
67500.0 16452 1.07632462218E10 671610.4 1237340 4.0708172544094E11 671610.4 160 0 150 12000 0 11250
68400.0 16452 1.090765176821E10 680556.39 1253792 4.1798937720915E11 680556.39 160 0 150 12160 0 11400
69300.0 16560 1.108921547008E10 689502.37 1270352 4.2907859267923E11 689502.37 160 0 150 12320 0 11550
70200.0 16524 1.122136012725E10 698448.92 1286876 4.4029995280648E11 698448.92 160 0 150 12480 0 11700
71100.0 16452 1.134087983568E10 707394.92 1303328 4.5164083264216E11 707394.92 160 0 150 12640 0 11850
72000.0 16452 1.148528538209E10 716340.9 1319780 4.6312611802424E11 716340.9 160 0 150 12800 0 12000
72900.0 16560 1.166878145667E10 725286.88 1336340 4.7479489948092E11 725286.88 160 0 150 12960 0 12150
73800.0 16524 1.180027748272E10 734232.87 1352864 4.8659517696364E11 734232.87 160 0 150 13120 0 12300
74700.0 16452 1.191850417848E10 743178.86 1369316 4.9851368114213E11 743178.86 160 0 150 13280 0 12450
75600.0 16452 1.206290972489E10 752124.84 1385768 5.1057659086702E11 752124.84 160 0 150 13440 0 12600
76500.0 16560 1.224840521906E10 761070.82 1402328 5.2282499608608E11 761070.82 160 0 150 13600 0 12750
77400.0 16524 1.237919004733E10 770016.81 1418852 5.3520418613341E11 770016.81 160 0 150 13760 0 12900
78300.0 16452 1.249612852129E10 778962.79 1435304 5.4770031465469E11 778962.79 160 0 150 13920 0 13050
79200.0 16452 1.264053406769E10 787908.78 1451756 5.6034084872239E11 787908.78 160 0 150 14080 0 13200
80100.0 16560 1.282789933906E10 796855.32 1468316 5.7316874806145E11 796855.32 160 0 150 14240 0 13350
81000.0 16524 1.295811536188E10 805801.32 1484840 5.8612686342332E11 805801.32 160 0 150 14400 0 13500
81900.0 16453 1.307376225078E10 814747.31 1501293 5.992006256741E11 814747.31 160 0 150 14560 0 13650
82800.0 16452 1.321816768152E10 823693.29 1517745 6.1241879335562E11 823693.29 160 0 150 14720 0 13800
83700.0 16560 1.340752788111E10 832639.27 1534305 6.2582632123673E11 832639.27 160 0 150 14880 0 13950
84600.0 16524 1.353702446824E10 841585.26 1550829 6.3936334570497E11 841585.26 160 0 150 15040 0 14100
85500.0 16452 1.365138647786E10 850531.25 1567281 6.5301473218283E11 850531.25 160 0 150 15200 0 14250
86400.0 16452 1.379579202427E10 859477.23 1583733 6.668105242071E11 859477.23 160 0 150 15360 0 14400
87300.0 16560 1.398701744269E10 868423.21 1600293 6.8079754164978E11 868423.21 160 0 150 15520 0 14550
88200.0 16524 1.411594048198E10 877369.2 1616817 6.9491348213176E11 877369.2 160 0 150 15680 0 14700
89100.0 16460 1.422901082061E10 886315.19 1633277 7.0914249295237E11 886315.19 160 0 150 15840 0 14850
90000.0 16452 1.437342091401E10 895261.73 1649729 7.2351591386638E11 895261.73 160 0 150 16000 0 15000
90900.0 16560 1.456665052511E10 904207.72 1666289 7.3808256439149E11 904207.72 160 0 150 16160 0 15150
91800.0 16524 1.469485888015E10 913153.72 1682813 7.5277742327164E11 913153.72 160 0 150 16320 0 15300
92700.0 16452 1.480664443449E10 922099.7 1699265 7.6758406770612E11 922099.7 160 0 150 16480 0 15450
93600.0 16452 1.495104998089E10 931045.68 1715717 7.8253511768702E11 931045.68 160 0 150 16640 0 15600
94500.0 16560 1.514614010474E10 939991.66 1732277 7.9768125779175E11 939991.66 160 0 150 16800 0 15750
95400.0 16524 1.527377490294E10 948937.66 1748801 8.129550326947E11 948937.66 160 0 150 16960 0 15900
96300.0 16452 1.538426877729E10 957883.64 1765253 8.2833930147199E11 957883.64 160 0 150 17120 0 16050
97200.0 16452 1.55286743237E10 966829.62 1781705 8.4386797579568E11 966829.62 160 0 150 17280 0 16200
98100.0 16560 1.572569678024E10 975775.6 1798265 8.5959367257593E11 975775.6 160 0 150 17440 0 16350
99000.0 16525 1.585268400936E10 984721.59 1814790 8.7544635658529E11 984721.59 160 0 150 17600 0 16500
99900.0 16452 1.596189766422E10 993668.14 1831242 8.914082542495E11 993668.14 160 0 150 17760 0 16650
100800.0 16452 1.610630793757E10 1002614.13 1847694 9.0751456218708E11 1002614.13 160 0 150 17920 0 16800
101700.0 16560 1.630526275784E10 1011560.12 1864254 9.2381982494492E11 1011560.12 160 0 150 18080 0 16950
102600.0 16524 1.643160587472E10 1020506.11 1880778 9.4025143081964E11 1020506.11 160 0 150 18240 0 17100
103500.0 16452 1.653952673397E10 1029452.09 1897230 9.5679095755361E11 1029452.09 160 0 150 18400 0 17250
104400.0 16452 1.668393228038E10 1038398.07 1913682 9.7347488983399E11 1038398.07 160 0 150 18560 0 17400
105300.0 16560 1.688481944235E10 1047344.05 1930242 9.9035970927634E11 1047344.05 160 0 150 18720 0 17550
106200.0 16524 1.701051843032E10 1056290.05 1946766 1.00737022770666E12 1056290.05 160 0 150 18880 0 17700
107100.0 16452 1.711715107678E10 1065236.03 1963218 1.02448737878344E12 1065236.03 160 0 150 19040 0 17850
108000.0 16452 1.726155662318E10 1074182.01 1979670 1.04174893540662E12 1074182.01 160 0 150 19200 0 18000
108900.0 16560 1.746437610886E10 1083127.99 1996230 1.05921331151548E12 1083127.99 160 0 150 19360 0 18150
109800.0 16524 1.758943551387E10 1092074.55 2012754 1.07680274702935E12 1092074.55 160 0 150 19520 0 18300
110700.0 16452 1.769478469076E10 1101020.54 2029206 1.09449753172011E12 1101020.54 160 0 150 19680 0 18450
111600.0 16452 1.783919023717E10 1109966.52 2045658 1.11233672195728E12 1109966.52 160 0 150 19840 0 18600
112500.0 16560 1.804394209556E10 1118912.51 2062218 1.13038066405284E12 1118912.51 160 0 150 20000 0 18750
113400.0 16524 1.816835285145E10 1127858.5 2078742 1.1485490169043E12 1127858.5 160 0 150 20160 0 18900
114300.0 16452 1.827240903367E10 1136804.48 2095194 1.16682142593797E12 1136804.48 160 0 150 20320 0 19050
115200.0 16452 1.841681458008E10 1145750.46 2111646 1.18523824051805E12 1145750.46 160 0 150 20480 0 19200
116100.0 16560 1.862349875318E10 1154696.45 2128206 1.20386173927123E12 1154696.45 160 0 150 20640 0 19350
117000.0 16524 1.874726542517E10 1163642.44 2144730 1.2226090046964E12 1163642.44 160 0 150 20800 0 19500
117900.0 16452 1.885003337659E10 1172588.42 2161182 1.24145903807299E12 1172588.42 160 0 150 20960 0 19650
118800.0 16452 1.8994438923E10 1181534.4 2177634 1.26045347699598E12 1181534.4 160 0 150 21120 0 19800
119700.0 16560 1.920305999617E10 1190480.95 2194194 1.27965653699215E12 1190480.95 160 0 150 21280 0 19950
120600.0 16524 1.932618727263E10 1199426.95 2210718 1.29898272426478E12 1199426.95 160 0 150 21440 0 20100
121500.0 16452 1.942766699057E10 1208372.93 2227170 1.31841039125535E12 1208372.93 160 0 150 21600 0 20250
122400.0 16452 1.957207253698E10 1217318.92 2243622 1.33798246379234E12 1217318.92 160 0 150 21760 0 20400
123300.0 16560 1.97826214155E10 1226264.9 2260182 1.35776508520784E12 1226264.9 160 0 150 21920 0 20550
124200.0 16524 1.990509984635E10 1235210.89 2276706 1.37767018505419E12 1235210.89 160 0 150 22080 0 20700
125100.0 16452 2.000529133349E10 1244156.87 2293158 1.39767547638767E12 1244156.87 160 0 150 22240 0 20850
126000.0 16452 2.014969687989E10 1253102.85 2309610 1.41782517326757E12 1253102.85 160 0 150 22400 0 21000
126900.0 16560 2.036217810012E10 1262048.84 2326170 1.43818735136769E12 1262048.84 160 0 150 22560 0 21150
127800.0 16524 2.048401241106E10 1270994.83 2342694 1.45867136377875E12 1270994.83 160 0 150 22720 0 21300
128700.0 16461 2.058291596984E10 1279940.81 2359155 1.47925427974858E12 1279940.81 160 0 150 22880 0 21450
129600.0 16452 2.07273257698E10 1288887.36 2375607 1.49998160551838E12 1288887.36 160 0 150 23040 0 21600
130500.0 16560 2.094174408682E10 1297833.35 2392167 1.52092334960521E12 1297833.35 160 0 150 23200 0 21750
131400.0 16524 2.106293425853E10 1306779.34 2408691 1.54198628386374E12 1306779.34 160 0 150 23360 0 21900
132300.0 16452 2.116054929038E10 1315725.32 2425143 1.56314683315412E12 1315725.32 160 0 150 23520 0 22050
133200.0 16452 2.130495483679E10 1324671.31 2441595 1.58445178799091E12 1324671.31 160 0 150 23680 0 22200
134100.0 16560 2.152130075344E10 1333617.29 2458155 1.60597308874436E12 1333617.29 160 0 150 23840 0 22350
135000.0 16524 2.164184683225E10 1342563.28 2474679 1.6276149355766E12 1342563.28 160 0 150 24000 0 22500
135900.0 16452 2.17381736333E10 1351509.26 2491131 1.6493531092099E12 1351509.26 160 0 150 24160 0 22650
136800.0 16452 2.188257917971E10 1360455.25 2507583 1.6712356883896E12 1360455.25 160 0 150 24320 0 22800
137700.0 16560 2.210085742006E10 1369401.23 2524143 1.69333654580966E12 1369401.23 160 0 150 24480 0 22950
138600.0 16525 2.222075957092E10 1378347.22 2540668 1.71555730538058E12 1378347.22 160 0 150 24640 0 23100
139500.0 16452 2.231580252033E10 1387293.77 2557120 1.73787310790091E12 1387293.77 160 0 150 24800 0 23250
140400.0 16452 2.246021279369E10 1396239.76 2573572 1.7603333206946E12 1396239.76 160 0 150 24960 0 23400
141300.0 16560 2.268042340676E10 1405185.74 2590132 1.78301374410137E12 1405185.74 160 0 150 25120 0 23550
142200.0 16524 2.279968125343E10 1414131.73 2606656 1.80581342535479E12 1414131.73 160 0 150 25280 0 23700
143100.0 16452 2.28934315902E10 1423077.72 2623108 1.82870685694499E12 1423077.72 160 0 150 25440 0 23850
144000.0 16452 2.30378371366E10 1432023.7 2639560 1.85174469408159E12 1432023.7 160 0 150 25600 0 24000
144900.0 16560 2.325998008238E10 1440969.68 2656120 1.87500467416397E12 1440969.68 160 0 150 25760 0 24150
145800.0 16524 2.337859380914E10 1449915.67 2672644 1.89838326797311E12 1449915.67 160 0 150 25920 0 24300
146700.0 16452 2.347105593311E10 1458861.66 2689096 1.92185432390622E12 1458861.66 160 0 150 26080 0 24450
147600.0 16452 2.361546147952E10 1467807.64 2705548 1.94546978538574E12 1467807.64 160 0 150 26240 0 24600
148500.0 16560 2.3839536758E10 1476753.62 2722108 1.96930932214374E12 1476753.62 160 0 150 26400 0 24750
149400.0 16524 2.395751089274E10 1485700.18 2738632 1.99326683303648E12 1485700.18 160 0 150 26560 0 24900
150300.0 16452 2.404868954709E10 1494646.17 2755084 2.01731552258357E12 1494646.17 160 0 150 26720 0 25050
151200.0 16452 2.41930950935E10 1503592.15 2771536 2.04150861767708E12 1503592.15 160 0 150 26880 0 25200
152100.0 16560 2.44191027267E10 1512538.13 2788096 2.06592772040378E12 1512538.13 160 0 150 27040 0 25350
153000.0 16524 2.453642823038E10 1521484.12 2804620 2.09046414863416E12 1521484.12 160 0 150 27200 0 25500
153900.0 16452 2.462631389006E10 1530430.11 2821072 2.11509046252422E12 1530430.11 160 0 150 27360 0 25650
154800.0 16452 2.477071943647E10 1539376.09 2837524 2.13986118196069E12 1539376.09 160 0 150 27520 0 25800
155700.0 16560 2.499865941138E10 1548322.07 2854084 2.16485984137206E12 1548322.07 160 0 150 27680 0 25950
156600.0 16524 2.511534080415E10 1557268.06 2870608 2.18997518217621E12 1557268.06 160 0 150 27840 0 26100
157500.0 16452 2.520393823297E10 1566214.05 2887060 2.21517912040918E12 1566214.05 160 0 150 28000 0 26250
158400.0 16452 2.534834405055E10 1575160.06 2903512 2.24052746445974E12 1575160.06 160 0 150 28160 0 26400
159300.0 16560 2.557828814259E10 1584106.58 2920072 2.26610575260233E12 1584106.58 160 0 150 28320 0 26550
160200.0 16525 2.569426263965E10 1593052.58 2936597 2.29180001524198E12 1593052.58 160 0 150 28480 0 26700
161100.0 16452 2.578157183502E10 1601998.56 2953049 2.31758158707699E12 1601998.56 160 0 150 28640 0 26850
162000.0 16452 2.592597738143E10 1610944.54 2969501 2.34350756445842E12 1610944.54 160 0 150 28800 0 27000
162900.0 16560 2.615778204372E10 1619890.52 2986061 2.36966534650214E12 1619890.52 160 0 150 28960 0 27150
163800.0 16524 2.627317868044E10 1628836.52 3002585 2.39593852518258E12 1628836.52 160 0 150 29120 0 27300
164700.0 16452 2.635919617782E10 1637782.5 3019037 2.42229772136041E12 1637782.5 160 0 150 29280 0 27450
165600.0 16452 2.650360172423E10 1646728.48 3035489 2.44880132308464E12 1646728.48 160 0 150 29440 0 27600
166500.0 16560 2.67374058151E10 1655674.46 3052049 2.47553872889974E12 1655674.46 160 0 150 29600 0 27750
167400.0 16530 2.685208777786E10 1664620.45 3068579 2.50239081667761E12 1664620.45 160 0 150 29760 0 27900
168300.0 16454 2.693682145006E10 1673566.55 3085033 2.52932763812767E12 1673566.55 160 0 150 29920 0 28050
169200.0 16452 2.708123158426E10 1682512.98 3101485 2.55640886971193E12 1682512.98 160 0 150 30080 0 28200
170100.0 16560 2.731690466216E10 1691458.97 3118045 2.58372577437409E12 1691458.97 160 0 150 30240 0 28350
171000.0 16524 2.743101305779E10 1700404.97 3134569 2.61115678743187E12 1700404.97 160 0 150 30400 0 28500
171900.0 16452 2.751445409996E10 1709350.95 3151021 2.63867124153183E12 1709350.95 160 0 150 30560 0 28650
172800.0 16452 2.765885964637E10 1718296.93 3167473 2.6663301011782E12 1718296.93 160 0 150 30720 0 28800
173700.0 16560 2.789646133767E10 1727242.91 3184033 2.69422656251587E12 1727242.91 160 0 150 30880 0 28950
174600.0 16524 2.80099221642E10 1736188.9 3200557 2.72223648468007E12 1736188.9 160 0 150 31040 0 29100
175500.0 16452 2.809207844276E10 1745134.89 3217009 2.75032856312284E12 1745134.89 160 0 150 31200 0 29250
176400.0 16452 2.823648398917E10 1754080.87 3233461 2.77856504711201E12 1754080.87 160 0 150 31360 0 29400
177300.0 16561 2.847601802218E10 1763026.85 3250022 2.80704106513419E12 1763026.85 160 0 150 31520 0 29550
178200.0 16524 2.858883632293E10 1771973.04 3266546 2.83562990145712E12 1771973.04 160 0 150 31680 0 29700
179100.0 16452 2.866970902242E10 1780919.39 3282998 2.86429961047954E12 1780919.39 160 0 150 31840 0 29850
180000.0 16452 2.881411756821E10 1789865.38 3299450 2.89311372804775E12 1789865.38 160 0 150 32000 0 30000
180900.0 16560 2.905558397382E10 1798811.36 3316010 2.92216931202157E12 1798811.36 160 0 150 32160 0 30150
181800.0 16524 2.91677565502E10 1807757.35 3332534 2.95133706857177E12 1807757.35 160 0 150 32320 0 30300
182700.0 16452 2.924733636456E10 1816703.34 3348986 2.98058440493632E12 1816703.34 160 0 150 32480 0 30450
183600.0 16452 2.939174191096E10 1825649.32 3365438 3.00997614684729E12 1825649.32 160 0 150 32640 0 30600
184500.0 16560 2.963514062228E10 1834595.3 3381998 3.03961128746956E12 1834595.3 160 0 150 32800 0 30750
185400.0 16524 2.974666911475E10 1843541.29 3398522 3.06935795658432E12 1843541.29 160 0 150 32960 0 30900
186300.0 16452 2.982496070731E10 1852487.28 3414974 3.09918291729162E12 1852487.28 160 0 150 33120 0 31050
187200.0 16452 2.996936625371E10 1861433.26 3431426 3.12915228354534E12 1861433.26 160 0 150 33280 0 31200
188100.0 16560 3.02146994967E10 1870379.52 3447986 3.15936698304203E12 1870379.52 160 0 150 33440 0 31350
189000.0 16524 3.032558835623E10 1879325.8 3464510 3.18969257139826E12 1879325.8 160 0 150 33600 0 31500
189900.0 16452 3.040259426397E10 1888271.79 3480962 3.22009516566223E12 1888271.79 160 0 150 33760 0 31650
190800.0 16452 3.054699981038E10 1897217.77 3497414 3.25064216547262E12 1897217.77 160 0 150 33920 0 31800
191700.0 16560 3.079426323593E10 1906163.75 3513974 3.28143642870854E12 1906163.75 160 0 150 34080 0 31950
192600.0 16524 3.090450347832E10 1915109.74 3530498 3.31234093218686E12 1915109.74 160 0 150 34240 0 32100
193500.0 16452 3.098021860672E10 1924055.72 3546950 3.34332115079359E12 1924055.72 160 0 150 34400 0 32250
194400.0 16452 3.112462415313E10 1933001.71 3563402 3.37444577494672E12 1933001.71 160 0 150 34560 0 32400
195300.0 16560 3.137381990238E10 1941947.69 3579962 3.4058195948491E12 1941947.69 160 0 150 34720 0 32550
196200.0 16524 3.148341604288E10 1950893.68 3596486 3.43730301089198E12 1950893.68 160 0 150 34880 0 32700
197100.0 16452 3.155784294945E10 1959839.66 3612938 3.46886085384143E12 1959839.66 160 0 150 35040 0 32850
198000.0 16452 3.170225136779E10 1968786.0 3629390 3.50056310520922E12 1968786.0 160 0 150 35200 0 33000
198900.0 16560 3.195338404285E10 1977732.2 3645950 3.53251648925208E12 1977732.2 160 0 150 35360 0 33150
199800.0 16525 3.206233784718E10 1986678.19 3662475 3.56457882709925E12 1986678.19 160 0 150 35520 0 33300
200700.0 16452 3.213547651135E10 1995624.17 3678927 3.5967143036106E12 1995624.17 160 0 150 35680 0 33450
201600.0 16452 3.22798820577E10 2004570.16 3695379 3.6289941856683E12 2004570.16 160 0 150 35840 0 33600
202500.0 16560 3.253294252113E10 2013516.14 3711939 3.66152712818943E12 2013516.14 160 0 150 36000 0 33750
203400.0 16524 3.264125041149E10 2022462.13 3728463 3.69416837860092E12 2022462.13 160 0 150 36160 0 33900
204300.0 16452 3.271310085386E10 2031408.11 3744915 3.72688147945478E12 2031408.11 160 0 150 36320 0 34050
205200.0 16452 3.285750640021E10 2040354.09 3761367 3.75973898585499E12 2040354.09 160 0 150 36480 0 34200
206100.0 16560 3.311249916935E10 2049300.08 3777927 3.79285148502434E12 2049300.08 160 0 150 36640 0 34350
207000.0 16530 3.32201629757E10 2058246.07 3794457 3.82607164800004E12 2058246.07 160 0 150 36800 0 34500
207900.0 16454 3.32907288114E10 2067192.48 3810911 3.85936237681144E12 2067192.48 160 0 150 36960 0 34650
208800.0 16452 3.343513886358E10 2076138.6 3827363 3.89279751567502E12 2076138.6 160 0 150 37120 0 34800
209700.0 16560 3.369206513657E10 2085084.59 3843923 3.9264895808116E12 2085084.59 160 0 150 37280 0 34950
210600.0 16524 3.379908479462E10 2094030.58 3860447 3.96028866560622E12 2094030.58 160 0 150 37440 0 35100
211500.0 16452 3.386835877279E10 2102976.56 3876899 3.994157024379E12 2102976.56 160 0 150 37600 0 35250
212400.0 16452 3.401276431914E10 2111922.54 3893351 4.02816978869814E12 2111922.54 160 0 150 37760 0 35400
213300.0 16560 3.427162178457E10 2120868.53 3909911 4.06244141048271E12 2120868.53 160 0 150 37920 0 35550
214200.0 16524 3.437799735871E10 2129814.52 3926435 4.09681940784143E12 2129814.52 160 0 150 38080 0 35700
215100.0 16452 3.444598311508E10 2138760.5 3942887 4.13126539095651E12 2138760.5 160 0 150 38240 0 35850
216000.0 16452 3.459038866143E10 2147706.48 3959339 4.16585577961794E12 2147706.48 160 0 150 38400 0 36000
216900.0 16561 3.485117848657E10 2156652.47 3975900 4.20070695810451E12 2156652.47 160 0 150 38560 0 36150
217800.0 16524 3.495691394576E10 2165598.96 3992424 4.23566387205027E12 2165598.96 160 0 150 38720 0 36300
218700.0 16452 3.502361615758E10 2174545.01 4008876 4.27068748820785E12 2174545.01 160 0 150 38880 0 36450
219600.0 16452 3.516802224713E10 2183491.0 4025328 4.30585551045498E12 2183491.0 160 0 150 39040 0 36600
220500.0 16560 3.543074441789E10 2192436.98 4041888 4.34128625487287E12 2192436.98 160 0 150 39200 0 36750
221400.0 16524 3.553583175093E10 2201382.97 4058412 4.3768220866238E12 2201382.97 160 0 150 39360 0 36900
222300.0 16452 3.560124104302E10 2210328.95 4074864 4.41242332766682E12 2210328.95 160 0 150 39520 0 37050
223200.0 16452 3.574564658937E10 2219274.93 4091316 4.44816897425619E12 2219274.93 160 0 150 39680 0 37200
224100.0 16560 3.601030110184E10 2228220.92 4107876 4.48417927535803E12 2228220.92 160 0 150 39840 0 37350
225000.0 16524 3.611474431497E10 2237166.91 4124400 4.520294019673E12 2237166.91 160 0 150 40000 0 37500
225900.0 16452 3.617886538526E10 2246112.89 4140852 4.55647288505826E12 2246112.89 160 0 150 40160 0 37650
226800.0 16452 3.632327093161E10 2255058.87 4157304 4.59279615598987E12 2255058.87 160 0 150 40320 0 37800
227700.0 16560 3.658986230818E10 2264005.42 4173864 4.62938601829805E12 2264005.42 160 0 150 40480 0 37950
228600.0 16524 3.669366617082E10 2272951.42 4190388 4.66607968446886E12 2272951.42 160 0 150 40640 0 38100
229500.0 16452 3.675649899863E10 2281897.4 4206840 4.7028361834675E12 2281897.4 160 0 150 40800 0 38250
230400.0 16452 3.690090454498E10 2290843.39 4223292 4.73973708801248E12 2290843.39 160 0 150 40960 0 38400
231300.0 16560 3.716942375387E10 2299789.37 4239852 4.77690651176635E12 2299789.37 160 0 150 41120 0 38550
232200.0 16524 3.727257873486E10 2308735.36 4256376 4.8141790905012E12 2308735.36 160 0 150 41280 0 38700
233100.0 16452 3.733412334087E10 2317681.34 4272828 4.85151321384208E12 2317681.34 160 0 150 41440 0 38850
234000.0 16452 3.747852888722E10 2326627.33 4289280 4.8889917427293E12 2326627.33 160 0 150 41600 0 39000
234900.0 16560 3.774898041981E10 2335573.31 4305840 4.92674072314911E12 2335573.31 160 0 150 41760 0 39150
235800.0 16524 3.78514912989E10 2344519.3 4322364 4.96459221444801E12 2344519.3 160 0 150 41920 0 39300
236700.0 16452 3.791174768312E10 2353465.28 4338816 5.00250396213113E12 2353465.28 160 0 150 42080 0 39450
237600.0 16452 3.805615777648E10 2362411.83 4355268 5.04056011990761E12 2362411.83 160 0 150 42240 0 39600
238500.0 16560 3.83285464059E10 2371357.82 4371828 5.07888866631351E12 2371357.82 160 0 150 42400 0 39750
239400.0 16525 3.843041327623E10 2380303.81 4388353 5.11731907958974E12 2380303.81 160 0 150 42560 0 39900
240300.0 16452 3.848938129648E10 2389249.8 4404805 5.15580846088622E12 2389249.8 160 0 150 42720 0 40050
241200.0 16452 3.863378684283E10 2398195.78 4421257 5.19444224772906E12 2398195.78 160 0 150 42880 0 40200
242100.0 16560 3.890810307184E10 2407141.76 4437817 5.2333503508009E12 2407141.76 160 0 150 43040 0 40350
243000.0 16524 3.900932571879E10 2416087.75 4454341 5.27235967651969E12 2416087.75 160 0 150 43200 0 40500
243900.0 16452 3.906700563873E10 2425033.73 4470793 5.31142668215841E12 2425033.73 160 0 150 43360 0 40650
244800.0 16452 3.921141118507E10 2433979.72 4487245 5.35063809334349E12 2433979.72 160 0 150 43520 0 40800
245700.0 16560 3.948765975578E10 2442925.7 4503805 5.39012575309927E12 2442925.7 160 0 150 43680 0 40950
246600.0 16532 3.958823828283E10 2451871.69 4520337 5.4297139913821E12 2451871.69 160 0 150 43840 0 41100
247500.0 16452 3.964463452511E10 2460818.24 4536789 5.46935862590722E12 2460818.24 160 0 150 44000 0 41250
248400.0 16452 3.978904479844E10 2469764.23 4553241 5.50914767070566E12 2469764.23 160 0 150 44160 0 41400
249300.0 16560 4.006722573283E10 2478710.21 4569801 5.54921489643849E12 2478710.21 160 0 150 44320 0 41550
250200.0 16524 4.016716013863E10 2487656.2 4586325 5.58938205657712E12 2487656.2 160 0 150 44480 0 41700
251100.0 16452 4.022226359428E10 2496602.19 4602777 5.6296043201714E12 2496602.19 160 0 150 44640 0 41850
252000.0 16452 4.036666914063E10 2505548.17 4619229 5.66997098931203E12 2505548.17 160 0 150 44800 0 42000
252900.0 16560 4.064678239872E10 2514494.15 4635789 5.71061777171075E12 2514494.15 160 0 150 44960 0 42150
253800.0 16524 4.074607270267E10 2523440.14 4652313 5.75136384441342E12 2523440.14 160 0 150 45120 0 42300
254700.0 16452 4.079988793652E10 2532386.13 4668765 5.79216373234994E12 2532386.13 160 0 150 45280 0 42450
255600.0 16452 4.094429348287E10 2541332.11 4685217 5.83310802583281E12 2541332.11 160 0 150 45440 0 42600
256500.0 16561 4.122633908266E10 2550278.09 4701778 5.87433436491547E12 2550278.09 160 0 150 45600 0 42750
257400.0 16524 4.132498977662E10 2559224.65 4718302 5.9156593546921E12 2559224.65 160 0 150 45760 0 42900
258300.0 16452 4.137752154989E10 2568170.64 4734754 5.95703687624199E12 2568170.64 160 0 150 45920 0 43050
259200.0 16452 4.152192709624E10 2577116.62 4751206 5.99855880333823E12 2577116.62 160 0 150 46080 0 43200
260100.0 16560 4.180590505075E10 2586062.6 4767766 6.04036470838897E12 2586062.6 160 0 150 46240 0 43350
261000.0 16524 4.190390712246E10 2595008.6 4784290 6.08226861551143E12 2595008.6 160 0 150 46400 0 43500
261900.0 16452 4.195514589203E10 2603954.58 4800742 6.12422376140346E12 2603954.58 160 0 150 46560 0 43650
262800.0 16452 4.209955143837E10 2612900.56 4817194 6.16632331284183E12 2612900.56 160 0 150 46720 0 43800
263700.0 16560 4.23855288305E10 2621846.54 4833754 6.20870884167233E12 2621846.54 160 0 150 46880 0 43950
264600.0 16524 4.248281968644E10 2630792.53 4850278 6.25119166135878E12 2630792.53 160 0 150 47040 0 44100
265500.0 16452 4.253277023421E10 2639738.52 4866730 6.29372443159299E12 2639738.52 160 0 150 47200 0 44250
266400.0 16452 4.267717578056E10 2648684.5 4883182 6.33640160737355E12 2648684.5 160 0 150 47360 0 44400
267300.0 16560 4.296502294091E10 2657631.05 4899742 6.37936663031446E12 2657631.05 160 0 150 47520 0 44550
268200.0 16524 4.306174500958E10 2666577.05 4916266 6.42242837532404E12 2666577.05 160 0 150 47680 0 44700
269100.0 16452 4.311040384769E10 2675523.03 4932718 6.46553877917173E12 2675523.03 160 0 150 47840 0 44850
270000.0 16452 4.325480939404E10 2684469.01 4949170 6.50879358856577E12 2684469.01 160 0 150 48000 0 45000
270900.0 16560 4.354465149159E10 2693414.99 4965730 6.55233824005736E12 2693414.99 160 0 150 48160 0 45150
271800.0 16524 4.364065409754E10 2702360.99 4982254 6.5959788941549E12 2702360.99 160 0 150 48320 0 45300
272700.0 16452 4.368802819004E10 2711306.97 4998706 6.63966692234494E12 2711306.97 160 0 150 48480 0 45450
273600.0 16452 4.383243373639E10 2720252.95 5015158 6.68349935608133E12 2720252.95 160 0 150 48640 0 45600
274500.0 16560 4.412414104372E10 2729198.93 5031718 6.72762349712505E12 2729198.93 160 0 150 48800 0 45750
275400.0 16524 4.421957013789E10 2738144.93 5048242 6.77184306726293E12 2738144.93 160 0 150 48960 0 45900
276300.0 16452 4.426565253239E10 2747090.91 5064694 6.81610871979532E12 2747090.91 160 0 150 49120 0 46050
277200.0 16452 4.441006262576E10 2756037.46 5081146 6.86051878242107E12 2756037.46 160 0 150 49280 0 46200
278100.0 16560 4.470370704791E10 2764983.45 5097706 6.90522248946899E12 2764983.45 160 0 150 49440 0 46350
279000.0 16524 4.479848851765E10 2773929.44 5114230 6.95002097798664E12 2773929.44 160 0 150 49600 0 46500
279900.0 16452 4.484328614587E10 2782875.42 5130682 6.9948642641325E12 2782875.42 160 0 150 49760 0 46650
280800.0 16452 4.498769169221E10 2791821.4 5147134 7.03985195582472E12 2791821.4 160 0 150 49920 0 46800
281700.0 16560 4.528333080089E10 2800767.39 5163694 7.0851352866256E12 2800767.39 160 0 150 50080 0 46950
282600.0 16524 4.53774010908E10 2809713.38 5180218 7.1305126877164E12 2809713.38 160 0 150 50240 0 47100
283500.0 16452 4.542091048821E10 2818659.36 5196670 7.17593359820462E12 2818659.36 160 0 150 50400 0 47250
284400.0 16452 4.556531603456E10 2827605.34 5213122 7.22149891423918E12 2827605.34 160 0 150 50560 0 47400
285300.0 16560 4.586282038902E10 2836551.32 5229682 7.2673617346282E12 2836551.32 160 0 150 50720 0 47550
286200.0 16533 4.595631719586E10 2845497.32 5246215 7.31331805182406E12 2845497.32 160 0 150 50880 0 47700
287100.0 16452 4.599853937477E10 2854443.86 5262667 7.35931659119882E12 2854443.86 160 0 150 51040 0 47850
288000.0 16452 4.614294964809E10 2863389.86 5279119 7.40545954084692E12 2863389.86 160 0 150 51200 0 48000
288900.0 16560 4.644245347119E10 2872335.84 5295679 7.4519019943181E12 2872335.84 160 0 150 51360 0 48150
289800.0 16524 4.653523551107E10 2881281.83 5312203 7.49843722982917E12 2881281.83 160 0 150 51520 0 48300
290700.0 16452 4.65761684442E10 2890227.81 5328655 7.54501339827337E12 2890227.81 160 0 150 51680 0 48450
291600.0 16452 4.672057399055E10 2899173.79 5345107 7.59173397226393E12 2899173.79 160 0 150 51840 0 48600
292500.0 16560 4.702194304143E10 2908119.78 5361667 7.63875591530535E12 2908119.78 160 0 150 52000 0 48750
293400.0 16524 4.711415154252E10 2917065.77 5378191 7.68587006684787E12 2917065.77 160 0 150 52160 0 48900
294300.0 16452 4.715379278666E10 2926011.75 5394643 7.73302385963453E12 2926011.75 160 0 150 52320 0 49050
295200.0 16452 4.729819833301E10 2934957.73 5411095 7.78032205796754E12 2934957.73 160 0 150 52480 0 49200
296100.0 16561 4.76014998115E10 2943903.72 5427656 7.82792355777904E12 2943903.72 160 0 150 52640 0 49350
297000.0 16524 4.76930651405E10 2952850.27 5444180 7.87561662291954E12 2952850.27 160 0 150 52800 0 49500
297900.0 16452 4.773142640025E10 2961796.26 5460632 7.92334804931979E12 2961796.26 160 0 150 52960 0 49650
298800.0 16452 4.787583194659E10 2970742.25 5477084 7.97122388126638E12 2970742.25 160 0 150 53120 0 49800
299700.0 16560 4.818106569389E10 2979688.23 5493644 8.01940494696027E12 2979688.23 160 0 150 53280 0 49950
300600.0 16524 4.827198249565E10 2988634.22 5510168 8.06767692945592E12 2988634.22 160 0 150 53440 0 50100
301500.0 16452 4.83090507427E10 2997580.2 5526620 8.11598598019863E12 2997580.2 160 0 150 53600 0 50250
302400.0 16452 4.845345628905E10 3006526.19 5543072 8.16443943648768E12 3006526.19 160 0 150 53760 0 50400
303300.0 16560 4.876062235109E10 3015472.17 5559632 8.21320005883877E12 3015472.17 160 0 150 53920 0 50550
304200.0 16524 4.885089505096E10 3024418.16 5576156 8.26205095388974E12 3024418.16 160 0 150 54080 0 50700
305100.0 16452 4.888667508521E10 3033364.14 5592608 8.31093762897495E12 3033364.14 160 0 150 54240 0 50850
306000.0 16452 4.903108063156E10 3042310.12 5609060 8.35996870960651E12 3042310.12 160 0 150 54400 0 51000
306900.0 16560 4.93401835847E10 3051256.67 5625620 8.40930889319122E12 3051256.67 160 0 150 54560 0 51150
307800.0 16524 4.942981691614E10 3060202.67 5642144 8.45873871010735E12 3060202.67 160 0 150 54720 0 51300
308700.0 16452 4.946430869891E10 3069148.66 5658596 8.50820301880626E12 3069148.66 160 0 150 54880 0 51450
309600.0 16452 4.960871424526E10 3078094.64 5675048 8.55781173305152E12 3078094.64 160 0 150 55040 0 51600
310500.0 16560 4.99197450215E10 3087040.62 5691608 8.60773147807302E12 3087040.62 160 0 150 55200 0 51750
311400.0 16524 5.000872947156E10 3095986.61 5708132 8.65774020754458E12 3095986.61 160 0 150 55360 0 51900
312300.0 16452 5.004193304153E10 3104932.59 5724584 8.70778214058611E12 3104932.59 160 0 150 55520 0 52050
313200.0 16452 5.018633858788E10 3113878.58 5741036 8.75796847917398E12 3113878.58 160 0 150 55680 0 52200
314100.0 16560 5.049930167883E10 3122824.56 5757596 8.80846778085281E12 3122824.56 160 0 150 55840 0 52350
315000.0 16524 5.058764204498E10 3131770.55 5774120 8.85905542289779E12 3131770.55 160 0 150 56000 0 52500
315900.0 16452 5.061955738415E10 3140716.53 5790572 8.90967498028194E12 3140716.53 160 0 150 56160 0 52650
316800.0 16452 5.076396747751E10 3149663.08 5807024 8.96043894775945E12 3149663.08 160 0 150 56320 0 52800
317700.0 16561 5.107886767429E10 3158609.07 5823585 9.01151781543374E12 3158609.07 160 0 150 56480 0 52950
318600.0 16524 5.116656735945E10 3167555.06 5840109 9.06268438279319E12 3167555.06 160 0 150 56640 0 53100
319500.0 16452 5.119719099795E10 3176501.05 5856561 9.11388157379114E12 3176501.05 160 0 150 56800 0 53250
320400.0 16452 5.13415965443E10 3185447.03 5873013 9.16522317033544E12 3185447.03 160 0 150 56960 0 53400
321300.0 16560 5.165842433167E10 3194393.01 5889573 9.2168815946671E12 3194393.01 160 0 150 57120 0 53550
322200.0 16524 5.174547646574E10 3203339.0 5906097 9.26862707113284E12 3203339.0 160 0 150 57280 0 53700
323100.0 16452 5.177481534062E10 3212284.99 5922549 9.32040188647347E12 3212284.99 160 0 150 57440 0 53850
324000.0 16452 5.191922088697E10 3221230.97 5939001 9.37232110736044E12 3221230.97 160 0 150 57600 0 54000
324900.0 16560 5.223798102505E10 3230176.95 5955561 9.42455908838548E12 3230176.95 160 0 150 57760 0 54150
325800.0 16532 5.232438954001E10 3239123.01 5972093 9.4768834779255E12 3239123.01 160 0 150 57920 0 54300
326700.0 16452 5.235244477576E10 3248069.49 5988545 9.52923592270126E12 3248069.49 160 0 150 58080 0 54450
327600.0 16452 5.249685447794E10 3257015.48 6004997 9.5817327771792E12 3257015.48 160 0 150 58240 0 54600
328500.0 16560 5.281754695266E10 3265961.46 6021557 9.63455032413185E12 3265961.46 160 0 150 58400 0 54750
329400.0 16524 5.290331085466E10 3274907.45 6038081 9.68745363498652E12 3274907.45 160 0 150 58560 0 54900
330300.0 16452 5.293007327432E10 3283853.44 6054533 9.74038370826083E12 3283853.44 160 0 150 58720 0 55050
331200.0 16452 5.307447882067E10 3292799.42 6070985 9.7934581870815E12 3292799.42 160 0 150 58880 0 55200
332100.0 16560 5.339717075118E10 3301745.4 6087545 9.84685535783268E12 3301745.4 160 0 150 59040 0 55350
333000.0 16524 5.348222688638E10 3310691.39 6104069 9.90033758471906E12 3310691.39 160 0 150 59200 0 55500
333900.0 16452 5.350769761705E10 3319637.38 6120521 9.95384528233611E12 3319637.38 160 0 150 59360 0 55650
334800.0 16453 5.365210316339E10 3328583.36 6136974 1.00074973854995E13 3328583.36 160 0 150 59520 0 55800
335700.0 16560 5.397666133505E10 3337529.48 6153534 1.006147404683455E13 3337529.48 160 0 150 59680 0 55950
336600.0 16524 5.406114157439E10 3346475.9 6170058 1.011553518840894E13 3346475.9 160 0 150 59840 0 56100
337500.0 16452 5.408533119673E10 3355421.89 6186510 1.016962051960568E13 3355421.89 160 0 150 60000 0 56250
338400.0 16452 5.422973674308E10 3364367.87 6202962 1.022385025634876E13 3364367.87 160 0 150 60160 0 56400
339300.0 16560 5.455622625581E10 3373313.85 6219522 1.027840648260457E13 3373313.85 160 0 150 60320 0 56550
340200.0 16524 5.464006126406E10 3382259.84 6236046 1.033304654386862E13 3382259.84 160 0 150 60480 0 56700
341100.0 16452 5.466295553951E10 3391205.83 6252498 1.038770949940814E13 3391205.83 160 0 150 60640 0 56850
342000.0 16452 5.480736108586E10 3400151.81 6268950 1.0442516860494E13 3400151.81 160 0 150 60800 0 57000
342900.0 16560 5.513585005439E10 3409097.79 6285510 1.04976527105484E13 3409097.79 160 0 150 60960 0 57150
343800.0 16524 5.521897037945E10 3418043.78 6302034 1.055287168092785E13 3418043.78 160 0 150 61120 0 57300
344700.0 16452 5.52405798823E10 3426989.77 6318486 1.060811226081014E13 3426989.77 160 0 150 61280 0 57450
345600.0 16452 5.538498722204E10 3435935.97 6334938 1.066349724803218E13 3435935.97 160 0 150 61440 0 57600

