# seed = 1, gamma = 1.0, beta = 1.0, dee = 10.0, dcc = 5.0, dec = 15.0, dsc = 20.0, dLocalhost = 0.015, hostBroker = CLOUD, numOfCloud = 1, numOfEdge = 1, numOfSmartphone = 300 
#
# The columns have the following meaning: 
# instant[SECONDS] delayCountPartial delaySumPartial[SECONDS] delayMaxPartial[SECONDS] delayCountTot delaySumTot[SECONDS] delayMaxTot[SECONDS] runOnCloudPartial runOnEdgePartial runOnSmartphonePartial runOnCloudTot runOnEdgeTot runOnSmartphoneTot
0.0 0 0.0 0.0 0 0.0 0.0 0 0 0 0 0 0
900.0 16566 2307572.19 296.86 16566 2307572.19 296.86 0 10 300 0 10 300
1800.0 16528 2307221.76 296.86 33094 4614793.96 296.86 0 10 300 0 20 600
2700.0 16452 2305602.26 296.86 49546 6920396.21 296.86 0 10 300 0 30 900
3600.0 16452 2305574.04 296.86 65998 9225970.25 296.86 0 10 300 0 40 1200
4500.0 16566 2309700.35 296.86 82564 1.15356706E7 296.86 0 10 300 0 50 1500
5400.0 16528 2307322.99 296.86 99092 1.384299359E7 296.86 0 10 300 0 60 1800
6300.0 16452 2305602.26 296.86 115544 1.614859585E7 296.86 0 10 300 0 70 2100
7200.0 16452 2305574.04 296.86 131996 1.845416989E7 296.86 0 10 300 0 80 2400
8100.0 16566 2307579.09 296.86 148562 2.076174899E7 296.86 0 10 300 0 90 2700
9000.0 16528 2307221.76 296.86 165090 2.306897075E7 296.86 0 10 300 0 100 3000
9900.0 16452 2305602.26 296.86 181542 2.537457301E7 296.86 0 10 300 0 110 3300
10800.0 16452 2305574.04 296.86 197994 2.768014705E7 296.86 0 10 300 0 120 3600
11700.0 16566 2309709.35 296.86 214560 2.998985639E7 296.86 0 10 300 0 130 3900
12600.0 16528 2307322.99 296.86 231088 3.229717939E7 296.86 0 10 300 0 140 4200
13500.0 16452 2305602.26 296.86 247540 3.460278164E7 296.86 0 10 300 0 150 4500
14400.0 16452 2305574.04 296.86 263992 3.690835568E7 296.86 0 10 300 0 160 4800
15300.0 16566 2307579.09 296.86 280558 3.921593478E7 296.86 0 10 300 0 170 5100
16200.0 16528 2307221.76 296.86 297086 4.152315654E7 296.86 0 10 300 0 180 5400
17100.0 16452 2305602.26 296.86 313538 4.38287588E7 296.86 0 10 300 0 190 5700
18000.0 16452 2305574.04 296.86 329990 4.613433284E7 296.86 0 10 300 0 200 6000
18900.0 16566 2307579.09 296.86 346556 4.844191193E7 296.86 0 10 300 0 210 6300
19800.0 16528 2307221.76 296.86 363084 5.07491337E7 296.86 0 10 300 0 220 6600
20700.0 16452 2305602.26 296.86 379536 5.305473595E7 296.86 0 10 300 0 230 6900
21600.0 16452 2305574.04 296.86 395988 5.536030999E7 296.86 0 10 300 0 240 7200
22500.0 16566 2307570.09 296.86 412554 5.766788009E7 296.86 0 10 300 0 250 7500
23400.0 16528 2307221.76 296.86 429082 5.997510185E7 296.86 0 10 300 0 260 7800
24300.0 16452 2305602.26 296.86 445534 6.228070411E7 296.86 0 10 300 0 270 8100
25200.0 16452 2305574.04 296.86 461986 6.458627815E7 296.86 0 10 300 0 280 8400
26100.0 16566 2309718.35 296.86 478552 6.689599649E7 296.86 0 10 300 0 290 8700
27000.0 16528 2307221.76 296.86 495080 6.920321826E7 296.86 0 10 300 0 300 9000
27900.0 16452 2305602.26 296.86 511532 7.150882051E7 296.86 0 10 300 0 310 9300
28800.0 16452 2305574.04 296.86 527984 7.381439455E7 296.86 0 10 300 0 320 9600
29700.0 16566 2307579.09 296.86 544550 7.612197365E7 296.86 0 10 300 0 330 9900
30600.0 16528 2307221.76 296.86 561078 7.842919541E7 296.86 0 10 300 0 340 10200
31500.0 16452 2305602.26 296.86 577530 8.073479767E7 296.86 0 10 300 0 350 10500
32400.0 16452 2305574.04 296.86 593982 8.304037171E7 296.86 0 10 300 0 360 10800
33300.0 16566 2307570.09 296.86 610548 8.53479418E7 296.86 0 10 300 0 370 11100
34200.0 16528 2307221.76 296.86 627076 8.765516356E7 296.86 0 10 300 0 380 11400
35100.0 16452 2305602.26 296.86 643528 8.996076582E7 296.86 0 10 300 0 390 11700
36000.0 16452 2305574.04 296.86 659980 9.226633986E7 296.86 0 10 300 0 400 12000
36900.0 16566 2307579.09 296.86 676546 9.457391895E7 296.86 0 10 300 0 410 12300
37800.0 16528 2307221.76 296.86 693074 9.688114071E7 296.86 0 10 300 0 420 12600
38700.0 16452 2305602.26 296.86 709526 9.918674297E7 296.86 0 10 300 0 430 12900
39600.0 16452 2305574.04 296.86 725978 1.0149231701E8 296.86 0 10 300 0 440 13200
40500.0 16566 2307570.09 296.86 742544 1.037998871E8 296.86 0 10 300 0 450 13500
41400.0 16528 2307221.76 296.86 759072 1.0610710886E8 296.86 0 10 300 0 460 13800
42300.0 16452 2305602.26 296.86 775524 1.0841271112E8 296.86 0 10 300 0 470 14100
43200.0 16452 2305574.04 296.86 791976 1.1071828516E8 296.86 0 10 300 0 480 14400
44100.0 16566 2307579.09 296.86 808542 1.1302586425E8 296.86 0 10 300 0 490 14700
45000.0 16528 2307221.76 296.86 825070 1.1533308601E8 296.86 0 10 300 0 500 15000
45900.0 16452 2305602.26 296.86 841522 1.1763868827E8 296.86 0 10 300 0 510 15300
46800.0 16452 2305574.04 296.86 857974 1.1994426231E8 296.86 0 10 300 0 520 15600
47700.0 16566 2309709.35 296.86 874540 1.2225397166E8 296.86 0 10 300 0 530 15900
48600.0 16528 2307221.76 296.86 891068 1.2456119342E8 296.86 0 10 300 0 540 16200
49500.0 16452 2305602.26 296.86 907520 1.2686679568E8 296.86 0 10 300 0 550 16500
50400.0 16452 2305574.04 296.86 923972 1.2917236972E8 296.86 0 10 300 0 560 16800
51300.0 16566 2307579.09 296.86 940538 1.3147994881E8 296.86 0 10 300 0 570 17100
52200.0 16528 2307221.76 296.86 957066 1.3378717057E8 296.86 0 10 300 0 580 17400
53100.0 16452 2305602.26 296.86 973518 1.3609277283E8 296.86 0 10 300 0 590 17700
54000.0 16452 2305574.04 296.86 989970 1.3839834687E8 296.86 0 10 300 0 600 18000
54900.0 16566 2307570.09 296.86 1006536 1.4070591696E8 296.86 0 10 300 0 610 18300
55800.0 16528 2307221.76 296.86 1023064 1.4301313872E8 296.86 0 10 300 0 620 18600
56700.0 16452 2305602.26 296.86 1039516 1.4531874098E8 296.86 0 10 300 0 630 18900
57600.0 16452 2305574.04 296.86 1055968 1.4762431502E8 296.86 0 10 300 0 640 19200
58500.0 16566 2307579.09 296.86 1072534 1.4993189411E8 296.86 0 10 300 0 650 19500
59400.0 16528 2307221.76 296.86 1089062 1.5223911587E8 296.86 0 10 300 0 660 19800
60300.0 16452 2305602.26 296.86 1105514 1.5454471813E8 296.86 0 10 300 0 670 20100
61200.0 16452 2305574.04 296.86 1121966 1.5685029217E8 296.86 0 10 300 0 680 20400
62100.0 16566 2307570.09 296.86 1138532 1.5915786226E8 296.86 0 10 300 0 690 20700
63000.0 16528 2307221.76 296.86 1155060 1.6146508402E8 296.86 0 10 300 0 700 21000
63900.0 16452 2305602.26 296.86 1171512 1.6377068628E8 296.86 0 10 300 0 710 21300
64800.0 16452 2305574.04 296.86 1187964 1.6607626032E8 296.86 0 10 300 0 720 21600
65700.0 16566 2309718.35 296.86 1204530 1.6838597867E8 296.86 0 10 300 0 730 21900
66600.0 16528 2307221.76 296.86 1221058 1.7069320043E8 296.86 0 10 300 0 740 22200
67500.0 16452 2305602.26 296.86 1237510 1.7299880269E8 296.86 0 10 300 0 750 22500
68400.0 16452 2305574.04 296.86 1253962 1.7530437673E8 296.86 0 10 300 0 760 22800
69300.0 16566 2307570.09 296.86 1270528 1.7761194682E8 296.86 0 10 300 0 770 23100
70200.0 16528 2307221.76 296.86 1287056 1.7991916858E8 296.86 0 10 300 0 780 23400
71100.0 16452 2305602.26 296.86 1303508 1.8222477084E8 296.86 0 10 300 0 790 23700
72000.0 16452 2305574.04 296.86 1319960 1.8453034488E8 296.86 0 10 300 0 800 24000
72900.0 16566 2307579.09 296.86 1336526 1.8683792397E8 296.86 0 10 300 0 810 24300
73800.0 16528 2307221.76 296.86 1353054 1.8914514573E8 296.86 0 10 300 0 820 24600
74700.0 16452 2305602.26 296.86 1369506 1.9145074799E8 296.86 0 10 300 0 830 24900
75600.0 16452 2305574.04 296.86 1385958 1.9375632203E8 296.86 0 10 300 0 840 25200
76500.0 16566 2309709.35 296.86 1402524 1.9606603138E8 296.86 0 10 300 0 850 25500
77400.0 16528 2307221.76 296.86 1419052 1.9837325314E8 296.86 0 10 300 0 860 25800
78300.0 16452 2305602.26 296.86 1435504 2.006788554E8 296.86 0 10 300 0 870 26100
79200.0 16452 2305574.04 296.86 1451956 2.0298442944E8 296.86 0 10 300 0 880 26400
80100.0 16566 2307579.09 296.86 1468522 2.0529200853E8 296.86 0 10 300 0 890 26700
81000.0 16528 2307322.99 296.86 1485050 2.0759933152E8 296.86 0 10 300 0 900 27000
81900.0 16452 2305602.26 296.86 1501502 2.0990493378E8 296.86 0 10 300 0 910 27300
82800.0 16452 2305574.04 296.86 1517954 2.1221050782E8 296.86 0 10 300 0 920 27600
83700.0 16566 2309718.35 296.86 1534520 2.1452022617E8 296.86 0 10 300 0 930 27900
84600.0 16528 2307221.76 296.86 1551048 2.1682744793E8 296.86 0 10 300 0 940 28200
85500.0 16452 2305602.26 296.86 1567500 2.1913305019E8 296.86 0 10 300 0 950 28500
86400.0 16452 2305574.04 296.86 1583952 2.2143862423E8 296.86 0 10 300 0 960 28800
87300.0 16566 2307570.09 296.86 1600518 2.2374619432E8 296.86 0 10 300 0 970 29100
88200.0 16528 2307313.99 296.86 1617046 2.2605350831E8 296.86 0 10 300 0 980 29400
89100.0 16452 2305602.26 296.86 1633498 2.2835911057E8 296.86 0 10 300 0 990 29700
90000.0 16452 2305574.04 296.86 1649950 2.3066468461E8 296.86 0 10 300 0 1000 30000
90900.0 16566 2309709.35 296.86 1666516 2.3297439396E8 296.86 0 10 300 0 1010 30300
91800.0 16528 2307221.76 296.86 1683044 2.3528161572E8 296.86 0 10 300 0 1020 30600
92700.0 16452 2305602.26 296.86 1699496 2.3758721798E8 296.86 0 10 300 0 1030 30900
93600.0 16452 2305574.04 296.86 1715948 2.3989279202E8 296.86 0 10 300 0 1040 31200
94500.0 16566 2307570.09 296.86 1732514 2.4220036211E8 296.86 0 10 300 0 1050 31500
95400.0 16528 2307313.99 296.86 1749042 2.445076761E8 296.86 0 10 300 0 1060 31800
96300.0 16452 2305602.26 296.86 1765494 2.4681327836E8 296.86 0 10 300 0 1070 32100
97200.0 16452 2305574.04 296.86 1781946 2.491188524E8 296.86 0 10 300 0 1080 32400
98100.0 16566 2307570.09 296.86 1798512 2.5142642249E8 296.86 0 10 300 0 1090 32700
99000.0 16528 2307221.76 296.86 1815040 2.5373364425E8 296.86 0 10 300 0 1100 33000
99900.0 16452 2305602.26 296.86 1831492 2.5603924651E8 296.86 0 10 300 0 1110 33300
100800.0 16452 2305574.04 296.86 1847944 2.5834482055E8 296.86 0 10 300 0 1120 33600
101700.0 16566 2307570.09 296.86 1864510 2.6065239064E8 296.86 0 10 300 0 1130 33900
102600.0 16528 2307221.76 296.86 1881038 2.6295961241E8 296.86 0 10 300 0 1140 34200
103500.0 16452 2305602.26 296.86 1897490 2.6526521466E8 296.86 0 10 300 0 1150 34500
104400.0 16452 2305574.04 296.86 1913942 2.675707887E8 296.86 0 10 300 0 1160 34800
105300.0 16566 2307579.09 296.86 1930508 2.6987836779E8 296.86 0 10 300 0 1170 35100
106200.0 16528 2307221.76 296.86 1947036 2.7218558956E8 296.86 0 10 300 0 1180 35400
107100.0 16452 2305602.26 296.86 1963488 2.7449119182E8 296.86 0 10 300 0 1190 35700
108000.0 16452 2305574.04 296.86 1979940 2.7679676586E8 296.86 0 10 300 0 1200 36000
108900.0 16566 2307570.09 296.86 1996506 2.7910433595E8 296.86 0 10 300 0 1210 36300
109800.0 16528 2307221.76 296.86 2013034 2.8141155771E8 296.86 0 10 300 0 1220 36600
110700.0 16452 2305602.26 296.86 2029486 2.8371715997E8 296.86 0 10 300 0 1230 36900
111600.0 16452 2305574.04 296.86 2045938 2.8602273401E8 296.86 0 10 300 0 1240 37200
112500.0 16566 2307570.09 296.86 2062504 2.883303041E8 296.86 0 10 300 0 1250 37500
113400.0 16528 2307221.76 296.86 2079032 2.9063752586E8 296.86 0 10 300 0 1260 37800
114300.0 16452 2305602.26 296.86 2095484 2.9294312812E8 296.86 0 10 300 0 1270 38100
115200.0 16452 2305574.04 296.86 2111936 2.9524870216E8 296.86 0 10 300 0 1280 38400
116100.0 16566 2307570.09 296.86 2128502 2.9755627225E8 296.86 0 10 300 0 1290 38700
117000.0 16528 2307221.76 296.86 2145030 2.9986349401E8 296.86 0 10 300 0 1300 39000
117900.0 16452 2305602.26 296.86 2161482 3.0216909627E8 296.86 0 10 300 0 1310 39300
118800.0 16452 2305574.04 296.86 2177934 3.0447467031E8 296.86 0 10 300 0 1320 39600
119700.0 16566 2307579.09 296.86 2194500 3.067822494E8 296.86 0 10 300 0 1330 39900
120600.0 16528 2307221.76 296.86 2211028 3.0908947116E8 296.86 0 10 300 0 1340 40200
121500.0 16452 2305602.26 296.86 2227480 3.1139507342E8 296.86 0 10 300 0 1350 40500
122400.0 16452 2305574.04 296.86 2243932 3.1370064746E8 296.86 0 10 300 0 1360 40800
123300.0 16566 2307570.09 296.86 2260498 3.1600821755E8 296.86 0 10 300 0 1370 41100
124200.0 16528 2307221.76 296.86 2277026 3.1831543931E8 296.86 0 10 300 0 1380 41400
125100.0 16452 2305602.26 296.86 2293478 3.2062104157E8 296.86 0 10 300 0 1390 41700
126000.0 16452 2305574.04 296.86 2309930 3.2292661561E8 296.86 0 10 300 0 1400 42000
126900.0 16566 2307579.09 296.86 2326496 3.252341947E8 296.86 0 10 300 0 1410 42300
127800.0 16528 2307221.76 296.86 2343024 3.2754141647E8 296.86 0 10 300 0 1420 42600
128700.0 16452 2305602.26 296.86 2359476 3.2984701872E8 296.86 0 10 300 0 1430 42900
129600.0 16452 2305574.04 296.86 2375928 3.3215259276E8 296.86 0 10 300 0 1440 43200
130500.0 16566 2307579.09 296.86 2392494 3.3446017186E8 296.86 0 10 300 0 1450 43500
131400.0 16528 2307221.76 296.86 2409022 3.3676739362E8 296.86 0 10 300 0 1460 43800
132300.0 16452 2305602.26 296.86 2425474 3.3907299588E8 296.86 0 10 300 0 1470 44100
133200.0 16452 2305574.04 296.86 2441926 3.4137856992E8 296.86 0 10 300 0 1480 44400
134100.0 16566 2307570.09 296.86 2458492 3.4368614001E8 296.86 0 10 300 0 1490 44700
135000.0 16528 2307221.76 296.86 2475020 3.4599336177E8 296.86 0 10 300 0 1500 45000
135900.0 16452 2305602.26 296.86 2491472 3.4829896403E8 296.86 0 10 300 0 1510 45300
136800.0 16452 2305574.04 296.86 2507924 3.5060453807E8 296.86 0 10 300 0 1520 45600
137700.0 16566 2307579.09 296.86 2524490 3.5291211716E8 296.86 0 10 300 0 1530 45900
138600.0 16528 2307221.76 296.86 2541018 3.5521933892E8 296.86 0 10 300 0 1540 46200
139500.0 16452 2305602.26 296.86 2557470 3.5752494118E8 296.86 0 10 300 0 1550 46500
140400.0 16452 2305574.04 296.86 2573922 3.5983051521E8 296.86 0 10 300 0 1560 46800
141300.0 16566 2307570.09 296.86 2590488 3.6213808531E8 296.86 0 10 300 0 1570 47100
142200.0 16528 2307221.76 296.86 2607016 3.6444530707E8 296.86 0 10 300 0 1580 47400
143100.0 16452 2305602.26 296.86 2623468 3.6675090932E8 296.86 0 10 300 0 1590 47700
144000.0 16452 2305574.04 296.86 2639920 3.6905648336E8 296.86 0 10 300 0 1600 48000
144900.0 16566 2307579.09 296.86 2656486 3.7136406245E8 296.86 0 10 300 0 1610 48300
145800.0 16528 2307221.76 296.86 2673014 3.7367128422E8 296.86 0 10 300 0 1620 48600
146700.0 16452 2305602.26 296.86 2689466 3.7597688647E8 296.86 0 10 300 0 1630 48900
147600.0 16452 2305574.04 296.86 2705918 3.7828246051E8 296.86 0 10 300 0 1640 49200
148500.0 16566 2307579.09 296.86 2722484 3.805900396E8 296.86 0 10 300 0 1650 49500
149400.0 16528 2307221.76 296.86 2739012 3.8289726137E8 296.86 0 10 300 0 1660 49800
150300.0 16452 2305602.26 296.86 2755464 3.8520286362E8 296.86 0 10 300 0 1670 50100
151200.0 16452 2305574.04 296.86 2771916 3.8750843766E8 296.86 0 10 300 0 1680 50400
152100.0 16566 2307570.09 296.86 2788482 3.8981600775E8 296.86 0 10 300 0 1690 50700
153000.0 16528 2307221.76 296.86 2805010 3.9212322951E8 296.86 0 10 300 0 1700 51000
153900.0 16452 2305602.26 296.86 2821462 3.9442883177E8 296.86 0 10 300 0 1710 51300
154800.0 16452 2305574.04 296.86 2837914 3.9673440581E8 296.86 0 10 300 0 1720 51600
155700.0 16566 2307579.09 296.86 2854480 3.990419849E8 296.86 0 10 300 0 1730 51900
156600.0 16528 2307221.76 296.86 2871008 4.0134920666E8 296.86 0 10 300 0 1740 52200
157500.0 16452 2305602.26 296.86 2887460 4.0365480892E8 296.86 0 10 300 0 1750 52500
158400.0 16452 2305574.04 296.86 2903912 4.0596038296E8 296.86 0 10 300 0 1760 52800
159300.0 16566 2309709.35 296.86 2920478 4.0827009231E8 296.86 0 10 300 0 1770 53100
160200.0 16528 2307221.76 296.86 2937006 4.1057731407E8 296.86 0 10 300 0 1780 53400
161100.0 16452 2305602.26 296.86 2953458 4.1288291632E8 296.86 0 10 300 0 1790 53700
162000.0 16452 2305574.04 296.86 2969910 4.1518849036E8 296.86 0 10 300 0 1800 54000
162900.0 16566 2307579.09 296.86 2986476 4.1749606945E8 296.86 0 10 300 0 1810 54300
163800.0 16528 2307322.99 296.86 3003004 4.1980339245E8 296.86 0 10 300 0 1820 54600
164700.0 16452 2305602.26 296.86 3019456 4.2210899471E8 296.86 0 10 300 0 1830 54900
165600.0 16452 2305574.04 296.86 3035908 4.2441456875E8 296.86 0 10 300 0 1840 55200
166500.0 16566 2309709.34 296.86 3052474 4.2672427809E8 296.86 0 10 300 0 1850 55500
167400.0 16528 2307221.76 296.86 3069002 4.2903149985E8 296.86 0 10 300 0 1860 55800
168300.0 16452 2305602.26 296.86 3085454 4.3133710211E8 296.86 0 10 300 0 1870 56100
169200.0 16452 2305574.04 296.86 3101906 4.3364267615E8 296.86 0 10 300 0 1880 56400
170100.0 16566 2307579.09 296.86 3118472 4.3595025524E8 296.86 0 10 300 0 1890 56700
171000.0 16528 2307322.99 296.86 3135000 4.3825757823E8 296.86 0 10 300 0 1900 57000
171900.0 16452 2305602.26 296.86 3151452 4.4056318049E8 296.86 0 10 300 0 1910 57300
172800.0 16452 2305574.04 296.86 3167904 4.4286875453E8 296.86 0 10 300 0 1920 57600
173700.0 16566 2307570.09 296.86 3184470 4.4517632462E8 296.86 0 10 300 0 1930 57900
174600.0 16528 2307221.76 296.86 3200998 4.4748354638E8 296.86 0 10 300 0 1940 58200
175500.0 16452 2305602.26 296.86 3217450 4.4978914864E8 296.86 0 10 300 0 1950 58500
176400.0 16452 2305574.04 296.86 3233902 4.5209472268E8 296.86 0 10 300 0 1960 58800
177300.0 16566 2307579.09 296.86 3250468 4.5440230177E8 296.86 0 10 300 0 1970 59100
178200.0 16528 2307221.76 296.86 3266996 4.5670952353E8 296.86 0 10 300 0 1980 59400
179100.0 16452 2305602.26 296.86 3283448 4.5901512579E8 296.86 0 10 300 0 1990 59700
180000.0 16452 2305574.04 296.86 3299900 4.6132069983E8 296.86 0 10 300 0 2000 60000
180900.0 16566 2307579.09 296.86 3316466 4.6362827892E8 296.86 0 10 300 0 2010 60300
181800.0 16528 2307221.76 296.86 3332994 4.6593550068E8 296.86 0 10 300 0 2020 60600
182700.0 16452 2305602.26 296.86 3349446 4.6824110294E8 296.86 0 10 300 0 2030 60900
183600.0 16452 2305574.04 296.86 3365898 4.7054667698E8 296.86 0 10 300 0 2040 61200
184500.0 16566 2307570.09 296.86 3382464 4.7285424707E8 296.86 0 10 300 0 2050 61500
185400.0 16528 2307221.76 296.86 3398992 4.7516146883E8 296.86 0 10 300 0 2060 61800
186300.0 16452 2305602.26 296.86 3415444 4.7746707109E8 296.86 0 10 300 0 2070 62100
187200.0 16452 2305574.04 296.86 3431896 4.7977264513E8 296.86 0 10 300 0 2080 62400
188100.0 16566 2307579.09 296.86 3448462 4.8208022422E8 296.86 0 10 300 0 2090 62700
189000.0 16528 2307221.76 296.86 3464990 4.8438744598E8 296.86 0 10 300 0 2100 63000
189900.0 16452 2305602.26 296.86 3481442 4.8669304824E8 296.86 0 10 300 0 2110 63300
190800.0 16452 2305574.04 296.86 3497894 4.8899862228E8 296.86 0 10 300 0 2120 63600
191700.0 16566 2307579.09 296.86 3514460 4.9130620137E8 296.86 0 10 300 0 2130 63900
192600.0 16528 2307221.76 296.86 3530988 4.9361342313E8 296.86 0 10 300 0 2140 64200
193500.0 16452 2305602.26 296.86 3547440 4.9591902539E8 296.86 0 10 300 0 2150 64500
194400.0 16452 2305574.04 296.86 3563892 4.9822459943E8 296.86 0 10 300 0 2160 64800
195300.0 16566 2307570.09 296.86 3580458 5.0053216952E8 296.86 0 10 300 0 2170 65100
196200.0 16528 2307221.76 296.86 3596986 5.0283939128E8 296.86 0 10 300 0 2180 65400
197100.0 16452 2305602.26 296.86 3613438 5.0514499354E8 296.86 0 10 300 0 2190 65700
198000.0 16452 2305574.04 296.86 3629890 5.0745056757E8 296.86 0 10 300 0 2200 66000
198900.0 16566 2307579.09 296.86 3646456 5.0975814667E8 296.86 0 10 300 0 2210 66300
199800.0 16528 2307221.76 296.86 3662984 5.1206536843E8 296.86 0 10 300 0 2220 66600
200700.0 16452 2305602.26 296.86 3679436 5.1437097068E8 296.86 0 10 300 0 2230 66900
201600.0 16452 2305574.04 296.86 3695888 5.1667654472E8 296.86 0 10 300 0 2240 67200
202500.0 16566 2307579.09 296.86 3712454 5.1898412381E8 296.86 0 10 300 0 2250 67500
203400.0 16528 2307221.76 296.86 3728982 5.2129134558E8 296.86 0 10 300 0 2260 67800
204300.0 16452 2305602.26 296.86 3745434 5.2359694783E8 296.86 0 10 300 0 2270 68100
205200.0 16452 2305574.04 296.86 3761886 5.2590252187E8 296.86 0 10 300 0 2280 68400
206100.0 16566 2307570.09 296.86 3778452 5.2821009196E8 296.86 0 10 300 0 2290 68700
207000.0 16528 2307221.76 296.86 3794980 5.3051731372E8 296.86 0 10 300 0 2300 69000
207900.0 16452 2305602.26 296.86 3811432 5.3282291598E8 296.86 0 10 300 0 2310 69300
208800.0 16452 2305574.04 296.86 3827884 5.3512849002E8 296.86 0 10 300 0 2320 69600
209700.0 16566 2307579.09 296.86 3844450 5.3743606911E8 296.86 0 10 300 0 2330 69900
210600.0 16528 2307221.76 296.86 3860978 5.3974329087E8 296.86 0 10 300 0 2340 70200
211500.0 16452 2305602.26 296.86 3877430 5.4204889313E8 296.86 0 10 300 0 2350 70500
212400.0 16452 2305574.04 296.86 3893882 5.4435446717E8 296.86 0 10 300 0 2360 70800
213300.0 16566 2307570.09 296.86 3910448 5.4666203726E8 296.86 0 10 300 0 2370 71100
214200.0 16528 2307221.76 296.86 3926976 5.4896925902E8 296.86 0 10 300 0 2380 71400
215100.0 16452 2305602.26 296.86 3943428 5.5127486128E8 296.86 0 10 300 0 2390 71700
216000.0 16452 2305574.04 296.86 3959880 5.5358043532E8 296.86 0 10 300 0 2400 72000
216900.0 16566 2307579.09 296.86 3976446 5.5588801441E8 296.86 0 10 300 0 2410 72300
217800.0 16528 2307221.76 296.86 3992974 5.5819523617E8 296.86 0 10 300 0 2420 72600
218700.0 16452 2305602.26 296.86 4009426 5.6050083843E8 296.86 0 10 300 0 2430 72900
219600.0 16452 2305574.04 296.86 4025878 5.6280641247E8 296.86 0 10 300 0 2440 73200
220500.0 16566 2307570.09 296.86 4042444 5.6511398256E8 296.86 0 10 300 0 2450 73500
221400.0 16528 2307221.76 296.86 4058972 5.6742120432E8 296.86 0 10 300 0 2460 73800
222300.0 16452 2305602.26 296.86 4075424 5.6972680658E8 296.86 0 10 300 0 2470 74100
223200.0 16452 2305574.04 296.86 4091876 5.7203238062E8 296.86 0 10 300 0 2480 74400
224100.0 16566 2307579.09 296.86 4108442 5.7433995971E8 296.86 0 10 300 0 2490 74700
225000.0 16528 2307221.76 296.86 4124970 5.7664718147E8 296.86 0 10 300 0 2500 75000
225900.0 16452 2305602.26 296.86 4141422 5.7895278373E8 296.86 0 10 300 0 2510 75300
226800.0 16452 2305574.04 296.86 4157874 5.8125835777E8 296.86 0 10 300 0 2520 75600
227700.0 16566 2307570.09 296.86 4174440 5.8356592786E8 296.86 0 10 300 0 2530 75900
228600.0 16528 2307221.76 296.86 4190968 5.8587314962E8 296.86 0 10 300 0 2540 76200
229500.0 16452 2305602.26 296.86 4207420 5.8817875188E8 296.86 0 10 300 0 2550 76500
230400.0 16452 2305574.04 296.86 4223872 5.9048432592E8 296.86 0 10 300 0 2560 76800
231300.0 16566 2307579.09 296.86 4240438 5.9279190501E8 296.86 0 10 300 0 2570 77100
232200.0 16528 2307221.76 296.86 4256966 5.9509912677E8 296.86 0 10 300 0 2580 77400
233100.0 16452 2305602.26 296.86 4273418 5.9740472902E8 296.86 0 10 300 0 2590 77700
234000.0 16452 2305574.04 296.86 4289870 5.9971030306E8 296.86 0 10 300 0 2600 78000
234900.0 16566 2307570.09 296.86 4306436 6.0201787315E8 296.86 0 10 300 0 2610 78300
235800.0 16528 2307221.76 296.86 4322964 6.0432509492E8 296.86 0 10 300 0 2620 78600
236700.0 16452 2305602.26 296.86 4339416 6.0663069717E8 296.86 0 10 300 0 2630 78900
237600.0 16452 2305574.04 296.86 4355868 6.0893627121E8 296.86 0 10 300 0 2640 79200
238500.0 16566 2307579.09 296.86 4372434 6.112438503E8 296.86 0 10 300 0 2650 79500
239400.0 16528 2307221.76 296.86 4388962 6.1355107207E8 296.86 0 10 300 0 2660 79800
240300.0 16452 2305602.26 296.86 4405414 6.1585667432E8 296.86 0 10 300 0 2670 80100
241200.0 16452 2305574.04 296.86 4421866 6.1816224836E8 296.86 0 10 300 0 2680 80400
242100.0 16566 2307570.09 296.86 4438432 6.2046981845E8 296.86 0 10 300 0 2690 80700
243000.0 16528 2307221.76 296.86 4454960 6.2277704021E8 296.86 0 10 300 0 2700 81000
243900.0 16452 2305602.26 296.86 4471412 6.2508264247E8 296.86 0 10 300 0 2710 81300
244800.0 16452 2305574.04 296.86 4487864 6.2738821651E8 296.86 0 10 300 0 2720 81600
245700.0 16566 2307579.09 296.86 4504430 6.296957956E8 296.86 0 10 300 0 2730 81900
246600.0 16528 2307221.76 296.86 4520958 6.3200301736E8 296.86 0 10 300 0 2740 82200
247500.0 16452 2305602.26 296.86 4537410 6.3430861962E8 296.86 0 10 300 0 2750 82500
248400.0 16452 2305574.04 296.86 4553862 6.3661419366E8 296.86 0 10 300 0 2760 82800
249300.0 16566 2307579.09 296.86 4570428 6.3892177275E8 296.86 0 10 300 0 2770 83100
250200.0 16528 2307221.76 296.86 4586956 6.4122899452E8 296.86 0 10 300 0 2780 83400
251100.0 16452 2305602.26 296.86 4603408 6.4353459677E8 296.86 0 10 300 0 2790 83700
252000.0 16452 2305574.04 296.86 4619860 6.4584017081E8 296.86 0 10 300 0 2800 84000
252900.0 16566 2307570.09 296.86 4636426 6.4814774091E8 296.86 0 10 300 0 2810 84300
253800.0 16528 2307221.76 296.86 4652954 6.5045496267E8 296.86 0 10 300 0 2820 84600
254700.0 16452 2305602.26 296.86 4669406 6.5276056493E8 296.86 0 10 300 0 2830 84900
255600.0 16452 2305574.04 296.86 4685858 6.5506613897E8 296.86 0 10 300 0 2840 85200
256500.0 16566 2307579.09 296.86 4702424 6.5737371806E8 296.86 0 10 300 0 2850 85500
257400.0 16528 2307221.76 296.86 4718952 6.5968093982E8 296.86 0 10 300 0 2860 85800
258300.0 16452 2305602.26 296.86 4735404 6.6198654208E8 296.86 0 10 300 0 2870 86100
259200.0 16452 2305574.04 296.86 4751856 6.6429211612E8 296.86 0 10 300 0 2880 86400
260100.0 16566 2307570.09 296.86 4768422 6.6659968621E8 296.86 0 10 300 0 2890 86700
261000.0 16528 2307221.76 296.86 4784950 6.6890690797E8 296.86 0 10 300 0 2900 87000
261900.0 16452 2305602.26 296.86 4801402 6.7121251023E8 296.86 0 10 300 0 2910 87300
262800.0 16452 2305574.04 296.86 4817854 6.7351808427E8 296.86 0 10 300 0 2920 87600
263700.0 16566 2309718.34 296.86 4834420 6.7582780262E8 296.86 0 10 300 0 2930 87900
264600.0 16528 2307221.76 296.86 4850948 6.7813502438E8 296.86 0 10 300 0 2940 88200
265500.0 16452 2305602.26 296.86 4867400 6.8044062663E8 296.86 0 10 300 0 2950 88500
266400.0 16452 2305574.04 296.86 4883852 6.8274620067E8 296.86 0 10 300 0 2960 88800
267300.0 16566 2307570.09 296.86 4900418 6.8505377077E8 296.86 0 10 300 0 2970 89100
268200.0 16528 2307322.99 296.86 4916946 6.8736109376E8 296.86 0 10 300 0 2980 89400
269100.0 16452 2305602.26 296.86 4933398 6.8966669602E8 296.86 0 10 300 0 2990 89700
270000.0 16452 2305574.04 296.86 4949850 6.9197227006E8 296.86 0 10 300 0 3000 90000
270900.0 16566 2309718.35 296.86 4966416 6.9428198841E8 296.86 0 10 300 0 3010 90300
271800.0 16528 2307221.76 296.86 4982944 6.9658921017E8 296.86 0 10 300 0 3020 90600
272700.0 16452 2305602.26 296.86 4999396 6.9889481243E8 296.86 0 10 300 0 3030 90900
273600.0 16452 2305574.04 296.86 5015848 7.0120038647E8 296.86 0 10 300 0 3040 91200
274500.0 16566 2307570.09 296.86 5032414 7.0350795656E8 296.86 0 10 300 0 3050 91500
275400.0 16528 2307322.99 296.86 5048942 7.0581527955E8 296.86 0 10 300 0 3060 91800
276300.0 16452 2305602.26 296.86 5065394 7.0812088181E8 296.86 0 10 300 0 3070 92100
277200.0 16452 2305574.04 296.86 5081846 7.1042645585E8 296.86 0 10 300 0 3080 92400
278100.0 16566 2307579.09 296.86 5098412 7.1273403495E8 296.86 0 10 300 0 3090 92700
279000.0 16528 2307221.76 296.86 5114940 7.1504125671E8 296.86 0 10 300 0 3100 93000
279900.0 16452 2305602.26 296.86 5131392 7.1734685897E8 296.86 0 10 300 0 3110 93300
280800.0 16452 2305574.04 296.86 5147844 7.1965243301E8 296.86 0 10 300 0 3120 93600
281700.0 16566 2309718.35 296.86 5164410 7.2196215135E8 296.86 0 10 300 0 3130 93900
282600.0 16528 2307221.76 296.86 5180938 7.2426937311E8 296.86 0 10 300 0 3140 94200
283500.0 16452 2305602.26 296.86 5197390 7.2657497537E8 296.86 0 10 300 0 3150 94500
284400.0 16452 2305574.04 296.86 5213842 7.2888054941E8 296.86 0 10 300 0 3160 94800
285300.0 16566 2307570.09 296.86 5230408 7.3118811951E8 296.86 0 10 300 0 3170 95100
286200.0 16528 2307322.99 296.86 5246936 7.334954425E8 296.86 0 10 300 0 3180 95400
287100.0 16452 2305602.26 296.86 5263388 7.3580104476E8 296.86 0 10 300 0 3190 95700
288000.0 16452 2305574.04 296.86 5279840 7.381066188E8 296.86 0 10 300 0 3200 96000
288900.0 16566 2309718.35 296.86 5296406 7.4041633714E8 296.86 0 10 300 0 3210 96300
289800.0 16528 2307221.76 296.86 5312934 7.4272355891E8 296.86 0 10 300 0 3220 96600
290700.0 16452 2305602.26 296.86 5329386 7.4502916116E8 296.86 0 10 300 0 3230 96900
291600.0 16452 2305574.04 296.86 5345838 7.473347352E8 296.86 0 10 300 0 3240 97200
292500.0 16566 2307579.09 296.86 5362404 7.496423143E8 296.86 0 10 300 0 3250 97500
293400.0 16528 2307322.99 296.86 5378932 7.5194963729E8 296.86 0 10 300 0 3260 97800
294300.0 16452 2305602.26 296.86 5395384 7.5425523955E8 296.86 0 10 300 0 3270 98100
295200.0 16452 2305574.04 296.86 5411836 7.5656081359E8 296.86 0 10 300 0 3280 98400
296100.0 16566 2307570.09 296.86 5428402 7.5886838368E8 296.86 0 10 300 0 3290 98700
297000.0 16528 2307221.76 296.86 5444930 7.6117560545E8 296.86 0 10 300 0 3300 99000
297900.0 16452 2305602.26 296.86 5461382 7.634812077E8 296.86 0 10 300 0 3310 99300
298800.0 16452 2305574.04 296.86 5477834 7.6578678174E8 296.86 0 10 300 0 3320 99600
299700.0 16566 2307579.09 296.86 5494400 7.6809436084E8 296.86 0 10 300 0 3330 99900
300600.0 16528 2307221.76 296.86 5510928 7.704015826E8 296.86 0 10 300 0 3340 100200
301500.0 16452 2305602.26 296.86 5527380 7.7270718486E8 296.86 0 10 300 0 3350 100500
302400.0 16452 2305574.04 296.86 5543832 7.750127589E8 296.86 0 10 300 0 3360 100800
303300.0 16566 2307570.09 296.86 5560398 7.7732032899E8 296.86 0 10 300 0 3370 101100
304200.0 16528 2307221.76 296.86 5576926 7.7962755075E8 296.86 0 10 300 0 3380 101400
305100.0 16452 2305602.26 296.86 5593378 7.8193315301E8 296.86 0 10 300 0 3390 101700
306000.0 16452 2305574.04 296.86 5609830 7.8423872705E8 296.86 0 10 300 0 3400 102000
306900.0 16566 2307579.09 296.86 5626396 7.8654630614E8 296.86 0 10 300 0 3410 102300
307800.0 16528 2307221.76 296.86 5642924 7.888535279E8 296.86 0 10 300 0 3420 102600
308700.0 16452 2305602.26 296.86 5659376 7.9115913016E8 296.86 0 10 300 0 3430 102900
309600.0 16452 2305574.04 296.86 5675828 7.934647042E8 296.86 0 10 300 0 3440 103200
310500.0 16566 2307579.13 296.86 5692394 7.9577228333E8 296.86 0 10 300 0 3450 103500
311400.0 16528 2307221.76 296.86 5708922 7.9807950509E8 296.86 0 10 300 0 3460 103800
312300.0 16452 2305602.26 296.86 5725374 8.0038510735E8 296.86 0 10 300 0 3470 104100
313200.0 16452 2305574.04 296.86 5741826 8.0269068139E8 296.86 0 10 300 0 3480 104400
314100.0 16566 2307570.13 296.86 5758392 8.0499825152E8 296.86 0 10 300 0 3490 104700
315000.0 16528 2307221.76 296.86 5774920 8.0730547329E8 296.86 0 10 300 0 3500 105000
315900.0 16452 2305602.26 296.86 5791372 8.0961107554E8 296.86 0 10 300 0 3510 105300
316800.0 16452 2305574.04 296.86 5807824 8.1191664958E8 296.86 0 10 300 0 3520 105600
317700.0 16566 2307579.13 296.86 5824390 8.1422422872E8 296.86 0 10 300 0 3530 105900
318600.0 16528 2307322.99 296.86 5840918 8.1653155171E8 296.86 0 10 300 0 3540 106200
319500.0 16452 2305602.26 296.86 5857370 8.1883715397E8 296.86 0 10 300 0 3550 106500
320400.0 16452 2305574.04 296.86 5873822 8.2114272801E8 296.86 0 10 300 0 3560 106800
321300.0 16566 2307570.13 296.86 5890388 8.2345029814E8 296.86 0 10 300 0 3570 107100
322200.0 16528 2307221.76 296.86 5906916 8.257575199E8 296.86 0 10 300 0 3580 107400
323100.0 16452 2305602.26 296.86 5923368 8.2806312216E8 296.86 0 10 300 0 3590 107700
324000.0 16452 2305574.04 296.86 5939820 8.303686962E8 296.86 0 10 300 0 3600 108000
324900.0 16566 2307579.13 296.86 5956386 8.3267627533E8 296.86 0 10 300 0 3610 108300
325800.0 16528 2307221.76 296.86 5972914 8.349834971E8 296.86 0 10 300 0 3620 108600
326700.0 16452 2305602.26 296.86 5989366 8.3728909935E8 296.86 0 10 300 0 3630 108900
327600.0 16452 2305574.04 296.86 6005818 8.3959467339E8 296.86 0 10 300 0 3640 109200
328500.0 16566 2307561.13 296.86 6022384 8.4190223453E8 296.86 0 10 300 0 3650 109500
329400.0 16528 2307221.76 296.86 6038912 8.4420945629E8 296.86 0 10 300 0 3660 109800
330300.0 16452 2305602.26 296.86 6055364 8.4651505855E8 296.86 0 10 300 0 3670 110100
331200.0 16452 2305574.04 296.86 6071816 8.4882063259E8 296.86 0 10 300 0 3680 110400
332100.0 16566 2309718.35 296.86 6088382 8.5113035093E8 296.86 0 10 300 0 3690 110700
333000.0 16528 2307322.99 296.86 6104910 8.5343767393E8 296.86 0 10 300 0 3700 111000
333900.0 16452 2305602.26 296.86 6121362 8.5574327618E8 296.86 0 10 300 0 3710 111300
334800.0 16452 2305574.04 296.86 6137814 8.5804885022E8 296.86 0 10 300 0 3720 111600
335700.0 16566 2307579.13 296.86 6154380 8.6035642936E8 296.86 0 10 300 0 3730 111900
336600.0 16528 2307221.76 296.86 6170908 8.6266365112E8 296.86 0 10 300 0 3740 112200
337500.0 16452 2305602.26 296.86 6187360 8.6496925338E8 296.86 0 10 300 0 3750 112500
338400.0 16452 2305574.04 296.86 6203812 8.6727482742E8 296.86 0 10 300 0 3760 112800
339300.0 16566 2307561.13 296.86 6220378 8.6958238855E8 296.86 0 10 300 0 3770 113100
340200.0 16528 2307322.99 296.86 6236906 8.7188971154E8 296.86 0 10 300 0 3780 113400
341100.0 16452 2305602.26 296.86 6253358 8.741953138E8 296.86 0 10 300 0 3790 113700
342000.0 16452 2305574.04 296.86 6269810 8.7650088784E8 296.86 0 10 300 0 3800 114000
342900.0 16566 2309718.35 296.86 6286376 8.7881060619E8 296.86 0 10 300 0 3810 114300
343800.0 16528 2307221.76 296.86 6302904 8.8111782795E8 296.86 0 10 300 0 3820 114600
344700.0 16452 2305602.26 296.86 6319356 8.8342343021E8 296.86 0 10 300 0 3830 114900
345600.0 16452 2305574.04 296.86 6335808 8.8572900425E8 296.86 0 10 300 0 3840 115200

