# seed = 1, gamma = 0.0, beta = 0.5, dee = 10.0, dcc = 5.0, dec = 15.0, dsc = 1000.0, dLocalhost = 0.015, hostBroker = CLOUD, numOfCloud = 1, numOfEdge = 1, numOfSmartphone = 150 
#
# The columns have the following meaning: 
# instant[SECONDS] delayCountPartial delaySumPartial[SECONDS] delayMaxPartial[SECONDS] delayCountTot delaySumTot[SECONDS] delayMaxTot[SECONDS] runOnCloudPartial runOnEdgePartial runOnSmartphonePartial runOnCloudTot runOnEdgeTot runOnSmartphoneTot
0.0 0 0.0 0.0 0 0.0 0.0 0 0 0 0 0 0
900.0 16560 6.188019335E7 7646.5 16560 6.188019335E7 7646.5 160 0 150 160 0 150
1800.0 16524 1.7413861272E8 14604.2 33084 2.3601880608E8 14604.2 160 0 150 320 0 300
2700.0 16453 2.8614678958E8 21561.43 49537 5.2216559565E8 21561.43 160 0 150 480 0 450
3600.0 16452 3.9842504147E8 28518.65 65989 9.2059063712E8 28518.65 160 0 150 640 0 600
4500.0 16560 5.1265856777E8 35475.86 82549 1.43324920488E9 35475.86 160 0 150 800 0 750
5400.0 16524 6.2436122574E8 42433.09 99073 2.05761043063E9 42433.09 160 0 150 960 0 900
6300.0 16452 7.3536046017E8 49390.31 115525 2.7929708908E9 49390.31 160 0 150 1120 0 1050
7200.0 16452 8.4763880468E8 56347.53 131977 3.64060969548E9 56347.53 160 0 150 1280 0 1200
8100.0 16566 9.6332169907E8 63304.74 148543 4.60393139455E9 63304.74 160 0 150 1440 0 1350
9000.0 16526 1.0745784733E9 70262.48 165069 5.67850986785E9 70262.48 160 0 150 1600 0 1500
9900.0 16452 1.1845830242E9 77219.76 181521 6.86309289206E9 77219.76 160 0 150 1760 0 1650
10800.0 16452 1.29686181659E9 84176.98 197973 8.15995470865E9 84176.98 160 0 150 1920 0 1800
11700.0 16560 1.41410091075E9 91134.19 214533 9.5740556194E9 91134.19 160 0 150 2080 0 1950
12600.0 16524 1.52480170104E9 98091.42 231057 1.109885732044E10 98091.42 160 0 150 2240 0 2100
13500.0 16452 1.63379723557E9 105048.64 247509 1.273265455601E10 105048.64 160 0 150 2400 0 2250
14400.0 16452 1.74607558008E9 112005.86 263961 1.447873013609E10 112005.86 160 0 150 2560 0 2400
15300.0 16560 1.86476401533E9 118963.07 280521 1.634349415142E10 118963.07 160 0 150 2720 0 2550
16200.0 16525 1.97501446287E9 125920.3 297046 1.831850861428E10 125920.3 160 0 150 2880 0 2700
17100.0 16452 2.08301554339E9 132878.08 313498 2.040152415767E10 132878.08 160 0 150 3040 0 2850
18000.0 16452 2.19529861463E9 139835.31 329950 2.25968227723E10 139835.31 160 0 150 3200 0 3000
18900.0 16560 2.31548984036E9 146792.53 346510 2.491231261267E10 146792.53 160 0 150 3360 0 3150
19800.0 16524 2.42523934874E9 153749.75 363034 2.73375519614E10 153749.75 160 0 150 3520 0 3300
20700.0 16452 2.5322340336E9 160706.97 379486 2.9869785995E10 160706.97 160 0 150 3680 0 3450
21600.0 16452 2.6445123781E9 167664.19 395938 3.25142983731E10 167664.19 160 0 150 3840 0 3600
22500.0 16560 2.76620635429E9 174621.41 412498 3.528050472739E10 174621.41 160 0 150 4000 0 3750
23400.0 16524 2.87545496084E9 181578.63 429022 3.815595968824E10 181578.63 160 0 150 4160 0 3900
24300.0 16452 2.98144779706E9 188535.85 445474 4.11374074853E10 188535.85 160 0 150 4320 0 4050
25200.0 16452 3.09373068878E9 195493.63 461926 4.423113817408E10 195493.63 160 0 150 4480 0 4200
26100.0 16560 3.21698562469E9 202450.86 478486 4.744812379877E10 202450.86 160 0 150 4640 0 4350
27000.0 16524 3.32567985604E9 209408.09 495010 5.07738036548E10 209408.09 160 0 150 4800 0 4500
27900.0 16452 3.43067083194E9 216365.3 511462 5.420447448674E10 216365.3 160 0 150 4960 0 4650
28800.0 16452 3.54294917644E9 223322.52 527914 5.774742366319E10 223322.52 160 0 150 5120 0 4800
29700.0 16560 3.66764872062E9 230279.74 544474 6.14150723838E10 230279.74 160 0 150 5280 0 4950
30600.0 16524 3.77589545063E9 237236.96 560998 6.519096783444E10 237236.96 160 0 150 5440 0 5100
31500.0 16452 3.8798845959E9 244194.18 577450 6.907085243033E10 244194.18 160 0 150 5600 0 5250
32400.0 16452 3.99216464261E9 251151.61 593902 7.306301707294E10 251151.61 160 0 150 5760 0 5400
33300.0 16560 4.11837165646E9 258109.18 610462 7.718138872941E10 258109.18 160 0 150 5920 0 5550
34200.0 16524 4.22612031602E9 265066.42 626986 8.140750904542E10 265066.42 160 0 150 6080 0 5700
35100.0 16452 4.32910759205E9 272023.63 643438 8.573661663748E10 272023.63 160 0 150 6240 0 5850
36000.0 16452 4.44138593655E9 278980.85 659890 9.017800257403E10 278980.85 160 0 150 6400 0 6000
36900.0 16560 4.56909102154E9 285938.07 676450 9.474709359557E10 285938.07 160 0 150 6560 0 6150
37800.0 16524 4.67633591972E9 292895.29 692974 9.942342951529E10 292895.29 160 0 150 6720 0 6300
38700.0 16452 4.77832135617E9 299852.51 709426 1.0420175087146E11 299852.51 160 0 150 6880 0 6450
39600.0 16458 4.89059970067E9 306809.73 725884 1.0909235057213E11 306809.73 160 0 150 7040 0 6600
40500.0 16563 5.01981209168E9 313767.51 742447 1.141121626638E11 313767.51 160 0 150 7200 0 6750
41400.0 16524 5.12656081524E9 320724.75 758971 1.1923872347905E11 320724.75 160 0 150 7360 0 6900
42300.0 16452 5.22754439137E9 327681.97 775423 1.2446626787042E11 327681.97 160 0 150 7520 0 7050
43200.0 16452 5.33982273587E9 334639.18 791875 1.2980609060629E11 334639.18 160 0 150 7680 0 7200
44100.0 16560 5.4705333618E9 341596.4 808435 1.3527662396809E11 341596.4 160 0 150 7840 0 7350
45000.0 16524 5.576776419E9 348553.63 824959 1.4085340038709E11 348553.63 160 0 150 8000 0 7500
45900.0 16452 5.67675815554E9 355510.84 841411 1.4653015854263E11 355510.84 160 0 150 8160 0 7650
46800.0 16452 5.78903650004E9 362468.06 857863 1.5231919504267E11 362468.06 160 0 150 8320 0 7800
47700.0 16561 5.92130333076E9 369425.28 874424 1.5824049837343E11 369425.28 160 0 150 8480 0 7950
48600.0 16524 6.02699653154E9 376383.07 890948 1.6426749490496E11 376383.07 160 0 150 8640 0 8100
49500.0 16452 6.1259811909E9 383340.3 907400 1.7039347609587E11 383340.3 160 0 150 8800 0 8250
50400.0 16452 6.23825953541E9 390297.51 923852 1.7663173563127E11 390297.51 160 0 150 8960 0 8400
51300.0 16560 6.37197572027E9 397254.73 940412 1.8300371135155E11 397254.73 160 0 150 9120 0 8550
52200.0 16524 6.4772169186E9 404211.96 956936 1.8948092827015E11 404211.96 160 0 150 9280 0 8700
53100.0 16452 6.57519495518E9 411169.18 973388 1.9605612322534E11 411169.18 160 0 150 9440 0 8850
54000.0 16452 6.68747329969E9 418126.39 989840 2.0274359652502E11 418126.39 160 0 150 9600 0 9000
54900.0 16560 6.82269224402E9 425083.61 1006400 2.0956628876904E11 425083.61 160 0 150 9760 0 9150
55800.0 16524 6.92743252247E9 432040.84 1022924 2.1649372129151E11 432040.84 160 0 150 9920 0 9300
56700.0 16452 7.02441326375E9 438998.62 1039376 2.2351813455526E11 438998.62 160 0 150 10080 0 9450
57600.0 16452 7.136696335E9 445955.85 1055828 2.3065483089026E11 445955.85 160 0 150 10240 0 9600
58500.0 16560 7.27341806981E9 452913.06 1072388 2.3792824896006E11 452913.06 160 0 150 10400 0 9750
59400.0 16524 7.3776574181E9 459870.29 1088912 2.4530590637816E11 459870.29 160 0 150 10560 0 9900
60300.0 16452 7.47363175472E9 466827.51 1105364 2.5277953813288E11 466827.51 160 0 150 10720 0 10050
61200.0 16452 7.58591009922E9 473784.73 1121816 2.603654482321E11 473784.73 160 0 150 10880 0 10200
62100.0 16560 7.7241345935E9 480741.94 1138376 2.680895828256E11 480741.94 160 0 150 11040 0 10350
63000.0 16524 7.82787302199E9 487699.17 1154900 2.7591745584758E11 487699.17 160 0 150 11200 0 10500
63900.0 16452 7.92284831399E9 494656.74 1171352 2.8384030416157E11 494656.74 160 0 150 11360 0 10650
64800.0 16453 8.03513133603E9 501614.17 1187805 2.918754354976E11 501614.17 160 0 150 11520 0 10800
65700.0 16560 8.17491380405E9 508571.39 1204365 3.0005034930164E11 508571.39 160 0 150 11680 0 10950
66600.0 16524 8.27809786611E9 515528.62 1220889 3.0832844716775E11 515528.62 160 0 150 11840 0 11100
67500.0 16452 8.37206850289E9 522485.84 1237341 3.1670051567065E11 522485.84 160 0 150 12000 0 11250
68400.0 16452 8.48434684741E9 529443.06 1253793 3.2518486251806E11 529443.06 160 0 150 12160 0 11400
69300.0 16560 8.62557688247E9 536400.27 1270353 3.3381043940053E11 536400.27 160 0 150 12320 0 11550
70200.0 16524 8.72831346104E9 543357.5 1286877 3.4253875286156E11 543357.5 160 0 150 12480 0 11700
71100.0 16460 8.82128226718E9 550314.72 1303337 3.5136003512874E11 550314.72 160 0 150 12640 0 11850
72000.0 16452 8.9335651589E9 557272.5 1319789 3.6029360028764E11 557272.5 160 0 150 12800 0 12000
72900.0 16560 9.07630271731E9 564229.73 1336349 3.6936990300495E11 564229.73 160 0 150 12960 0 12150
73800.0 16524 9.17853836571E9 571186.95 1352873 3.7854844137066E11 571186.95 160 0 150 13120 0 12300
74700.0 16452 9.27050530253E9 578144.17 1369325 3.8781894667319E11 578144.17 160 0 150 13280 0 12450
75600.0 16452 9.38278364705E9 585101.39 1385777 3.9720173032024E11 585101.39 160 0 150 13440 0 12600
76500.0 16560 9.52707266838E9 592058.6 1402337 4.0672880298862E11 592058.6 160 0 150 13600 0 12750
77400.0 16524 9.62875396964E9 599015.83 1418861 4.1635755695826E11 599015.83 160 0 150 13760 0 12900
78300.0 16452 9.71971906682E9 605973.05 1435313 4.2607727602508E11 605973.05 160 0 150 13920 0 13050
79200.0 16453 9.83199741134E9 612930.27 1451766 4.3590927343641E11 612930.27 160 0 150 14080 0 13200
80100.0 16560 9.97774030236E9 619888.05 1468326 4.4588701373877E11 619888.05 160 0 150 14240 0 13350
81000.0 16524 1.007898170661E10 626845.28 1484850 4.5596599544537E11 626845.28 160 0 150 14400 0 13500
81900.0 16452 1.016894210212E10 633802.5 1501302 4.6613493754749E11 633802.5 160 0 150 14560 0 13650
82800.0 16452 1.028122044664E10 640759.72 1517754 4.7641615799413E11 640759.72 160 0 150 14720 0 13800
83700.0 16560 1.042851502691E10 647716.94 1534314 4.8684467302104E11 647716.94 160 0 150 14880 0 13950
84600.0 16524 1.052919446919E10 654674.16 1550838 4.9737386749023E11 654674.16 160 0 150 15040 0 14100
85500.0 16452 1.061815586635E10 661631.38 1567290 5.0799202335658E11 661631.38 160 0 150 15200 0 14250
86400.0 16452 1.073043421087E10 668588.6 1583742 5.1872245756744E11 668588.6 160 0 150 15360 0 14400
87300.0 16560 1.087917836383E10 675545.85 1600302 5.2960163593127E11 675545.85 160 0 150 15520 0 14550
88200.0 16524 1.097941782256E10 682503.61 1616826 5.4058105375383E11 682503.61 160 0 150 15680 0 14700
89100.0 16452 1.106737889098E10 689460.83 1633278 5.5164843264481E11 689460.83 160 0 150 15840 0 14850
90000.0 16452 1.11796572355E10 696418.05 1649730 5.6282808988031E11 696418.05 160 0 150 16000 0 15000
90900.0 16560 1.132995735667E10 703375.27 1666290 5.7415804723698E11 703375.27 160 0 150 16160 0 15150
91800.0 16524 1.142963494904E10 710332.5 1682814 5.8558768218602E11 710332.5 160 0 150 16320 0 15300
92700.0 16452 1.151659265526E10 717289.71 1699266 5.9710427484128E11 717289.71 160 0 150 16480 0 15450
93600.0 16452 1.162887099978E10 724246.93 1715718 6.0873314584106E11 724246.93 160 0 150 16640 0 15600
94500.0 16560 1.17806204441E10 731204.15 1732278 6.2051376628516E11 731204.15 160 0 150 16800 0 15750
95400.0 16524 1.187985711579E10 738161.83 1748802 6.3239362340095E11 738161.83 160 0 150 16960 0 15900
96300.0 16452 1.196581474822E10 745119.16 1765254 6.4435943814917E11 745119.16 160 0 150 17120 0 16050
97200.0 16452 1.207809399917E10 752076.38 1781706 6.5643753214834E11 752076.38 160 0 150 17280 0 16200
98100.0 16560 1.223134623384E10 759033.6 1798266 6.6866887838218E11 759033.6 160 0 150 17440 0 16350
99000.0 16524 1.233007541259E10 765990.83 1814790 6.8099895379477E11 765990.83 160 0 150 17600 0 16500
99900.0 16452 1.241502941893E10 772948.04 1831242 6.934139832137E11 772948.04 160 0 150 17760 0 16650
100800.0 16452 1.252730776345E10 779905.26 1847694 7.0594129097715E11 779905.26 160 0 150 17920 0 16800
101700.0 16560 1.268206275759E10 786862.48 1864254 7.1862335373474E11 786862.48 160 0 150 18080 0 16950
102600.0 16533 1.278029102552E10 793819.7 1880787 7.3140364476026E11 793819.7 160 0 150 18240 0 17100
103500.0 16452 1.286424772755E10 800777.49 1897239 7.4426789248781E11 800777.49 160 0 150 18400 0 17250
104400.0 16452 1.297653079881E10 807734.71 1913691 7.5724442328662E11 807734.71 160 0 150 18560 0 17400
105300.0 16560 1.313278859243E10 814691.93 1930251 7.7037721187905E11 814691.93 160 0 150 18720 0 17550
106200.0 16524 1.323051591219E10 821649.16 1946775 7.8360772779124E11 821649.16 160 0 150 18880 0 17700
107100.0 16452 1.331346621857E10 828606.38 1963227 7.9692119400981E11 828606.38 160 0 150 19040 0 17850
108000.0 16452 1.342574456309E10 835563.59 1979679 8.103469385729E11 835563.59 160 0 150 19200 0 18000
108900.0 16560 1.358350510717E10 842520.81 1996239 8.2393044368008E11 842520.81 160 0 150 19360 0 18150
109800.0 16524 1.368073152517E10 849478.04 2012763 8.3761117520525E11 849478.04 160 0 150 19520 0 18300
110700.0 16453 1.376268002674E10 856435.25 2029216 8.5137385523199E11 856435.25 160 0 150 19680 0 18450
111600.0 16452 1.387496287469E10 863393.04 2045668 8.6524881810668E11 863393.04 160 0 150 19840 0 18600
112500.0 16560 1.403423094212E10 870350.26 2062228 8.792830490488E11 870350.26 160 0 150 20000 0 18750
113400.0 16524 1.413095641196E10 877307.49 2078752 8.9341400546076E11 877307.49 160 0 150 20160 0 18900
114300.0 16452 1.421190301843E10 884264.71 2095204 9.0762590847919E11 884264.71 160 0 150 20320 0 19050
115200.0 16452 1.432418136295E10 891221.92 2111656 9.2195008984213E11 891221.92 160 0 150 20480 0 19200
116100.0 16560 1.448494744798E10 898179.14 2128216 9.3643503729011E11 898179.14 160 0 150 20640 0 19350
117000.0 16524 1.458117202499E10 905136.37 2144740 9.510162093151E11 905136.37 160 0 150 20800 0 19500
117900.0 16452 1.466111678282E10 912093.59 2161192 9.6567732609792E11 912093.59 160 0 150 20960 0 19650
118800.0 16452 1.477339636679E10 919050.96 2177644 9.8045072246471E11 919050.96 160 0 150 21120 0 19800
119700.0 16560 1.493566991016E10 926008.59 2194204 9.9538639237487E11 926008.59 160 0 150 21280 0 19950
120600.0 16524 1.503139687806E10 932965.82 2210728 1.01041778925294E12 932965.82 160 0 150 21440 0 20100
121500.0 16452 1.511033978465E10 939923.04 2227180 1.02552812903759E12 939923.04 160 0 150 21600 0 20250
122400.0 16452 1.522261812917E10 946880.26 2243632 1.04075074716675E12 946880.26 160 0 150 21760 0 20400
123300.0 16560 1.538638977303E10 953837.47 2260192 1.05613713693978E12 953837.47 160 0 150 21920 0 20550
124200.0 16524 1.54816124911E10 960794.7 2276716 1.07161874943088E12 960794.7 160 0 150 22080 0 20700
125100.0 16452 1.555955354904E10 967751.92 2293168 1.08717830297992E12 967751.92 160 0 150 22240 0 20850
126000.0 16452 1.567183189356E10 974709.13 2309620 1.10285013487348E12 974709.13 160 0 150 22400 0 21000
126900.0 16560 1.583711085244E10 981666.92 2326180 1.11868724572591E12 981666.92 160 0 150 22560 0 21150
127800.0 16525 1.593183738688E10 988624.15 2342705 1.1346190831128E12 988624.15 160 0 150 22720 0 21300
128700.0 16452 1.600877658451E10 995581.37 2359157 1.1506278596973E12 995581.37 160 0 150 22880 0 21450
129600.0 16452 1.612105492902E10 1002538.59 2375609 1.16674891462633E12 1002538.59 160 0 150 23040 0 21600
130500.0 16560 1.628783214083E10 1009495.8 2392169 1.18303674676716E12 1009495.8 160 0 150 23200 0 21750
131400.0 16524 1.638205298192E10 1016453.03 2408693 1.19941879974908E12 1016453.03 160 0 150 23360 0 21900
132300.0 16452 1.64579903489E10 1023410.25 2425145 1.21587679009798E12 1023410.25 160 0 150 23520 0 22050
133200.0 16452 1.657026869342E10 1030367.47 2441597 1.23244705879139E12 1030367.47 160 0 150 23680 0 22200
134100.0 16568 1.673854865569E10 1037324.68 2458165 1.24918560744708E12 1037324.68 160 0 150 23840 0 22350
135000.0 16524 1.683227311256E10 1044282.48 2474689 1.26601788055964E12 1044282.48 160 0 150 24000 0 22500
135900.0 16452 1.690721338436E10 1051239.7 2491141 1.28292509394401E12 1051239.7 160 0 150 24160 0 22650
136800.0 16452 1.701949172888E10 1058196.92 2507593 1.29994458567289E12 1058196.92 160 0 150 24320 0 22800
137700.0 16560 1.718927447263E10 1065154.14 2524153 1.31713386014552E12 1065154.14 160 0 150 24480 0 22950
138600.0 16524 1.728249348174E10 1072111.36 2540677 1.33441635362726E12 1072111.36 160 0 150 24640 0 23100
139500.0 16452 1.735642714876E10 1079068.58 2557129 1.35177278077602E12 1079068.58 160 0 150 24800 0 23250
140400.0 16452 1.746870549328E10 1086025.8 2573581 1.3692414862693E12 1086025.8 160 0 150 24960 0 23400
141300.0 16560 1.763999100549E10 1092983.02 2590141 1.38688147727478E12 1092983.02 160 0 150 25120 0 23550
142200.0 16525 1.773270924486E10 1099940.24 2606666 1.40461418651964E12 1099940.24 160 0 150 25280 0 23700
143100.0 16452 1.780564545749E10 1106898.03 2623118 1.42241983197713E12 1106898.03 160 0 150 25440 0 23850
144000.0 16452 1.791792852874E10 1113855.25 2639570 1.44033776050587E12 1113855.25 160 0 150 25600 0 24000
144900.0 16560 1.809071683143E10 1120812.47 2656130 1.4584284773373E12 1120812.47 160 0 150 25760 0 24150
145800.0 16524 1.818293398156E10 1127769.7 2672654 1.47661141131886E12 1127769.7 160 0 150 25920 0 24300
146700.0 16452 1.825486394862E10 1134726.91 2689106 1.49486627526748E12 1134726.91 160 0 150 26080 0 24450
147600.0 16452 1.836714229313E10 1141684.13 2705558 1.51323341756061E12 1141684.13 160 0 150 26240 0 24600
148500.0 16560 1.854143335529E10 1148641.35 2722118 1.5317748509159E12 1148641.35 160 0 150 26400 0 24750
149400.0 16524 1.86331495946E10 1155598.58 2738642 1.5504080005105E12 1155598.58 160 0 150 26560 0 24900
150300.0 16452 1.870408000654E10 1162556.08 2755094 1.56911208051704E12 1162556.08 160 0 150 26720 0 25050
151200.0 16452 1.881636302957E10 1169513.58 2771546 1.58792844354661E12 1169513.58 160 0 150 26880 0 25200
152100.0 16560 1.899215911534E10 1176470.8 2788106 1.60692060266195E12 1176470.8 160 0 150 27040 0 25350
153000.0 16524 1.908337442461E10 1183428.03 2804630 1.62600397708656E12 1183428.03 160 0 150 27200 0 25500
153900.0 16452 1.915330069183E10 1190385.24 2821082 1.64515727777839E12 1190385.24 160 0 150 27360 0 25650
154800.0 16452 1.926557903635E10 1197342.46 2837534 1.66442285681474E12 1197342.46 160 0 150 27520 0 25800
155700.0 16560 1.944287564826E10 1204299.68 2854094 1.68386573246299E12 1204299.68 160 0 150 27680 0 25950
156600.0 16524 1.95335900377E10 1211256.9 2870618 1.70339932250069E12 1211256.9 160 0 150 27840 0 26100
157500.0 16452 1.960251445622E10 1218214.12 2887070 1.72300183695692E12 1218214.12 160 0 150 28000 0 26250
158400.0 16452 1.971479734795E10 1225171.9 2903522 1.74271663430486E12 1225171.9 160 0 150 28160 0 26400
159300.0 16561 1.989365490152E10 1232129.13 2920083 1.76261028920638E12 1232129.13 160 0 150 28320 0 26550
160200.0 16524 1.998381492448E10 1239086.36 2936607 1.78259410413087E12 1239086.36 160 0 150 28480 0 26700
161100.0 16452 2.005173749169E10 1246043.58 2953059 1.80264584162256E12 1246043.58 160 0 150 28640 0 26850
162000.0 16452 2.01640158362E10 1253000.79 2969511 1.82280985745876E12 1253000.79 160 0 150 28800 0 27000
162900.0 16560 2.034431798906E10 1259958.01 2986071 1.84315417544782E12 1259958.01 160 0 150 28960 0 27150
163800.0 16524 2.043403338771E10 1266915.24 3002595 1.86358820883552E12 1266915.24 160 0 150 29120 0 27300
164700.0 16452 2.050095125597E10 1273872.45 3019047 1.8840891600915E12 1273872.45 160 0 150 29280 0 27450
165600.0 16460 2.061322960049E10 1280829.67 3035507 1.90470238969199E12 1280829.67 160 0 150 29440 0 27600
166500.0 16560 2.079509249733E10 1287787.45 3052067 1.92549748218932E12 1287787.45 160 0 150 29600 0 27750
167400.0 16524 2.088425543309E10 1294744.69 3068591 1.94638173762241E12 1294744.69 160 0 150 29760 0 27900
168300.0 16452 2.095017429133E10 1301701.91 3085043 1.96733191191374E12 1301701.91 160 0 150 29920 0 28050
169200.0 16452 2.106245263585E10 1308659.12 3101495 1.98839436454959E12 1308659.12 160 0 150 30080 0 28200
170100.0 16560 2.124576033864E10 1315616.34 3118055 2.00964012488823E12 1315616.34 160 0 150 30240 0 28350
171000.0 16524 2.133447387831E10 1322573.57 3134579 2.03097459876654E12 1322573.57 160 0 150 30400 0 28500
171900.0 16452 2.139938805561E10 1329530.79 3151031 2.05237398682215E12 1329530.79 160 0 150 30560 0 28650
172800.0 16452 2.151166640013E10 1336488.0 3167483 2.07388565322228E12 1336488.0 160 0 150 30720 0 28800
173700.0 16561 2.169647686239E10 1343445.22 3184044 2.09558213008468E12 1343445.22 160 0 150 30880 0 28950
174600.0 16524 2.178469115855E10 1350403.01 3200568 2.11736682124323E12 1350403.01 160 0 150 31040 0 29100
175500.0 16452 2.184861109097E10 1357360.24 3217020 2.1392154323342E12 1357360.24 160 0 150 31200 0 29250
176400.0 16452 2.196088943549E10 1364317.46 3233472 2.16117632176969E12 1364317.46 160 0 150 31360 0 29400
177300.0 16560 2.214720269723E10 1371274.67 3250032 2.18332352446692E12 1371274.67 160 0 150 31520 0 29550
178200.0 16524 2.223491153662E10 1378231.9 3266556 2.20555843600354E12 1378231.9 160 0 150 31680 0 29700
179100.0 16452 2.229782485526E10 1385189.12 3283008 2.2278562608588E12 1385189.12 160 0 150 31840 0 29850
180000.0 16452 2.241010319977E10 1392146.34 3299460 2.25026636405857E12 1392146.34 160 0 150 32000 0 30000
180900.0 16560 2.259791922998E10 1399103.55 3316020 2.27286428328855E12 1399103.55 160 0 150 32160 0 30150
181800.0 16524 2.268513031225E10 1406061.19 3332544 2.2955494136008E12 1406061.19 160 0 150 32320 0 30300
182700.0 16452 2.274704651317E10 1413018.57 3348996 2.31829646011396E12 1413018.57 160 0 150 32480 0 30450
183600.0 16452 2.285932619016E10 1419975.79 3365448 2.34115578630412E12 1419975.79 160 0 150 32640 0 30600
184500.0 16560 2.304864498369E10 1426933.0 3382008 2.36420443128781E12 1426933.0 160 0 150 32800 0 30750
185400.0 16524 2.31353519911E10 1433890.23 3398532 2.3873397832789E12 1433890.23 160 0 150 32960 0 30900
186300.0 16452 2.319626160987E10 1440847.45 3414984 2.41053604488877E12 1440847.45 160 0 150 33120 0 31050
187200.0 16452 2.330853995439E10 1447804.67 3431436 2.43384458484316E12 1447804.67 160 0 150 33280 0 31200
188100.0 16560 2.349936153438E10 1454761.88 3447996 2.45734394637754E12 1454761.88 160 0 150 33440 0 31350
189000.0 16524 2.358556759497E10 1461719.11 3464520 2.48092951397251E12 1461719.11 160 0 150 33600 0 31500
189900.0 16452 2.364547991843E10 1468676.89 3480972 2.50457499389095E12 1468676.89 160 0 150 33760 0 31650
190800.0 16453 2.375776298969E10 1475634.12 3497425 2.52833275688064E12 1475634.12 160 0 150 33920 0 31800
191700.0 16560 2.395008735116E10 1482591.34 3513985 2.5522828442318E12 1482591.34 160 0 150 34080 0 31950
192600.0 16524 2.403579249059E10 1489548.56 3530509 2.57631863672239E12 1489548.56 160 0 150 34240 0 32100
193500.0 16452 2.40946984094E10 1496505.78 3546961 2.6004133351318E12 1496505.78 160 0 150 34400 0 32250
194400.0 16452 2.420697675392E10 1503463.0 3563413 2.62462031188572E12 1503463.0 160 0 150 34560 0 32400
195300.0 16560 2.440080386586E10 1510420.21 3579973 2.64902111575158E12 1510420.21 160 0 150 34720 0 32550
196200.0 16524 2.448600809447E10 1517377.44 3596497 2.67350712384604E12 1517377.44 160 0 150 34880 0 32700
197100.0 16460 2.454391217363E10 1524334.66 3612957 2.69805103601968E12 1524334.66 160 0 150 35040 0 32850
198000.0 16452 2.465619506536E10 1531292.44 3629409 2.72270723108503E12 1531292.44 160 0 150 35200 0 33000
198900.0 16560 2.485152970064E10 1538249.67 3645969 2.74755876078568E12 1538249.67 160 0 150 35360 0 33150
199800.0 16524 2.493623299009E10 1545206.89 3662493 2.77249499377576E12 1545206.89 160 0 150 35520 0 33300
200700.0 16452 2.499313520894E10 1552164.11 3678945 2.7974881289847E12 1552164.11 160 0 150 35680 0 33450
201600.0 16452 2.510541355345E10 1559121.33 3695397 2.82259354253816E12 1559121.33 160 0 150 35840 0 33600
202500.0 16560 2.530224623334E10 1566078.55 3711957 2.84789578877149E12 1566078.55 160 0 150 36000 0 33750
203400.0 16524 2.538644859396E10 1573035.77 3728481 2.87328223736545E12 1573035.77 160 0 150 36160 0 33900
204300.0 16453 2.544234897317E10 1579992.99 3744934 2.89872458633862E12 1579992.99 160 0 150 36320 0 34050
205200.0 16452 2.55546282776E10 1586950.33 3761386 2.92427921461622E12 1586950.33 160 0 150 36480 0 34200
206100.0 16560 2.575296821417E10 1593907.99 3777946 2.95003218283039E12 1593907.99 160 0 150 36640 0 34350
207000.0 16524 2.583667345413E10 1600865.22 3794470 2.97586885628452E12 1600865.22 160 0 150 36800 0 34500
207900.0 16452 2.58915719731E10 1607822.44 3810922 3.00176042825762E12 1607822.44 160 0 150 36960 0 34650
208800.0 16452 2.600385031761E10 1614779.66 3827374 3.02776427857523E12 1614779.66 160 0 150 37120 0 34800
209700.0 16560 2.620368854732E10 1621736.88 3843934 3.05396796712255E12 1621736.88 160 0 150 37280 0 34950
210600.0 16524 2.628688905779E10 1628694.1 3860458 3.08025485618034E12 1628694.1 160 0 150 37440 0 35100
211500.0 16452 2.634078573711E10 1635651.32 3876910 3.10659564191745E12 1635651.32 160 0 150 37600 0 35250
212400.0 16452 2.645306408163E10 1642608.54 3893362 3.13304870599908E12 1642608.54 160 0 150 37760 0 35400
213300.0 16560 2.665440919301E10 1649566.28 3909922 3.15970311519209E12 1649566.28 160 0 150 37920 0 35550
214200.0 16524 2.673711348091E10 1656523.56 3926446 3.18644022867301E12 1656523.56 160 0 150 38080 0 35700
215100.0 16452 2.67900087537E10 1663480.77 3942898 3.2132302374267E12 1663480.77 160 0 150 38240 0 35850
216000.0 16452 2.690228709821E10 1670437.99 3959350 3.24013252452492E12 1670437.99 160 0 150 38400 0 36000
216900.0 16560 2.71051308778E10 1677395.21 3975910 3.26723765540272E12 1677395.21 160 0 150 38560 0 36150
217800.0 16524 2.718732953831E10 1684352.43 3992434 3.29442498494103E12 1684352.43 160 0 150 38720 0 36300
218700.0 16452 2.723922251771E10 1691309.65 4008886 3.32166420745874E12 1691309.65 160 0 150 38880 0 36450
219600.0 16452 2.735150086223E10 1698266.87 4025338 3.34901570832097E12 1698266.87 160 0 150 39040 0 36600
220500.0 16560 2.755584738328E10 1705224.09 4041898 3.37657155570424E12 1705224.09 160 0 150 39200 0 36750
221400.0 16524 2.763754965957E10 1712181.88 4058422 3.40420910536382E12 1712181.88 160 0 150 39360 0 36900
222300.0 16452 2.768844555274E10 1719139.11 4074874 3.43189755091656E12 1719139.11 160 0 150 39520 0 37050
223200.0 16452 2.780072389726E10 1726096.32 4091326 3.45969827481382E12 1726096.32 160 0 150 39680 0 37200
224100.0 16560 2.800657321779E10 1733053.54 4107886 3.48770484803161E12 1733053.54 160 0 150 39840 0 37350
225000.0 16524 2.808777003732E10 1740010.77 4124410 3.51579261806893E12 1740010.77 160 0 150 40000 0 37500
225900.0 16452 2.81376593167E10 1746967.98 4140862 3.54393027738563E12 1746967.98 160 0 150 40160 0 37650
226800.0 16452 2.824993766122E10 1753925.2 4157314 3.57218021504686E12 1753925.2 160 0 150 40320 0 37800
227700.0 16560 2.845728973221E10 1760882.42 4173874 3.60063750477907E12 1760882.42 160 0 150 40480 0 37950
228600.0 16533 2.853798611759E10 1767839.65 4190407 3.62917549089666E12 1767839.65 160 0 150 40640 0 38100
229500.0 16452 2.8586877625E10 1774797.43 4206859 3.65776236852166E12 1774797.43 160 0 150 40800 0 38250
230400.0 16452 2.869916069626E10 1781754.66 4223311 3.68646152921791E12 1781754.66 160 0 150 40960 0 38400
231300.0 16560 2.890801556672E10 1788711.87 4239871 3.71536954478463E12 1788711.87 160 0 150 41120 0 38550
232200.0 16524 2.898821053627E10 1795669.1 4256395 3.74435775532091E12 1795669.1 160 0 150 41280 0 38700
233100.0 16452 2.90360961157E10 1802626.32 4272847 3.7733938514366E12 1802626.32 160 0 150 41440 0 38850
234000.0 16452 2.914837446022E10 1809583.53 4289299 3.80254222589682E12 1809583.53 160 0 150 41600 0 39000
234900.0 16560 2.935873208114E10 1816540.75 4305859 3.83190095797796E12 1816540.75 160 0 150 41760 0 39150
235800.0 16525 2.943842613988E10 1823497.98 4322384 3.86133938411784E12 1823497.98 160 0 150 41920 0 39300
236700.0 16452 2.94853118604E10 1830455.45 4338836 3.89082469597823E12 1830455.45 160 0 150 42080 0 39450
237600.0 16452 2.959759490641E10 1837412.98 4355288 3.92042229088464E12 1837412.98 160 0 150 42240 0 39600
238500.0 16560 2.980945786635E10 1844370.2 4371848 3.95023174875099E12 1844370.2 160 0 150 42400 0 39750
239400.0 16524 2.988865098598E10 1851327.43 4388372 3.98012039973697E12 1851327.43 160 0 150 42560 0 39900
240300.0 16452 2.993453286555E10 1858284.65 4404824 4.01005493260252E12 1858284.65 160 0 150 42720 0 40050
241200.0 16452 3.004681121007E10 1865241.86 4421276 4.04010174381259E12 1865241.86 160 0 150 42880 0 40200
242100.0 16560 3.026017438077E10 1872199.08 4437836 4.07036191819336E12 1872199.08 160 0 150 43040 0 40350
243000.0 16524 3.033886658958E10 1879156.31 4454360 4.10070078478294E12 1879156.31 160 0 150 43200 0 40500
243900.0 16452 3.038374662951E10 1886113.53 4470812 4.13108453141245E12 1886113.53 160 0 150 43360 0 40650
244800.0 16452 3.049602952123E10 1893071.31 4487264 4.16158056093368E12 1893071.31 160 0 150 43520 0 40800
245700.0 16560 3.071090021528E10 1900028.53 4503824 4.19229146114897E12 1900028.53 160 0 150 43680 0 40950
246600.0 16524 3.078909148491E10 1906985.76 4520348 4.22308055263388E12 1906985.76 160 0 150 43840 0 41100
247500.0 16452 3.083296966447E10 1913942.98 4536800 4.25391352229835E12 1913942.98 160 0 150 44000 0 41250
248400.0 16452 3.094524800893E10 1920900.2 4553252 4.28485877030728E12 1920900.2 160 0 150 44160 0 41400
249300.0 16560 3.116161673847E10 1927857.41 4569812 4.31602038704576E12 1927857.41 160 0 150 44320 0 41550
250200.0 16524 3.123930708823E10 1934814.64 4586336 4.34725969413398E12 1934814.64 160 0 150 44480 0 41700
251100.0 16452 3.128218342814E10 1941771.86 4602788 4.37854187756212E12 1941771.86 160 0 150 44640 0 41850
252000.0 16452 3.13944617726E10 1948729.07 4619240 4.40993633933472E12 1948729.07 160 0 150 44800 0 42000
252900.0 16560 3.161233779923E10 1955686.86 4635800 4.44154867713394E12 1955686.86 160 0 150 44960 0 42150
253800.0 16525 3.168953198339E10 1962644.09 4652325 4.47323820911734E12 1962644.09 160 0 150 45120 0 42300
254700.0 16452 3.173140646299E10 1969601.31 4668777 4.50496961558032E12 1969601.31 160 0 150 45280 0 42450
255600.0 16452 3.184368480745E10 1976558.53 4685229 4.53681330038777E12 1976558.53 160 0 150 45440 0 42600
256500.0 16560 3.206305908693E10 1983515.75 4701789 4.5688763594747E12 1983515.75 160 0 150 45600 0 42750
257400.0 16524 3.213974758676E10 1990472.97 4718313 4.60101610706146E12 1990472.97 160 0 150 45760 0 42900
258300.0 16452 3.218062022671E10 1997430.19 4734765 4.63319672728816E12 1997430.19 160 0 150 45920 0 43050
259200.0 16452 3.229289857117E10 2004387.41 4751217 4.66548962585933E12 2004387.41 160 0 150 46080 0 43200
260100.0 16568 3.251377632267E10 2011344.62 4767785 4.698003402182E12 2011344.62 160 0 150 46240 0 43350
261000.0 16524 3.258996770765E10 2018302.42 4784309 4.73059336988965E12 2018302.42 160 0 150 46400 0 43500
261900.0 16452 3.262984326145E10 2025259.64 4800761 4.7632232131511E12 2025259.64 160 0 150 46560 0 43650
262800.0 16452 3.274212160591E10 2032216.86 4817213 4.79596533475701E12 2032216.86 160 0 150 46720 0 43800
263700.0 16560 3.29645548717E10 2039174.08 4833773 4.8289298896287E12 2039174.08 160 0 150 46880 0 43950
264600.0 16524 3.304018808513E10 2046131.3 4850297 4.86197007771383E12 2046131.3 160 0 150 47040 0 44100
265500.0 16452 3.307905702512E10 2053088.52 4866749 4.89504913473894E12 2053088.52 160 0 150 47200 0 44250
266400.0 16452 3.319133536958E10 2060045.74 4883201 4.92824047010852E12 2060045.74 160 0 150 47360 0 44400
267300.0 16561 3.341521794946E10 2067002.96 4899762 4.96165568805798E12 2067002.96 160 0 150 47520 0 44550
268200.0 16524 3.349040961769E10 2073960.56 4916286 4.99514609767567E12 2073960.56 160 0 150 47680 0 44700
269100.0 16452 3.352827850652E10 2080917.97 4932738 5.0286743761822E12 2080917.97 160 0 150 47840 0 44850
270000.0 16452 3.364055835099E10 2087875.19 4949190 5.06231493453319E12 2087875.19 160 0 150 48000 0 45000
270900.0 16560 3.386599717554E10 2094832.41 4965750 5.09618093170873E12 2094832.41 160 0 150 48160 0 45150
271800.0 16524 3.394062852121E10 2101789.63 4982274 5.13012156022994E12 2101789.63 160 0 150 48320 0 45300
272700.0 16452 3.397749377036E10 2108746.85 4998726 5.1640990540003E12 2108746.85 160 0 150 48480 0 45450
273600.0 16452 3.408977211482E10 2115704.07 5015178 5.19818882611512E12 2115704.07 160 0 150 48640 0 45600
274500.0 16560 3.431666023547E10 2122661.29 5031738 5.23250548635059E12 2122661.29 160 0 150 48800 0 45750
275400.0 16524 3.439084698397E10 2129618.51 5048262 5.26689633333456E12 2129618.51 160 0 150 48960 0 45900
276300.0 16452 3.442671207855E10 2136576.3 5064714 5.30132304541312E12 2136576.3 160 0 150 49120 0 46050
277200.0 16452 3.453899514978E10 2143533.52 5081166 5.3358620405629E12 2143533.52 160 0 150 49280 0 46200
278100.0 16560 3.47673860879E10 2150490.74 5097726 5.3706294266508E12 2150490.74 160 0 150 49440 0 46350
279000.0 16524 3.484106901995E10 2157447.97 5114250 5.40547049567075E12 2157447.97 160 0 150 49600 0 46500
279900.0 16452 3.487593056915E10 2164405.18 5130702 5.4403464262399E12 2164405.18 160 0 150 49760 0 46650
280800.0 16452 3.498820891361E10 2171362.4 5147154 5.47533463515351E12 2171362.4 160 0 150 49920 0 46800
281700.0 16560 3.521815602956E10 2178319.62 5163714 5.51055279118307E12 2178319.62 160 0 150 50080 0 46950
282600.0 16524 3.529128463243E10 2185276.84 5180238 5.5458440758155E12 2185276.84 160 0 150 50240 0 47100
283500.0 16452 3.532514433298E10 2192234.06 5196690 5.58116922014848E12 2192234.06 160 0 150 50400 0 47250
284400.0 16452 3.543742722467E10 2199191.84 5213142 5.61660664737315E12 2199191.84 160 0 150 50560 0 47400
285300.0 16561 3.566882842763E10 2206149.07 5229703 5.65227547580078E12 2206149.07 160 0 150 50720 0 47550
286200.0 16524 3.574151236905E10 2213106.3 5246227 5.68801698816982E12 2213106.3 160 0 150 50880 0 47700
287100.0 16452 3.577436736799E10 2220063.52 5262679 5.72379135553781E12 2220063.52 160 0 150 51040 0 47850
288000.0 16452 3.588664571245E10 2227020.73 5279131 5.75967800125026E12 2227020.73 160 0 150 51200 0 48000
288900.0 16560 3.611959839634E10 2233977.95 5295691 5.7957975996466E12 2233977.95 160 0 150 51360 0 48150
289800.0 16524 3.619172513133E10 2240935.18 5312215 5.83198932477794E12 2240935.18 160 0 150 51520 0 48300
290700.0 16452 3.622358113193E10 2247892.39 5328667 5.86821290590986E12 2247892.39 160 0 150 51680 0 48450
291600.0 16460 3.633586002346E10 2254849.68 5345127 5.90454876593332E12 2254849.68 160 0 150 51840 0 48600
292500.0 16560 3.657026655361E10 2261807.39 5361687 5.94111903248693E12 2261807.39 160 0 150 52000 0 48750
293400.0 16524 3.664195285276E10 2268764.63 5378211 5.97776098533969E12 2268764.63 160 0 150 52160 0 48900
294300.0 16452 3.667280414279E10 2275721.85 5394663 6.01443378948248E12 2275721.85 160 0 150 52320 0 49050
295200.0 16452 3.678508248725E10 2282679.06 5411115 6.05121887196973E12 2282679.06 160 0 150 52480 0 49200
296100.0 16560 3.702098726664E10 2289636.28 5427675 6.08823985923637E12 2289636.28 160 0 150 52640 0 49350
297000.0 16524 3.709216559704E10 2296593.51 5444199 6.12533202483342E12 2296593.51 160 0 150 52800 0 49500
297900.0 16452 3.712201790673E10 2303550.73 5460651 6.16245404274015E12 2303550.73 160 0 150 52960 0 49650
298800.0 16453 3.723429625119E10 2310507.94 5477104 6.19968833899134E12 2310507.94 160 0 150 53120 0 49800
299700.0 16560 3.747170773881E10 2317465.65 5493664 6.23716004673015E12 2317465.65 160 0 150 53280 0 49950
300600.0 16524 3.754238985134E10 2324422.96 5510188 6.27470243658149E12 2324422.96 160 0 150 53440 0 50100
301500.0 16452 3.757124091067E10 2331380.18 5526640 6.31227367749216E12 2331380.18 160 0 150 53600 0 50250
302400.0 16452 3.768351925513E10 2338337.39 5543092 6.3499571967473E12 2338337.39 160 0 150 53760 0 50400
303300.0 16560 3.79224295754E10 2345294.61 5559652 6.38787962632269E12 2345294.61 160 0 150 53920 0 50550
304200.0 16524 3.799260606487E10 2352251.84 5576176 6.42587223238756E12 2352251.84 160 0 150 54080 0 50700
305100.0 16452 3.802045467467E10 2359209.06 5592628 6.46389268706223E12 2359209.06 160 0 150 54240 0 50850
306000.0 16452 3.813273301912E10 2366166.27 5609080 6.50202542008135E12 2366166.27 160 0 150 54400 0 51000
306900.0 16560 3.837314611685E10 2373123.49 5625640 6.5403985661982E12 2373123.49 160 0 150 54560 0 51150
307800.0 16524 3.844282619519E10 2380081.28 5642164 6.5788413923934E12 2380081.28 160 0 150 54720 0 51300
308700.0 16452 3.846967770984E10 2387038.51 5658616 6.61731107010323E12 2387038.51 160 0 150 54880 0 51450
309600.0 16452 3.85819560543E10 2393995.73 5675068 6.65589302615753E12 2393995.73 160 0 150 55040 0 51600
310500.0 16560 3.882387194229E10 2400952.94 5691628 6.69471689809982E12 2400952.94 160 0 150 55200 0 51750
311400.0 16524 3.88930465641E10 2407910.17 5708152 6.73360994466392E12 2407910.17 160 0 150 55360 0 51900
312300.0 16452 3.891889147394E10 2414867.39 5724604 6.77252883613786E12 2414867.39 160 0 150 55520 0 52050
313200.0 16452 3.90311698184E10 2421824.6 5741056 6.81156000595626E12 2421824.6 160 0 150 55680 0 52200
314100.0 16560 3.927458844785E10 2428781.82 5757616 6.85083459440411E12 2428781.82 160 0 150 55840 0 52350
315000.0 16524 3.934326217685E10 2435739.05 5774140 6.89017785658095E12 2435739.05 160 0 150 56000 0 52500
315900.0 16452 3.93681097824E10 2442696.83 5790592 6.92954596636335E12 2442696.83 160 0 150 56160 0 52650
316800.0 16453 3.948039285362E10 2449654.06 5807045 6.96902635921698E12 2449654.06 160 0 150 56320 0 52800
317700.0 16560 3.972531429156E10 2456611.28 5823605 7.00875167350854E12 2456611.28 160 0 150 56480 0 52950
318600.0 16524 3.979348991373E10 2463568.5 5840129 7.04854516342227E12 2463568.5 160 0 150 56640 0 53100
319500.0 16452 3.981732827332E10 2470525.72 5856581 7.08836249169559E12 2470525.72 160 0 150 56800 0 53250
320400.0 16452 3.992960661778E10 2477482.94 5873033 7.12829209831337E12 2477482.94 160 0 150 56960 0 53400
321300.0 16560 4.017603079717E10 2484440.15 5889593 7.16846812911054E12 2484440.15 160 0 150 57120 0 53550
322200.0 16530 4.024370267624E10 2491397.38 5906123 7.20871183178678E12 2491397.38 160 0 150 57280 0 53700
323100.0 16454 4.026654354979E10 2498354.79 5922577 7.24897837533657E12 2498354.79 160 0 150 57440 0 53850
324000.0 16452 4.037882656069E10 2505312.38 5939029 7.28935720189726E12 2505312.38 160 0 150 57600 0 54000
324900.0 16560 4.062675660724E10 2512269.61 5955589 7.32998395850451E12 2512269.61 160 0 150 57760 0 54150
325800.0 16524 4.069392752924E10 2519226.83 5972113 7.37067788603375E12 2519226.83 160 0 150 57920 0 54300
326700.0 16452 4.071576503923E10 2526184.05 5988565 7.41139365107298E12 2526184.05 160 0 150 58080 0 54450
327600.0 16452 4.082804338369E10 2533141.27 6005017 7.45222169445667E12 2533141.27 160 0 150 58240 0 54600
328500.0 16560 4.107747310391E10 2540098.48 6021577 7.49329916756058E12 2540098.48 160 0 150 58400 0 54750
329400.0 16524 4.114414313309E10 2547055.71 6038101 7.53444331069367E12 2547055.71 160 0 150 58560 0 54900
330300.0 16453 4.116497880344E10 2554012.93 6054554 7.57560828949711E12 2554012.93 160 0 150 58720 0 55050
331200.0 16452 4.127726169513E10 2560970.71 6071006 7.61688555119224E12 2560970.71 160 0 150 58880 0 55200
332100.0 16560 4.152825239327E10 2567927.94 6087566 7.65841380358551E12 2567927.94 160 0 150 59040 0 55350
333000.0 16524 4.159437087904E10 2574885.16 6104090 7.70000817446454E12 2574885.16 160 0 150 59200 0 55500
333900.0 16452 4.161420183877E10 2581842.38 6120542 7.74162237630332E12 2581842.38 160 0 150 59360 0 55650
334800.0 16452 4.172648018323E10 2588799.6 6136994 7.78334885648655E12 2588799.6 160 0 150 59520 0 55800
335700.0 16560 4.19789154714E10 2595756.82 6153554 7.82532777195795E12 2595756.82 160 0 150 59680 0 55950
336600.0 16524 4.20445836416E10 2602714.04 6170078 7.86737235559954E12 2602714.04 160 0 150 59840 0 56100
337500.0 16452 4.206341560298E10 2609671.26 6186530 7.90943577120252E12 2609671.26 160 0 150 60000 0 56250
338400.0 16452 4.217569394744E10 2616628.48 6202982 7.95161146514996E12 2616628.48 160 0 150 60160 0 56400
339300.0 16560 4.242963653291E10 2623586.26 6219542 7.99404110168287E12 2623586.26 160 0 150 60320 0 56550
340200.0 16524 4.24948113696E10 2630543.5 6236066 8.03653591305247E12 2630543.5 160 0 150 60480 0 56700
341100.0 16452 4.251263863837E10 2637500.71 6252518 8.07904855169084E12 2637500.71 160 0 150 60640 0 56850
342000.0 16452 4.262491698283E10 2644457.93 6268970 8.12167346867367E12 2644457.93 160 0 150 60800 0 57000
342900.0 16560 4.288041127548E10 2651415.15 6285530 8.16455387994915E12 2651415.15 160 0 150 60960 0 57150
343800.0 16524 4.294502414121E10 2658372.38 6302054 8.20749890409036E12 2658372.38 160 0 150 61120 0 57300
344700.0 16452 4.296185240263E10 2665329.59 6318506 8.25046075649299E12 2665329.59 160 0 150 61280 0 57450
345600.0 16452 4.307413074709E10 2672286.81 6334958 8.29353488724008E12 2672286.81 160 0 150 61440 0 57600

