# seed = 1, gamma = 0.75, beta = 0.75, dee = 100.0, dcc = 50.0, dec = 150.0, dsc = 1000.0, dLocalhost = 0.015, hostBroker = EDGE, numOfCloud = 1, numOfEdge = 1, numOfSmartphone = 225 
#
# The columns have the following meaning: 
# instant[SECONDS] delayCountPartial delaySumPartial[SECONDS] delayMaxPartial[SECONDS] delayCountTot delaySumTot[SECONDS] delayMaxTot[SECONDS] runOnCloudPartial runOnEdgePartial runOnSmartphonePartial runOnCloudTot runOnEdgeTot runOnSmartphoneTot
0.0 0 0.0 0.0 0 0.0 0.0 0 0 0 0 0 0
900.0 16560 1.1045027638E8 13643.68 16560 1.1045027638E8 13643.68 78 7 225 78 7 225
1800.0 16524 3.2143334262E8 26717.7 33084 4.3188361901E8 26717.7 78 7 225 156 14 450
2700.0 16452 5.3188738159E8 39791.23 49536 9.637710006E8 39791.23 78 7 225 234 21 675
3600.0 16453 7.4289788049E8 52864.75 65989 1.70666888108E9 52864.75 78 7 225 312 28 900
4500.0 16560 9.5750930068E8 65938.27 82549 2.66417818176E9 65938.27 78 7 225 390 35 1125
5400.0 16524 1.16745489931E9 79011.8 99073 3.83163308108E9 79011.8 78 7 225 468 42 1350
6300.0 16452 1.3760185346E9 92085.32 115525 5.20765161567E9 92085.32 78 7 225 546 49 1575
7200.0 16452 1.58702903349E9 105158.84 131977 6.79468064917E9 105158.84 78 7 225 624 56 1800
8100.0 16560 1.80436899345E9 118232.36 148537 8.59904964262E9 118232.36 78 7 225 702 63 2025
9000.0 16524 2.01346372243E9 131305.89 165061 1.061251336505E10 131305.89 78 7 225 780 70 2250
9900.0 16452 2.22014968787E9 144379.4 181513 1.283266305293E10 144379.4 78 7 225 858 77 2475
10800.0 16452 2.43116018677E9 157452.92 197965 1.526382323969E10 157452.92 78 7 225 936 84 2700
11700.0 16560 2.65141938636E9 170526.44 214525 1.791524262605E10 170526.44 78 7 225 1014 91 2925
12600.0 16524 2.85948238011E9 183599.97 231049 2.077472500616E10 183599.97 78 7 225 1092 98 3150
13500.0 16452 3.06428084114E9 196673.49 247501 2.38390058473E10 196673.49 78 7 225 1170 105 3375
14400.0 16458 3.27529134003E9 209747.01 263959 2.711429718733E10 209747.01 78 7 225 1248 112 3600
15300.0 16562 3.4982846081E9 222821.02 280521 3.061258179543E10 222821.02 78 7 225 1326 119 3825
16200.0 16524 3.7054999265E9 235894.63 297045 3.431808172193E10 235894.63 78 7 225 1404 126 4050
17100.0 16452 3.9084212414E9 248968.15 313497 3.822650296333E10 248968.15 78 7 225 1482 133 4275
18000.0 16452 4.11943174029E9 262041.67 329949 4.234593470362E10 262041.67 78 7 225 1560 140 4500
18900.0 16560 4.34524336428E9 275115.19 346509 4.66911780679E10 275115.19 78 7 225 1638 147 4725
19800.0 16524 4.55151420225E9 288188.72 363033 5.124269227015E10 288188.72 78 7 225 1716 154 4950
20700.0 16452 4.75255239466E9 301262.24 379485 5.599524466481E10 301262.24 78 7 225 1794 161 5175
21600.0 16452 4.96356289355E9 314335.76 395937 6.095880755837E10 314335.76 78 7 225 1872 168 5400
22500.0 16560 5.19219838925E9 327409.28 412497 6.615100594761E10 327409.28 78 7 225 1950 175 5625
23400.0 16524 5.39752795165E9 340482.81 429021 7.154853389926E10 340482.81 78 7 225 2028 182 5850
24300.0 16452 5.59668354792E9 353556.33 445473 7.714521744718E10 353556.33 78 7 225 2106 189 6075
25200.0 16452 5.80769404682E9 366629.85 461925 8.2952911494E10 366629.85 78 7 225 2184 196 6300
26100.0 16560 6.03924881815E9 379703.36 478485 8.899216031215E10 379703.36 78 7 225 2262 203 6525
27000.0 16524 6.24354169237E9 392776.89 495009 9.523570200451E10 392776.89 78 7 225 2340 210 6750
27900.0 16453 6.44081470151E9 405850.41 511462 1.0167651670603E11 405850.41 78 7 225 2418 217 6975
28800.0 16452 6.6518253097E9 418923.94 527914 1.0832834201573E11 418923.94 78 7 225 2496 224 7200
29700.0 16560 6.88611424091E9 431998.02 544474 1.1521445625663E11 431998.02 78 7 225 2574 231 7425
30600.0 16524 7.08956471288E9 445071.55 560998 1.2230402096951E11 445071.55 78 7 225 2652 238 7650
31500.0 16452 7.28495512322E9 458145.07 577450 1.2958897609273E11 458145.07 78 7 225 2730 245 7875
32400.0 16452 7.49596562211E9 471218.59 593902 1.3708494171484E11 471218.59 78 7 225 2808 252 8100
33300.0 16560 7.73307279995E9 484292.11 610462 1.4481801451479E11 484292.11 78 7 225 2886 259 8325
34200.0 16524 7.93557846282E9 497365.64 626986 1.5275359297761E11 497365.64 78 7 225 2964 266 8550
35100.0 16452 8.12908627702E9 510439.16 643438 1.6088267925463E11 510439.16 78 7 225 3042 273 8775
36000.0 16452 8.34009677593E9 523512.68 659890 1.6922277603056E11 523512.68 78 7 225 3120 280 9000
36900.0 16560 8.58002783449E9 536586.2 676450 1.7780280386506E11 536586.2 78 7 225 3198 287 9225
37800.0 16524 8.78159220385E9 549659.73 692974 1.8658439606891E11 549659.73 78 7 225 3276 294 9450
38700.0 16452 8.97321743099E9 562733.25 709426 1.955576134999E11 562733.25 78 7 225 3354 301 9675
39600.0 16452 9.1842279299E9 575806.77 725878 2.047418414298E11 575806.77 78 7 225 3432 308 9900
40500.0 16560 9.42698286917E9 588880.29 742438 2.1416882429897E11 588880.29 78 7 225 3510 315 10125
41400.0 16524 9.62760594496E9 601953.82 758962 2.2379643024393E11 601953.82 78 7 225 3588 322 10350
42300.0 16452 9.81734858497E9 615027.34 775414 2.336137788289E11 615027.34 78 7 225 3666 329 10575
43200.0 16452 1.002836406782E10 628101.3 791866 2.4364214289672E11 628101.3 78 7 225 3744 336 10800
44100.0 16560 1.027394623397E10 641174.94 808426 2.5391608913069E11 641174.94 78 7 225 3822 343 11025
45000.0 16524 1.04736289358E10 654248.47 824950 2.6438971806649E11 654248.47 78 7 225 3900 350 11250
45900.0 16452 1.066148896814E10 667321.99 841402 2.7505120703463E11 667321.99 78 7 225 3978 357 11475
46800.0 16452 1.087249946705E10 680395.51 857854 2.8592370650169E11 680395.51 78 7 225 4056 364 11700
47700.0 16560 1.112099758449E10 693469.03 874414 2.9704470408618E11 693469.03 78 7 225 4134 371 11925
48600.0 16524 1.131964266807E10 706542.56 890938 3.0836434675425E11 706542.56 78 7 225 4212 378 12150
49500.0 16452 1.150562012228E10 719616.08 907390 3.1986996687653E11 719616.08 78 7 225 4290 385 12375
50400.0 16452 1.171663062119E10 732689.6 923842 3.3158659749771E11 732689.6 78 7 225 4368 392 12600
51300.0 16560 1.196785723344E10 745763.12 940402 3.4355445473115E11 745763.12 78 7 225 4446 399 12825
52200.0 16524 1.216565641834E10 758836.65 956926 3.5572011114949E11 758836.65 78 7 225 4524 406 13050
53100.0 16452 1.234975127641E10 771910.17 973378 3.680698624259E11 771910.17 78 7 225 4602 413 13275
54000.0 16452 1.256076177532E10 784983.69 989830 3.8063062420122E11 784983.69 78 7 225 4680 420 13500
54900.0 16560 1.281481226827E10 798057.21 1006390 3.9344543646949E11 798057.21 78 7 225 4758 427 13725
55800.0 16524 1.301167015955E10 811130.74 1022914 4.0645710662905E11 811130.74 78 7 225 4836 434 13950
56700.0 16452 1.319388243049E10 824204.26 1039366 4.1965098905954E11 824204.26 78 7 225 4914 441 14175
57600.0 16452 1.340489883725E10 837278.34 1055818 4.3305588789678E11 837278.34 78 7 225 4992 448 14400
58500.0 16560 1.366177660514E10 850351.87 1072378 4.4671766450193E11 850351.87 78 7 225 5070 455 14625
59400.0 16524 1.385769319252E10 863425.4 1088902 4.6057535769445E11 863425.4 78 7 225 5148 462 14850
60300.0 16452 1.403802285564E10 876498.92 1105354 4.7461338055009E11 876498.92 78 7 225 5226 469 15075
61200.0 16452 1.424903335455E10 889572.44 1121806 4.8886241390464E11 889572.44 78 7 225 5304 476 15300
62100.0 16560 1.450873163993E10 902645.96 1138366 5.0337114554457E11 902645.96 78 7 225 5382 483 15525
63000.0 16524 1.470370693373E10 915719.48 1154890 5.180748524783E11 915719.48 78 7 225 5460 490 15750
63900.0 16452 1.488215400972E10 928793.0 1171342 5.3295700648802E11 928793.0 78 7 225 5538 497 15975
64800.0 16452 1.509316450863E10 941866.52 1187794 5.4805017099665E11 941866.52 78 7 225 5616 504 16200
65700.0 16560 1.53557820606E10 954940.04 1204354 5.6340595305726E11 954940.04 78 7 225 5694 511 16425
66600.0 16524 1.554972067495E10 968013.57 1220878 5.7895567373221E11 968013.57 78 7 225 5772 518 16650
67500.0 16452 1.57262851638E10 981087.09 1237330 5.9468195889601E11 981087.09 78 7 225 5850 525 16875
68400.0 16452 1.593729566271E10 994160.61 1253782 6.1061925455872E11 994160.61 78 7 225 5928 532 17100
69300.0 16560 1.620264170049E10 1007234.13 1270342 6.2682189625921E11 1007234.13 78 7 225 6006 539 17325
70200.0 16530 1.639573440717E10 1020307.66 1286872 6.4321763066638E11 1020307.66 78 7 225 6084 546 17550
71100.0 16455 1.657042012726E10 1033381.59 1303327 6.5978805079364E11 1033381.59 78 7 225 6162 553 17775
72000.0 16452 1.678143473137E10 1046455.27 1319779 6.7656948552502E11 1046455.27 78 7 225 6240 560 18000
72900.0 16560 1.704960599625E10 1059528.79 1336339 6.9361909152127E11 1059528.79 78 7 225 6318 567 18225
73800.0 16524 1.724175739907E10 1072602.32 1352863 7.1086084892034E11 1072602.32 78 7 225 6396 574 18450
74700.0 16452 1.741455669309E10 1085675.84 1369315 7.2827540561343E11 1085675.84 78 7 225 6474 581 18675
75600.0 16452 1.7625567192E10 1098749.36 1385767 7.4590097280543E11 1098749.36 78 7 225 6552 588 18900
76500.0 16560 1.789665640793E10 1111822.88 1402327 7.6379762921337E11 1111822.88 78 7 225 6630 595 19125
77400.0 16524 1.808777114029E10 1124896.4 1418851 7.8188540035366E11 1124896.4 78 7 225 6708 602 19350
78300.0 16452 1.825868784718E10 1137969.92 1435303 8.0014408820084E11 1137969.92 78 7 225 6786 609 19575
79200.0 16452 1.846969834608E10 1151043.44 1451755 8.1861378654692E11 1151043.44 78 7 225 6864 616 19800
80100.0 16560 1.874351605683E10 1164116.96 1468315 8.3735730260375E11 1164116.96 78 7 225 6942 623 20025
81000.0 16524 1.893378979879E10 1177190.49 1484839 8.5629109240254E11 1177190.49 78 7 225 7020 630 20250
81900.0 16452 1.910281900121E10 1190264.01 1501291 8.7539391140375E11 1190264.01 78 7 225 7098 637 20475
82800.0 16452 1.931382950011E10 1203337.53 1517743 8.9470774090386E11 1203337.53 78 7 225 7176 644 20700
83700.0 16560 1.959056648646E10 1216411.05 1534303 9.1429830739032E11 1216411.05 78 7 225 7254 651 20925
84600.0 16525 1.977979893101E10 1229484.58 1550828 9.3407810632133E11 1229484.58 78 7 225 7332 658 21150
85500.0 16452 1.994695606021E10 1242558.66 1567280 9.5402506238154E11 1242558.66 78 7 225 7410 665 21375
86400.0 16452 2.015796992522E10 1255632.19 1583732 9.7418303230676E11 1255632.19 78 7 225 7488 672 21600
87300.0 16560 2.043743541938E10 1268705.71 1600292 9.9462046772614E11 1268705.71 78 7 225 7566 679 21825
88200.0 16524 2.062582656387E10 1281779.24 1616816 1.01524629429001E12 1281779.24 78 7 225 7644 686 22050
89100.0 16452 2.079109058034E10 1294852.76 1633268 1.03603738487035E12 1294852.76 78 7 225 7722 693 22275
90000.0 16452 2.100210107925E10 1307926.28 1649720 1.05703948594959E12 1307926.28 78 7 225 7800 700 22500
90900.0 16560 2.128448584901E10 1320999.8 1666280 1.0783239717986E12 1320999.8 78 7 225 7878 707 22725
91800.0 16524 2.147183538781E10 1334073.33 1682804 1.09979580718642E12 1334073.33 78 7 225 7956 714 22950
92700.0 16452 2.163522173442E10 1347146.85 1699256 1.12143102892084E12 1347146.85 78 7 225 8034 721 23175
93600.0 16452 2.184623223333E10 1360220.37 1715708 1.14327726115417E12 1360220.37 78 7 225 8112 728 23400
94500.0 16560 2.21313454979E10 1373293.89 1732268 1.16540860665207E12 1373293.89 78 7 225 8190 735 23625
95400.0 16524 2.231785404631E10 1386367.41 1748792 1.18772646069838E12 1386367.41 78 7 225 8268 742 23850
96300.0 16452 2.247935288851E10 1399440.93 1765244 1.21020581358689E12 1399440.93 78 7 225 8346 749 24075
97200.0 16452 2.269036338741E10 1412514.45 1781696 1.2328961769743E12 1412514.45 78 7 225 8424 756 24300
98100.0 16560 2.297830053269E10 1425587.97 1798256 1.25587447750699E12 1425587.97 78 7 225 8502 763 24525
99000.0 16524 2.316386699534E10 1438661.87 1814780 1.27903834450233E12 1438661.87 78 7 225 8580 770 24750
99900.0 16452 2.332349160211E10 1451735.59 1831232 1.30236183610444E12 1451735.59 78 7 225 8658 777 24975
100800.0 16452 2.353450376221E10 1464809.11 1847684 1.32589633986664E12 1464809.11 78 7 225 8736 784 25200
101700.0 16560 2.382526481903E10 1477882.63 1864244 1.34972160468568E12 1477882.63 78 7 225 8814 791 25425
102600.0 16524 2.400988586175E10 1490956.16 1880768 1.37373149054742E12 1490956.16 78 7 225 8892 798 25650
103500.0 16452 2.416762441738E10 1504029.68 1897220 1.39789911496481E12 1504029.68 78 7 225 8970 805 25875
104400.0 16452 2.437863491629E10 1517103.2 1913672 1.4222777498811E12 1517103.2 78 7 225 9048 812 26100
105300.0 16560 2.467221986282E10 1530176.72 1930232 1.44694996974392E12 1530176.72 78 7 225 9126 819 26325
106200.0 16524 2.485589959397E10 1543250.25 1946756 1.47180586933788E12 1543250.25 78 7 225 9204 826 26550
107100.0 16452 2.501175557147E10 1556323.77 1963208 1.49681762490935E12 1556323.77 78 7 225 9282 833 26775
108000.0 16452 2.522276607037E10 1569397.29 1979660 1.52204039097972E12 1569397.29 78 7 225 9360 840 27000
108900.0 16560 2.551917488861E10 1582470.8 1996220 1.54755956586833E12 1582470.8 78 7 225 9438 847 27225
109800.0 16524 2.570191334424E10 1595544.33 2012744 1.57326147921257E12 1595544.33 78 7 225 9516 854 27450
110700.0 16452 2.585588672566E10 1608617.85 2029196 1.59911736593823E12 1608617.85 78 7 225 9594 861 27675
111600.0 16452 2.606689722457E10 1621691.37 2045648 1.6251842631628E12 1621691.37 78 7 225 9672 868 27900
112500.0 16560 2.636612993251E10 1634764.89 2062208 1.6515503930953E12 1634764.89 78 7 225 9750 875 28125
113400.0 16524 2.654793292994E10 1647838.99 2078732 1.67809832602524E12 1647838.99 78 7 225 9828 882 28350
114300.0 16452 2.670002715092E10 1660912.52 2095184 1.70479835317617E12 1660912.52 78 7 225 9906 889 28575
115200.0 16453 2.691103764983E10 1673986.03 2111637 1.731709390826E12 1673986.03 78 7 225 9984 896 28800
116100.0 16560 2.721309425149E10 1687059.55 2128197 1.75892248507749E12 1687059.55 78 7 225 10062 903 29025
117000.0 16524 2.739395011864E10 1700133.08 2144721 1.78631643519613E12 1700133.08 78 7 225 10140 910 29250
117900.0 16452 2.754415830511E10 1713206.6 2161173 1.81386059350124E12 1713206.6 78 7 225 10218 917 29475
118800.0 16452 2.775516880402E10 1726280.12 2177625 1.84161576230527E12 1726280.12 78 7 225 10296 924 29700
119700.0 16560 2.806004931338E10 1739353.64 2194185 1.86967581161865E12 1739353.64 78 7 225 10374 931 29925
120600.0 16524 2.823996385097E10 1752427.17 2210709 1.89791577546963E12 1752427.17 78 7 225 10452 938 30150
121500.0 16452 2.838828945931E10 1765500.69 2227161 1.92630406492893E12 1765500.69 78 7 225 10530 945 30375
122400.0 16452 2.859929995821E10 1778574.21 2243613 1.95490336488715E12 1778574.21 78 7 225 10608 952 30600
123300.0 16560 2.890700433028E10 1791647.73 2260173 1.98381036921743E12 1791647.73 78 7 225 10686 959 30825
124200.0 16524 2.90859776013E10 1804721.26 2276697 2.01289634681873E12 1804721.26 78 7 225 10764 966 31050
125100.0 16452 2.92324206135E10 1817794.78 2293149 2.04212876743223E12 1817794.78 78 7 225 10842 973 31275
126000.0 16458 2.944343111241E10 1830868.3 2309607 2.07157219854464E12 1830868.3 78 7 225 10920 980 31500
126900.0 16562 2.975396221152E10 1843942.14 2326169 2.10132616075615E12 1843942.14 78 7 225 10998 987 31725
127800.0 16524 2.993199850916E10 1857015.91 2342693 2.13125815926532E12 1857015.91 78 7 225 11076 994 31950
128700.0 16452 3.00765609931E10 1870089.43 2359145 2.16133472025842E12 1870089.43 78 7 225 11154 1001 32175
129600.0 16452 3.028757149201E10 1883162.95 2375597 2.19162229175043E12 1883162.95 78 7 225 11232 1008 32400
130500.0 16560 3.060092367435E10 1896236.47 2392157 2.22222321542478E12 1896236.47 78 7 225 11310 1015 32625
131400.0 16524 3.077801432094E10 1909310.0 2408681 2.25300122974572E12 1909310.0 78 7 225 11388 1022 32850
132300.0 16452 3.092069214729E10 1922383.52 2425133 2.28392192189301E12 1922383.52 78 7 225 11466 1029 33075
133200.0 16452 3.11317026462E10 1935457.04 2441585 2.31505362453922E12 1935457.04 78 7 225 11544 1036 33300
134100.0 16560 3.144787870024E10 1948530.56 2458145 2.34650150323946E12 1948530.56 78 7 225 11622 1043 33525
135000.0 16524 3.162402807127E10 1961604.09 2474669 2.37812553131073E12 1961604.09 78 7 225 11700 1050 33750
135900.0 16452 3.176482330149E10 1974677.61 2491121 2.40989035461222E12 1974677.61 78 7 225 11778 1057 33975
136800.0 16452 3.197583380039E10 1987751.13 2507573 2.44186618841261E12 1987751.13 78 7 225 11856 1064 34200
137700.0 16560 3.229483372614E10 2000824.65 2524133 2.47416102213875E12 2000824.65 78 7 225 11934 1071 34425
138600.0 16524 3.24700418036E10 2013898.18 2540657 2.50663106394235E12 2013898.18 78 7 225 12012 1078 34650
139500.0 16452 3.260895445563E10 2026971.7 2557109 2.53924001839798E12 2026971.7 78 7 225 12090 1085 34875
140400.0 16453 3.281996510866E10 2040045.22 2573562 2.57205998350664E12 2040045.22 78 7 225 12168 1092 35100
141300.0 16560 3.314179456894E10 2053119.3 2590122 2.60520177807557E12 2053119.3 78 7 225 12246 1099 35325
142200.0 16524 3.33160648455E10 2066192.84 2606646 2.63851784292107E12 2066192.84 78 7 225 12324 1106 35550
143100.0 16452 3.34530948807E10 2079266.36 2623098 2.67197093780177E12 2079266.36 78 7 225 12402 1113 35775
144000.0 16452 3.366410537955E10 2092339.88 2639550 2.70563504318132E12 2092339.88 78 7 225 12480 1120 36000
144900.0 16560 3.398875310665E10 2105413.4 2656110 2.73962379628797E12 2105413.4 78 7 225 12558 1127 36225
145800.0 16524 3.416207857758E10 2118486.93 2672634 2.77378587486555E12 2118486.93 78 7 225 12636 1134 36450
146700.0 16452 3.429722603465E10 2131560.44 2689086 2.8080831009002E12 2131560.44 78 7 225 12714 1141 36675
147600.0 16452 3.450823653349E10 2144633.96 2705538 2.84259133743369E12 2144633.96 78 7 225 12792 1148 36900
148500.0 16560 3.48357081413E10 2157707.48 2722098 2.87742704557499E12 2157707.48 78 7 225 12870 1155 37125
149400.0 16524 3.500809232766E10 2170781.01 2738622 2.91243513790265E12 2170781.01 78 7 225 12948 1162 37350
150300.0 16452 3.514135718859E10 2183854.53 2755074 2.94757649509124E12 2183854.53 78 7 225 13026 1169 37575
151200.0 16452 3.535236768744E10 2196928.05 2771526 2.98292886277868E12 2196928.05 78 7 225 13104 1176 37800
152100.0 16560 3.568266316695E10 2210001.57 2788086 3.01861152594563E12 2210001.57 78 7 225 13182 1183 38025
153000.0 16524 3.585410605979E10 2223075.1 2804610 3.05446563200543E12 2223075.1 78 7 225 13260 1190 38250
153900.0 16452 3.598548834259E10 2236148.62 2821062 3.09045112034802E12 2236148.62 78 7 225 13338 1197 38475
154800.0 16452 3.619650100831E10 2249222.41 2837514 3.12664762135633E12 2249222.41 78 7 225 13416 1204 38700
155700.0 16560 3.652962496848E10 2262296.22 2854074 3.1631772463248E12 2262296.22 78 7 225 13494 1211 38925
156600.0 16524 3.670012905424E10 2275369.76 2870598 3.19987737537905E12 2275369.76 78 7 225 13572 1218 39150
157500.0 16452 3.682962872028E10 2288443.28 2887050 3.23670700409933E12 2288443.28 78 7 225 13650 1225 39375
158400.0 16452 3.704063921913E10 2301516.8 2903502 3.27374764331845E12 2301516.8 78 7 225 13728 1232 39600
159300.0 16560 3.73766778768E10 2314590.32 2920062 3.31112432119525E12 2314590.32 78 7 225 13806 1239 39825
160200.0 16524 3.754614278632E10 2327663.84 2936586 3.34867046398157E12 2327663.84 78 7 225 13884 1246 40050
161100.0 16452 3.767375987423E10 2340737.36 2953038 3.3863442238558E12 2340737.36 78 7 225 13962 1253 40275
162000.0 16452 3.788477037307E10 2353810.88 2969490 3.42422899422887E12 2353810.88 78 7 225 14040 1260 40500
162900.0 16560 3.822353752555E10 2366884.4 2986050 3.46245253175442E12 2366884.4 78 7 225 14118 1267 40725
163800.0 16524 3.839216146258E10 2379957.93 3002574 3.500844693217E12 2379957.93 78 7 225 14196 1274 40950
164700.0 16452 3.851789102806E10 2393031.45 3019026 3.53936258424506E12 2393031.45 78 7 225 14274 1281 41175
165600.0 16452 3.872890152691E10 2406104.97 3035478 3.57809148577197E12 2406104.97 78 7 225 14352 1288 41400
166500.0 16560 3.907058794598E10 2419178.49 3052038 3.61716207371796E12 2419178.49 78 7 225 14430 1295 41625
167400.0 16524 3.923817027727E10 2432252.02 3068562 3.65640024399523E12 2432252.02 78 7 225 14508 1302 41850
168300.0 16452 3.93620221819E10 2445325.54 3085014 3.69576226617713E12 2445325.54 78 7 225 14586 1309 42075
169200.0 16452 3.957303858862E10 2458399.62 3101466 3.73533530476575E12 2458399.62 78 7 225 14664 1316 42300
170100.0 16560 3.991745689677E10 2471473.15 3118026 3.77525276166252E12 2471473.15 78 7 225 14742 1323 42525
171000.0 16524 4.008419822733E10 2484546.68 3134550 3.81533695988985E12 2484546.68 78 7 225 14820 1330 42750
171900.0 16452 4.020616260687E10 2497620.2 3151002 3.85554312249671E12 2497620.2 78 7 225 14898 1337 42975
172800.0 16452 4.041717310571E10 2510693.72 3167454 3.89596029560243E12 2510693.72 78 7 225 14976 1344 43200
173700.0 16560 4.076441193131E10 2523767.24 3184014 3.93672470753374E12 2523767.24 78 7 225 15054 1351 43425
174600.0 16524 4.093020705102E10 2536840.77 3200538 3.97765491458476E12 2536840.77 78 7 225 15132 1358 43650
175500.0 16452 4.10502937607E10 2549914.29 3216990 4.01870520834546E12 2549914.29 78 7 225 15210 1365 43875
176400.0 16452 4.126130425955E10 2562987.81 3233442 4.05996651260501E12 2562987.81 78 7 225 15288 1372 44100
177300.0 16560 4.161136697485E10 2576061.33 3250002 4.10157787957987E12 2576061.33 78 7 225 15366 1379 44325
178200.0 16524 4.177622079199E10 2589134.85 3266526 4.14335410037186E12 2589134.85 78 7 225 15444 1386 44550
179100.0 16452 4.189442491454E10 2602208.37 3282978 4.1852485252864E12 2602208.37 78 7 225 15522 1393 44775
180000.0 16452 4.210543541339E10 2615281.89 3299430 4.22735396069979E12 2615281.89 78 7 225 15600 1400 45000
180900.0 16560 4.245832201839E10 2628355.41 3315990 4.26981228271818E12 2628355.41 78 7 225 15678 1407 45225
181800.0 16530 4.262223453291E10 2641428.94 3332520 4.3124345172511E12 2641428.94 78 7 225 15756 1414 45450
182700.0 16455 4.273855777922E10 2654502.68 3348975 4.35517307503032E12 2654502.68 78 7 225 15834 1421 45675
183600.0 16452 4.294957293512E10 2667576.55 3365427 4.39812264796544E12 2667576.55 78 7 225 15912 1428 45900
184500.0 16560 4.330528628783E10 2680650.07 3381987 4.44142793425327E12 2680650.07 78 7 225 15990 1435 46125
185400.0 16524 4.346825752549E10 2693723.6 3398511 4.48489619177876E12 2693723.6 78 7 225 16068 1442 46350
186300.0 16452 4.358269645318E10 2706797.12 3414963 4.52847888823194E12 2706797.12 78 7 225 16146 1449 46575
187200.0 16452 4.379370695202E10 2719870.64 3431415 4.57227259518396E12 2719870.64 78 7 225 16224 1456 46800
188100.0 16560 4.415224134932E10 2732944.16 3447975 4.61642483653327E12 2732944.16 78 7 225 16302 1463 47025
189000.0 16524 4.43142712664E10 2746017.69 3464499 4.66073910779968E12 2746017.69 78 7 225 16380 1470 47250
189900.0 16452 4.442682760696E10 2759091.21 3480951 4.70516593540664E12 2759091.21 78 7 225 16458 1477 47475
190800.0 16452 4.463783810581E10 2772164.73 3497403 4.74980377351244E12 2772164.73 78 7 225 16536 1484 47700
191700.0 16560 4.49991963748E10 2785238.25 3513963 4.79480296988724E12 2785238.25 78 7 225 16614 1491 47925
192600.0 16524 4.516028500732E10 2798311.77 3530487 4.83996325489457E12 2798311.77 78 7 225 16692 1498 48150
193500.0 16452 4.527095876074E10 2811385.29 3546939 4.88523421365531E12 2811385.29 78 7 225 16770 1505 48375
194400.0 16452 4.548196925959E10 2824458.81 3563391 4.9307161829149E12 2824458.81 78 7 225 16848 1512 48600
195300.0 16560 4.584615140029E10 2837532.33 3579951 4.97656233431519E12 2837532.33 78 7 225 16926 1519 48825
196200.0 16525 4.600629880834E10 2850605.86 3596476 5.02256863312352E12 2850605.86 78 7 225 17004 1526 49050
197100.0 16452 4.611509581953E10 2863679.95 3612928 5.06868372894305E12 2863679.95 78 7 225 17082 1533 49275
198000.0 16452 4.63261096845E10 2876753.48 3629380 5.11500983862755E12 2876753.48 78 7 225 17160 1540 49500
198900.0 16560 4.669311574592E10 2889826.99 3645940 5.16170295437347E12 2889826.99 78 7 225 17238 1547 49725
199800.0 16524 4.685232178096E10 2902900.52 3662464 5.20855527615443E12 2902900.52 78 7 225 17316 1554 49950
200700.0 16452 4.695923033944E10 2915974.04 3678916 5.25551450649387E12 2915974.04 78 7 225 17394 1561 50175
201600.0 16452 4.717024083828E10 2929047.56 3695368 5.30268474733215E12 2929047.56 78 7 225 17472 1568 50400
202500.0 16560 4.75400707894E10 2942121.08 3711928 5.35022481812155E12 2942121.08 78 7 225 17550 1575 50625
203400.0 16524 4.769833552188E10 2955194.61 3728452 5.39792315364344E12 2955194.61 78 7 225 17628 1582 50850
204300.0 16452 4.780336149322E10 2968268.13 3744904 5.44572651513666E12 2968268.13 78 7 225 17706 1589 51075
205200.0 16452 4.801437199207E10 2981341.65 3761356 5.49374088712872E12 2981341.65 78 7 225 17784 1596 51300
206100.0 16560 4.838702579689E10 2994415.17 3777916 5.54212791292561E12 2994415.17 78 7 225 17862 1603 51525
207000.0 16524 4.85443492627E10 3007488.7 3794440 5.59067226218831E12 3007488.7 78 7 225 17940 1610 51750
207900.0 16452 4.86474926469E10 3020562.22 3810892 5.6393197548352E12 3020562.22 78 7 225 18018 1617 51975
208800.0 16452 4.885850314574E10 3033635.74 3827344 5.68817825798095E12 3033635.74 78 7 225 18096 1624 52200
209700.0 16560 4.923398085827E10 3046709.26 3843904 5.73741223883921E12 3046709.26 78 7 225 18174 1631 52425
210600.0 16524 4.939036429305E10 3059782.95 3860428 5.78680260313226E12 3059782.95 78 7 225 18252 1638 52650
211500.0 16452 4.949162974895E10 3072856.87 3876880 5.83629423288121E12 3072856.87 78 7 225 18330 1645 52875
212400.0 16452 4.970264353817E10 3085930.4 3893332 5.88599687641938E12 3085930.4 78 7 225 18408 1652 53100
213300.0 16560 5.008094513531E10 3099003.92 3909892 5.93607782155469E12 3099003.92 78 7 225 18486 1659 53325
214200.0 16524 5.023638600357E10 3112077.44 3926416 5.98631420755825E12 3112077.44 78 7 225 18564 1666 53550
215100.0 16452 5.033576419289E10 3125150.96 3942868 6.03664997175115E12 3125150.96 78 7 225 18642 1673 53775
216000.0 16452 5.054677469174E10 3138224.48 3959320 6.08719674644289E12 3138224.48 78 7 225 18720 1680 54000
216900.0 16560 5.092790019658E10 3151298.0 3975880 6.13812464663946E12 3151298.0 78 7 225 18798 1687 54225
217800.0 16524 5.108239974427E10 3164371.53 3992404 6.18920704638373E12 3164371.53 78 7 225 18876 1694 54450
218700.0 16452 5.117989534646E10 3177445.05 4008856 6.24038694173019E12 3177445.05 78 7 225 18954 1701 54675
219600.0 16452 5.139090584531E10 3190518.57 4025308 6.2917778475755E12 3190518.57 78 7 225 19032 1708 54900
220500.0 16560 5.177485521284E10 3203592.09 4041868 6.34355270278834E12 3203592.09 78 7 225 19110 1715 55125
221400.0 16524 5.192841348497E10 3216665.62 4058392 6.39548111627331E12 3216665.62 78 7 225 19188 1722 55350
222300.0 16452 5.202402649997E10 3229739.14 4074844 6.44750514277329E12 3229739.14 78 7 225 19266 1729 55575
223200.0 16452 5.223503699882E10 3242812.66 4091296 6.49974017977211E12 3242812.66 78 7 225 19344 1736 55800
224100.0 16560 5.262181025606E10 3255886.18 4107856 6.55236199002817E12 3255886.18 78 7 225 19422 1743 56025
225000.0 16524 5.277443307902E10 3268960.27 4124380 6.60513642310719E12 3268960.27 78 7 225 19500 1750 56250
225900.0 16452 5.286816692461E10 3282033.8 4140832 6.6580045900318E12 3282033.8 78 7 225 19578 1757 56475
226800.0 16452 5.307917742346E10 3295107.32 4157284 6.71108376745526E12 3295107.32 78 7 225 19656 1764 56700
227700.0 16561 5.34687748409E10 3308180.84 4173845 6.76455254229616E12 3308180.84 78 7 225 19734 1771 56925
228600.0 16524 5.362045025807E10 3321254.37 4190369 6.81817299255423E12 3321254.37 78 7 225 19812 1778 57150
229500.0 16452 5.371229807813E10 3334327.89 4206821 6.87188529063236E12 3334327.89 78 7 225 19890 1785 57375
230400.0 16452 5.392330857697E10 3347401.41 4223273 6.92580859920933E12 3347401.41 78 7 225 19968 1792 57600
231300.0 16560 5.431572962663E10 3360474.93 4239833 6.98012432883596E12 3360474.93 78 7 225 20046 1799 57825
232200.0 16524 5.446646399872E10 3373548.45 4256357 7.03459079283468E12 3373548.45 78 7 225 20124 1806 58050
233100.0 16452 5.455642923164E10 3386621.97 4272809 7.08914722206632E12 3386621.97 78 7 225 20202 1813 58275
234000.0 16452 5.476743973049E10 3399695.49 4289261 7.14391466179681E12 3399695.49 78 7 225 20280 1820 58500
234900.0 16560 5.516268465185E10 3412769.01 4305821 7.19907734644866E12 3412769.01 78 7 225 20358 1827 58725
235800.0 16524 5.531247773937E10 3425842.54 4322345 7.25438982418802E12 3425842.54 78 7 225 20436 1834 58950
236700.0 16452 5.540056038515E10 3438916.06 4338797 7.30979038457318E12 3438916.06 78 7 225 20514 1841 59175
237600.0 16458 5.5611570884E10 3451989.58 4355255 7.36540195545718E12 3451989.58 78 7 225 20592 1848 59400
238500.0 16562 5.600964067866E10 3465063.22 4371817 7.42141159613584E12 3465063.22 78 7 225 20670 1855 59625
239400.0 16524 5.615849838108E10 3478137.19 4388341 7.47757009451692E12 3478137.19 78 7 225 20748 1862 59850
240300.0 16452 5.624470078135E10 3491210.72 4404793 7.53381479529826E12 3491210.72 78 7 225 20826 1869 60075
241200.0 16452 5.645571128019E10 3504284.24 4421245 7.59027050657845E12 3504284.24 78 7 225 20904 1876 60300
242100.0 16560 5.685660399388E10 3517357.76 4437805 7.64712711057233E12 3517357.76 78 7 225 20982 1883 60525
243000.0 16524 5.700451448395E10 3530431.29 4454329 7.70413162505628E12 3530431.29 78 7 225 21060 1890 60750
243900.0 16452 5.708883193486E10 3543504.81 4470781 7.76122045699114E12 3543504.81 78 7 225 21138 1897 60975
244800.0 16452 5.729984243371E10 3556578.33 4487233 7.81852029942485E12 3556578.33 78 7 225 21216 1904 61200
245700.0 16560 5.770355903709E10 3569651.85 4503793 7.87622385846194E12 3569651.85 78 7 225 21294 1911 61425
246600.0 16524 5.78505282246E10 3582725.37 4520317 7.93407438668654E12 3582725.37 78 7 225 21372 1918 61650
247500.0 16452 5.793296308837E10 3595798.89 4536769 7.99200734977491E12 3595798.89 78 7 225 21450 1925 61875
248400.0 16452 5.814397358722E10 3608872.41 4553221 8.05015132336213E12 3608872.41 78 7 225 21528 1932 62100
249300.0 16560 5.855051407126E10 3621945.93 4569781 8.10870183743339E12 3621945.93 78 7 225 21606 1939 62325
250200.0 16524 5.869654196519E10 3635019.46 4586305 8.16739837939859E12 3635019.46 78 7 225 21684 1946 62550
251100.0 16452 5.877709424183E10 3648092.98 4602757 8.22617547364042E12 3648092.98 78 7 225 21762 1953 62775
252000.0 16453 5.898810474068E10 3661166.5 4619210 8.2851635783811E12 3661166.5 78 7 225 21840 1960 63000
252900.0 16560 5.939747448172E10 3674240.55 4635770 8.34456105286282E12 3674240.55 78 7 225 21918 1967 63225
253800.0 16524 5.954256443993E10 3687314.12 4652294 8.40410361730275E12 3687314.12 78 7 225 21996 1974 63450
254700.0 16452 5.962123465358E10 3700387.64 4668746 8.46372485195632E12 3700387.64 78 7 225 22074 1981 63675
255600.0 16452 5.983224515242E10 3713461.16 4685198 8.52355709710875E12 3713461.16 78 7 225 22152 1988 63900
256500.0 16560 6.024443342884E10 3726534.68 4701758 8.58380153053759E12 3726534.68 78 7 225 22230 1995 64125
257400.0 16524 6.038857872537E10 3739608.21 4718282 8.64419010926296E12 3739608.21 78 7 225 22308 2002 64350
258300.0 16452 6.046536580709E10 3752681.73 4734734 8.70465547507005E12 3752681.73 78 7 225 22386 2009 64575
259200.0 16452 6.067637630594E10 3765755.25 4751186 8.76533185137598E12 3765755.25 78 7 225 22464 2016 64800
260100.0 16560 6.109138845406E10 3778828.77 4767746 8.82642323983004E12 3778828.77 78 7 225 22542 2023 65025
261000.0 16524 6.123459246592E10 3791902.3 4784270 8.88765783229596E12 3791902.3 78 7 225 22620 2030 65250
261900.0 16452 6.130949696049E10 3804975.82 4800722 8.94896732925645E12 3804975.82 78 7 225 22698 2037 65475
262800.0 16452 6.152050745934E10 3818049.34 4817174 9.01048783671579E12 3818049.34 78 7 225 22776 2044 65700
263700.0 16560 6.19384388831E10 3831122.85 4833734 9.0724262755989E12 3831122.85 78 7 225 22854 2051 65925
264600.0 16524 6.208060620651E10 3844196.38 4850258 9.1345068818054E12 3844196.38 78 7 225 22932 2058 66150
265500.0 16452 6.215362811395E10 3857269.9 4866710 9.19666050991935E12 3857269.9 78 7 225 23010 2065 66375
266400.0 16452 6.23646392478E10 3870343.5 4883162 9.25902514916715E12 3870343.5 78 7 225 23088 2072 66600
267300.0 16560 6.278530477678E10 3883417.51 4899722 9.32181045394393E12 3883417.51 78 7 225 23166 2079 66825
268200.0 16524 6.292663414161E10 3896491.04 4916246 9.38473708808554E12 3896491.04 78 7 225 23244 2086 67050
269100.0 16452 6.299776851502E10 3909564.56 4932698 9.44773485660056E12 3909564.56 78 7 225 23322 2093 67275
270000.0 16452 6.320877901387E10 3922638.08 4949150 9.51094363561443E12 3922638.08 78 7 225 23400 2100 67500
270900.0 16560 6.363235823897E10 3935711.6 4965710 9.5745759938534E12 3935711.6 78 7 225 23478 2107 67725
271800.0 16524 6.377264294708E10 3948785.13 4982234 9.63834863680048E12 3948785.13 78 7 225 23556 2114 67950
272700.0 16452 6.384189966864E10 3961858.65 4998686 9.70219053646912E12 3961858.65 78 7 225 23634 2121 68175
273600.0 16452 6.405291016749E10 3974932.17 5015138 9.76624344663661E12 3974932.17 78 7 225 23712 2128 68400
274500.0 16560 6.447921786036E10 3988005.69 5031698 9.83072266449697E12 3988005.69 78 7 225 23790 2135 68625
275400.0 16524 6.461866162312E10 4001079.22 5048222 9.89534132612009E12 4001079.22 78 7 225 23868 2142 68850
276300.0 16452 6.468603082226E10 4014152.74 5064674 9.96002735694235E12 4014152.74 78 7 225 23946 2149 69075
277200.0 16452 6.489704132111E10 4027226.26 5081126 1.002492439826347E13 4027226.26 78 7 225 24024 2156 69300
278100.0 16560 6.532617292168E10 4040299.78 5097686 1.009025057118515E13 4040299.78 78 7 225 24102 2163 69525
279000.0 16524 6.54646704286E10 4053373.3 5114210 1.015571524161375E13 4053373.3 78 7 225 24180 2170 69750
279900.0 16452 6.55301619759E10 4066446.82 5130662 1.022124540358965E13 4066446.82 78 7 225 24258 2177 69975
280800.0 16452 6.574117784936E10 4079520.84 5147114 1.028698658143901E13 4079520.84 78 7 225 24336 2184 70200
281700.0 16560 6.617323199805E10 4092594.43 5163674 1.035315981343706E13 4092594.43 78 7 225 24414 2191 70425
282600.0 16524 6.631069343984E10 4105667.96 5180198 1.04194705068769E13 4105667.96 78 7 225 24492 2198 70650
283500.0 16453 6.637430248751E10 4118741.48 5196651 1.048584480936441E13 4118741.48 78 7 225 24570 2205 70875
284400.0 16452 6.658531286923E10 4131815.0 5213103 1.055243012223365E13 4131815.0 78 7 225 24648 2212 71100
285300.0 16560 6.702009225312E10 4144888.52 5229663 1.061945021448677E13 4144888.52 78 7 225 24726 2219 71325
286200.0 16524 6.715671209794E10 4157962.05 5246187 1.068660692658471E13 4157962.05 78 7 225 24804 2226 71550
287100.0 16452 6.721843352407E10 4171035.57 5262639 1.075382536010878E13 4171035.57 78 7 225 24882 2233 71775
288000.0 16452 6.742944402292E10 4184109.09 5279091 1.082125480413171E13 4184109.09 78 7 225 24960 2240 72000
288900.0 16560 6.786714268245E10 4197182.61 5295651 1.088912194681416E13 4197182.61 78 7 225 25038 2247 72225
289800.0 16524 6.800272092153E10 4210256.14 5312175 1.095712466773569E13 4210256.14 78 7 225 25116 2254 72450
290700.0 16452 6.806256467782E10 4223329.66 5328627 1.102518723241351E13 4223329.66 78 7 225 25194 2261 72675
291600.0 16452 6.827357517667E10 4236403.18 5345079 1.109346080759017E13 4236403.18 78 7 225 25272 2268 72900
292500.0 16560 6.871400232196E10 4249476.7 5361639 1.116217480991214E13 4249476.7 78 7 225 25350 2275 73125
293400.0 16525 6.884873958869E10 4262550.23 5378164 1.123102354950083E13 4262550.23 78 7 225 25428 2282 73350
294300.0 16459 6.890669596782E10 4275623.76 5394623 1.129993024546864E13 4275623.76 78 7 225 25506 2289 73575
295200.0 16452 6.911771230228E10 4288697.83 5411075 1.136904795777092E13 4288697.83 78 7 225 25584 2296 73800
296100.0 16560 6.956096664549E10 4301771.36 5427635 1.143860892441641E13 4301771.36 78 7 225 25662 2303 74025
297000.0 16524 6.969475768204E10 4314844.89 5444159 1.150830368209845E13 4314844.89 78 7 225 25740 2310 74250
297900.0 16452 6.975083625238E10 4327918.41 5460611 1.157805451835084E13 4327918.41 78 7 225 25818 2317 74475
298800.0 16452 6.996184675123E10 4340991.93 5477063 1.164801636510207E13 4340991.93 78 7 225 25896 2324 74700
299700.0 16560 7.040792168893E10 4354065.45 5493623 1.1718424286791E13 4354065.45 78 7 225 25974 2331 74925
300600.0 16524 7.054077143192E10 4367138.97 5510147 1.178896505822292E13 4367138.97 78 7 225 26052 2338 75150
301500.0 16452 7.059496740613E10 4380212.49 5526599 1.185956002562905E13 4380212.49 78 7 225 26130 2345 75375
302400.0 16452 7.080597790498E10 4393286.01 5543051 1.193036600353402E13 4393286.01 78 7 225 26208 2352 75600
303300.0 16560 7.125487670542E10 4406359.53 5559611 1.200162088023944E13 4406359.53 78 7 225 26286 2359 75825
304200.0 16524 7.138678516385E10 4419433.06 5576135 1.20730076654033E13 4419433.06 78 7 225 26364 2366 76050
305100.0 16452 7.143909855992E10 4432506.58 5592587 1.214444676396322E13 4432506.58 78 7 225 26442 2373 76275
306000.0 16452 7.165010905877E10 4445580.1 5609039 1.221609687302199E13 4445580.1 78 7 225 26520 2380 76500
306900.0 16560 7.210183175792E10 4458653.62 5625599 1.228819870477991E13 4458653.62 78 7 225 26598 2387 76725
307800.0 16525 7.223279891384E10 4471727.15 5642124 1.236043150369375E13 4471727.15 78 7 225 26676 2394 76950
308700.0 16452 7.228323471012E10 4484801.12 5658576 1.243271473840387E13 4484801.12 78 7 225 26754 2401 77175
309600.0 16452 7.249424850906E10 4497874.76 5675028 1.250520898691293E13 4497874.76 78 7 225 26832 2408 77400
310500.0 16560 7.294879605238E10 4510948.28 5691588 1.257815778296531E13 4510948.28 78 7 225 26910 2415 77625
311400.0 16524 7.307882189571E10 4524021.81 5708112 1.265123660486102E13 4524021.81 78 7 225 26988 2422 77850
312300.0 16452 7.312737009693E10 4537095.33 5724564 1.272436397495794E13 4537095.33 78 7 225 27066 2429 78075
313200.0 16452 7.333838059578E10 4550168.85 5741016 1.279770235555372E13 4550168.85 78 7 225 27144 2436 78300
314100.0 16560 7.379575106899E10 4563242.37 5757576 1.287149810662271E13 4563242.37 78 7 225 27222 2443 78525
315000.0 16524 7.392483564575E10 4576315.89 5774100 1.294542294226846E13 4576315.89 78 7 225 27300 2450 78750
315900.0 16452 7.397150125083E10 4589389.41 5790552 1.301939444351929E13 4589389.41 78 7 225 27378 2457 78975
316800.0 16452 7.418251174968E10 4602462.93 5807004 1.309357695526897E13 4602462.93 78 7 225 27456 2464 79200
317700.0 16560 7.46427061216E10 4615536.45 5823564 1.316821966139057E13 4615536.45 78 7 225 27534 2471 79425
318600.0 16524 7.477085430412E10 4628609.98 5840088 1.324299051569469E13 4628609.98 78 7 225 27612 2478 79650
319500.0 16452 7.481563240479E10 4641683.5 5856540 1.331780614809948E13 4641683.5 78 7 225 27690 2485 79875
320400.0 16452 7.502664290364E10 4654757.02 5872992 1.339283279100312E13 4654757.02 78 7 225 27768 2492 80100
321300.0 16560 7.548966113826E10 4667830.54 5889552 1.346832245214138E13 4667830.54 78 7 225 27846 2499 80325
322200.0 16524 7.561686312794E10 4680904.07 5906076 1.354393931526931E13 4680904.07 78 7 225 27924 2506 80550
323100.0 16452 7.565976946375E10 4693978.15 5922528 1.361959908473306E13 4693978.15 78 7 225 28002 2513 80775
324000.0 16452 7.587078332873E10 4707051.68 5938980 1.36954698680618E13 4707051.68 78 7 225 28080 2520 81000
324900.0 16560 7.633662549307E10 4720125.2 5955540 1.377180649355486E13 4720125.2 78 7 225 28158 2527 81225
325800.0 16524 7.646288615189E10 4733198.73 5972064 1.384826937970676E13 4733198.73 78 7 225 28236 2534 81450
326700.0 16452 7.650390398389E10 4746272.25 5988516 1.392477328369065E13 4746272.25 78 7 225 28314 2541 81675
327600.0 16452 7.671491448274E10 4759345.77 6004968 1.400148819817339E13 4759345.77 78 7 225 28392 2548 81900
328500.0 16560 7.718358050078E10 4772419.29 6021528 1.407867177867417E13 4772419.29 78 7 225 28470 2555 82125
329400.0 16524 7.730889989304E10 4785492.82 6038052 1.415598067856722E13 4785492.82 78 7 225 28548 2562 82350
330300.0 16452 7.734803513791E10 4798566.34 6054504 1.423332871370512E13 4798566.34 78 7 225 28626 2569 82575
331200.0 16452 7.755904563676E10 4811639.86 6070956 1.431088775934188E13 4811639.86 78 7 225 28704 2576 82800
332100.0 16560 7.803063094861E10 4824713.38 6087516 1.438891839029049E13 4824713.38 78 7 225 28782 2583 83025
333000.0 16524 7.815491856047E10 4837786.9 6104040 1.446707330885095E13 4837786.9 78 7 225 28860 2590 83250
333900.0 16452 7.819216629192E10 4850860.42 6120492 1.454526547514287E13 4850860.42 78 7 225 28938 2597 83475
334800.0 16452 7.840317679077E10 4863933.94 6136944 1.462366865193364E13 4863933.94 78 7 225 29016 2604 83700
335700.0 16560 7.887749058822E10 4877007.46 6153504 1.470254614252186E13 4877007.46 78 7 225 29094 2611 83925
336600.0 16524 7.900093227688E10 4890081.4 6170028 1.478154707479874E13 4890081.4 78 7 225 29172 2618 84150
337500.0 16452 7.903630536803E10 4903155.08 6186480 1.486058338016677E13 4903155.08 78 7 225 29250 2625 84375
338400.0 16452 7.924731716573E10 4916228.6 6202932 1.49398306973325E13 4916228.6 78 7 225 29328 2632 84600
339300.0 16561 7.972445488877E10 4929302.12 6219493 1.501955515222127E13 4929302.12 78 7 225 29406 2639 84825
340200.0 16524 7.984695527533E10 4942375.65 6236017 1.509940210749661E13 4942375.65 78 7 225 29484 2646 85050
341100.0 16452 7.988043782095E10 4955449.17 6252469 1.517928254531756E13 4955449.17 78 7 225 29562 2653 85275
342000.0 16452 8.00914483198E10 4968522.69 6268921 1.525937399363736E13 4968522.69 78 7 225 29640 2660 85500
342900.0 16560 8.057150531361E10 4981596.21 6285481 1.533994549895097E13 4981596.21 78 7 225 29718 2667 85725
343800.0 16524 8.069296410826E10 4994669.74 6302005 1.542063846305923E13 4994669.74 78 7 225 29796 2674 85950
344700.0 16452 8.072456897502E10 5007743.26 6318457 1.550136303203425E13 5007743.26 78 7 225 29874 2681 86175
345600.0 16452 8.093557947387E10 5020816.78 6334909 1.558229861150812E13 5020816.78 78 7 225 29952 2688 86400

