# seed = 1, gamma = 1.0, beta = 0.5, dee = 10.0, dcc = 5.0, dec = 150.0, dsc = 20.0, dLocalhost = 0.015, hostBroker = EDGE, numOfCloud = 1, numOfEdge = 1, numOfSmartphone = 150 
#
# The columns have the following meaning: 
# instant[SECONDS] delayCountPartial delaySumPartial[SECONDS] delayMaxPartial[SECONDS] delayCountTot delaySumTot[SECONDS] delayMaxTot[SECONDS] runOnCloudPartial runOnEdgePartial runOnSmartphonePartial runOnCloudTot runOnEdgeTot runOnSmartphoneTot
0.0 0 0.0 0.0 0 0.0 0.0 0 0 0 0 0 0
900.0 16561 1.887115194E7 2379.43 16561 1.887115194E7 2379.43 150 10 150 150 10 150
1800.0 16524 4.44785795E7 3966.8 33085 6.334973144E7 3966.8 150 10 150 300 20 300
2700.0 16460 7.00216348E7 5553.95 49545 1.3337136624E8 5553.95 150 10 150 450 30 450
3600.0 16452 9.564508575E7 7141.65 65997 2.2901645199E8 7141.65 150 10 150 600 40 600
4500.0 16560 1.2172542618E8 8728.8 82557 3.5074187817E8 8728.8 150 10 150 750 50 750
5400.0 16525 1.4719772033E8 10315.96 99082 4.979395985E8 10315.96 150 10 150 900 60 900
6300.0 16452 1.7251417823E8 11903.66 115534 6.7045377673E8 11903.66 150 10 150 1050 70 1050
7200.0 16452 1.9813780871E8 13490.81 131986 8.6859158544E8 13490.81 150 10 150 1200 80 1200
8100.0 16560 2.2453938725E8 15077.96 148546 1.09313097269E9 15077.96 150 10 150 1350 90 1350
9000.0 16524 2.499179897E8 16665.67 165070 1.34304896239E9 16665.67 150 10 150 1500 100 1500
9900.0 16452 2.7500690433E8 18252.82 181522 1.61805586672E9 18252.82 150 10 150 1650 110 1650
10800.0 16452 3.0062632988E8 19840.03 197974 1.9186821966E9 19840.03 150 10 150 1800 120 1800
11700.0 16560 3.2739226973E8 21427.67 214534 2.24607446633E9 21427.67 150 10 150 1950 130 1950
12600.0 16533 3.5264012632E8 23014.83 231067 2.59871459264E9 23014.83 150 10 150 2100 140 2100
13500.0 16452 3.7749942471E8 24602.54 247519 2.97621401735E9 24602.54 150 10 150 2250 150 2250
14400.0 16452 4.0312305519E8 26189.69 263971 3.37933707254E9 26189.69 150 10 150 2400 160 2400
15300.0 16561 4.30210364E8 27776.83 280532 3.80954743654E9 27776.83 150 10 150 2550 170 2550
16200.0 16524 4.553603957E8 29364.55 297056 4.26490783224E9 29364.55 150 10 150 2700 180 2700
17100.0 16452 4.7999215081E8 30951.7 313508 4.74489998304E9 30951.7 150 10 150 2850 190 2850
18000.0 16452 5.0561105455E8 32538.84 329960 5.25051103759E9 32538.84 150 10 150 3000 200 3000
18900.0 16560 5.3304578126E8 34126.55 346520 5.78355681885E9 34126.55 150 10 150 3150 210 3150
19800.0 16524 5.5808169444E8 35713.71 363044 6.34163851329E9 35713.71 150 10 150 3300 220 3300
20700.0 16453 5.8248015016E8 37300.85 379497 6.92411866345E9 37300.85 150 10 150 3450 230 3450
21600.0 16452 6.0810360111E8 38888.56 395949 7.53222226456E9 38888.56 150 10 150 3600 240 3600
22500.0 16568 6.3588136415E8 40475.71 412517 8.16810362871E9 40475.71 150 10 150 3750 250 3750
23400.0 16524 6.6080282506E8 42063.42 429041 8.82890645377E9 42063.42 150 10 150 3900 260 3900
24300.0 16452 6.849774206E8 43650.58 445493 9.51388387437E9 43650.58 150 10 150 4050 270 4050
25200.0 16453 7.1059632434E8 45237.72 461946 1.022448019872E10 45237.72 150 10 150 4200 280 4200
26100.0 16560 7.3873373101E8 46825.42 478506 1.096321392972E10 46825.42 150 10 150 4350 290 4350
27000.0 16524 7.6352413312E8 48412.58 495030 1.172673806285E10 48412.58 150 10 150 4500 300 4500
27900.0 16452 7.8746542029E8 49999.73 511482 1.251420348313E10 49999.73 150 10 150 4650 310 4650
28800.0 16452 8.1308887123E8 51587.43 527934 1.332729235437E10 51587.43 150 10 150 4800 320 4800
29700.0 16560 8.4155239166E8 53174.58 544494 1.416884474603E10 53174.58 150 10 150 4950 330 4950
30600.0 16524 8.6624069341E8 54761.74 561018 1.503508543944E10 54761.74 150 10 150 5100 340 5100
31500.0 16452 8.8995796447E8 56349.44 577470 1.592504340391E10 56349.44 150 10 150 5250 350 5250
32400.0 16458 9.1558159495E8 57936.59 593928 1.684062499886E10 57936.59 150 10 150 5400 360 5400
33300.0 16563 9.4438768918E8 59524.29 610491 1.778501268804E10 59524.29 150 10 150 5550 370 5550
34200.0 16524 9.689665614E8 61111.46 627015 1.875397924944E10 61111.46 150 10 150 5700 380 5700
35100.0 16453 9.9245069111E8 62698.6 643468 1.974642994055E10 62698.6 150 10 150 5850 390 5850
36000.0 16452 1.01807414206E9 64286.31 659920 2.076450408261E10 64286.31 150 10 150 6000 400 6000
36900.0 16560 1.04722339284E9 65873.46 676480 2.181172747545E10 65873.46 150 10 150 6150 410 6150
37800.0 16524 1.07168313291E9 67460.61 693004 2.288341060836E10 67460.61 150 10 150 6300 420 6300
38700.0 16452 1.09494323545E9 69048.32 709456 2.397835384381E10 69048.32 150 10 150 6450 430 6450
39600.0 16452 1.12056686594E9 70635.47 725908 2.509892070975E10 70635.47 150 10 150 6600 440 6600
40500.0 16561 1.15005424701E9 72222.61 742469 2.624897495676E10 72222.61 150 10 150 6750 450 6750
41400.0 16524 1.17440425518E9 73810.33 758993 2.742337921195E10 73810.33 150 10 150 6900 460 6900
42300.0 16458 1.1974359622E9 75397.48 775451 2.862081517415E10 75397.48 150 10 150 7050 470 7050
43200.0 16454 1.22305819784E9 76985.04 791905 2.984387337199E10 76985.04 150 10 150 7200 480 7200
44100.0 16560 1.25289330743E9 78572.33 808465 3.109676667942E10 78572.33 150 10 150 7350 490 7350
45000.0 16525 1.27712552658E9 80159.49 824990 3.2373892206E10 80159.49 150 10 150 7500 500 7500
45900.0 16452 1.29992846969E9 81747.19 841442 3.367382067569E10 81747.19 150 10 150 7650 510 7650
46800.0 16452 1.32555210017E9 83334.35 857894 3.499937277586E10 83334.35 150 10 150 7800 520 7800
47700.0 16560 1.35574215762E9 84921.49 874454 3.635511493348E10 84921.49 150 10 150 7950 530 7950
48600.0 16524 1.37984664001E9 86509.2 890978 3.773496157349E10 86509.2 150 10 150 8100 540 8100
49500.0 16452 1.4024211966E9 88096.36 907430 3.913738277008E10 88096.36 150 10 150 8250 550 8250
50400.0 16453 1.42804010033E9 89683.5 923883 4.056542287042E10 89683.5 150 10 150 8400 560 8400
51300.0 16560 1.45856063849E9 91271.2 940443 4.202398350891E10 91271.2 150 10 150 8550 570 8550
52200.0 16524 1.48256795755E9 92858.36 956967 4.350655146646E10 92858.36 150 10 150 8700 580 8700
53100.0 16460 1.50491033318E9 94445.65 973427 4.501146179965E10 94445.65 150 10 150 8850 590 8850
54000.0 16452 1.53053390331E9 96033.21 989879 4.654199570296E10 96033.21 150 10 150 9000 600 9000
54900.0 16561 1.56139619748E9 97620.36 1006440 4.810339190044E10 97620.36 150 10 150 9150 610 9150
55800.0 16524 1.58528904621E9 99208.08 1022964 4.968868094665E10 99208.08 150 10 150 9300 620 9300
56700.0 16452 1.6074064343E9 100795.23 1039416 5.129608738096E10 100795.23 150 10 150 9450 630 9450
57600.0 16452 1.63302533804E9 102382.37 1055868 5.292911271899E10 102382.37 150 10 150 9600 640 9600
58500.0 16560 1.66423161544E9 103970.08 1072428 5.459334433444E10 103970.08 150 10 150 9750 650 9750
59400.0 16524 1.6880103547E9 105557.24 1088952 5.628135468914E10 105557.24 150 10 150 9900 660 9900
60300.0 16453 1.70989443441E9 107144.38 1105405 5.799124912354E10 107144.38 150 10 150 10050 670 10050
61200.0 16452 1.73551788535E9 108732.09 1121857 5.97267670089E10 108732.09 150 10 150 10200 680 10200
62100.0 16560 1.76706720812E9 110319.24 1138417 6.149383421702E10 110319.24 150 10 150 10350 690 10350
63000.0 16532 1.79072706998E9 111906.39 1154949 6.3284561287E10 111906.39 150 10 150 10500 700 10500
63900.0 16452 1.81238697885E9 113494.1 1171401 6.509694826585E10 113494.1 150 10 150 10650 710 10650
64800.0 16453 1.83801060933E9 115081.25 1187854 6.693495887517E10 115081.25 150 10 150 10800 720 10800
65700.0 16560 1.86991956669E9 116668.96 1204414 6.880487844186E10 116668.96 150 10 150 10950 730 10950
66600.0 16524 1.89345278556E9 118256.12 1220938 7.069833122742E10 118256.12 150 10 150 11100 740 11100
67500.0 16452 1.91487970569E9 119843.26 1237390 7.261321093311E10 119843.26 150 10 150 11250 750 11250
68400.0 16452 1.94050315664E9 121430.97 1253842 7.455371408975E10 121430.97 150 10 150 11400 760 11400
69300.0 16560 1.97273820977E9 123018.12 1270402 7.652645229951E10 123018.12 150 10 150 11550 770 11550
70200.0 16524 1.9961693461E9 124605.27 1286926 7.852262164562E10 124605.27 150 10 150 11700 780 11700
71100.0 16452 2.01737225013E9 126192.97 1303378 8.053999389575E10 126192.97 150 10 150 11850 790 11850
72000.0 16452 2.04299588061E9 127780.13 1319830 8.258298977636E10 127780.13 150 10 150 12000 800 12000
72900.0 16569 2.07556907304E9 129367.27 1336399 8.46585588494E10 129367.27 150 10 150 12150 810 12150
73800.0 16524 2.09889047747E9 130954.98 1352923 8.675744932687E10 130954.98 150 10 150 12300 820 12300
74700.0 16453 2.11986497698E9 132542.14 1369376 8.887731430385E10 132542.14 150 10 150 12450 830 12450
75600.0 16452 2.14548837035E9 134129.84 1385828 9.10228026742E10 134129.84 150 10 150 12600 840 12600
76500.0 16560 2.17842615653E9 135716.99 1402388 9.320122883073E10 135716.99 150 10 150 12750 850 12750
77400.0 16524 2.20161178596E9 137304.14 1418912 9.540284061669E10 137304.14 150 10 150 12900 860 12900
78300.0 16452 2.22235752142E9 138891.85 1435364 9.762519813811E10 138891.85 150 10 150 13050 870 13050
79200.0 16452 2.2479811519E9 140479.0 1451816 9.987317929001E10 140479.0 150 10 150 13200 880 13200
80100.0 16560 2.28124007468E9 142066.14 1468376 1.0215441936468E11 142066.14 150 10 150 13350 890 13350
81000.0 16525 2.3043337772E9 143653.86 1484901 1.0445875314189E11 143653.86 150 10 150 13500 900 13500
81900.0 16452 2.32485024821E9 145241.01 1501353 1.067836033901E11 145241.01 150 10 150 13650 910 13650
82800.0 16460 2.35046915195E9 146828.15 1517813 1.0913407254205E11 146828.15 150 10 150 13800 920 13800
83700.0 16560 2.38409244219E9 148415.86 1534373 1.1151816498423E11 148415.86 150 10 150 13950 930 13950
84600.0 16525 2.40705421676E9 150003.02 1550898 1.13925219201E11 150003.02 150 10 150 14100 940 14100
85500.0 16452 2.42734221039E9 151590.67 1567350 1.1635256141139E11 151590.67 150 10 150 14250 950 14250
86400.0 16452 2.45296598645E9 153177.88 1583802 1.1880552739784E11 153177.88 150 10 150 14400 960 14400
87300.0 16560 2.48691105512E9 154765.02 1600362 1.2129243845296E11 154765.02 150 10 150 14550 970 14550
88200.0 16524 2.50977616147E9 156352.74 1616886 1.2380221461443E11 156352.74 150 10 150 14700 980 14700
89100.0 16452 2.52983549837E9 157939.89 1633338 1.263320501128E11 157939.89 150 10 150 14850 990 14850
90000.0 16452 2.55545440211E9 159527.03 1649790 1.2888750451491E11 159527.03 150 10 150 15000 1000 15000
90900.0 16561 2.58976342263E9 161114.74 1666351 1.3147726793754E11 161114.74 150 10 150 15150 1010 15150
91800.0 16524 2.6124966175E9 162701.9 1682875 1.3408976455504E11 162701.9 150 10 150 15300 1020 15300
92700.0 16460 2.63232349848E9 164289.04 1699335 1.3672208805352E11 164289.04 150 10 150 15450 1030 15450
93600.0 16452 2.65794694942E9 165876.75 1715787 1.3938003500294E11 165876.75 150 10 150 15600 1040 15600
94500.0 16560 2.69258207471E9 167463.9 1732347 1.4207261707765E11 167463.9 150 10 150 15750 1050 15750
95400.0 16525 2.71521584517E9 169051.28 1748872 1.4478783292282E11 169051.28 150 10 150 15900 1060 15900
96300.0 16452 2.7348181146E9 170638.76 1765324 1.4752265103742E11 170638.76 150 10 150 16050 1070 16050
97200.0 16452 2.7604396269E9 172225.9 1781776 1.5028309066432E11 172225.9 150 10 150 16200 1080 16200
98100.0 16560 2.79541744602E9 173813.61 1798336 1.5307850811034E11 173813.61 150 10 150 16350 1090 16350
99000.0 16524 2.81793900176E9 175400.77 1814860 1.558964471121E11 175400.77 150 10 150 16500 1100 16500
99900.0 16452 2.83730872327E9 176987.91 1831312 1.5873375583537E11 176987.91 150 10 150 16650 1110 16650
100800.0 16453 2.86293217422E9 178575.62 1847765 1.6159668800959E11 178575.62 150 10 150 16800 1120 16800
101700.0 16560 2.8982530387E9 180162.77 1864325 1.6449494104829E11 180162.77 150 10 150 16950 1130 16950
102600.0 16532 2.92065558031E9 181749.92 1880857 1.674155966286E11 181749.92 150 10 150 17100 1140 17100
103500.0 16452 2.93980126771E9 183337.63 1897309 1.7035539789632E11 183337.63 150 10 150 17250 1150 17250
104400.0 16452 2.96542489819E9 184924.78 1913761 1.7332082279451E11 184924.78 150 10 150 17400 1160 17400
105300.0 16561 3.00108394136E9 186511.92 1930322 1.7632190673587E11 186511.92 150 10 150 17550 1170 17550
106200.0 16524 3.02337669368E9 188099.64 1946846 1.7934528342955E11 188099.64 150 10 150 17700 1180 17700
107100.0 16452 3.04229399456E9 189686.79 1963298 1.8238757742411E11 189686.79 150 10 150 17850 1190 17850
108000.0 16452 3.06791744551E9 191274.5 1979750 1.8545549486962E11 191274.5 150 10 150 18000 1200 18000
108900.0 16560 3.10392404935E9 192861.65 1996310 1.8855941891897E11 192861.65 150 10 150 18150 1210 18150
109800.0 16524 3.12609801122E9 194448.8 2012834 1.9168551693019E11 194448.8 150 10 150 18300 1220 18300
110700.0 16453 3.14478653911E9 196036.51 2029287 1.9483030346931E11 196036.51 150 10 150 18450 1230 18450
111600.0 16452 3.17041016959E9 197623.66 2045739 1.980007136389E11 197623.66 150 10 150 18600 1240 18600
112500.0 16568 3.20675491273E9 199210.8 2062307 2.0120746855163E11 199210.8 150 10 150 18750 1250 18750
113400.0 16524 3.2288191247E9 200798.52 2078831 2.0443628767633E11 200798.52 150 10 150 18900 1260 18900
114300.0 16452 3.24727926607E9 202385.67 2095283 2.076835669424E11 202385.67 150 10 150 19050 1270 19050
115200.0 16453 3.2728981698E9 203972.81 2111736 2.109564651122E11 203972.81 150 10 150 19200 1280 19200
116100.0 16560 3.3095903128E9 205560.52 2128296 2.14266055425E11 205560.52 150 10 150 19350 1290 19350
117000.0 16524 3.3315404423E9 207147.68 2144820 2.175975958673E11 207147.68 150 10 150 19500 1300 19500
117900.0 16452 3.34977181062E9 208735.38 2161272 2.2094736767792E11 208735.38 150 10 150 19650 1310 19650
118800.0 16452 3.3753954411E9 210322.53 2177724 2.2432276311902E11 210322.53 150 10 150 19800 1320 19800
119700.0 16560 3.41242593259E9 211909.68 2194284 2.2773518905161E11 211909.68 150 10 150 19950 1330 19950
120600.0 16525 3.43426155578E9 213497.39 2210809 2.3116945060738E11 213497.39 150 10 150 20100 1340 20100
121500.0 16452 3.45226453757E9 215084.54 2227261 2.3462171514496E11 215084.54 150 10 150 20250 1350 20250
122400.0 16460 3.47788344131E9 216671.69 2243721 2.3809959858627E11 216671.69 150 10 150 20400 1360 20400
123300.0 16560 3.51526133266E9 218259.39 2260281 2.4161485991893E11 218259.39 150 10 150 20550 1370 20550
124200.0 16524 3.53698287338E9 219846.55 2276805 2.451518427923E11 219846.55 150 10 150 20700 1380 20700
125100.0 16453 3.55475253779E9 221433.7 2293258 2.4870659533009E11 221433.7 150 10 150 20850 1390 20850
126000.0 16452 3.58037598873E9 223021.4 2309710 2.5228697131882E11 223021.4 150 10 150 21000 1400 21000
126900.0 16560 3.61809693445E9 224608.55 2326270 2.5590506825327E11 224608.55 150 10 150 21150 1410 21150
127800.0 16524 3.63970380775E9 226196.26 2342794 2.5954477206103E11 226196.26 150 10 150 21300 1420 21300
128700.0 16452 3.65724980562E9 227783.42 2359246 2.6320202186665E11 227783.42 150 10 150 21450 1430 21450
129600.0 16452 3.68286871282E9 229370.56 2375698 2.6688489057946E11 229370.56 150 10 150 21600 1440 21600
130500.0 16560 3.72093236152E9 230958.27 2392258 2.7060582294098E11 230958.27 150 10 150 21750 1450 21750
131400.0 16524 3.74242529545E9 232545.43 2408782 2.7434824823643E11 232545.43 150 10 150 21900 1460 21900
132300.0 16461 3.75973780929E9 234132.57 2425243 2.7810798604573E11 234132.57 150 10 150 22050 1470 22050
133200.0 16452 3.78536126024E9 235720.28 2441695 2.8189334730597E11 235720.28 150 10 150 22200 1480 22200
134100.0 16560 3.82376794531E9 237307.43 2458255 2.8571711525128E11 237307.43 150 10 150 22350 1490 22350
135000.0 16525 3.84514187411E9 238894.58 2474780 2.8956225712539E11 238894.58 150 10 150 22500 1500 22500
135900.0 16452 3.86223035384E9 240482.29 2491232 2.9342448747923E11 240482.29 150 10 150 22650 1510 22650
136800.0 16452 3.88785398432E9 242069.44 2507684 2.9731234146356E11 242069.44 150 10 150 22800 1520 22800
137700.0 16560 3.92660126563E9 243656.9 2524244 3.0123894272918E11 243656.9 150 10 150 22950 1530 22950
138600.0 16524 3.94786574846E9 245244.3 2540768 3.0518680847764E11 245244.3 150 10 150 23100 1540 23100
139500.0 16452 3.96472302825E9 246831.45 2557220 3.0915153150589E11 246831.45 150 10 150 23250 1550 23250
140400.0 16453 3.9903464792E9 248419.15 2573673 3.1314187798508E11 248419.15 150 10 150 23400 1560 23400
141300.0 16560 4.02943890345E9 250006.3 2590233 3.1717131688853E11 250006.3 150 10 150 23550 1570 23550
142200.0 16532 4.05058425252E9 251593.45 2606765 3.2122190114105E11 251593.45 150 10 150 23700 1580 23700
143100.0 16452 4.0672155728E9 253181.16 2623217 3.2528911671386E11 253181.16 150 10 150 23850 1590 23850
144000.0 16452 4.09283920328E9 254768.31 2639669 3.2938195591714E11 254768.31 150 10 150 24000 1600 24000
144900.0 16561 4.13226975783E9 256355.45 2656230 3.3351422567497E11 256355.45 150 10 150 24150 1610 24150
145800.0 16524 4.153305366E9 257943.17 2672754 3.3766753104097E11 257943.17 150 10 150 24300 1620 24300
146700.0 16452 4.16970829976E9 259530.32 2689206 3.4183723934072E11 259530.32 150 10 150 24450 1630 24450
147600.0 16452 4.19532752456E9 261117.5 2705658 3.4603256686528E11 261117.5 150 10 150 24600 1640 24600
148500.0 16560 4.23510548706E9 262705.17 2722218 3.5026767235234E11 262705.17 150 10 150 24750 1650 24750
149400.0 16524 4.25602666978E9 264292.33 2738742 3.5452369902212E11 264292.33 150 10 150 24900 1660 24900
150300.0 16453 4.27220083052E9 265880.04 2755195 3.5879589985265E11 265880.04 150 10 150 25050 1670 25050
151200.0 16452 4.297824461E9 267467.19 2771647 3.6309372431365E11 267467.19 150 10 150 25200 1680 25200
152100.0 16568 4.33794074586E9 269054.33 2788215 3.6743166505951E11 269054.33 150 10 150 25350 1690 25350
153000.0 16524 4.35874778331E9 270642.05 2804739 3.7179041284283E11 270642.05 150 10 150 25500 1700 25500
153900.0 16452 4.37469355753E9 272229.2 2821191 3.7616510640036E11 272229.2 150 10 150 25650 1710 25650
154800.0 16453 4.40031246127E9 273816.34 2837644 3.8056541886163E11 273816.34 150 10 150 25800 1720 25800
155700.0 16560 4.44077617298E9 275404.05 2854204 3.8500619503461E11 275404.05 150 10 150 25950 1730 25950
156600.0 16524 4.46146910097E9 276991.21 2870728 3.8946766413558E11 276991.21 150 10 150 26100 1740 26100
157500.0 16452 4.47718155774E9 278578.35 2887180 3.9394484569332E11 278578.35 150 10 150 26250 1750 26250
158400.0 16452 4.50280500869E9 280166.06 2903632 3.9844765070201E11 280166.06 150 10 150 26400 1760 26400
159300.0 16560 4.54362869392E9 281753.21 2920192 4.0299127939593E11 281753.21 150 10 150 26550 1770 26550
160200.0 16525 4.56419021444E9 283340.92 2936717 4.0755546961037E11 283340.92 150 10 150 26700 1780 26700
161100.0 16452 4.57967882904E9 284928.08 2953169 4.1213514843941E11 284928.08 150 10 150 26850 1790 26850
162000.0 16460 4.60529773278E9 286515.22 2969629 4.1674044617219E11 286515.22 150 10 150 27000 1800 27000
162900.0 16560 4.64644717484E9 288102.92 2986189 4.2138689334703E11 288102.92 150 10 150 27150 1810 27150
163800.0 16524 4.66691239317E9 289690.08 3002713 4.2605380574021E11 289690.08 150 10 150 27300 1820 27300
164700.0 16453 4.68216682914E9 291277.23 3019166 4.3073597256935E11 291277.23 150 10 150 27450 1830 27450
165600.0 16452 4.70779028009E9 292864.93 3035618 4.3544376284944E11 292864.93 150 10 150 27600 1840 27600
166500.0 16560 4.74929970467E9 294452.08 3052178 4.4019306255411E11 294452.08 150 10 150 27750 1850 27750
167400.0 16524 4.76962810149E9 296039.24 3068702 4.4496269065559E11 296039.24 150 10 150 27900 1860 27900
168300.0 16452 4.78465937359E9 297626.94 3085154 4.4974735002918E11 297626.94 150 10 150 28050 1870 28050
169200.0 16452 4.81028300406E9 299214.09 3101606 4.5455763303325E11 299214.09 150 10 150 28200 1880 28200
170100.0 16561 4.85211807431E9 300801.79 3118167 4.5940975110756E11 300801.79 150 10 150 28350 1890 28350
171000.0 16524 4.87235481298E9 302388.96 3134691 4.6428210592053E11 302388.96 150 10 150 28500 1900 28500
171900.0 16460 4.88715210043E9 303976.1 3151151 4.6916925802097E11 303976.1 150 10 150 28650 1910 28650
172800.0 16452 4.91277555138E9 305563.81 3167603 4.7408203357235E11 305563.81 150 10 150 28800 1920 28800
173700.0 16560 4.95495377817E9 307150.96 3184163 4.7903698735052E11 307150.96 150 10 150 28950 1930 28950
174600.0 16525 4.97507053235E9 308738.11 3200688 4.8401205788286E11 308738.11 150 10 150 29100 1940 29100
175500.0 16452 4.98964464488E9 310325.82 3217140 4.8900170252774E11 310325.82 150 10 150 29250 1950 29250
176400.0 16452 5.01526827536E9 311912.97 3233592 4.9401697080309E11 311912.97 150 10 150 29400 1960 29400
177300.0 16560 5.05778464144E9 313500.11 3250152 4.9907475544454E11 313500.11 150 10 150 29550 1970 29550
178200.0 16524 5.07779165471E9 315087.83 3266676 5.0415254709925E11 315087.83 150 10 150 29700 1980 29700
179100.0 16452 5.09213737172E9 316674.98 3283128 5.0924468447098E11 316674.98 150 10 150 29850 1990 29850
180000.0 16452 5.11775942396E9 318262.52 3299580 5.1436244389494E11 318262.52 150 10 150 30000 2000 30000
180900.0 16560 5.16062344919E9 319849.83 3316140 5.1952306734413E11 319849.83 150 10 150 30150 2010 30150
181800.0 16533 5.18051292038E9 321436.99 3332673 5.2470358026451E11 321436.99 150 10 150 30300 2020 30300
182700.0 16452 5.19462987344E9 323024.69 3349125 5.2989821013795E11 323024.69 150 10 150 30450 2030 30450
183600.0 16452 5.22025350392E9 324611.85 3365577 5.3511846364187E11 324611.85 150 10 150 30600 2040 30600
184500.0 16561 5.26345559122E9 326198.99 3382138 5.4038191923309E11 326198.99 150 10 150 30750 2050 30750
185400.0 16524 5.2832340427E9 327786.7 3398662 5.4566515327578E11 327786.7 150 10 150 30900 2060 30900
186300.0 16452 5.29712260023E9 329373.86 3415114 5.5096227587601E11 329373.86 150 10 150 31050 2070 31050
187200.0 16452 5.32274150397E9 330961.0 3431566 5.5628501737998E11 330961.0 150 10 150 31200 2080 31200
188100.0 16560 5.36629103612E9 332548.7 3448126 5.616513084161E11 332548.7 150 10 150 31350 2090 31350
189000.0 16524 5.38595535113E9 334135.86 3464650 5.6703726376724E11 334135.86 150 10 150 31500 2100 31500
189900.0 16453 5.39961152728E9 335723.13 3481103 5.7243687529452E11 335723.13 150 10 150 31650 2110 31650
190800.0 16452 5.42523507833E9 337310.71 3497555 5.7786211037284E11 337310.71 150 10 150 31800 2120 31800
191700.0 16568 5.4691265846E9 338897.86 3514123 5.8333123695744E11 338897.86 150 10 150 31950 2130 31950
192600.0 16524 5.48867643833E9 340485.58 3530647 5.8881991339577E11 340485.58 150 10 150 32100 2140 32100
193500.0 16452 5.50210783637E9 342072.73 3547099 5.9432202123214E11 342072.73 150 10 150 32250 2150 32250
194400.0 16453 5.52772674011E9 343659.87 3563552 5.9984974797225E11 343659.87 150 10 150 32400 2160 32400
195300.0 16560 5.57196199351E9 345247.58 3580112 6.0542170996576E11 345247.58 150 10 150 32550 2170 32550
196200.0 16524 5.59139774678E9 346834.74 3596636 6.1101310771254E11 346834.74 150 10 150 32700 2180 32700
197100.0 16452 5.60459583645E9 348421.88 3613088 6.1661770354899E11 348421.88 150 10 150 32850 2190 32850
198000.0 16452 5.63021928741E9 350009.59 3629540 6.2224792283639E11 350009.59 150 10 150 33000 2200 33000
198900.0 16560 5.67479759518E9 351596.74 3646100 6.2792272043157E11 351596.74 150 10 150 33150 2210 33150
199800.0 16525 5.69411431632E9 353183.89 3662625 6.3361683474789E11 353183.89 150 10 150 33300 2220 33300
200700.0 16452 5.70708838088E9 354771.6 3679077 6.3932392312877E11 354771.6 150 10 150 33450 2230 33450
201600.0 16460 5.73271201137E9 356358.75 3695537 6.4505663514014E11 356358.75 150 10 150 33600 2240 33600
202500.0 16560 5.77763302213E9 357946.46 3712097 6.5083426816226E11 357946.46 150 10 150 33750 2250 33750
203400.0 16524 5.79684017761E9 359533.62 3728621 6.5663110833987E11 359533.62 150 10 150 33900 2260 33900
204300.0 16453 5.80958110771E9 361120.76 3745074 6.6244068944759E11 361120.76 150 10 150 34050 2270 34050
205200.0 16452 5.83520455867E9 362708.46 3761526 6.6827589400626E11 362708.46 150 10 150 34200 2280 34200
206100.0 16560 5.8804685878E9 364295.62 3778086 6.7415636259405E11 364295.62 150 10 150 34350 2290 34350
207000.0 16524 5.89955674705E9 365882.77 3794610 6.800559193411E11 365882.77 150 10 150 34500 2300 34500
207900.0 16452 5.91207365204E9 367470.47 3811062 6.8596799299314E11 367470.47 150 10 150 34650 2310 34650
208800.0 16452 5.93769728252E9 369057.63 3827514 6.9190569027566E11 369057.63 150 10 150 34800 2320 34800
209700.0 16560 5.98329946895E9 370644.77 3844074 6.9788898974461E11 370644.77 150 10 150 34950 2330 34950
210600.0 16524 6.00227786919E9 372232.48 3860598 7.038912676138E11 372232.48 150 10 150 35100 2340 35100
211500.0 16459 6.01456637866E9 373819.63 3877057 7.0990583399246E11 373819.63 150 10 150 35250 2350 35250
212400.0 16454 6.04018977203E9 375407.34 3893511 7.1594602376449E11 375407.34 150 10 150 35400 2360 35400
213300.0 16560 6.08613959707E9 376994.49 3910071 7.2203216336156E11 376994.49 150 10 150 35550 2370 35550
214200.0 16525 6.10499917745E9 378581.64 3926596 7.2813716253901E11 378581.64 150 10 150 35700 2380 35700
215100.0 16452 6.11705892287E9 380169.35 3943048 7.3425422146188E11 380169.35 150 10 150 35850 2390 35850
216000.0 16452 6.14268255336E9 381756.5 3959500 7.4039690401523E11 381756.5 150 10 150 36000 2400 36000
216900.0 16560 6.18897047914E9 383343.64 3976060 7.4658587449437E11 383343.64 150 10 150 36150 2410 36150
217800.0 16524 6.20772029959E9 384931.36 3992584 7.5279359479396E11 384931.36 150 10 150 36300 2420 36300
218700.0 16452 6.21955164949E9 386518.51 4009036 7.5901314644344E11 386518.51 150 10 150 36450 2430 36450
219600.0 16453 6.24517055324E9 388105.65 4025489 7.6525831699668E11 388105.65 150 10 150 36600 2440 36600
220500.0 16560 6.29180587887E9 389693.36 4042049 7.7155012287555E11 389693.36 150 10 150 36750 2450 36750
221400.0 16529 6.31044160785E9 391280.52 4058578 7.778605644834E11 391280.52 150 10 150 36900 2460 36900
222300.0 16455 6.32204354045E9 392868.14 4075033 7.8418260802385E11 392868.14 150 10 150 37050 2470 37050
223200.0 16452 6.34766716646E9 394455.38 4091485 7.9053027519031E11 394455.38 150 10 150 37200 2480 37200
224100.0 16561 6.39464144814E9 396042.52 4108046 7.9692491663845E11 396042.52 150 10 150 37350 2490 37350
225000.0 16524 6.41316269784E9 397630.24 4124570 8.033380793363E11 397630.24 150 10 150 37500 2500 37500
225900.0 16452 6.42453688819E9 399217.39 4141022 8.0976261622449E11 399217.39 150 10 150 37650 2510 37650
226800.0 16452 6.45015579194E9 400804.53 4157474 8.1621277201643E11 400804.53 150 10 150 37800 2520 37800
227700.0 16560 6.49747685682E9 402392.24 4174034 8.2271024887325E11 402392.24 150 10 150 37950 2530 37950
228600.0 16524 6.51588400605E9 403979.4 4190558 8.292261328793E11 403979.4 150 10 150 38100 2540 38100
229500.0 16452 6.52702488802E9 405566.54 4207010 8.3575315776731E11 405566.54 150 10 150 38250 2550 38250
230400.0 16452 6.55264833897E9 407154.24 4223462 8.4230580610628E11 407154.24 150 10 150 38400 2560 38400
231300.0 16560 6.60031245822E9 408741.4 4240022 8.489061185645E11 408741.4 150 10 150 38550 2570 38550
232200.0 16533 6.61860216035E9 410328.76 4256555 8.5552472072485E11 410328.76 150 10 150 38700 2580 38700
233100.0 16452 6.62951927935E9 411916.26 4273007 8.621542400042E11 411916.26 150 10 150 38850 2590 38850
234000.0 16453 6.65514102259E9 413503.4 4289460 8.6880938102679E11 413503.4 150 10 150 39000 2600 39000
234900.0 16560 6.70314782669E9 415091.11 4306020 8.7551252885348E11 415091.11 150 10 150 39150 2610 39150
235800.0 16524 6.72132639618E9 416678.27 4322544 8.8223385524967E11 416678.27 150 10 150 39300 2620 39300
236700.0 16452 6.73201011867E9 418265.41 4338996 8.8896586536834E11 418265.41 150 10 150 39450 2630 39450
237600.0 16452 6.75763356963E9 419853.12 4355448 8.9572349893796E11 419853.12 150 10 150 39600 2640 39600
238500.0 16560 6.80598342809E9 421440.27 4372008 9.0252948236605E11 421440.27 150 10 150 39750 2650 39750
239400.0 16525 6.82404296545E9 423027.42 4388533 9.093535253315E11 423027.42 150 10 150 39900 2660 39900
240300.0 16452 6.83450266283E9 424615.13 4404985 9.1618802799433E11 424615.13 150 10 150 40050 2670 40050
241200.0 16452 6.86012629332E9 426202.28 4421437 9.2304815428765E11 426202.28 150 10 150 40200 2680 40200
242100.0 16568 6.90881444797E9 427789.42 4438005 9.2995696873562E11 427789.42 150 10 150 40350 2690 40350
243000.0 16524 6.92676408754E9 429377.14 4454529 9.3688373282316E11 429377.14 150 10 150 40500 2700 40500
243900.0 16453 6.93699538939E9 430964.29 4470982 9.4382072821256E11 430964.29 150 10 150 40650 2710 40650
244800.0 16452 6.96261884035E9 432552.0 4487434 9.5078334705291E11 432552.0 150 10 150 40800 2720 40800
245700.0 16560 7.01165443816E9 434139.15 4503994 9.5779500149107E11 434139.15 150 10 150 40950 2730 40950
246600.0 16524 7.02948539575E9 435726.3 4520518 9.6482448688682E11 435726.3 150 10 150 41100 2740 41100
247500.0 16452 7.03948793356E9 437314.01 4536970 9.7186397482037E11 437314.01 150 10 150 41250 2750 41250
248400.0 16452 7.06511156404E9 438901.16 4553422 9.7892908638441E11 438901.16 150 10 150 41400 2760 41400
249300.0 16560 7.11448529212E9 440488.3 4569982 9.8604357167653E11 440488.3 150 10 150 41550 2770 41550
250200.0 16524 7.13220651778E9 442076.01 4586506 9.9317577819431E11 442076.01 150 10 150 41700 2780 41700
251100.0 16452 7.14198066006E9 443663.17 4602958 1.00031775885437E12 443663.17 150 10 150 41850 2790 41850
252000.0 16461 7.16759956382E9 445250.31 4619419 1.00748535841819E12 445250.31 150 10 150 42000 2800 42000
252900.0 16560 7.21732070079E9 446838.01 4635979 1.01470267911897E12 446838.01 150 10 150 42150 2810 42150
253800.0 16525 7.23492782598E9 448425.17 4652504 1.02193760694495E12 448425.17 150 10 150 42300 2820 42300
254700.0 16452 7.24447320423E9 450012.88 4668956 1.02918208014918E12 450012.88 150 10 150 42450 2830 42450
255600.0 16452 7.27009683471E9 451600.03 4685408 1.03645217698389E12 451600.03 150 10 150 42600 2840 42600
256500.0 16560 7.32015630214E9 453187.17 4701968 1.04377233328603E12 453187.17 150 10 150 42750 2850 42750
257400.0 16524 7.33764894807E9 454774.89 4718492 1.0511099822341E12 454774.89 150 10 150 42900 2860 42900
258300.0 16452 7.34696593079E9 456362.04 4734944 1.05845694816489E12 456362.04 150 10 150 43050 2870 43050
259200.0 16452 7.37258483454E9 457949.18 4751396 1.06582953299943E12 457949.18 150 10 150 43200 2880 43200
260100.0 16561 7.42299173797E9 459536.89 4767957 1.0732525247374E12 459536.89 150 10 150 43350 2890 43350
261000.0 16524 7.44037025617E9 461124.05 4784481 1.08069289499358E12 461124.05 150 10 150 43500 2900 43500
261900.0 16460 7.44945393051E9 462711.19 4800941 1.08814234892408E12 462711.19 150 10 150 43650 2910 43650
262800.0 16452 7.47507738146E9 464298.9 4817393 1.09561742630554E12 464298.9 150 10 150 43800 2920 43800
263700.0 16561 7.52584424929E9 465886.05 4833954 1.10314327055484E12 465886.05 150 10 150 43950 2930 43950
264600.0 16524 7.54309117662E9 467473.76 4850478 1.11068636173146E12 467473.76 150 10 150 44100 2940 44100
265500.0 16452 7.55195119751E9 469060.92 4866930 1.11823831292896E12 469060.92 150 10 150 44250 2950 44250
266400.0 16452 7.5775701051E9 470648.06 4883382 1.12581588303406E12 470648.06 150 10 150 44400 2960 44400
267300.0 16560 7.62866272078E9 472235.77 4899942 1.13344454575484E12 472235.77 150 10 150 44550 2970 44550
268200.0 16524 7.64581354775E9 473822.93 4916466 1.14109035930259E12 473822.93 150 10 150 44700 2980 44700
269100.0 16452 7.65443920128E9 475410.07 4932918 1.14874479850388E12 475410.07 150 10 150 44850 2990 44850
270000.0 16453 7.68006265224E9 476997.78 4949371 1.15642486115612E12 476997.78 150 10 150 45000 3000 45000
270900.0 16560 7.73151526842E9 478584.93 4965931 1.16415637642454E12 478584.93 150 10 150 45150 3010 45150
271800.0 16532 7.74852924689E9 480172.08 4982463 1.17190490567143E12 480172.08 150 10 150 45300 3020 45300
272700.0 16452 7.75693174555E9 481759.79 4998915 1.17966183741698E12 481759.79 150 10 150 45450 3030 45450
273600.0 16452 7.78255537604E9 483346.94 5015367 1.18744439279302E12 483346.94 150 10 150 45600 3040 45600
274500.0 16561 7.83433136053E9 484934.37 5031928 1.19527872415355E12 484934.37 150 10 150 45750 3050 45750
275400.0 16524 7.85125377018E9 486521.8 5048452 1.20312997792373E12 486521.8 150 10 150 45900 3060 45900
276300.0 16452 7.85942441686E9 488108.94 5064904 1.2109894023406E12 488108.94 150 10 150 46050 3070 46050
277200.0 16452 7.88504786782E9 489696.65 5081356 1.21887445020842E12 489696.65 150 10 150 46200 3080 46200
278100.0 16560 7.93716928598E9 491283.8 5097916 1.2268116194944E12 491283.8 150 10 150 46350 3090 46350
279000.0 16524 7.95397162191E9 492870.95 5114440 1.23476559111631E12 492870.95 150 10 150 46500 3100 46500
279900.0 16453 7.96191696113E9 494458.66 5130893 1.24272750807744E12 494458.66 150 10 150 46650 3110 46650
280800.0 16452 7.98754059162E9 496045.81 5147345 1.25071504866906E12 496045.81 150 10 150 46800 3120 46800
281700.0 16568 8.04001705927E9 497632.95 5163913 1.25875506572833E12 497632.95 150 10 150 46950 3130 46950
282600.0 16524 8.05669275311E9 499220.67 5180437 1.26681175848144E12 499220.67 150 10 150 47100 3140 47100
283500.0 16452 8.0644096878E9 500807.82 5196889 1.27487616816925E12 500807.82 150 10 150 47250 3150 47250
284400.0 16453 8.09002871196E9 502394.97 5213342 1.28296619688121E12 502394.97 150 10 150 47400 3160 47400
285300.0 16560 8.14283560372E9 503982.67 5229902 1.29110903248493E12 503982.67 150 10 150 47550 3170 47550
286200.0 16524 8.15941491013E9 505569.83 5246426 1.29926844739506E12 505569.83 150 10 150 47700 3180 47700
287100.0 16452 8.16690222855E9 507157.54 5262878 1.3074353496236E12 507157.54 150 10 150 47850 3190 47850
288000.0 16452 8.19252585903E9 508744.69 5279330 1.31562787548264E12 508744.69 150 10 150 48000 3200 48000
288900.0 16560 8.24568808403E9 510331.83 5295890 1.32387356356666E12 510331.83 150 10 150 48150 3210 48150
289800.0 16525 8.26213518019E9 511919.55 5312415 1.33213569874685E12 511919.55 150 10 150 48300 3220 48300
290700.0 16452 8.26939495533E9 513506.7 5328867 1.34040509370218E12 513506.7 150 10 150 48450 3230 48450
291600.0 16460 8.29501385908E9 515093.84 5345327 1.34870010756125E12 515093.84 150 10 150 48600 3240 48600
292500.0 16560 8.34850655578E9 516681.55 5361887 1.35704861411703E12 516681.55 150 10 150 48750 3250 48750
293400.0 16524 8.36485734985E9 518268.71 5378411 1.36541347146689E12 518268.71 150 10 150 48900 3260 48900
294300.0 16453 8.37188295572E9 519855.85 5394864 1.37378535442261E12 519855.85 150 10 150 49050 3270 49050
295200.0 16452 8.39750640632E9 521443.56 5411316 1.38218286082893E12 521443.56 150 10 150 49200 3280 49200
296100.0 16560 8.45134213935E9 523030.71 5427876 1.39063420296828E12 523030.71 150 10 150 49350 3290 49350
297000.0 16524 8.46757760192E9 524618.42 5444400 1.3991017805702E12 524618.42 150 10 150 49500 3300 49500
297900.0 16452 8.47438022648E9 526205.58 5460852 1.40757616079668E12 526205.58 150 10 150 49650 3310 49650
298800.0 16452 8.49999913023E9 527792.72 5477304 1.41607615992691E12 527792.72 150 10 150 49800 3320 49800
299700.0 16561 8.55417756629E9 529380.42 5493865 1.4246303374932E12 529380.42 150 10 150 49950 3330 49950
300600.0 16524 8.57029891934E9 530967.58 5510389 1.43320063641254E12 530967.58 150 10 150 50100 3340 50100
301500.0 16460 8.57686822653E9 532554.73 5526849 1.44177750463906E12 532554.73 150 10 150 50250 3350 50250
302400.0 16452 8.60249167748E9 534142.43 5543301 1.45037999631655E12 534142.43 150 10 150 50400 3360 50400
303300.0 16560 8.6570131409E9 535729.58 5559861 1.45903700945745E12 535729.58 150 10 150 50550 3370 50550
304200.0 16525 8.67301547988E9 537316.74 5576386 1.46771002493733E12 537316.74 150 10 150 50700 3380 50700
305100.0 16452 8.67936077096E9 538904.44 5592838 1.47638938570828E12 538904.44 150 10 150 50850 3390 50850
306000.0 16452 8.70498440144E9 540491.59 5609290 1.48509437010973E12 540491.59 150 10 150 51000 3400 51000
306900.0 16560 8.75984846567E9 542079.29 5625850 1.4938542185754E12 542079.29 150 10 150 51150 3410 51150
307800.0 16524 8.77574134811E9 543666.46 5642374 1.50262995992351E12 543666.46 150 10 150 51300 3420 51300
308700.0 16452 8.78185349784E9 545253.6 5658826 1.51141181342135E12 545253.6 150 10 150 51450 3430 51450
309600.0 16453 8.8074769488E9 546841.31 5675279 1.52021929037015E12 546841.31 150 10 150 51600 3440 51600
310500.0 16560 8.86268416936E9 548428.46 5691839 1.52908197453951E12 548428.46 150 10 150 51750 3450 51750
311400.0 16532 8.87845791088E9 550015.61 5708371 1.53796043245038E12 550015.61 150 10 150 51900 3460 51900
312300.0 16452 8.88434604238E9 551603.32 5724823 1.54684477849277E12 551603.32 150 10 150 52050 3470 52050
313200.0 16452 8.90996967287E9 553190.47 5741275 1.55575474816564E12 553190.47 150 10 150 52200 3480 52200
314100.0 16561 8.96551500573E9 554777.61 5757836 1.56472026317137E12 554777.61 150 10 150 52350 3490 52350
315000.0 16524 8.98117904234E9 556365.33 5774360 1.57370144221371E12 556365.33 150 10 150 52500 3500 52500
315900.0 16452 8.98683876932E9 557952.48 5790812 1.58268828098304E12 557952.48 150 10 150 52650 3510 52650
316800.0 16452 9.01246063225E9 559540.0 5807264 1.59170074161529E12 559540.0 150 10 150 52800 3520 52800
317700.0 16560 9.06835365431E9 561127.33 5823824 1.6007690952696E12 561127.33 150 10 150 52950 3530 52950
318600.0 16524 9.08390115236E9 562714.49 5840348 1.60985299642196E12 562714.49 150 10 150 53100 3540 53100
319500.0 16453 9.08933126317E9 564302.19 5856801 1.61894232768513E12 564302.19 150 10 150 53250 3550 53250
320400.0 16452 9.11495489366E9 565889.34 5873253 1.62805728257878E12 565889.34 150 10 150 53400 3560 53400
321300.0 16568 9.17118596571E9 567476.49 5889821 1.63722846854449E12 567476.49 150 10 150 53550 3570 53550
322200.0 16524 9.18662142264E9 569064.2 5906345 1.64641508996713E12 569064.2 150 10 150 53700 3580 53700
323100.0 16452 9.19182399016E9 570651.35 5922797 1.65560691395729E12 570651.35 150 10 150 53850 3590 53850
324000.0 16453 9.21744289391E9 572238.5 5939250 1.66482435685121E12 572238.5 150 10 150 54000 3600 54000
324900.0 16560 9.27402140207E9 573826.2 5955810 1.67409837825328E12 573826.2 150 10 150 54150 3610 54150
325800.0 16524 9.28934272233E9 575413.36 5972334 1.68338772097561E12 575413.36 150 10 150 54300 3620 54300
326700.0 16452 9.29431274334E9 577000.6 5988786 1.69268203371895E12 577000.6 150 10 150 54450 3630 54450
327600.0 16452 9.31993626994E9 578588.21 6005238 1.7020019699889E12 578588.21 150 10 150 54600 3640 54600
328500.0 16560 9.37685693642E9 580175.36 6021798 1.71137882692531E12 580175.36 150 10 150 54750 3650 54750
329400.0 16525 9.39206381366E9 581763.08 6038323 1.72077089073897E12 581763.08 150 10 150 54900 3660 54900
330300.0 16452 9.39680923068E9 583350.23 6054775 1.73016769996965E12 583350.23 150 10 150 55050 3670 55050
331200.0 16460 9.42242813443E9 584937.37 6071235 1.73959012810408E12 584937.37 150 10 150 55200 3680 55200
332100.0 16560 9.4797093224E9 586525.08 6087795 1.74906983742648E12 586525.08 150 10 150 55350 3690 55350
333000.0 16524 9.49478598359E9 588112.24 6104319 1.75856462341007E12 588112.24 150 10 150 55500 3700 55500
333900.0 16453 9.49929723099E9 589699.38 6120772 1.76806392064106E12 589699.38 150 10 150 55650 3710 55650
334800.0 16452 9.52492068195E9 591287.09 6137224 1.77758884132301E12 591287.09 150 10 150 55800 3720 55800
335700.0 16560 9.58252796547E9 592874.24 6153784 1.78717136928848E12 592874.24 150 10 150 55950 3730 55950
336600.0 16524 9.59750170111E9 594461.39 6170308 1.79676887098959E12 594461.39 150 10 150 56100 3740 56100
337500.0 16452 9.60178977564E9 596049.1 6186760 1.80637066076523E12 596049.1 150 10 150 56250 3750 56250
338400.0 16452 9.62741340613E9 597636.25 6203212 1.81599807417135E12 597636.25 150 10 150 56400 3760 56400
339300.0 16561 9.68536337489E9 599223.95 6219773 1.82568343754625E12 599223.95 150 10 150 56550 3770 56550
340200.0 16524 9.70022840591E9 600811.11 6236297 1.83538366595215E12 600811.11 150 10 150 56700 3780 56700
341100.0 16460 9.70428250274E9 602398.26 6252757 1.8450879484549E12 602398.26 150 10 150 56850 3790 56850
342000.0 16452 9.7299059537E9 603985.96 6269209 1.8548178544086E12 603985.96 150 10 150 57000 3800 57000
342900.0 16560 9.78821593194E9 605573.12 6285769 1.86460607034053E12 605573.12 150 10 150 57150 3810 57150
343800.0 16525 9.80294413248E9 607160.27 6302294 1.87440901447302E12 607160.27 150 10 150 57300 3820 57300
344700.0 16452 9.80677504745E9 608747.97 6318746 1.88421578952046E12 608747.97 150 10 150 57450 3830 57450
345600.0 16452 9.83239867793E9 610335.12 6335198 1.8940481881984E12 610335.12 150 10 150 57600 3840 57600

