# seed = 1, gamma = 0.0, beta = 0.0, dee = 10.0, dcc = 5.0, dec = 15.0, dsc = 2000.0, dLocalhost = 0.015, hostBroker = EDGE, numOfCloud = 1, numOfEdge = 1, numOfSmartphone = 0 
#
# The columns have the following meaning: 
# instant[SECONDS] delayCountPartial delaySumPartial[SECONDS] delayMaxPartial[SECONDS] delayCountTot delaySumTot[SECONDS] delayMaxTot[SECONDS] runOnCloudPartial runOnEdgePartial runOnSmartphonePartial runOnCloudTot runOnEdgeTot runOnSmartphoneTot
0.0 0 0.0 0.0 0 0.0 0.0 0 0 0 0 0 0
900.0 16566 1810496.74 232.98 16566 1810496.74 232.98 310 0 0 310 0 0
1800.0 16528 1810866.81 232.98 33094 3621363.55 232.98 310 0 0 620 0 0
2700.0 16452 1809806.05 232.98 49546 5431169.59 232.98 310 0 0 930 0 0
3600.0 16452 1809808.86 232.98 65998 7240978.45 232.98 310 0 0 1240 0 0
4500.0 16566 1812170.82 232.98 82564 9053149.27 232.98 310 0 0 1550 0 0
5400.0 16528 1810945.37 232.98 99092 1.086409464E7 232.98 310 0 0 1860 0 0
6300.0 16452 1809806.05 232.98 115544 1.267390069E7 232.98 310 0 0 2170 0 0
7200.0 16452 1809808.86 232.98 131996 1.448370955E7 232.98 310 0 0 2480 0 0
8100.0 16566 1810504.04 232.98 148562 1.629421359E7 232.98 310 0 0 2790 0 0
9000.0 16528 1810866.81 232.98 165090 1.810508039E7 232.98 310 0 0 3100 0 0
9900.0 16452 1809806.05 232.98 181542 1.991488644E7 232.98 310 0 0 3410 0 0
10800.0 16452 1809808.86 232.98 197994 2.17246953E7 232.98 310 0 0 3720 0 0
11700.0 16566 1812170.82 232.98 214560 2.353686612E7 232.98 310 0 0 4030 0 0
12600.0 16528 1810945.37 232.98 231088 2.534781149E7 232.98 310 0 0 4340 0 0
13500.0 16452 1809806.05 232.98 247540 2.715761754E7 232.98 310 0 0 4650 0 0
14400.0 16452 1809808.86 232.98 263992 2.89674264E7 232.98 310 0 0 4960 0 0
15300.0 16566 1810504.04 232.98 280558 3.077793043E7 232.98 310 0 0 5270 0 0
16200.0 16528 1810866.81 232.98 297086 3.258879724E7 232.98 310 0 0 5580 0 0
17100.0 16452 1809806.05 232.98 313538 3.439860329E7 232.98 310 0 0 5890 0 0
18000.0 16452 1809808.86 232.98 329990 3.620841215E7 232.98 310 0 0 6200 0 0
18900.0 16566 1810504.04 232.98 346556 3.801891619E7 232.98 310 0 0 6510 0 0
19800.0 16528 1810866.81 232.98 363084 3.9829783E7 232.98 310 0 0 6820 0 0
20700.0 16452 1809806.05 232.98 379536 4.163958904E7 232.98 310 0 0 7130 0 0
21600.0 16452 1809808.86 232.98 395988 4.344939791E7 232.98 310 0 0 7440 0 0
22500.0 16566 1810495.04 232.98 412554 4.525989294E7 232.98 310 0 0 7750 0 0
23400.0 16528 1810866.81 232.98 429082 4.707075975E7 232.98 310 0 0 8060 0 0
24300.0 16452 1809806.05 232.98 445534 4.88805658E7 232.98 310 0 0 8370 0 0
25200.0 16452 1809808.86 232.98 461986 5.069037466E7 232.98 310 0 0 8680 0 0
26100.0 16566 1812179.82 232.98 478552 5.250255448E7 232.98 310 0 0 8990 0 0
27000.0 16528 1810866.81 232.98 495080 5.431342129E7 232.98 310 0 0 9300 0 0
27900.0 16452 1809806.05 232.98 511532 5.612322733E7 232.98 310 0 0 9610 0 0
28800.0 16452 1809808.86 232.98 527984 5.793303619E7 232.98 310 0 0 9920 0 0
29700.0 16566 1810504.03 232.98 544550 5.974354023E7 232.98 310 0 0 10230 0 0
30600.0 16528 1810866.81 232.98 561078 6.155440704E7 232.98 310 0 0 10540 0 0
31500.0 16452 1809806.05 232.98 577530 6.336421308E7 232.98 310 0 0 10850 0 0
32400.0 16452 1809808.86 232.98 593982 6.517402194E7 232.98 310 0 0 11160 0 0
33300.0 16566 1810495.03 232.98 610548 6.698451698E7 232.98 310 0 0 11470 0 0
34200.0 16528 1810866.81 232.98 627076 6.879538379E7 232.98 310 0 0 11780 0 0
35100.0 16452 1809806.05 232.98 643528 7.060518983E7 232.98 310 0 0 12090 0 0
36000.0 16452 1809808.86 232.98 659980 7.241499869E7 232.98 310 0 0 12400 0 0
36900.0 16566 1810504.03 232.98 676546 7.422550273E7 232.98 310 0 0 12710 0 0
37800.0 16528 1810866.81 232.98 693074 7.603636954E7 232.98 310 0 0 13020 0 0
38700.0 16452 1809806.05 232.98 709526 7.784617558E7 232.98 310 0 0 13330 0 0
39600.0 16452 1809808.86 232.98 725978 7.965598444E7 232.98 310 0 0 13640 0 0
40500.0 16566 1810495.03 232.98 742544 8.146647948E7 232.98 310 0 0 13950 0 0
41400.0 16528 1810866.81 232.98 759072 8.327734629E7 232.98 310 0 0 14260 0 0
42300.0 16452 1809806.05 232.98 775524 8.508715233E7 232.98 310 0 0 14570 0 0
43200.0 16452 1809808.86 232.98 791976 8.689696119E7 232.98 310 0 0 14880 0 0
44100.0 16566 1810504.03 232.98 808542 8.870746523E7 232.98 310 0 0 15190 0 0
45000.0 16528 1810866.81 232.98 825070 9.051833204E7 232.98 310 0 0 15500 0 0
45900.0 16452 1809806.05 232.98 841522 9.232813808E7 232.98 310 0 0 15810 0 0
46800.0 16452 1809808.86 232.98 857974 9.413794694E7 232.98 310 0 0 16120 0 0
47700.0 16566 1812170.82 232.98 874540 9.595011776E7 232.98 310 0 0 16430 0 0
48600.0 16528 1810866.81 232.98 891068 9.776098457E7 232.98 310 0 0 16740 0 0
49500.0 16452 1809806.05 232.98 907520 9.957079062E7 232.98 310 0 0 17050 0 0
50400.0 16452 1809808.86 232.98 923972 1.0138059948E8 232.98 310 0 0 17360 0 0
51300.0 16566 1810504.03 232.98 940538 1.0319110351E8 232.98 310 0 0 17670 0 0
52200.0 16528 1810866.81 232.98 957066 1.0500197032E8 232.98 310 0 0 17980 0 0
53100.0 16452 1809806.05 232.98 973518 1.0681177637E8 232.98 310 0 0 18290 0 0
54000.0 16452 1809808.86 232.98 989970 1.0862158523E8 232.98 310 0 0 18600 0 0
54900.0 16566 1810495.03 232.98 1006536 1.1043208026E8 232.98 310 0 0 18910 0 0
55800.0 16528 1810866.81 232.98 1023064 1.1224294707E8 232.98 310 0 0 19220 0 0
56700.0 16452 1809806.05 232.98 1039516 1.1405275312E8 232.98 310 0 0 19530 0 0
57600.0 16452 1809808.86 232.98 1055968 1.1586256198E8 232.98 310 0 0 19840 0 0
58500.0 16566 1810504.03 232.98 1072534 1.1767306601E8 232.98 310 0 0 20150 0 0
59400.0 16528 1810866.81 232.98 1089062 1.1948393282E8 232.98 310 0 0 20460 0 0
60300.0 16452 1809806.05 232.98 1105514 1.2129373887E8 232.98 310 0 0 20770 0 0
61200.0 16452 1809808.86 232.98 1121966 1.2310354773E8 232.98 310 0 0 21080 0 0
62100.0 16566 1810495.03 232.98 1138532 1.2491404276E8 232.98 310 0 0 21390 0 0
63000.0 16528 1810866.81 232.98 1155060 1.2672490957E8 232.98 310 0 0 21700 0 0
63900.0 16452 1809806.05 232.98 1171512 1.2853471562E8 232.98 310 0 0 22010 0 0
64800.0 16452 1809808.86 232.98 1187964 1.3034452448E8 232.98 310 0 0 22320 0 0
65700.0 16566 1812179.82 232.98 1204530 1.321567043E8 232.98 310 0 0 22630 0 0
66600.0 16528 1810866.81 232.98 1221058 1.3396757111E8 232.98 310 0 0 22940 0 0
67500.0 16452 1809806.05 232.98 1237510 1.3577737715E8 232.98 310 0 0 23250 0 0
68400.0 16452 1809808.86 232.98 1253962 1.3758718602E8 232.98 310 0 0 23560 0 0
69300.0 16566 1810495.03 232.98 1270528 1.3939768105E8 232.98 310 0 0 23870 0 0
70200.0 16528 1810866.81 232.98 1287056 1.4120854786E8 232.98 310 0 0 24180 0 0
71100.0 16452 1809806.05 232.98 1303508 1.430183539E8 232.98 310 0 0 24490 0 0
72000.0 16452 1809808.86 232.98 1319960 1.4482816277E8 232.98 310 0 0 24800 0 0
72900.0 16566 1810504.03 232.98 1336526 1.466386668E8 232.98 310 0 0 25110 0 0
73800.0 16528 1810866.81 232.98 1353054 1.4844953361E8 232.98 310 0 0 25420 0 0
74700.0 16452 1809806.05 232.98 1369506 1.5025933965E8 232.98 310 0 0 25730 0 0
75600.0 16452 1809808.86 232.98 1385958 1.5206914852E8 232.98 310 0 0 26040 0 0
76500.0 16566 1812170.82 232.98 1402524 1.5388131933E8 232.98 310 0 0 26350 0 0
77400.0 16528 1810866.81 232.98 1419052 1.5569218614E8 232.98 310 0 0 26660 0 0
78300.0 16452 1809806.05 232.98 1435504 1.5750199219E8 232.98 310 0 0 26970 0 0
79200.0 16452 1809808.86 232.98 1451956 1.5931180105E8 232.98 310 0 0 27280 0 0
80100.0 16566 1810504.03 232.98 1468522 1.6112230508E8 232.98 310 0 0 27590 0 0
81000.0 16528 1810945.37 232.98 1485050 1.6293325045E8 232.98 310 0 0 27900 0 0
81900.0 16452 1809806.05 232.98 1501502 1.647430565E8 232.98 310 0 0 28210 0 0
82800.0 16452 1809808.86 232.98 1517954 1.6655286536E8 232.98 310 0 0 28520 0 0
83700.0 16566 1812179.82 232.98 1534520 1.6836504518E8 232.98 310 0 0 28830 0 0
84600.0 16528 1810866.81 232.98 1551048 1.7017591199E8 232.98 310 0 0 29140 0 0
85500.0 16452 1809806.05 232.98 1567500 1.7198571803E8 232.98 310 0 0 29450 0 0
86400.0 16452 1809808.86 232.98 1583952 1.737955269E8 232.98 310 0 0 29760 0 0
87300.0 16566 1810495.03 232.98 1600518 1.7560602193E8 232.98 310 0 0 30070 0 0
88200.0 16528 1810936.37 232.98 1617046 1.774169583E8 232.98 310 0 0 30380 0 0
89100.0 16452 1809806.05 232.98 1633498 1.7922676435E8 232.98 310 0 0 30690 0 0
90000.0 16452 1809808.86 232.98 1649950 1.8103657321E8 232.98 310 0 0 31000 0 0
90900.0 16566 1812179.82 232.98 1666516 1.8284875302E8 232.98 310 0 0 31310 0 0
91800.0 16528 1810866.81 232.98 1683044 1.8465961983E8 232.98 310 0 0 31620 0 0
92700.0 16452 1809806.05 232.98 1699496 1.8646942588E8 232.98 310 0 0 31930 0 0
93600.0 16452 1809808.86 232.98 1715948 1.8827923474E8 232.98 310 0 0 32240 0 0
94500.0 16566 1810495.03 232.98 1732514 1.9008972977E8 232.98 310 0 0 32550 0 0
95400.0 16528 1810936.37 232.98 1749042 1.9190066614E8 232.98 310 0 0 32860 0 0
96300.0 16452 1809806.05 232.98 1765494 1.9371047219E8 232.98 310 0 0 33170 0 0
97200.0 16452 1809808.86 232.98 1781946 1.9552028105E8 232.98 310 0 0 33480 0 0
98100.0 16566 1810504.03 232.98 1798512 1.9733078508E8 232.98 310 0 0 33790 0 0
99000.0 16528 1810866.81 232.98 1815040 1.9914165189E8 232.98 310 0 0 34100 0 0
99900.0 16452 1809806.05 232.98 1831492 2.0095145794E8 232.98 310 0 0 34410 0 0
100800.0 16452 1809808.86 232.98 1847944 2.027612668E8 232.98 310 0 0 34720 0 0
101700.0 16566 1810495.03 232.98 1864510 2.0457176183E8 232.98 310 0 0 35030 0 0
102600.0 16528 1810866.81 232.98 1881038 2.0638262864E8 232.98 310 0 0 35340 0 0
103500.0 16452 1809806.05 232.98 1897490 2.0819243469E8 232.98 310 0 0 35650 0 0
104400.0 16452 1809808.86 232.98 1913942 2.1000224355E8 232.98 310 0 0 35960 0 0
105300.0 16566 1810504.03 232.98 1930508 2.1181274759E8 232.98 310 0 0 36270 0 0
106200.0 16528 1810866.81 232.98 1947036 2.1362361439E8 232.98 310 0 0 36580 0 0
107100.0 16452 1809806.05 232.98 1963488 2.1543342044E8 232.98 310 0 0 36890 0 0
108000.0 16452 1809808.86 232.98 1979940 2.172432293E8 232.98 310 0 0 37200 0 0
108900.0 16566 1810495.03 232.98 1996506 2.1905372434E8 232.98 310 0 0 37510 0 0
109800.0 16528 1810866.81 232.98 2013034 2.2086459114E8 232.98 310 0 0 37820 0 0
110700.0 16452 1809806.05 232.98 2029486 2.2267439719E8 232.98 310 0 0 38130 0 0
111600.0 16452 1809808.86 232.98 2045938 2.2448420605E8 232.98 310 0 0 38440 0 0
112500.0 16566 1810504.03 232.98 2062504 2.2629471009E8 232.98 310 0 0 38750 0 0
113400.0 16528 1810866.81 232.98 2079032 2.2810557689E8 232.98 310 0 0 39060 0 0
114300.0 16452 1809806.05 232.98 2095484 2.2991538294E8 232.98 310 0 0 39370 0 0
115200.0 16452 1809808.86 232.98 2111936 2.317251918E8 232.98 310 0 0 39680 0 0
116100.0 16566 1810495.03 232.98 2128502 2.3353568684E8 232.98 310 0 0 39990 0 0
117000.0 16528 1810866.81 232.98 2145030 2.3534655365E8 232.98 310 0 0 40300 0 0
117900.0 16452 1809806.05 232.98 2161482 2.3715635969E8 232.98 310 0 0 40610 0 0
118800.0 16452 1809808.86 232.98 2177934 2.3896616855E8 232.98 310 0 0 40920 0 0
119700.0 16566 1810504.03 232.98 2194500 2.4077667259E8 232.98 310 0 0 41230 0 0
120600.0 16528 1810866.81 232.98 2211028 2.425875394E8 232.98 310 0 0 41540 0 0
121500.0 16452 1809806.05 232.98 2227480 2.4439734544E8 232.98 310 0 0 41850 0 0
122400.0 16452 1809808.86 232.98 2243932 2.462071543E8 232.98 310 0 0 42160 0 0
123300.0 16566 1810495.03 232.98 2260498 2.4801764934E8 232.98 310 0 0 42470 0 0
124200.0 16528 1810866.81 232.98 2277026 2.4982851615E8 232.98 310 0 0 42780 0 0
125100.0 16452 1809806.05 232.98 2293478 2.5163832219E8 232.98 310 0 0 43090 0 0
126000.0 16452 1809808.86 232.98 2309930 2.5344813105E8 232.98 310 0 0 43400 0 0
126900.0 16566 1810504.03 232.98 2326496 2.5525863509E8 232.98 310 0 0 43710 0 0
127800.0 16528 1810866.81 232.98 2343024 2.570695019E8 232.98 310 0 0 44020 0 0
128700.0 16452 1809806.05 232.98 2359476 2.5887930794E8 232.98 310 0 0 44330 0 0
129600.0 16452 1809808.86 232.98 2375928 2.606891168E8 232.98 310 0 0 44640 0 0
130500.0 16566 1810504.03 232.98 2392494 2.6249962084E8 232.98 310 0 0 44950 0 0
131400.0 16528 1810866.81 232.98 2409022 2.6431048765E8 232.98 310 0 0 45260 0 0
132300.0 16452 1809806.05 232.98 2425474 2.6612029369E8 232.98 310 0 0 45570 0 0
133200.0 16452 1809808.86 232.98 2441926 2.6793010255E8 232.98 310 0 0 45880 0 0
134100.0 16566 1810495.03 232.98 2458492 2.6974059759E8 232.98 310 0 0 46190 0 0
135000.0 16528 1810866.81 232.98 2475020 2.715514644E8 232.98 310 0 0 46500 0 0
135900.0 16452 1809806.05 232.98 2491472 2.7336127044E8 232.98 310 0 0 46810 0 0
136800.0 16452 1809808.86 232.98 2507924 2.751710793E8 232.98 310 0 0 47120 0 0
137700.0 16566 1810504.03 232.98 2524490 2.7698158334E8 232.98 310 0 0 47430 0 0
138600.0 16528 1810866.81 232.98 2541018 2.7879245014E8 232.98 310 0 0 47740 0 0
139500.0 16452 1809806.05 232.98 2557470 2.8060225619E8 232.98 310 0 0 48050 0 0
140400.0 16452 1809808.86 232.98 2573922 2.8241206505E8 232.98 310 0 0 48360 0 0
141300.0 16566 1810495.03 232.98 2590488 2.8422256008E8 232.98 310 0 0 48670 0 0
142200.0 16528 1810866.81 232.98 2607016 2.8603342689E8 232.98 310 0 0 48980 0 0
143100.0 16452 1809806.05 232.98 2623468 2.8784323294E8 232.98 310 0 0 49290 0 0
144000.0 16452 1809808.86 232.98 2639920 2.896530418E8 232.98 310 0 0 49600 0 0
144900.0 16566 1810504.03 232.98 2656486 2.9146354583E8 232.98 310 0 0 49910 0 0
145800.0 16528 1810866.81 232.98 2673014 2.9327441264E8 232.98 310 0 0 50220 0 0
146700.0 16452 1809806.05 232.98 2689466 2.9508421869E8 232.98 310 0 0 50530 0 0
147600.0 16452 1809808.86 232.98 2705918 2.9689402755E8 232.98 310 0 0 50840 0 0
148500.0 16566 1810504.03 232.98 2722484 2.9870453158E8 232.98 310 0 0 51150 0 0
149400.0 16528 1810866.81 232.98 2739012 3.0051539839E8 232.98 310 0 0 51460 0 0
150300.0 16452 1809806.05 232.98 2755464 3.0232520444E8 232.98 310 0 0 51770 0 0
151200.0 16452 1809808.86 232.98 2771916 3.041350133E8 232.98 310 0 0 52080 0 0
152100.0 16566 1810495.03 232.98 2788482 3.0594550833E8 232.98 310 0 0 52390 0 0
153000.0 16528 1810866.81 232.98 2805010 3.0775637514E8 232.98 310 0 0 52700 0 0
153900.0 16452 1809806.05 232.98 2821462 3.0956618118E8 232.98 310 0 0 53010 0 0
154800.0 16452 1809808.86 232.98 2837914 3.1137599004E8 232.98 310 0 0 53320 0 0
155700.0 16566 1810504.03 232.98 2854480 3.1318649408E8 232.98 310 0 0 53630 0 0
156600.0 16528 1810866.81 232.98 2871008 3.1499736089E8 232.98 310 0 0 53940 0 0
157500.0 16452 1809806.05 232.98 2887460 3.1680716693E8 232.98 310 0 0 54250 0 0
158400.0 16452 1809808.86 232.98 2903912 3.1861697579E8 232.98 310 0 0 54560 0 0
159300.0 16566 1812170.82 232.98 2920478 3.2042914661E8 232.98 310 0 0 54870 0 0
160200.0 16528 1810866.81 232.98 2937006 3.2224001342E8 232.98 310 0 0 55180 0 0
161100.0 16452 1809806.05 232.98 2953458 3.2404981946E8 232.98 310 0 0 55490 0 0
162000.0 16452 1809808.86 232.98 2969910 3.2585962833E8 232.98 310 0 0 55800 0 0
162900.0 16566 1810504.03 232.98 2986476 3.2767013236E8 232.98 310 0 0 56110 0 0
163800.0 16528 1810945.37 232.98 3003004 3.2948107773E8 232.98 310 0 0 56420 0 0
164700.0 16452 1809806.05 232.98 3019456 3.3129088377E8 232.98 310 0 0 56730 0 0
165600.0 16452 1809808.86 232.98 3035908 3.3310069263E8 232.98 310 0 0 57040 0 0
166500.0 16566 1812170.82 232.98 3052474 3.3491286345E8 232.98 310 0 0 57350 0 0
167400.0 16528 1810866.81 232.98 3069002 3.3672373026E8 232.98 310 0 0 57660 0 0
168300.0 16452 1809806.05 232.98 3085454 3.3853353631E8 232.98 310 0 0 57970 0 0
169200.0 16452 1809808.86 232.98 3101906 3.4034334517E8 232.98 310 0 0 58280 0 0
170100.0 16566 1810504.03 232.98 3118472 3.421538492E8 232.98 310 0 0 58590 0 0
171000.0 16528 1810945.37 232.98 3135000 3.4396479457E8 232.98 310 0 0 58900 0 0
171900.0 16452 1809806.05 232.98 3151452 3.4577460062E8 232.98 310 0 0 59210 0 0
172800.0 16452 1809808.86 232.98 3167904 3.4758440948E8 232.98 310 0 0 59520 0 0
173700.0 16566 1810495.03 232.98 3184470 3.4939490451E8 232.98 310 0 0 59830 0 0
174600.0 16528 1810866.81 232.98 3200998 3.5120577132E8 232.98 310 0 0 60140 0 0
175500.0 16452 1809806.05 232.98 3217450 3.5301557736E8 232.98 310 0 0 60450 0 0
176400.0 16452 1809808.86 232.98 3233902 3.5482538622E8 232.98 310 0 0 60760 0 0
177300.0 16566 1810504.03 232.98 3250468 3.5663589026E8 232.98 310 0 0 61070 0 0
178200.0 16528 1810866.81 232.98 3266996 3.5844675706E8 232.98 310 0 0 61380 0 0
179100.0 16452 1809806.05 232.98 3283448 3.6025656311E8 232.98 310 0 0 61690 0 0
180000.0 16452 1809808.86 232.98 3299900 3.6206637197E8 232.98 310 0 0 62000 0 0
180900.0 16566 1810504.03 232.98 3316466 3.63876876E8 232.98 310 0 0 62310 0 0
181800.0 16528 1810866.81 232.98 3332994 3.6568774281E8 232.98 310 0 0 62620 0 0
182700.0 16452 1809806.05 232.98 3349446 3.6749754886E8 232.98 310 0 0 62930 0 0
183600.0 16452 1809808.86 232.98 3365898 3.6930735772E8 232.98 310 0 0 63240 0 0
184500.0 16566 1810495.03 232.98 3382464 3.7111785275E8 232.98 310 0 0 63550 0 0
185400.0 16528 1810866.81 232.98 3398992 3.7292871956E8 232.98 310 0 0 63860 0 0
186300.0 16452 1809806.05 232.98 3415444 3.7473852561E8 232.98 310 0 0 64170 0 0
187200.0 16452 1809808.86 232.98 3431896 3.7654833447E8 232.98 310 0 0 64480 0 0
188100.0 16566 1810504.03 232.98 3448462 3.783588385E8 232.98 310 0 0 64790 0 0
189000.0 16528 1810866.81 232.98 3464990 3.8016970531E8 232.98 310 0 0 65100 0 0
189900.0 16452 1809806.05 232.98 3481442 3.8197951136E8 232.98 310 0 0 65410 0 0
190800.0 16452 1809808.86 232.98 3497894 3.8378932022E8 232.98 310 0 0 65720 0 0
191700.0 16566 1810504.03 232.98 3514460 3.8559982425E8 232.98 310 0 0 66030 0 0
192600.0 16528 1810866.81 232.98 3530988 3.8741069106E8 232.98 310 0 0 66340 0 0
193500.0 16452 1809806.05 232.98 3547440 3.892204971E8 232.98 310 0 0 66650 0 0
194400.0 16452 1809808.86 232.98 3563892 3.9103030596E8 232.98 310 0 0 66960 0 0
195300.0 16566 1810495.03 232.98 3580458 3.92840801E8 232.98 310 0 0 67270 0 0
196200.0 16528 1810866.81 232.98 3596986 3.9465166781E8 232.98 310 0 0 67580 0 0
197100.0 16452 1809806.05 232.98 3613438 3.9646147385E8 232.98 310 0 0 67890 0 0
198000.0 16452 1809808.86 232.98 3629890 3.9827128271E8 232.98 310 0 0 68200 0 0
198900.0 16566 1810504.03 232.98 3646456 4.0008178674E8 232.98 310 0 0 68510 0 0
199800.0 16528 1810866.81 232.98 3662984 4.0189265355E8 232.98 310 0 0 68820 0 0
200700.0 16452 1809806.05 232.98 3679436 4.037024596E8 232.98 310 0 0 69130 0 0
201600.0 16452 1809808.86 232.98 3695888 4.0551226846E8 232.98 310 0 0 69440 0 0
202500.0 16566 1810504.03 232.98 3712454 4.0732277249E8 232.98 310 0 0 69750 0 0
203400.0 16528 1810866.81 232.98 3728982 4.091336393E8 232.98 310 0 0 70060 0 0
204300.0 16452 1809806.05 232.98 3745434 4.1094344535E8 232.98 310 0 0 70370 0 0
205200.0 16452 1809808.86 232.98 3761886 4.1275325421E8 232.98 310 0 0 70680 0 0
206100.0 16566 1810495.03 232.98 3778452 4.1456374924E8 232.98 310 0 0 70990 0 0
207000.0 16528 1810866.81 232.98 3794980 4.1637461605E8 232.98 310 0 0 71300 0 0
207900.0 16452 1809806.05 232.98 3811432 4.181844221E8 232.98 310 0 0 71610 0 0
208800.0 16452 1809808.86 232.98 3827884 4.1999423096E8 232.98 310 0 0 71920 0 0
209700.0 16566 1810504.03 232.98 3844450 4.2180473499E8 232.98 310 0 0 72230 0 0
210600.0 16528 1810866.81 232.98 3860978 4.236156018E8 232.98 310 0 0 72540 0 0
211500.0 16452 1809806.05 232.98 3877430 4.2542540784E8 232.98 310 0 0 72850 0 0
212400.0 16452 1809808.86 232.98 3893882 4.2723521671E8 232.98 310 0 0 73160 0 0
213300.0 16566 1810495.03 232.98 3910448 4.2904571174E8 232.98 310 0 0 73470 0 0
214200.0 16528 1810866.81 232.98 3926976 4.3085657855E8 232.98 310 0 0 73780 0 0
215100.0 16452 1809806.05 232.98 3943428 4.3266638459E8 232.98 310 0 0 74090 0 0
216000.0 16452 1809808.86 232.98 3959880 4.3447619345E8 232.98 310 0 0 74400 0 0
216900.0 16566 1810504.03 232.98 3976446 4.3628669749E8 232.98 310 0 0 74710 0 0
217800.0 16528 1810866.81 232.98 3992974 4.3809756429E8 232.98 310 0 0 75020 0 0
218700.0 16452 1809806.05 232.98 4009426 4.3990737034E8 232.98 310 0 0 75330 0 0
219600.0 16452 1809808.86 232.98 4025878 4.417171792E8 232.98 310 0 0 75640 0 0
220500.0 16566 1810495.03 232.98 4042444 4.4352767423E8 232.98 310 0 0 75950 0 0
221400.0 16528 1810866.81 232.98 4058972 4.4533854104E8 232.98 310 0 0 76260 0 0
222300.0 16452 1809806.05 232.98 4075424 4.4714834709E8 232.98 310 0 0 76570 0 0
223200.0 16452 1809808.86 232.98 4091876 4.4895815595E8 232.98 310 0 0 76880 0 0
224100.0 16566 1810504.03 232.98 4108442 4.5076865998E8 232.98 310 0 0 77190 0 0
225000.0 16528 1810866.81 232.98 4124970 4.5257952679E8 232.98 310 0 0 77500 0 0
225900.0 16452 1809806.05 232.98 4141422 4.5438933284E8 232.98 310 0 0 77810 0 0
226800.0 16452 1809808.86 232.98 4157874 4.561991417E8 232.98 310 0 0 78120 0 0
227700.0 16566 1810495.03 232.98 4174440 4.5800963673E8 232.98 310 0 0 78430 0 0
228600.0 16528 1810866.81 232.98 4190968 4.5982050354E8 232.98 310 0 0 78740 0 0
229500.0 16452 1809806.05 232.98 4207420 4.6163030958E8 232.98 310 0 0 79050 0 0
230400.0 16452 1809808.86 232.98 4223872 4.6344011845E8 232.98 310 0 0 79360 0 0
231300.0 16566 1810504.03 232.98 4240438 4.6525062248E8 232.98 310 0 0 79670 0 0
232200.0 16528 1810866.81 232.98 4256966 4.6706148929E8 232.98 310 0 0 79980 0 0
233100.0 16452 1809806.05 232.98 4273418 4.6887129533E8 232.98 310 0 0 80290 0 0
234000.0 16452 1809808.86 232.98 4289870 4.7068110419E8 232.98 310 0 0 80600 0 0
234900.0 16566 1810495.03 232.98 4306436 4.7249159923E8 232.98 310 0 0 80910 0 0
235800.0 16528 1810866.81 232.98 4322964 4.7430246603E8 232.98 310 0 0 81220 0 0
236700.0 16452 1809806.05 232.98 4339416 4.7611227208E8 232.98 310 0 0 81530 0 0
237600.0 16452 1809808.86 232.98 4355868 4.7792208094E8 232.98 310 0 0 81840 0 0
238500.0 16566 1810504.03 232.98 4372434 4.7973258497E8 232.98 310 0 0 82150 0 0
239400.0 16528 1810866.81 232.98 4388962 4.8154345178E8 232.98 310 0 0 82460 0 0
240300.0 16452 1809806.05 232.98 4405414 4.8335325783E8 232.98 310 0 0 82770 0 0
241200.0 16452 1809808.86 232.98 4421866 4.8516306669E8 232.98 310 0 0 83080 0 0
242100.0 16566 1810495.03 232.98 4438432 4.8697356172E8 232.98 310 0 0 83390 0 0
243000.0 16528 1810866.81 232.98 4454960 4.8878442853E8 232.98 310 0 0 83700 0 0
243900.0 16452 1809806.05 232.98 4471412 4.9059423458E8 232.98 310 0 0 84010 0 0
244800.0 16452 1809808.86 232.98 4487864 4.9240404344E8 232.98 310 0 0 84320 0 0
245700.0 16566 1810504.03 232.98 4504430 4.9421454747E8 232.98 310 0 0 84630 0 0
246600.0 16528 1810866.81 232.98 4520958 4.9602541428E8 232.98 310 0 0 84940 0 0
247500.0 16452 1809806.05 232.98 4537410 4.9783522032E8 232.98 310 0 0 85250 0 0
248400.0 16452 1809808.86 232.98 4553862 4.9964502919E8 232.98 310 0 0 85560 0 0
249300.0 16566 1810504.04 232.98 4570428 5.0145553322E8 232.98 310 0 0 85870 0 0
250200.0 16528 1810866.81 232.98 4586956 5.0326640003E8 232.98 310 0 0 86180 0 0
251100.0 16452 1809806.05 232.98 4603408 5.0507620608E8 232.98 310 0 0 86490 0 0
252000.0 16452 1809808.86 232.98 4619860 5.0688601494E8 232.98 310 0 0 86800 0 0
252900.0 16566 1810495.04 232.98 4636426 5.0869650997E8 232.98 310 0 0 87110 0 0
253800.0 16528 1810866.81 232.98 4652954 5.1050737678E8 232.98 310 0 0 87420 0 0
254700.0 16452 1809806.05 232.98 4669406 5.1231718283E8 232.98 310 0 0 87730 0 0
255600.0 16452 1809808.86 232.98 4685858 5.1412699169E8 232.98 310 0 0 88040 0 0
256500.0 16566 1810504.04 232.98 4702424 5.1593749573E8 232.98 310 0 0 88350 0 0
257400.0 16528 1810866.81 232.98 4718952 5.1774836253E8 232.98 310 0 0 88660 0 0
258300.0 16452 1809806.05 232.98 4735404 5.1955816858E8 232.98 310 0 0 88970 0 0
259200.0 16452 1809808.86 232.98 4751856 5.2136797744E8 232.98 310 0 0 89280 0 0
260100.0 16566 1810495.04 232.98 4768422 5.2317847248E8 232.98 310 0 0 89590 0 0
261000.0 16528 1810866.81 232.98 4784950 5.2498933929E8 232.98 310 0 0 89900 0 0
261900.0 16452 1809806.05 232.98 4801402 5.2679914533E8 232.98 310 0 0 90210 0 0
262800.0 16452 1809808.86 232.98 4817854 5.2860895419E8 232.98 310 0 0 90520 0 0
263700.0 16566 1812179.82 232.98 4834420 5.3042113401E8 232.98 310 0 0 90830 0 0
264600.0 16528 1810866.81 232.98 4850948 5.3223200082E8 232.98 310 0 0 91140 0 0
265500.0 16452 1809806.05 232.98 4867400 5.3404180687E8 232.98 310 0 0 91450 0 0
266400.0 16452 1809808.86 232.98 4883852 5.3585161573E8 232.98 310 0 0 91760 0 0
267300.0 16566 1810495.04 232.98 4900418 5.3766211076E8 232.98 310 0 0 92070 0 0
268200.0 16528 1810945.37 232.98 4916946 5.3947305613E8 232.98 310 0 0 92380 0 0
269100.0 16452 1809806.05 232.98 4933398 5.4128286218E8 232.98 310 0 0 92690 0 0
270000.0 16452 1809808.86 232.98 4949850 5.4309267104E8 232.98 310 0 0 93000 0 0
270900.0 16566 1812179.82 232.98 4966416 5.4490485086E8 232.98 310 0 0 93310 0 0
271800.0 16528 1810866.81 232.98 4982944 5.4671571766E8 232.98 310 0 0 93620 0 0
272700.0 16452 1809806.05 232.98 4999396 5.4852552371E8 232.98 310 0 0 93930 0 0
273600.0 16452 1809808.86 232.98 5015848 5.5033533257E8 232.98 310 0 0 94240 0 0
274500.0 16566 1810495.04 232.98 5032414 5.5214582761E8 232.98 310 0 0 94550 0 0
275400.0 16528 1810945.37 232.98 5048942 5.5395677298E8 232.98 310 0 0 94860 0 0
276300.0 16452 1809806.05 232.98 5065394 5.5576657903E8 232.98 310 0 0 95170 0 0
277200.0 16452 1809808.86 232.98 5081846 5.5757638789E8 232.98 310 0 0 95480 0 0
278100.0 16566 1810504.04 232.98 5098412 5.5938689192E8 232.98 310 0 0 95790 0 0
279000.0 16528 1810866.81 232.98 5114940 5.6119775873E8 232.98 310 0 0 96100 0 0
279900.0 16452 1809806.05 232.98 5131392 5.6300756478E8 232.98 310 0 0 96410 0 0
280800.0 16452 1809808.86 232.98 5147844 5.6481737364E8 232.98 310 0 0 96720 0 0
281700.0 16566 1812179.82 232.98 5164410 5.6662955346E8 232.98 310 0 0 97030 0 0
282600.0 16528 1810866.81 232.98 5180938 5.6844042027E8 232.98 310 0 0 97340 0 0
283500.0 16452 1809806.05 232.98 5197390 5.7025022631E8 232.98 310 0 0 97650 0 0
284400.0 16452 1809808.86 232.98 5213842 5.7206003517E8 232.98 310 0 0 97960 0 0
285300.0 16566 1810495.04 232.98 5230408 5.7387053021E8 232.98 310 0 0 98270 0 0
286200.0 16528 1810945.37 232.98 5246936 5.7568147558E8 232.98 310 0 0 98580 0 0
287100.0 16452 1809806.05 232.98 5263388 5.7749128163E8 232.98 310 0 0 98890 0 0
288000.0 16452 1809808.86 232.98 5279840 5.7930109049E8 232.98 310 0 0 99200 0 0
288900.0 16566 1812179.82 232.98 5296406 5.8111327031E8 232.98 310 0 0 99510 0 0
289800.0 16528 1810866.81 232.98 5312934 5.8292413711E8 232.98 310 0 0 99820 0 0
290700.0 16452 1809806.05 232.98 5329386 5.8473394316E8 232.98 310 0 0 100130 0 0
291600.0 16452 1809808.86 232.98 5345838 5.8654375202E8 232.98 310 0 0 100440 0 0
292500.0 16566 1810504.04 232.98 5362404 5.8835425606E8 232.98 310 0 0 100750 0 0
293400.0 16528 1810945.37 232.98 5378932 5.9016520143E8 232.98 310 0 0 101060 0 0
294300.0 16452 1809806.05 232.98 5395384 5.9197500748E8 232.98 310 0 0 101370 0 0
295200.0 16452 1809808.86 232.98 5411836 5.9378481634E8 232.98 310 0 0 101680 0 0
296100.0 16566 1810495.04 232.98 5428402 5.9559531137E8 232.98 310 0 0 101990 0 0
297000.0 16528 1810866.81 232.98 5444930 5.9740617818E8 232.98 310 0 0 102300 0 0
297900.0 16452 1809806.05 232.98 5461382 5.9921598423E8 232.98 310 0 0 102610 0 0
298800.0 16452 1809808.86 232.98 5477834 6.0102579309E8 232.98 310 0 0 102920 0 0
299700.0 16566 1810504.04 232.98 5494400 6.0283629713E8 232.98 310 0 0 103230 0 0
300600.0 16528 1810866.81 232.98 5510928 6.0464716394E8 232.98 310 0 0 103540 0 0
301500.0 16452 1809806.05 232.98 5527380 6.0645696998E8 232.98 310 0 0 103850 0 0
302400.0 16452 1809808.86 232.98 5543832 6.0826677884E8 232.98 310 0 0 104160 0 0
303300.0 16566 1810495.03 232.98 5560398 6.1007727388E8 232.98 310 0 0 104470 0 0
304200.0 16528 1810866.81 232.98 5576926 6.1188814069E8 232.98 310 0 0 104780 0 0
305100.0 16452 1809806.05 232.98 5593378 6.1369794673E8 232.98 310 0 0 105090 0 0
306000.0 16452 1809808.86 232.98 5609830 6.1550775559E8 232.98 310 0 0 105400 0 0
306900.0 16566 1810504.03 232.98 5626396 6.1731825963E8 232.98 310 0 0 105710 0 0
307800.0 16528 1810866.81 232.98 5642924 6.1912912644E8 232.98 310 0 0 106020 0 0
308700.0 16452 1809806.05 232.98 5659376 6.2093893248E8 232.98 310 0 0 106330 0 0
309600.0 16452 1809808.86 232.98 5675828 6.2274874134E8 232.98 310 0 0 106640 0 0
310500.0 16566 1810504.07 232.98 5692394 6.2455924542E8 232.98 310 0 0 106950 0 0
311400.0 16528 1810866.81 232.98 5708922 6.2637011223E8 232.98 310 0 0 107260 0 0
312300.0 16452 1809806.05 232.98 5725374 6.2817991827E8 232.98 310 0 0 107570 0 0
313200.0 16452 1809808.86 232.98 5741826 6.2998972713E8 232.98 310 0 0 107880 0 0
314100.0 16566 1810495.07 232.98 5758392 6.3180022221E8 232.98 310 0 0 108190 0 0
315000.0 16528 1810866.81 232.98 5774920 6.3361108902E8 232.98 310 0 0 108500 0 0
315900.0 16452 1809806.05 232.98 5791372 6.3542089507E8 232.98 310 0 0 108810 0 0
316800.0 16452 1809808.86 232.98 5807824 6.3723070393E8 232.98 310 0 0 109120 0 0
317700.0 16566 1810504.07 232.98 5824390 6.39041208E8 232.98 310 0 0 109430 0 0
318600.0 16528 1810945.37 232.98 5840918 6.4085215337E8 232.98 310 0 0 109740 0 0
319500.0 16452 1809806.05 232.98 5857370 6.4266195942E8 232.98 310 0 0 110050 0 0
320400.0 16452 1809808.86 232.98 5873822 6.4447176828E8 232.98 310 0 0 110360 0 0
321300.0 16566 1810495.07 232.98 5890388 6.4628226335E8 232.98 310 0 0 110670 0 0
322200.0 16528 1810866.81 232.98 5906916 6.4809313016E8 232.98 310 0 0 110980 0 0
323100.0 16452 1809806.05 232.98 5923368 6.4990293621E8 232.98 310 0 0 111290 0 0
324000.0 16452 1809808.86 232.98 5939820 6.5171274507E8 232.98 310 0 0 111600 0 0
324900.0 16566 1810504.07 232.98 5956386 6.5352324914E8 232.98 310 0 0 111910 0 0
325800.0 16528 1810866.81 232.98 5972914 6.5533411595E8 232.98 310 0 0 112220 0 0
326700.0 16452 1809806.05 232.98 5989366 6.57143922E8 232.98 310 0 0 112530 0 0
327600.0 16452 1809808.86 232.98 6005818 6.5895373086E8 232.98 310 0 0 112840 0 0
328500.0 16566 1810495.07 232.98 6022384 6.6076422594E8 232.98 310 0 0 113150 0 0
329400.0 16528 1810866.81 232.98 6038912 6.6257509274E8 232.98 310 0 0 113460 0 0
330300.0 16452 1809806.05 232.98 6055364 6.6438489879E8 232.98 310 0 0 113770 0 0
331200.0 16452 1809808.86 232.98 6071816 6.6619470765E8 232.98 310 0 0 114080 0 0
332100.0 16566 1812179.82 232.98 6088382 6.6800688747E8 232.98 310 0 0 114390 0 0
333000.0 16528 1810945.37 232.98 6104910 6.6981783284E8 232.98 310 0 0 114700 0 0
333900.0 16452 1809806.05 232.98 6121362 6.7162763889E8 232.98 310 0 0 115010 0 0
334800.0 16452 1809808.86 232.98 6137814 6.7343744775E8 232.98 310 0 0 115320 0 0
335700.0 16566 1810504.07 232.98 6154380 6.7524795182E8 232.98 310 0 0 115630 0 0
336600.0 16528 1810866.81 232.98 6170908 6.7705881863E8 232.98 310 0 0 115940 0 0
337500.0 16452 1809806.05 232.98 6187360 6.7886862468E8 232.98 310 0 0 116250 0 0
338400.0 16452 1809808.86 232.98 6203812 6.8067843354E8 232.98 310 0 0 116560 0 0
339300.0 16566 1810495.07 232.98 6220378 6.8248892861E8 232.98 310 0 0 116870 0 0
340200.0 16528 1810945.37 232.98 6236906 6.8429987398E8 232.98 310 0 0 117180 0 0
341100.0 16452 1809806.05 232.98 6253358 6.8610968003E8 232.98 310 0 0 117490 0 0
342000.0 16452 1809808.86 232.98 6269810 6.8791948889E8 232.98 310 0 0 117800 0 0
342900.0 16566 1812179.82 232.98 6286376 6.8973166871E8 232.98 310 0 0 118110 0 0
343800.0 16528 1810866.81 232.98 6302904 6.9154253552E8 232.98 310 0 0 118420 0 0
344700.0 16452 1809806.05 232.98 6319356 6.9335234157E8 232.98 310 0 0 118730 0 0
345600.0 16452 1809808.86 232.98 6335808 6.9516215043E8 232.98 310 0 0 119040 0 0

