# seed = 1, gamma = 0.0, beta = 1.0, dee = 100.0, dcc = 5.0, dec = 150.0, dsc = 20.0, dLocalhost = 0.015, hostBroker = EDGE, numOfCloud = 1, numOfEdge = 1, numOfSmartphone = 300 
#
# The columns have the following meaning: 
# instant[SECONDS] delayCountPartial delaySumPartial[SECONDS] delayMaxPartial[SECONDS] delayCountTot delaySumTot[SECONDS] delayMaxTot[SECONDS] runOnCloudPartial runOnEdgePartial runOnSmartphonePartial runOnCloudTot runOnEdgeTot runOnSmartphoneTot
0.0 0 0.0 0.0 0 0.0 0.0 0 0 0 0 0 0
900.0 16561 2.086812064E7 2625.44 16561 2.086812064E7 2625.44 10 0 300 10 0 300
1800.0 16524 5.049368476E7 4461.75 33085 7.13618054E7 4461.75 10 0 300 20 0 600
2700.0 16452 8.004268972E7 6297.8 49537 1.5140449512E8 6297.8 10 0 300 30 0 900
3600.0 16460 1.0968099949E8 8133.96 65997 2.6108549461E8 8133.96 10 0 300 40 0 1200
4500.0 16560 1.3984548966E8 9970.45 82557 4.0093098426E8 9970.45 10 0 300 50 0 1500
5400.0 16524 1.6932000509E8 11806.51 99081 5.7025098935E8 11806.51 10 0 300 60 0 1800
6300.0 16453 1.9860169982E8 13642.55 115534 7.6885268917E8 13642.55 10 0 300 70 0 2100
7200.0 16452 2.2824357036E8 15479.16 131986 9.9709625953E8 15479.16 10 0 300 80 0 2400
8100.0 16560 2.5878618886E8 17315.21 148546 1.25588244839E9 17315.21 10 0 300 90 0 2700
9000.0 16524 2.8814247608E8 19151.26 165070 1.54402492447E9 19151.26 10 0 300 100 0 3000
9900.0 16452 3.1716521286E8 20987.87 181522 1.86119013733E9 20987.87 10 0 300 110 0 3300
10800.0 16452 3.4680730161E8 22823.92 197974 2.20799743894E9 22823.92 10 0 300 120 0 3600
11700.0 16560 3.7776042415E8 24659.96 214534 2.58575786309E9 24659.96 10 0 300 130 0 3900
12600.0 16524 4.0697132336E8 26496.58 231058 2.99272918645E9 26496.58 10 0 300 140 0 4200
13500.0 16452 4.3572894698E8 28332.63 247510 3.42845813343E9 28332.63 10 0 300 150 0 4500
14400.0 16461 4.6536630877E8 30168.67 263971 3.89382444221E9 30168.67 10 0 300 160 0 4800
15300.0 16560 4.9670199041E8 32005.28 280531 4.39052643262E9 32005.28 10 0 300 170 0 5100
16200.0 16524 5.257986044E8 33841.34 297055 4.91632503702E9 33841.34 10 0 300 180 0 5400
17100.0 16453 5.5428795415E8 35677.38 313508 5.47061299117E9 35677.38 10 0 300 190 0 5700
18000.0 16452 5.8392986293E8 37513.99 329960 6.0545428541E9 37513.99 10 0 300 200 0 6000
18900.0 16560 6.1566235348E8 39350.04 346520 6.67020520758E9 39350.04 10 0 300 210 0 6300
19800.0 16524 6.4462201368E8 41186.09 363044 7.31482722126E9 41186.09 10 0 300 220 0 6600
20700.0 16452 6.7285150544E8 43022.7 379496 7.9876787267E9 43022.7 10 0 300 230 0 6900
21600.0 16452 7.0249359418E8 44858.75 395948 8.69017232088E9 44858.75 10 0 300 240 0 7200
22500.0 16560 7.3461796832E8 46694.79 412508 9.4247902892E9 46694.79 10 0 300 250 0 7500
23400.0 16525 7.6344999358E8 48531.41 429033 1.018824028278E10 48531.41 10 0 300 260 0 7800
24300.0 16452 7.9141523956E8 50367.46 445485 1.097965552234E10 50367.46 10 0 300 270 0 8100
25200.0 16460 8.2105260135E8 52203.51 461945 1.180070812368E10 52203.51 10 0 300 280 0 8400
26100.0 16560 8.5359680577E8 54040.11 478505 1.265430492945E10 54040.11 10 0 300 290 0 8700
27000.0 16524 8.8227815133E8 55876.17 495029 1.353658308077E10 55876.17 10 0 300 300 0 9000
27900.0 16453 9.0997424705E8 57712.22 511482 1.444655732782E10 57712.22 10 0 300 310 0 9300
28800.0 16452 9.3961615583E8 59548.82 527934 1.538617348365E10 59548.82 10 0 300 320 0 9600
29700.0 16560 9.7253853646E8 61384.88 544494 1.635871202012E10 61384.88 10 0 300 330 0 9900
30600.0 16524 1.00110156109E9 63220.93 561018 1.735981358121E10 63220.93 10 0 300 340 0 10200
31500.0 16452 1.02853779882E9 65057.54 577470 1.838835138004E10 65057.54 10 0 300 350 0 10500
32400.0 16452 1.05817988757E9 66893.59 593922 1.944653126761E10 66893.59 10 0 300 360 0 10800
33300.0 16560 1.09149415179E9 68729.63 610482 2.05380254194E10 68729.63 10 0 300 370 0 11100
34200.0 16524 1.11992954154E9 70566.25 627006 2.165795496094E10 70566.25 10 0 300 380 0 11400
35100.0 16452 1.14710153349E9 72402.3 643458 2.280505649442E10 72402.3 10 0 300 390 0 11700
36000.0 16461 1.17673889527E9 74238.34 659919 2.398179538969E10 74238.34 10 0 300 400 0 12000
36900.0 16560 1.210454339E9 76074.95 676479 2.519224972869E10 76074.95 10 0 300 410 0 12300
37800.0 16524 1.23875769955E9 77911.01 693003 2.643100742825E10 77911.01 10 0 300 420 0 12600
38700.0 16453 1.2656605413E9 79747.05 709456 2.769666796954E10 79747.05 10 0 300 430 0 12900
39600.0 16452 1.29530245008E9 81583.66 725908 2.899197041963E10 81583.66 10 0 300 440 0 13200
40500.0 16560 1.32941470276E9 83419.71 742468 3.032138512239E10 83419.71 10 0 300 450 0 13500
41400.0 16524 1.35758111848E9 85255.76 758992 3.167896624088E10 85255.76 10 0 300 460 0 13800
42300.0 16452 1.38422409324E9 87092.37 775444 3.306319033411E10 87092.37 10 0 300 470 0 14100
43200.0 16452 1.41386618198E9 88928.42 791896 3.447705651609E10 88928.42 10 0 300 480 0 14400
44100.0 16560 1.44837031826E9 90764.46 808456 3.592542683435E10 90764.46 10 0 300 490 0 14700
45000.0 16525 1.47640909003E9 92601.08 824981 3.740183592438E10 92601.08 10 0 300 500 0 15000
45900.0 16452 1.50278782806E9 94437.13 841433 3.890462375244E10 94437.13 10 0 300 510 0 15300
46800.0 16460 1.53242518984E9 96273.17 857893 4.043704894228E10 96273.17 10 0 300 520 0 15600
47700.0 16560 1.56734915636E9 98109.78 874453 4.200439809864E10 98109.78 10 0 300 530 0 15900
48600.0 16524 1.59523723925E9 99945.84 890977 4.359963533789E10 99945.84 10 0 300 540 0 16200
49500.0 16453 1.62134683602E9 101781.89 907430 4.522098217391E10 101781.89 10 0 300 550 0 16500
50400.0 16452 1.6509887448E9 103618.49 923882 4.687197091871E10 103618.49 10 0 300 560 0 16800
51300.0 16560 1.68629087853E9 105454.54 940442 4.855826179724E10 105454.54 10 0 300 570 0 17100
52200.0 16524 1.71406066734E9 107290.6 956966 5.027232246458E10 107290.6 10 0 300 580 0 17400
53100.0 16452 1.73991038811E9 109127.2 973418 5.201223285269E10 109127.2 10 0 300 590 0 17700
54000.0 16452 1.76955247685E9 110963.26 989870 5.378178532954E10 110963.26 10 0 300 600 0 18000
54900.0 16560 1.80524650317E9 112799.3 1006430 5.558703183271E10 112799.3 10 0 300 610 0 18300
55800.0 16525 1.83288863898E9 114635.91 1022955 5.74199204717E10 114635.91 10 0 300 620 0 18600
56700.0 16452 1.85847412298E9 116471.97 1039407 5.927839459467E10 116471.97 10 0 300 630 0 18900
57600.0 16460 1.88811148476E9 118308.01 1055867 6.116650607943E10 118308.01 10 0 300 640 0 19200
58500.0 16560 1.92420669059E9 120144.62 1072427 6.309071277002E10 120144.62 10 0 300 650 0 19500
59400.0 16524 1.95171679715E9 121980.68 1088951 6.504242956717E10 121980.68 10 0 300 660 0 19800
60300.0 16453 1.97703313088E9 123816.72 1105404 6.701946269806E10 123816.72 10 0 300 670 0 20100
61200.0 16452 2.00667503967E9 125653.33 1121856 6.902613773772E10 125653.33 10 0 300 680 0 20400
62100.0 16560 2.04316705445E9 127489.38 1138416 7.106930479217E10 127489.38 10 0 300 690 0 20700
63000.0 16524 2.07054021618E9 129325.43 1154940 7.313984500835E10 129325.43 10 0 300 700 0 21000
63900.0 16452 2.09559657225E9 131162.03 1171392 7.52354415806E10 131162.03 10 0 300 710 0 21300
64800.0 16452 2.12523876952E9 132998.09 1187844 7.736068035012E10 132998.09 10 0 300 720 0 21600
65700.0 16560 2.16214131744E9 134834.13 1204404 7.952282166756E10 134834.13 10 0 300 730 0 21900
66600.0 16525 2.18936728143E9 136670.65 1220929 8.171218894899E10 136670.65 10 0 300 740 0 22200
67500.0 16452 2.21415961637E9 138506.8 1237381 8.392634856536E10 138506.8 10 0 300 750 0 22500
68400.0 16452 2.24379774487E9 140342.84 1253833 8.617014631023E10 140342.84 10 0 300 760 0 22800
69300.0 16568 2.28108034431E9 142179.16 1270401 8.845122665454E10 142179.16 10 0 300 770 0 23100
70200.0 16524 2.3081939859E9 144015.5 1286925 9.075942064044E10 144015.5 10 0 300 780 0 23400
71100.0 16452 2.3327193339E9 145851.55 1303377 9.309213997434E10 145851.55 10 0 300 790 0 23700
72000.0 16453 2.36235743054E9 147687.68 1319830 9.545449740489E10 147687.68 10 0 300 800 0 24000
72900.0 16560 2.40003917833E9 149524.2 1336390 9.785453658322E10 149524.2 10 0 300 810 0 24300
73800.0 16524 2.42701964221E9 151360.26 1352914 1.0028155622542E11 151360.26 10 0 300 820 0 24600
74700.0 16452 2.45127831106E9 153196.3 1369366 1.0273283453648E11 153196.3 10 0 300 830 0 24900
75600.0 16452 2.48092021984E9 155032.91 1385818 1.0521375475633E11 155032.91 10 0 300 840 0 25200
76500.0 16560 2.51901736135E9 156868.96 1402378 1.0773277211768E11 156868.96 10 0 300 850 0 25500
77400.0 16524 2.54584306124E9 158705.01 1418902 1.1027861517891E11 158705.01 10 0 300 860 0 25800
78300.0 16452 2.5698418631E9 160541.62 1435354 1.1284845704201E11 160541.62 10 0 300 870 0 26100
79200.0 16452 2.59948395184E9 162377.67 1451806 1.1544794099385E11 162377.67 10 0 300 880 0 26400
80100.0 16569 2.63795434753E9 164213.71 1468375 1.1808589534138E11 164213.71 10 0 300 890 0 26700
81000.0 16524 2.66467190927E9 166050.33 1484899 1.2075056725064E11 166050.33 10 0 300 900 0 27000
81900.0 16452 2.68840559791E9 167886.38 1501351 1.2343897284855E11 167886.38 10 0 300 910 0 27300
82800.0 16453 2.71804295969E9 169722.42 1517804 1.2615701580824E11 169722.42 10 0 300 920 0 27600
83700.0 16560 2.75693318563E9 171559.03 1534364 1.2891394899387E11 171559.03 10 0 300 930 0 27900
84600.0 16524 2.783499191E9 173395.09 1550888 1.3169744818487E11 173395.09 10 0 300 940 0 28200
85500.0 16452 2.80696460576E9 175231.13 1567340 1.3450441279063E11 175231.13 10 0 300 950 0 28500
86400.0 16452 2.83660651454E9 177067.74 1583792 1.3734101930517E11 177067.74 10 0 300 960 0 28800
87300.0 16560 2.87587488969E9 178903.79 1600352 1.4021689419487E11 178903.79 10 0 300 970 0 29100
88200.0 16524 2.90232354825E9 180739.84 1616876 1.4311921774312E11 180739.84 10 0 300 980 0 29400
89100.0 16453 2.92552815775E9 182576.45 1633329 1.4604474590086E11 182576.45 10 0 300 990 0 29700
90000.0 16452 2.95517024649E9 184412.5 1649781 1.4899991614735E11 184412.5 10 0 300 1000 0 30000
90900.0 16568 2.99484916164E9 186248.55 1666349 1.5199476530899E11 186248.55 10 0 300 1010 0 30300
91800.0 16524 3.02115057262E9 188085.16 1682873 1.5501591588161E11 188085.16 10 0 300 1020 0 30600
92700.0 16452 3.04409189261E9 189921.22 1699325 1.5806000777422E11 189921.22 10 0 300 1030 0 30900
93600.0 16453 3.0737292544E9 191757.26 1715778 1.6113373702862E11 191757.26 10 0 300 1040 0 31200
94500.0 16560 3.11379071064E9 193593.86 1732338 1.6424752773926E11 193593.86 10 0 300 1050 0 31500
95400.0 16524 3.13997967807E9 195429.93 1748862 1.6738750741733E11 195429.93 10 0 300 1060 0 31800
96300.0 16452 3.16265090052E9 197265.97 1765314 1.7055015831785E11 197265.97 10 0 300 1070 0 32100
97200.0 16452 3.1922928093E9 199102.58 1781766 1.7374245112716E11 199102.58 10 0 300 1080 0 32400
98100.0 16560 3.23275107451E9 200938.63 1798326 1.7697520220167E11 200938.63 10 0 300 1090 0 32700
99000.0 16524 3.25880214982E9 202774.68 1814850 1.8023400435149E11 202774.68 10 0 300 1100 0 33000
99900.0 16453 3.28121445256E9 204611.29 1831303 1.8351521880405E11 204611.29 10 0 300 1110 0 33300
100800.0 16452 3.3108565413E9 206447.34 1847755 1.8682607534535E11 206447.34 10 0 300 1120 0 33600
101700.0 16568 3.3517066991E9 208283.38 1864323 1.9017778204444E11 208283.38 10 0 300 1130 0 33900
102600.0 16524 3.37763013047E9 210120.0 1880847 1.9355541217491E11 210120.0 10 0 300 1140 0 34200
103500.0 16452 3.39977818743E9 211956.05 1897299 1.9695519036234E11 211956.05 10 0 300 1150 0 34500
104400.0 16453 3.42941554921E9 213792.09 1913752 2.0038460591155E11 213792.09 10 0 300 1160 0 34800
105300.0 16560 3.47066689551E9 215628.7 1930312 2.0385527280706E11 215628.7 10 0 300 1170 0 35100
106200.0 16524 3.49645827964E9 217464.76 1946836 2.073517310867E11 217464.76 10 0 300 1180 0 35400
107100.0 16452 3.51833719534E9 219300.8 1963288 2.1087006828204E11 219300.8 10 0 300 1190 0 35700
108000.0 16452 3.54797910412E9 221137.41 1979740 2.1441804738616E11 221137.41 10 0 300 1200 0 36000
108900.0 16560 3.58962725037E9 222973.46 1996300 2.1800767463653E11 222973.46 10 0 300 1210 0 36300
109800.0 16524 3.61528170772E9 224809.51 2012824 2.2162295634426E11 224809.51 10 0 300 1220 0 36600
110700.0 16453 3.63690074748E9 226646.12 2029277 2.2525985709174E11 226646.12 10 0 300 1230 0 36900
111600.0 16452 3.66654283622E9 228482.17 2045729 2.2892639992797E11 228482.17 10 0 300 1240 0 37200
112500.0 16568 3.70858288407E9 230318.21 2062297 2.3263498281204E11 230318.21 10 0 300 1250 0 37500
113400.0 16524 3.73410967048E9 232154.83 2078821 2.3636909248252E11 232154.83 10 0 300 1260 0 37800
114300.0 16452 3.75546448246E9 233990.88 2095273 2.4012455696498E11 233990.88 10 0 300 1270 0 38100
115200.0 16453 3.78510184424E9 235826.93 2111726 2.4390965880922E11 235826.93 10 0 300 1280 0 38400
116100.0 16560 3.82754305359E9 237663.53 2128286 2.4773720186281E11 237663.53 10 0 300 1290 0 38700
117000.0 16524 3.85293783776E9 239499.59 2144810 2.5159013970057E11 239499.59 10 0 300 1300 0 39000
117900.0 16452 3.87402349048E9 241335.64 2161262 2.5546416319105E11 241335.64 10 0 300 1310 0 39300
118800.0 16452 3.90366539926E9 243172.24 2177714 2.5936782859031E11 243172.24 10 0 300 1320 0 39600
119700.0 16560 3.94650344456E9 245008.3 2194274 2.6331433203487E11 245008.3 10 0 300 1330 0 39900
120600.0 16524 3.9717612479E9 246844.35 2210798 2.6728609328277E11 246844.35 10 0 300 1340 0 40200
121500.0 16453 3.99258704262E9 248680.96 2227251 2.712786803254E11 248680.96 10 0 300 1350 0 40500
122400.0 16452 4.02222913136E9 250517.01 2243703 2.7530090945676E11 250517.01 10 0 300 1360 0 40800
123300.0 16568 4.06545905126E9 252353.05 2260271 2.7936636850802E11 252353.05 10 0 300 1370 0 41100
124200.0 16524 4.09058922866E9 254189.67 2276795 2.8345695773668E11 254189.67 10 0 300 1380 0 41400
125100.0 16452 4.1111507776E9 256025.72 2293247 2.8756810851428E11 256025.72 10 0 300 1390 0 41700
126000.0 16453 4.14078813938E9 257861.76 2309700 2.9170889665366E11 257861.76 10 0 300 1400 0 42000
126900.0 16560 4.18441924778E9 259698.37 2326260 2.9589331590144E11 259698.37 10 0 300 1410 0 42300
127800.0 16524 4.20941738694E9 261534.43 2342784 3.0010273328838E11 261534.43 10 0 300 1420 0 42600
128700.0 16452 4.22970978562E9 263370.47 2359236 3.04332443074E11 263370.47 10 0 300 1430 0 42900
129600.0 16452 4.2593516944E9 265207.08 2375688 3.085917947684E11 265207.08 10 0 300 1440 0 43200
130500.0 16560 4.30337962075E9 267043.13 2392248 3.1289517438915E11 267043.13 10 0 300 1450 0 43500
131400.0 16524 4.32824079707E9 268879.18 2408772 3.1722341518622E11 268879.18 10 0 300 1460 0 43800
132300.0 16453 4.34827322709E9 270715.78 2425225 3.2157168841331E11 270715.78 10 0 300 1470 0 44100
133200.0 16452 4.37791542436E9 272551.84 2441677 3.2594960383768E11 272551.84 10 0 300 1480 0 44400
134100.0 16566 4.42233523645E9 274387.88 2458243 3.3037193907413E11 274387.88 10 0 300 1490 0 44700
135000.0 16526 4.44706771149E9 276224.37 2474769 3.3481900678563E11 276224.37 10 0 300 1500 0 45000
135900.0 16452 4.46683603301E9 278060.55 2491221 3.3928584281864E11 278060.55 10 0 300 1510 0 45300
136800.0 16452 4.49647439821E9 279896.59 2507673 3.4378231721685E11 279896.59 10 0 300 1520 0 45600
137700.0 16561 4.54129270986E9 281732.89 2524234 3.4832360992671E11 281732.89 10 0 300 1530 0 45900
138600.0 16524 4.56589434869E9 283569.25 2540758 3.528895042754E11 283569.25 10 0 300 1540 0 46200
139500.0 16452 4.5853959924E9 285405.3 2557210 3.5747490026781E11 285405.3 10 0 300 1550 0 46500
140400.0 16452 4.6150338843E9 287241.41 2573662 3.6208993415211E11 287241.41 10 0 300 1560 0 46800
141300.0 16560 4.66025151799E9 289077.95 2590222 3.667501856701E11 289077.95 10 0 300 1570 0 47100
142200.0 16524 4.68472024268E9 290914.01 2606746 3.7143490591278E11 290914.01 10 0 300 1580 0 47400
143100.0 16452 4.70395497646E9 292750.05 2623198 3.7613886088923E11 292750.05 10 0 300 1590 0 47700
144000.0 16452 4.73359688524E9 294586.66 2639650 3.8087245777447E11 294586.66 10 0 300 1600 0 48000
144900.0 16560 4.77921129995E9 296422.71 2656210 3.8565166907442E11 296422.71 10 0 300 1610 0 48300
145800.0 16533 4.80354365282E9 298258.76 2672743 3.9045521272724E11 298258.76 10 0 300 1620 0 48600
146700.0 16452 4.8225185286E9 300095.37 2689195 3.9527773125584E11 300095.37 10 0 300 1630 0 48900
147600.0 16452 4.85216061734E9 301931.42 2705647 4.0012989187319E11 301931.42 10 0 300 1640 0 49200
148500.0 16561 4.89816692465E9 303767.46 2722208 4.0502805879783E11 303767.46 10 0 300 1650 0 49500
149400.0 16524 4.92237163357E9 305604.08 2738732 4.099504304314E11 305604.08 10 0 300 1660 0 49800
150300.0 16452 4.94108226358E9 307440.13 2755184 4.1489151269498E11 307440.13 10 0 300 1670 0 50100
151200.0 16452 4.97071962536E9 309276.18 2771636 4.1986223232035E11 309276.18 10 0 300 1680 0 50400
152100.0 16560 5.01712710317E9 311112.78 2788196 4.2487935942351E11 311112.78 10 0 300 1690 0 50700
153000.0 16524 5.04119978291E9 312948.84 2804720 4.2992055920642E11 312948.84 10 0 300 1700 0 51000
153900.0 16453 5.05964127165E9 314784.89 2821173 4.3498020047807E11 314784.89 10 0 300 1710 0 51300
154800.0 16452 5.08928318043E9 316621.49 2837625 4.4006948365851E11 316621.49 10 0 300 1720 0 51600
155700.0 16560 5.1360874762E9 318457.54 2854185 4.452055711347E11 318457.54 10 0 300 1730 0 51900
156600.0 16532 5.1600232111E9 320293.6 2870717 4.503655943458E11 320293.6 10 0 300 1740 0 52200
157500.0 16452 5.1782048238E9 322130.21 2887169 4.555437991696E11 322130.21 10 0 300 1750 0 52500
158400.0 16452 5.20784691254E9 323966.26 2903621 4.6075164608213E11 323966.26 10 0 300 1760 0 52800
159300.0 16561 5.2550617303E9 325802.3 2920182 4.6600670781244E11 325802.3 10 0 300 1770 0 53100
160200.0 16524 5.27885117386E9 327638.92 2936706 4.7128555898629E11 327638.92 10 0 300 1780 0 53400
161100.0 16452 5.29676855877E9 329474.97 2953158 4.7658232754506E11 329474.97 10 0 300 1790 0 53700
162000.0 16452 5.32640592056E9 331311.01 2969610 4.8190873346562E11 331311.01 10 0 300 1800 0 54000
162900.0 16560 5.37400327942E9 333147.62 2986170 4.8728273674503E11 333147.62 10 0 300 1810 0 54300
163800.0 16524 5.39768029731E9 334983.68 3002694 4.9268041704234E11 334983.68 10 0 300 1820 0 54600
164700.0 16452 5.41532756668E9 336819.72 3019146 4.9809574460902E11 336819.72 10 0 300 1830 0 54900
165600.0 16453 5.44496947546E9 338656.33 3035599 5.0354071408449E11 338656.33 10 0 300 1840 0 55200
166500.0 16560 5.49298228169E9 340492.38 3052159 5.0903369636617E11 340492.38 10 0 300 1850 0 55500
167400.0 16532 5.51650276006E9 342328.43 3068691 5.1455019912623E11 342328.43 10 0 300 1860 0 55800
168300.0 16452 5.53389111872E9 344165.04 3085143 5.2008409024495E11 344165.04 10 0 300 1870 0 56100
169200.0 16452 5.56353320746E9 346001.09 3101595 5.2564762345241E11 346001.09 10 0 300 1880 0 56400
170100.0 16561 5.61191926787E9 347837.13 3118156 5.3125954272028E11 347837.13 10 0 300 1890 0 56700
171000.0 16524 5.63533160809E9 349673.75 3134680 5.3689487432837E11 349673.75 10 0 300 1900 0 57000
171900.0 16452 5.65245485359E9 351509.8 3151132 5.4254732918196E11 351509.8 10 0 300 1910 0 57300
172800.0 16452 5.68209221537E9 353345.84 3167584 5.4822942139733E11 353345.84 10 0 300 1920 0 57600
173700.0 16560 5.73087945528E9 355182.45 3184144 5.5396030085261E11 355182.45 10 0 300 1930 0 57900
174600.0 16524 5.75415888988E9 357018.51 3200668 5.5971445974249E11 357018.51 10 0 300 1940 0 58200
175500.0 16452 5.7710138615E9 358854.55 3217120 5.6548547360399E11 358854.55 10 0 300 1950 0 58500
176400.0 16453 5.80065577028E9 360691.16 3233573 5.7128612937426E11 360691.16 10 0 300 1960 0 58800
177300.0 16560 5.84983982815E9 362527.21 3250133 5.7713596920241E11 362527.21 10 0 300 1970 0 59100
178200.0 16532 5.87298230893E9 364363.27 3266665 5.8300895151134E11 364363.27 10 0 300 1980 0 59400
179100.0 16452 5.88957741356E9 366199.87 3283117 5.8889852892491E11 366199.87 10 0 300 1990 0 59700
180000.0 16452 5.91921950231E9 368035.92 3299569 5.9481774842722E11 368035.92 10 0 300 2000 0 60000
180900.0 16561 5.96879546178E9 369871.97 3316130 6.00786543889E11 369871.97 10 0 300 2010 0 60300
181800.0 16524 5.99181028056E9 371708.58 3332654 6.0677835416957E11 371708.58 10 0 300 2020 0 60600
182700.0 16452 6.00814114842E9 373544.64 3349106 6.1278649531798E11 373544.64 10 0 300 2030 0 60900
183600.0 16452 6.03777851022E9 375380.68 3365558 6.188242738282E11 375380.68 10 0 300 2040 0 61200
184500.0 16560 6.08775562219E9 377217.29 3382118 6.2491202945039E11 377217.29 10 0 300 2050 0 61500
185400.0 16524 6.11063843872E9 379053.35 3398642 6.3102266788911E11 379053.35 10 0 300 2060 0 61800
186300.0 16452 6.12670015632E9 380889.39 3415094 6.3714936804543E11 380889.39 10 0 300 2070 0 62100
187200.0 16453 6.15634206511E9 382726.0 3431547 6.4330571011054E11 382726.0 10 0 300 2080 0 62400
188100.0 16560 6.20671601304E9 384562.05 3448107 6.4951242612358E11 384562.05 10 0 300 2090 0 62700
189000.0 16532 6.22946185774E9 386398.1 3464639 6.5574188798132E11 386398.1 10 0 300 2100 0 63000
189900.0 16452 6.24526370835E9 388234.71 3481091 6.6198715168967E11 388234.71 10 0 300 2110 0 63300
190800.0 16452 6.2749057971E9 390070.76 3497543 6.6826205748676E11 390070.76 10 0 300 2120 0 63600
191700.0 16561 6.32567162862E9 391906.8 3514104 6.7458772911538E11 391906.8 10 0 300 2130 0 63900
192600.0 16524 6.34828982938E9 393743.42 3530628 6.8093601894476E11 393743.42 10 0 300 2140 0 64200
193500.0 16452 6.3638274432E9 395579.47 3547080 6.8729984638796E11 395579.47 10 0 300 2150 0 64500
194400.0 16452 6.393464805E9 397415.51 3563532 6.9369331119296E11 397415.51 10 0 300 2160 0 64800
195300.0 16560 6.44463180702E9 399252.12 3580092 7.0013794299998E11 399252.12 10 0 300 2170 0 65100
196200.0 16524 6.46711798754E9 401088.18 3596616 7.0660506098752E11 401088.18 10 0 300 2180 0 65400
197100.0 16452 6.4823864511E9 402924.22 3613068 7.1308744743862E11 402924.22 10 0 300 2190 0 65700
198000.0 16452 6.51202830238E9 404760.83 3629520 7.1959947574101E11 404760.83 10 0 300 2200 0 66000
198900.0 16560 6.56359217876E9 406596.88 3646080 7.2616306791977E11 406596.88 10 0 300 2210 0 66300
199800.0 16531 6.58594140656E9 408432.93 3662611 7.3274900932633E11 408432.93 10 0 300 2220 0 66600
200700.0 16454 6.60094989246E9 410269.54 3679065 7.3934995921879E11 410269.54 10 0 300 2230 0 66900
201600.0 16452 6.63059208974E9 412105.59 3695517 7.4598055130853E11 412105.59 10 0 300 2240 0 67200
202500.0 16561 6.68254781345E9 413941.64 3712078 7.5266309912198E11 413941.64 10 0 300 2250 0 67500
203400.0 16524 6.70476800738E9 415778.09 3728602 7.5936786712936E11 415778.09 10 0 300 2260 0 67800
204300.0 16452 6.71951245222E9 417614.3 3745054 7.6608737958157E11 417614.3 10 0 300 2270 0 68100
205200.0 16452 6.74915105819E9 419450.34 3761506 7.7283653063976E11 419450.34 10 0 300 2280 0 68400
206100.0 16560 6.801505065E9 421286.61 3778066 7.7963803570476E11 421286.61 10 0 300 2290 0 68700
207000.0 16524 6.82359470748E9 423123.0 3794590 7.8646163041224E11 423123.0 10 0 300 2300 0 69000
207900.0 16452 6.83807266013E9 424959.05 3811042 7.9329970307236E11 424959.05 10 0 300 2310 0 69300
208800.0 16453 6.8677102931E9 426795.13 3827495 8.0016741336546E11 426795.13 10 0 300 2320 0 69600
209700.0 16560 6.92046382705E9 428631.7 3844055 8.0708787719251E11 428631.7 10 0 300 2330 0 69900
210600.0 16524 6.94242085725E9 430467.76 3860579 8.1403029804975E11 430467.76 10 0 300 2340 0 70200
211500.0 16460 6.95663178087E9 432303.8 3877039 8.2098692983063E11 432303.8 10 0 300 2350 0 70500
212400.0 16452 6.98627356467E9 434140.41 3893491 8.2797320339529E11 434140.41 10 0 300 2360 0 70800
213300.0 16560 7.03942386404E9 435976.46 3910051 8.3501262725934E11 435976.46 10 0 300 2370 0 71100
214200.0 16525 7.06124427605E9 437812.52 3926576 8.4207387153539E11 437812.52 10 0 300 2380 0 71400
215100.0 16452 7.07519520769E9 439649.12 3943028 8.4914906674308E11 439649.12 10 0 300 2390 0 71700
216000.0 16452 7.10483729644E9 441485.17 3959480 8.5625390403951E11 441485.17 10 0 300 2400 0 72000
216900.0 16560 7.15837951541E9 443321.22 3976040 8.6341228355492E11 443321.22 10 0 300 2410 0 72300
217800.0 16524 7.18007224747E9 445157.83 3992564 8.7059235580239E11 445157.83 10 0 300 2420 0 72600
218700.0 16452 7.19375894232E9 446993.89 4009016 8.7778611474471E11 446993.89 10 0 300 2430 0 72900
219600.0 16453 7.22339630412E9 448829.93 4025469 8.8500951104884E11 448829.93 10 0 300 2440 0 73200
220500.0 16560 7.27733968459E9 450666.54 4042029 8.9228685073343E11 450666.54 10 0 300 2450 0 73500
221400.0 16524 7.29890040541E9 452502.6 4058553 8.9958575113884E11 452502.6 10 0 300 2460 0 73800
222300.0 16460 7.31231794996E9 454338.64 4075013 9.068980690888E11 454338.64 10 0 300 2470 0 74100
223200.0 16452 7.34195985875E9 456175.25 4091465 9.1424002894755E11 456175.25 10 0 300 2480 0 74400
224100.0 16560 7.39630005717E9 458011.3 4108025 9.2163632900472E11 458011.3 10 0 300 2490 0 74700
225000.0 16525 7.41772382416E9 459847.35 4124550 9.2905405282888E11 459847.35 10 0 300 2500 0 75000
225900.0 16452 7.43088150171E9 461683.96 4141002 9.364849343306E11 461683.96 10 0 300 2510 0 75300
226800.0 16452 7.46052359046E9 463520.01 4157454 9.4394545792106E11 463520.01 10 0 300 2520 0 75600
227700.0 16560 7.51525567248E9 465356.05 4174014 9.5146071359354E11 465356.05 10 0 300 2530 0 75900
228600.0 16524 7.53655179553E9 467192.67 4190538 9.5899726538907E11 467192.67 10 0 300 2540 0 76200
229500.0 16452 7.5494452363E9 469028.72 4206990 9.6654671062537E11 469028.72 10 0 300 2550 0 76500
230400.0 16452 7.57908259809E9 470864.76 4223442 9.7412579322346E11 470864.76 10 0 300 2560 0 76800
231300.0 16560 7.63421586861E9 472701.37 4240002 9.8176000909207E11 472701.37 10 0 300 2570 0 77100
232200.0 16524 7.65537995342E9 474537.43 4256526 9.8941538904549E11 474537.43 10 0 300 2580 0 77400
233100.0 16461 7.66800424393E9 476373.47 4272987 9.9708339328942E11 476373.47 10 0 300 2590 0 77700
234000.0 16452 7.69764615272E9 478210.08 4289439 1.00478103944214E12 478210.08 10 0 300 2600 0 78000
234900.0 16560 7.75317622319E9 480046.13 4305999 1.01253421566533E12 480046.13 10 0 300 2610 0 78300
235800.0 16525 7.77420337217E9 481882.18 4322524 1.0203084190375E12 481882.18 10 0 300 2620 0 78600
236700.0 16452 7.78656779568E9 483718.79 4338976 1.02809498683318E12 483718.79 10 0 300 2630 0 78900
237600.0 16452 7.81620988443E9 485554.84 4355428 1.03591119671762E12 485554.84 10 0 300 2640 0 79200
238500.0 16560 7.8721318565E9 487390.89 4371988 1.04378332857412E12 487390.89 10 0 300 2650 0 79500
239400.0 16524 7.89303134353E9 489227.5 4388512 1.05167635991765E12 489227.5 10 0 300 2660 0 79800
240300.0 16452 7.90513153027E9 491063.55 4404964 1.05958149144792E12 491063.55 10 0 300 2670 0 80100
241200.0 16452 7.93476889207E9 492899.6 4421416 1.06751626033999E12 492899.6 10 0 300 2680 0 80400
242100.0 16561 7.99109203463E9 494736.2 4437977 1.07550735237462E12 494736.2 10 0 300 2690 0 80700
243000.0 16524 8.01185950142E9 496572.26 4454501 1.08351921187604E12 496572.26 10 0 300 2700 0 81000
243900.0 16460 8.0236905379E9 498408.31 4470961 1.09154290241394E12 498408.31 10 0 300 2710 0 81300
244800.0 16452 8.05333244669E9 500244.92 4487413 1.09959623486064E12 500244.92 10 0 300 2720 0 81600
245700.0 16560 8.11005240721E9 502080.97 4503973 1.10770628726785E12 502080.97 10 0 300 2730 0 81900
246600.0 16525 8.13068292017E9 503917.02 4520498 1.11583697018802E12 503917.02 10 0 300 2740 0 82200
247500.0 16452 8.14225408966E9 505753.63 4536950 1.12397922427768E12 505753.63 10 0 300 2750 0 82500
248400.0 16452 8.17189617841E9 507589.68 4553402 1.13215112045608E12 507589.68 10 0 300 2760 0 82800
249300.0 16560 8.22900803148E9 509425.72 4569962 1.14038012848756E12 509425.72 10 0 300 2770 0 83100
250200.0 16524 8.24951089148E9 511262.34 4586486 1.14862963937904E12 511262.34 10 0 300 2780 0 83400
251100.0 16452 8.26081782419E9 513098.39 4602938 1.15689045720323E12 513098.39 10 0 300 2790 0 83700
252000.0 16452 8.29045518598E9 514934.43 4619390 1.16518091238921E12 514934.43 10 0 300 2800 0 84000
252900.0 16560 8.3479682096E9 516771.04 4635950 1.17352888059882E12 516771.04 10 0 300 2810 0 84300
253800.0 16524 8.36833904937E9 518607.1 4652474 1.18189721964819E12 518607.1 10 0 300 2820 0 84600
254700.0 16461 8.37937683182E9 520443.14 4668935 1.19027659648001E12 520443.14 10 0 300 2830 0 84900
255600.0 16452 8.40901874061E9 522279.75 4685387 1.19868561522062E12 522279.75 10 0 300 2840 0 85200
256500.0 16560 8.46692858214E9 524115.8 4701947 1.20715254380275E12 524115.8 10 0 300 2850 0 85500
257400.0 16525 8.48716246812E9 525951.85 4718472 1.21563970627087E12 525951.85 10 0 300 2860 0 85800
258300.0 16452 8.49794038357E9 527788.46 4734924 1.22413764665445E12 527788.46 10 0 300 2870 0 86100
259200.0 16452 8.52758247232E9 529624.51 4751376 1.23266522912677E12 529624.51 10 0 300 2880 0 86400
260100.0 16560 8.58588419745E9 531460.55 4767936 1.24125111332422E12 531460.55 10 0 300 2890 0 86700
261000.0 16524 8.60599043938E9 533297.17 4784460 1.2498571037636E12 533297.17 10 0 300 2900 0 87000
261900.0 16452 8.61650411805E9 535133.22 4800912 1.25847360788165E12 535133.22 10 0 300 2910 0 87300
262800.0 16452 8.64614147985E9 536969.26 4817364 1.2671197493615E12 536969.26 10 0 300 2920 0 87600
263700.0 16561 8.70486303525E9 538805.87 4833925 1.27582461239675E12 538805.87 10 0 300 2930 0 87900
264600.0 16524 8.72481859722E9 540641.93 4850449 1.28454943099397E12 540641.93 10 0 300 2940 0 88200
265500.0 16457 8.73506312563E9 542477.98 4866906 1.2932844941196E12 542477.98 10 0 300 2950 0 88500
266400.0 16455 8.76470497691E9 544314.58 4883361 1.3020491990965E12 544314.58 10 0 300 2960 0 88800
267300.0 16560 8.82380474689E9 546150.63 4899921 1.31087300384339E12 546150.63 10 0 300 2970 0 89100
268200.0 16525 8.84364297235E9 547986.69 4916446 1.31971664681574E12 547986.69 10 0 300 2980 0 89400
269100.0 16452 8.85362648984E9 549823.28 4932898 1.32857027330558E12 549823.28 10 0 300 2990 0 89700
270000.0 16452 8.8832687627E9 551659.35 4949350 1.33745354206828E12 551659.35 10 0 300 3000 0 90000
270900.0 16560 8.94277902886E9 553495.39 4965910 1.34639632109714E12 553495.39 10 0 300 3010 0 90300
271800.0 16524 8.96246841044E9 555331.82 4982434 1.35535878950758E12 555331.82 10 0 300 3020 0 90600
272700.0 16452 8.97218890544E9 557168.05 4998886 1.36433097841302E12 557168.05 10 0 300 3030 0 90900
273600.0 16452 9.00182772288E9 559004.1 5015338 1.3733328061359E12 559004.1 10 0 300 3040 0 91200
274500.0 16560 9.06171738808E9 560840.33 5031898 1.38239452352398E12 560840.33 10 0 300 3050 0 91500
275400.0 16524 9.08129594631E9 562676.76 5048422 1.39147581947029E12 562676.76 10 0 300 3060 0 91800
276300.0 16452 9.09074933355E9 564512.8 5064874 1.40056656880384E12 564512.8 10 0 300 3070 0 92100
277200.0 16461 9.12038669535E9 566348.85 5081335 1.40968695549919E12 566348.85 10 0 300 3080 0 92400
278100.0 16560 9.18067611545E9 568185.45 5097895 1.41886763161464E12 568185.45 10 0 300 3090 0 92700
279000.0 16524 9.20012146883E9 570021.52 5114419 1.42806775308347E12 570021.52 10 0 300 3100 0 93000
279900.0 16453 9.20930835612E9 571857.56 5130872 1.43727706143959E12 571857.56 10 0 300 3110 0 93300
280800.0 16452 9.23895025008E9 573694.17 5147324 1.44651601168967E12 573694.17 10 0 300 3120 0 93600
281700.0 16560 9.29965509954E9 575530.22 5163884 1.45581566678922E12 575530.22 10 0 300 3130 0 93900
282600.0 16524 9.31894489669E9 577366.27 5180408 1.46513461168591E12 577366.27 10 0 300 3140 0 94200
283500.0 16452 9.32787189315E9 579202.88 5196860 1.47446248357906E12 579202.88 10 0 300 3150 0 94500
284400.0 16452 9.3575139819E9 581038.93 5213312 1.48381999756096E12 581038.93 10 0 300 3160 0 94800
285300.0 16561 9.41859209451E9 582874.97 5229873 1.49323858965548E12 582874.97 10 0 300 3170 0 95100
286200.0 16524 9.4377737446E9 584711.59 5246397 1.50267636340008E12 584711.59 10 0 300 3180 0 95400
287100.0 16452 9.4464356279E9 586547.64 5262849 1.51212279902798E12 586547.64 10 0 300 3190 0 95700
288000.0 16460 9.4760729897E9 588383.68 5279309 1.52159887201768E12 588383.68 10 0 300 3200 0 96000
288900.0 16560 9.53757093259E9 590220.29 5295869 1.53113644295026E12 590220.29 10 0 300 3210 0 96300
289800.0 16524 9.55660102632E9 592056.35 5312393 1.54069304397658E12 592056.35 10 0 300 3220 0 96600
290700.0 16453 9.56499463575E9 593892.39 5328846 1.55025803861233E12 593892.39 10 0 300 3230 0 96900
291600.0 16452 9.59463654454E9 595729.0 5345298 1.55985267515687E12 595729.0 10 0 300 3240 0 97200
292500.0 16560 9.6565126456E9 597565.05 5361858 1.56950918780247E12 597565.05 10 0 300 3250 0 97500
293400.0 16524 9.67542540157E9 599401.1 5378382 1.57918461320404E12 599401.1 10 0 300 3260 0 97800
294300.0 16452 9.68355818772E9 601237.71 5394834 1.58886817139176E12 601237.71 10 0 300 3270 0 98100
295200.0 16452 9.71320027647E9 603073.76 5411286 1.59858137166823E12 603073.76 10 0 300 3280 0 98400
296100.0 16560 9.77546826113E9 604909.8 5427846 1.60835683992936E12 604909.8 10 0 300 3290 0 98700
297000.0 16525 9.79425244997E9 606746.42 5444371 1.61815109237934E12 606746.42 10 0 300 3300 0 99000
297900.0 16452 9.80212192252E9 608582.47 5460823 1.62795321430186E12 608582.47 10 0 300 3310 0 99300
298800.0 16460 9.83175928432E9 610418.52 5477283 1.63778497358618E12 610418.52 10 0 300 3320 0 99600
299700.0 16560 9.89442845752E9 612255.12 5493843 1.6476794020437E12 612255.12 10 0 300 3330 0 99900
300600.0 16524 9.91308057497E9 614091.18 5510367 1.65759248261867E12 614091.18 10 0 300 3340 0 100200
301500.0 16453 9.92068093037E9 615927.23 5526820 1.66751316354904E12 615927.23 10 0 300 3350 0 100500
302400.0 16452 9.95032283916E9 617763.83 5543272 1.6774634863882E12 617763.83 10 0 300 3360 0 100800
303300.0 16560 1.001338880331E10 619599.89 5559832 1.68747687519152E12 619599.89 10 0 300 3370 0 101100
304200.0 16524 1.0031903985E10 621435.94 5576356 1.69750877917651E12 621435.94 10 0 300 3380 0 101400
305100.0 16452 1.00392444824E10 623272.55 5592808 1.70754802365891E12 623272.55 10 0 300 3390 0 101700
306000.0 16452 1.006888657114E10 625108.6 5609260 1.71761691023005E12 625108.6 10 0 300 3400 0 102000
306900.0 16560 1.01323444459E10 626944.64 5625820 1.72774925467595E12 626944.64 10 0 300 3410 0 102300
307800.0 16525 1.015073196569E10 628781.26 5642345 1.73789998664163E12 628781.26 10 0 300 3420 0 102600
308700.0 16452 1.01578082173E10 630617.31 5658797 1.74805779485894E12 630617.31 10 0 300 3430 0 102900
309600.0 16460 1.01874455791E10 632453.35 5675257 1.75824524043804E12 632453.35 10 0 300 3440 0 103200
310500.0 16560 1.025130463339E10 634289.96 5691817 1.76849654507143E12 634289.96 10 0 300 3450 0 103500
311400.0 16524 1.026956011495E10 636126.02 5708341 1.77876610518639E12 636126.02 10 0 300 3460 0 103800
312300.0 16453 1.027636722532E10 637962.06 5724794 1.7890424724117E12 637962.06 10 0 300 3470 0 104100
313200.0 16452 1.030600913411E10 639798.67 5741246 1.79934848154581E12 639798.67 10 0 300 3480 0 104400
314100.0 16560 1.037026497909E10 641634.72 5757806 1.8097187465249E12 641634.72 10 0 300 3490 0 104700
315000.0 16524 1.038838354308E10 643470.77 5774330 1.82010713006799E12 643470.77 10 0 300 3500 0 105000
315900.0 16452 1.039493077745E10 645307.38 5790782 1.83050206084543E12 645307.38 10 0 300 3510 0 105300
316800.0 16452 1.04245728662E10 647143.43 5807234 1.84092663371163E12 647143.43 10 0 300 3520 0 105600
317700.0 16560 1.048922062178E10 648979.47 5823794 1.85141585433342E12 648979.47 10 0 300 3530 0 105900
318600.0 16525 1.050721239126E10 650816.09 5840319 1.86192306672468E12 650816.09 10 0 300 3540 0 106200
319500.0 16452 1.051349451246E10 652652.14 5856771 1.87243656123714E12 652652.14 10 0 300 3550 0 106500
320400.0 16460 1.054313187426E10 654488.18 5873231 1.88297969311141E12 654488.18 10 0 300 3560 0 106800
321300.0 16560 1.060818079161E10 656324.79 5889791 1.89358787390301E12 656324.79 10 0 300 3570 0 107100
322200.0 16524 1.06260396732E10 658160.85 5906315 1.90421391357622E12 658160.85 10 0 300 3580 0 107400
323100.0 16453 1.063205352053E10 659996.9 5922768 1.91484596709675E12 659996.9 10 0 300 3590 0 107700
324000.0 16452 1.066169542932E10 661833.5 5939220 1.92550766252607E12 661833.5 10 0 300 3600 0 108000
324900.0 16560 1.072714117336E10 663669.55 5955780 1.93623480369943E12 663669.55 10 0 300 3610 0 108300
325800.0 16524 1.074486308344E10 665505.61 5972304 1.94697966678287E12 665505.61 10 0 300 3620 0 108600
326700.0 16452 1.075061707277E10 667342.21 5988756 1.95773028385564E12 667342.21 10 0 300 3630 0 108900
327600.0 16452 1.078025916152E10 669178.27 6005208 1.96851054301716E12 669178.27 10 0 300 3640 0 109200
328500.0 16560 1.084609677116E10 671014.31 6021768 1.97935663978832E12 671014.31 10 0 300 3650 0 109500
329400.0 16525 1.086369105529E10 672850.92 6038293 1.99022033084362E12 672850.92 10 0 300 3660 0 109800
330300.0 16452 1.086918080784E10 674686.98 6054745 2.00108951165146E12 674686.98 10 0 300 3670 0 110100
331200.0 16460 1.089881816964E10 676523.02 6071205 2.0119883298211E12 676523.02 10 0 300 3680 0 110400
332100.0 16560 1.096507562773E10 678359.63 6087765 2.02295340544884E12 678359.63 10 0 300 3690 0 110700
333000.0 16524 1.098252016995E10 680195.69 6104289 2.03393592561878E12 680195.69 10 0 300 3700 0 111000
333900.0 16453 1.098773981596E10 682031.73 6120742 2.04492366543475E12 682031.73 10 0 300 3710 0 111300
334800.0 16452 1.1017381636E10 683868.33 6137194 2.05594104707074E12 683868.33 10 0 300 3720 0 111600
335700.0 16560 1.108401733905E10 685704.39 6153754 2.06702506440979E12 685704.39 10 0 300 3730 0 111900
336600.0 16524 1.110134264191E10 687540.44 6170278 2.0781264070517E12 687540.44 10 0 300 3740 0 112200
337500.0 16452 1.110630298711E10 689377.01 6186730 2.08923271003881E12 689377.01 10 0 300 3750 0 112500
338400.0 16452 1.113594522081E10 691213.1 6203182 2.10036865525961E12 691213.1 10 0 300 3760 0 112800
339300.0 16560 1.120297294536E10 693049.14 6219742 2.11157162820498E12 693049.14 10 0 300 3770 0 113100
340200.0 16525 1.122016962058E10 694885.54 6236267 2.12279179782555E12 694885.54 10 0 300 3780 0 113400
341100.0 16452 1.12248653875E10 696721.8 6252719 2.13401666321305E12 696721.8 10 0 300 3790 0 113700
342000.0 16452 1.125450440214E10 698557.85 6269171 2.14527116761519E12 698557.85 10 0 300 3800 0 114000
342900.0 16568 1.132194842615E10 700394.06 6285739 2.15659311604134E12 700394.06 10 0 300 3810 0 114300
343800.0 16524 1.133899541257E10 702230.51 6302263 2.16793211145391E12 702230.51 10 0 300 3820 0 114600
344700.0 16452 1.13434260159E10 704066.56 6318715 2.17927553746981E12 704066.56 10 0 300 3830 0 114900
345600.0 16453 1.137306342286E10 705902.6 6335168 2.19064860089267E12 705902.6 10 0 300 3840 0 115200

