# seed = 1, gamma = 1.0, beta = 1.0, dee = 10.0, dcc = 50.0, dec = 15.0, dsc = 1000.0, dLocalhost = 0.015, hostBroker = EDGE, numOfCloud = 1, numOfEdge = 1, numOfSmartphone = 300 
#
# The columns have the following meaning: 
# instant[SECONDS] delayCountPartial delaySumPartial[SECONDS] delayMaxPartial[SECONDS] delayCountTot delaySumTot[SECONDS] delayMaxTot[SECONDS] runOnCloudPartial runOnEdgePartial runOnSmartphonePartial runOnCloudTot runOnEdgeTot runOnSmartphoneTot
0.0 0 0.0 0.0 0 0.0 0.0 0 0 0 0 0 0
900.0 16560 1.2450309796E8 15381.71 16560 1.2450309796E8 15381.71 0 10 300 0 10 300
1800.0 16524 3.64117597E8 30228.43 33084 4.8862069496E8 30228.43 0 10 300 0 20 600
2700.0 16452 6.0308596495E8 45074.64 49536 1.09170665991E9 45074.64 0 10 300 0 30 900
3600.0 16452 8.427318648E8 59920.85 65988 1.93443852471E9 59920.85 0 10 300 0 40 1200
4500.0 16561 1.08641611732E9 74767.06 82549 3.02085464202E9 74767.06 0 10 300 0 50 1500
5400.0 16524 1.32485522419E9 89613.27 99073 4.34570986622E9 89613.27 0 10 300 0 60 1800
6300.0 16452 1.56167600187E9 104459.48 115525 5.90738586809E9 104459.48 0 10 300 0 70 2100
7200.0 16452 1.80132190172E9 119305.69 131977 7.70870776981E9 119305.69 0 10 300 0 80 2400
8100.0 16560 2.04810539394E9 134151.89 148537 9.75681316375E9 134151.89 0 10 300 0 90 2700
9000.0 16524 2.28557763118E9 148998.11 165061 1.204239079494E10 148998.11 0 10 300 0 100 3000
9900.0 16452 2.52026603906E9 163844.32 181513 1.456265683399E10 163844.32 0 10 300 0 110 3300
10800.0 16452 2.75991193891E9 178690.52 197965 1.73225687729E10 178690.52 0 10 300 0 120 3600
11700.0 16560 3.01000958011E9 193536.73 214525 2.033257835301E10 193536.73 0 10 300 0 130 3900
12600.0 16524 3.24631100681E9 208382.95 231049 2.357888935982E10 208382.95 0 10 300 0 140 4200
13500.0 16452 3.47885607624E9 223229.15 247501 2.705774543606E10 223229.15 0 10 300 0 150 4500
14400.0 16452 3.71850197609E9 238075.36 263953 3.077624741215E10 238075.36 0 10 300 0 160 4800
15300.0 16560 3.97169902168E9 252921.57 280513 3.474794643383E10 252921.57 0 10 300 0 170 5100
16200.0 16530 4.2070334138E9 267767.78 297043 3.895497984763E10 267767.78 0 10 300 0 180 5400
17100.0 16454 4.43745026515E9 282614.46 313497 4.339243011278E10 282614.46 0 10 300 0 190 5700
18000.0 16452 4.67710044307E9 297460.77 329949 4.806953055585E10 297460.77 0 10 300 0 200 6000
18900.0 16560 4.93350510641E9 312306.98 346509 5.300303566227E10 312306.98 0 10 300 0 210 6300
19800.0 16524 5.16777055217E9 327153.19 363033 5.817080621444E10 327153.19 0 10 300 0 220 6600
20700.0 16452 5.39604538606E9 341999.4 379485 6.35668516005E10 341999.4 0 10 300 0 230 6900
21600.0 16452 5.63569128591E9 356845.61 395937 6.920254288641E10 356845.61 0 10 300 0 240 7200
22500.0 16560 5.89530191579E9 371691.81 412497 7.50978448022E10 371691.81 0 10 300 0 250 7500
23400.0 16524 6.12849845248E9 386538.03 429021 8.122634325468E10 386538.03 0 10 300 0 260 7800
24300.0 16452 6.35463542324E9 401384.24 445473 8.758097867792E10 401384.24 0 10 300 0 270 8100
25200.0 16452 6.59428132309E9 416230.44 461925 9.417526000101E10 416230.44 0 10 300 0 280 8400
26100.0 16560 6.85720613795E9 431076.65 478485 1.0103246613896E11 431076.65 0 10 300 0 290 8700
27000.0 16524 7.08922634411E9 445922.87 495009 1.0812169248307E11 445922.87 0 10 300 0 300 9000
27900.0 16452 7.31322546075E9 460769.07 511461 1.1543491794382E11 460769.07 0 10 300 0 310 9300
28800.0 16452 7.5528713606E9 475615.28 527913 1.2298778930441E11 475615.28 0 10 300 0 320 9600
29700.0 16560 7.8188955709E9 490461.49 544473 1.3080668487532E11 490461.49 0 10 300 0 330 9900
30600.0 16524 8.0499542269E9 505307.7 560997 1.3885663910222E11 505307.7 0 10 300 0 340 10200
31500.0 16453 8.27181549842E9 520153.91 577450 1.4712845460064E11 520153.91 0 10 300 0 350 10500
32400.0 16452 8.51146198625E9 535000.19 593902 1.556399165869E11 535000.19 0 10 300 0 360 10800
33300.0 16560 8.78069722177E9 549846.89 610462 1.6442061380867E11 549846.89 0 10 300 0 370 11100
34200.0 16524 9.01069139554E9 564693.11 626986 1.734313052042E11 564693.11 0 10 300 0 380 11400
35100.0 16452 9.23041478331E9 579539.32 643438 1.8266171998751E11 579539.32 0 10 300 0 390 11700
36000.0 16452 9.47006068317E9 594385.53 659890 1.9213178067068E11 594385.53 0 10 300 0 400 12000
36900.0 16560 9.74249847781E9 609231.73 676450 2.018742791485E11 609231.73 0 10 300 0 410 12300
37800.0 16524 9.9714192875E9 624077.95 692974 2.1184569843599E11 624077.95 0 10 300 0 420 12600
38700.0 16452 1.01890048212E10 638924.16 709426 2.2203470325719E11 638924.16 0 10 300 0 430 12900
39600.0 16452 1.042865072106E10 653770.36 725878 2.3246335397825E11 653770.36 0 10 300 0 440 13200
40500.0 16560 1.07042952969E10 668616.57 742438 2.4316764927515E11 668616.57 0 10 300 0 450 13500
41400.0 16524 1.093214717952E10 683462.79 758962 2.5409979645466E11 683462.79 0 10 300 0 460 13800
42300.0 16452 1.114759485908E10 698308.99 775414 2.6524739131374E11 698308.99 0 10 300 0 470 14100
43200.0 16452 1.138724075895E10 713155.2 791866 2.7663463207269E11 713155.2 0 10 300 0 480 14400
44100.0 16560 1.166609210698E10 728001.41 808426 2.8830072417967E11 728001.41 0 10 300 0 490 14700
45000.0 16524 1.189287507153E10 742847.62 824950 3.0019359925121E11 742847.62 0 10 300 0 500 15000
45900.0 16452 1.210618489703E10 757693.83 841402 3.1229978414823E11 757693.83 0 10 300 0 510 15300
46800.0 16452 1.234583079689E10 772540.04 857854 3.2464561494512E11 772540.04 0 10 300 0 520 15600
47700.0 16560 1.262799632987E10 787386.24 874414 3.3727361127499E11 787386.24 0 10 300 0 530 15900
48600.0 16524 1.285360649037E10 802232.93 890938 3.5012721776536E11 802232.93 0 10 300 0 540 16200
49500.0 16452 1.306478341949E10 817079.24 907390 3.6319200118485E11 817079.24 0 10 300 0 550 16500
50400.0 16452 1.330443007131E10 831925.45 923842 3.7649643125616E11 831925.45 0 10 300 0 560 16800
51300.0 16560 1.358969502163E10 846771.65 940402 3.9008612627779E11 846771.65 0 10 300 0 570 17100
52200.0 16524 1.381434011286E10 861617.87 956926 4.0390046639065E11 861617.87 0 10 300 0 580 17400
53100.0 16452 1.40233742095E10 876464.08 973378 4.1792384060015E11 876464.08 0 10 300 0 590 17700
54000.0 16452 1.426302010936E10 891310.28 989830 4.3218686070951E11 891310.28 0 10 300 0 600 18000
54900.0 16560 1.455149184088E10 906156.49 1006390 4.4673835255039E11 906156.49 0 10 300 0 610 18300
55800.0 16524 1.477506800499E10 921002.71 1022914 4.6151342055537E11 921002.71 0 10 300 0 620 18600
56700.0 16452 1.498196424749E10 935848.91 1039366 4.7649538480287E11 935848.91 0 10 300 0 630 18900
57600.0 16452 1.522161014736E10 950695.12 1055818 4.9171699495022E11 950695.12 0 10 300 0 640 19200
58500.0 16560 1.551328866007E10 965541.33 1072378 5.0723028361029E11 965541.33 0 10 300 0 650 19500
59400.0 16524 1.573579589711E10 980387.54 1088902 5.229660795074E11 980387.54 0 10 300 0 660 19800
60300.0 16452 1.594055428549E10 995233.75 1105354 5.3890663379289E11 995233.75 0 10 300 0 670 20100
61200.0 16452 1.618020018535E10 1010079.96 1121806 5.5508683397824E11 1010079.96 0 10 300 0 680 20400
62100.0 16560 1.647508547926E10 1024926.16 1138366 5.715619194575E11 1024926.16 0 10 300 0 690 20700
63000.0 16524 1.669652378924E10 1039772.38 1154890 5.8825844324675E11 1039772.38 0 10 300 0 700 21000
63900.0 16452 1.689914496725E10 1054618.67 1171342 6.05157588214E11 1054618.67 0 10 300 0 710 21300
64800.0 16452 1.713879540374E10 1069465.36 1187794 6.2229638361774E11 1069465.36 0 10 300 0 720 21600
65700.0 16560 1.743699897022E10 1084311.57 1204354 6.3973338258796E11 1084311.57 0 10 300 0 730 21900
66600.0 16524 1.765726094808E10 1099157.79 1220878 6.5739064353603E11 1099157.79 0 10 300 0 740 22200
67500.0 16452 1.785774360757E10 1114004.0 1237330 6.752483871436E11 1114004.0 0 10 300 0 750 22500
68400.0 16452 1.809738950744E10 1128850.2 1253782 6.9334577665104E11 1128850.2 0 10 300 0 760 22800
69300.0 16560 1.839868838567E10 1143696.41 1270342 7.1174446503671E11 1143696.41 0 10 300 0 770 23100
70200.0 16524 1.861798883121E10 1158542.63 1286866 7.3036245386792E11 1158542.63 0 10 300 0 780 23400
71100.0 16452 1.881633364557E10 1173388.83 1303318 7.4917878751349E11 1173388.83 0 10 300 0 790 23700
72000.0 16452 1.905597954544E10 1188235.04 1319770 7.6823476705893E11 1188235.04 0 10 300 0 800 24000
72900.0 16560 1.936048521386E10 1203081.25 1336330 7.875952522728E11 1203081.25 0 10 300 0 810 24300
73800.0 16524 1.957871673234E10 1217927.46 1352854 8.0717396900514E11 1217927.46 0 10 300 0 820 24600
74700.0 16452 1.977492368358E10 1232773.67 1369306 8.2694889268871E11 1232773.67 0 10 300 0 830 24900
75600.0 16452 2.001456958344E10 1247619.88 1385758 8.4696346227215E11 1247619.88 0 10 300 0 840 25200
76500.0 16560 2.032238941881E10 1262466.09 1402318 8.6728585169097E11 1262466.09 0 10 300 0 850 25500
77400.0 16524 2.053944462447E10 1277312.3 1418842 8.8782529631544E11 1277312.3 0 10 300 0 860 25800
78300.0 16452 2.073351372158E10 1292158.51 1435294 9.0855881003702E11 1292158.51 0 10 300 0 870 26100
79200.0 16458 2.097315962145E10 1307004.72 1451752 9.2953196965847E11 1307004.72 0 10 300 0 880 26400
80100.0 16563 2.12840831987E10 1321851.4 1468315 9.5081605285717E11 1321851.4 0 10 300 0 890 26700
81000.0 16524 2.150018668824E10 1336697.71 1484839 9.7231623954541E11 1336697.71 0 10 300 0 900 27000
81900.0 16452 2.169211299623E10 1351543.92 1501291 9.9400835254164E11 1351543.92 0 10 300 0 910 27300
82800.0 16452 2.19317588961E10 1366390.12 1517743 1.01594011143774E12 1366390.12 0 10 300 0 920 27600
83700.0 16560 2.224599233376E10 1381236.33 1534303 1.0381861037715E12 1381236.33 0 10 300 0 930 27900
84600.0 16524 2.246090966599E10 1396082.55 1550827 1.0606470134375E12 1396082.55 0 10 300 0 940 28200
85500.0 16452 2.265070303418E10 1410928.75 1567279 1.08329771647168E12 1410928.75 0 10 300 0 950 28500
86400.0 16452 2.289034893405E10 1425774.96 1583731 1.10618806540573E12 1425774.96 0 10 300 0 960 28800
87300.0 16560 2.320768174015E10 1440621.17 1600291 1.12939574714588E12 1440621.17 0 10 300 0 970 29100
88200.0 16524 2.342164303339E10 1455467.38 1616815 1.15281739017927E12 1455467.38 0 10 300 0 980 29400
89100.0 16452 2.360929307213E10 1470313.59 1633267 1.1764266832514E12 1470313.59 0 10 300 0 990 29700
90000.0 16452 2.3848938972E10 1485159.8 1649719 1.2002756222234E12 1485159.8 0 10 300 0 1000 30000
90900.0 16560 2.416958596305E10 1500006.01 1666279 1.22444520818645E12 1500006.01 0 10 300 0 1010 30300
91800.0 16524 2.43823654412E10 1514852.22 1682803 1.24882757362765E12 1514852.22 0 10 300 0 1020 30600
92700.0 16452 2.456788311013E10 1529698.43 1699255 1.27339545673778E12 1529698.43 0 10 300 0 1030 30900
93600.0 16452 2.480752901E10 1544544.64 1715707 1.29820298574778E12 1544544.64 0 10 300 0 1040 31200
94500.0 16561 2.513127538749E10 1559390.84 1732268 1.32333426113528E12 1559390.84 0 10 300 0 1050 31500
95400.0 16524 2.534309964343E10 1574237.14 1748792 1.34867736077871E12 1574237.14 0 10 300 0 1060 31800
96300.0 16452 2.552647837288E10 1589083.83 1765244 1.37420383915159E12 1589083.83 0 10 300 0 1070 32100
97200.0 16452 2.576612829274E10 1603930.04 1781696 1.39996996744433E12 1603930.04 0 10 300 0 1080 32400
98100.0 16560 2.609308148235E10 1618776.25 1798256 1.42606304892668E12 1618776.25 0 10 300 0 1090 32700
99000.0 16524 2.630383049082E10 1633622.47 1814780 1.4523668794175E12 1633622.47 0 10 300 0 1100 33000
99900.0 16452 2.648507243087E10 1648468.68 1831232 1.47885195184838E12 1648468.68 0 10 300 0 1110 33300
100800.0 16452 2.672471833074E10 1663314.88 1847684 1.50557667017912E12 1663314.88 0 10 300 0 1120 33600
101700.0 16560 2.705487830155E10 1678161.09 1864244 1.53263154848067E12 1678161.09 0 10 300 0 1130 33900
102600.0 16524 2.726455839195E10 1693007.31 1880768 1.55989610687262E12 1693007.31 0 10 300 0 1140 34200
103500.0 16452 2.744366246888E10 1707853.51 1897220 1.5873397693415E12 1707853.51 0 10 300 0 1150 34500
104400.0 16452 2.768330836874E10 1722699.72 1913672 1.61502307771024E12 1722699.72 0 10 300 0 1160 34800
105300.0 16560 2.801667512975E10 1737545.93 1930232 1.64303975283999E12 1737545.93 0 10 300 0 1170 35100
106200.0 16524 2.822528627509E10 1752392.14 1946756 1.67126503911508E12 1752392.14 0 10 300 0 1180 35400
107100.0 16452 2.840225250688E10 1767238.35 1963208 1.69966729162196E12 1767238.35 0 10 300 0 1190 35700
108000.0 16452 2.864189840674E10 1782084.56 1979660 1.7283091900287E12 1782084.56 0 10 300 0 1200 36000
108900.0 16560 2.897847193995E10 1796930.76 1996220 1.75728766196865E12 1796930.76 0 10 300 0 1210 36300
109800.0 16524 2.918601417627E10 1811776.98 2012744 1.78647367614492E12 1811776.98 0 10 300 0 1220 36600
110700.0 16452 2.936084254499E10 1826623.19 2029196 1.81583451868991E12 1826623.19 0 10 300 0 1230 36900
111600.0 16452 2.960049238086E10 1841469.88 2045648 1.84543501107077E12 1841469.88 0 10 300 0 1240 37200
112500.0 16560 2.994027742569E10 1856316.17 2062208 1.87537528849646E12 1856316.17 0 10 300 0 1250 37500
113400.0 16524 3.014675131721E10 1871162.39 2078732 1.90552203981367E12 1871162.39 0 10 300 0 1260 37800
114300.0 16452 3.031944182019E10 1886008.6 2095184 1.93584148163386E12 1886008.6 0 10 300 0 1270 38100
115200.0 16452 3.055908772006E10 1900854.8 2111636 1.96640056935392E12 1900854.8 0 10 300 0 1280 38400
116100.0 16560 3.090207483755E10 1915701.01 2128196 1.99730264419148E12 1915701.01 0 10 300 0 1290 38700
117000.0 16524 3.110747921845E10 1930547.23 2144720 2.02841012340993E12 1930547.23 0 10 300 0 1300 39000
117900.0 16452 3.12780318583E10 1945393.43 2161172 2.05968815526823E12 1945393.43 0 10 300 0 1310 39300
118800.0 16452 3.151767775817E10 1960239.64 2177624 2.0912058330264E12 1960239.64 0 10 300 0 1320 39600
119700.0 16560 3.186387168386E10 1975085.85 2194184 2.12306970471026E12 1975085.85 0 10 300 0 1330 39900
120600.0 16524 3.206820710169E10 1989932.06 2210708 2.15513791181195E12 1989932.06 0 10 300 0 1340 40200
121500.0 16452 3.223662189641E10 2004778.27 2227160 2.18737453370836E12 2004778.27 0 10 300 0 1350 40500
122400.0 16452 3.247626779628E10 2019624.48 2243612 2.21985080150464E12 2019624.48 0 10 300 0 1360 40800
123300.0 16560 3.282566848515E10 2034470.68 2260172 2.2526764699898E12 2034470.68 0 10 300 0 1370 41100
124200.0 16524 3.302893500286E10 2049316.9 2276696 2.28570540499266E12 2049316.9 0 10 300 0 1380 41400
125100.0 16452 3.319521193439E10 2064163.11 2293148 2.31890061692705E12 2064163.11 0 10 300 0 1390 41700
126000.0 16452 3.34348578342E10 2079009.31 2309600 2.35233547476124E12 2079009.31 0 10 300 0 1400 42000
126900.0 16560 3.378746589476E10 2093855.61 2326160 2.386122940656E12 2093855.61 0 10 300 0 1410 42300
127800.0 16524 3.398966784561E10 2108702.3 2342684 2.42011260850161E12 2108702.3 0 10 300 0 1420 42600
128700.0 16452 3.415381121531E10 2123548.52 2359136 2.45426641971693E12 2123548.52 0 10 300 0 1430 42900
129600.0 16452 3.439345711512E10 2138394.72 2375588 2.48865987683204E12 2138394.72 0 10 300 0 1440 43200
130500.0 16561 3.47492716885E10 2153240.93 2392149 2.52340914852054E12 2153240.93 0 10 300 0 1450 43500
131400.0 16524 3.495040004152E10 2168087.15 2408673 2.55835954856205E12 2168087.15 0 10 300 0 1460 43800
132300.0 16452 3.511240125317E10 2182933.35 2425125 2.59347194981523E12 2182933.35 0 10 300 0 1470 44100
133200.0 16452 3.535204715298E10 2197779.56 2441577 2.62882399696821E12 2197779.56 0 10 300 0 1480 44400
134100.0 16560 3.571106822531E10 2212625.77 2458137 2.66453506519351E12 2212625.77 0 10 300 0 1490 44700
135000.0 16524 3.591112794251E10 2227471.98 2474661 2.70044619313602E12 2227471.98 0 10 300 0 1500 45000
135900.0 16452 3.607099129104E10 2242318.19 2491113 2.73651718442706E12 2242318.19 0 10 300 0 1510 45300
136800.0 16452 3.631063719084E10 2257164.4 2507565 2.7728278216179E12 2257164.4 0 10 300 0 1520 45600
137700.0 16560 3.667286503536E10 2272010.6 2524125 2.80950068665326E12 2272010.6 0 10 300 0 1530 45900
138600.0 16524 3.68718558255E10 2286856.82 2540649 2.84637254247876E12 2286856.82 0 10 300 0 1540 46200
139500.0 16452 3.70295813289E10 2301703.03 2557101 2.88340212380766E12 2301703.03 0 10 300 0 1550 46500
140400.0 16452 3.72692272287E10 2316549.23 2573553 2.92067135103636E12 2316549.23 0 10 300 0 1560 46800
141300.0 16560 3.763466186342E10 2331395.44 2590113 2.95830601289977E12 2331395.44 0 10 300 0 1570 47100
142200.0 16530 3.783258372649E10 2346241.66 2606643 2.99613859662626E12 2346241.66 0 10 300 0 1580 47400
143100.0 16454 3.79881758239E10 2361088.36 2623097 3.03412677245017E12 2361088.36 0 10 300 0 1590 47700
144000.0 16452 3.822782589024E10 2375934.64 2639549 3.07235459834041E12 2375934.64 0 10 300 0 1600 48000
144900.0 16560 3.859646795339E10 2390780.85 2656109 3.1109510662938E12 2390780.85 0 10 300 0 1610 48300
145800.0 16524 3.879332087009E10 2405627.07 2672633 3.14974438716389E12 2405627.07 0 10 300 0 1620 48600
146700.0 16452 3.894677064462E10 2420473.27 2689085 3.18869115780851E12 2420473.27 0 10 300 0 1630 48900
147600.0 16452 3.918641654443E10 2435319.48 2705537 3.22787757435294E12 2435319.48 0 10 300 0 1640 49200
148500.0 16560 3.955826477245E10 2450165.69 2722097 3.26743583912539E12 2450165.69 0 10 300 0 1650 49500
149400.0 16524 3.975404877108E10 2465011.9 2738621 3.30718988789647E12 2465011.9 0 10 300 0 1660 49800
150300.0 16452 3.990536068249E10 2479858.11 2755073 3.34709524857896E12 2479858.11 0 10 300 0 1670 50100
151200.0 16452 4.014500658229E10 2494704.32 2771525 3.38724025516125E12 2494704.32 0 10 300 0 1680 50400
152100.0 16560 4.05200615825E10 2509550.52 2788085 3.42776031674375E12 2509550.52 0 10 300 0 1690 50700
153000.0 16524 4.071477665413E10 2524396.74 2804609 3.46847509339788E12 2524396.74 0 10 300 0 1700 51000
153900.0 16452 4.08639507204E10 2539242.95 2821061 3.50933904411828E12 2539242.95 0 10 300 0 1710 51300
154800.0 16452 4.110359662021E10 2554089.15 2837513 3.55044264073848E12 2554089.15 0 10 300 0 1720 51600
155700.0 16560 4.148185841061E10 2568935.36 2854073 3.59192449914909E12 2568935.36 0 10 300 0 1730 51900
156600.0 16524 4.167550455517E10 2583781.58 2870597 3.63360000370427E12 2583781.58 0 10 300 0 1740 52200
157500.0 16453 4.182254075826E10 2598627.78 2887050 3.67542254446253E12 2598627.78 0 10 300 0 1750 52500
158400.0 16452 4.206218743412E10 2613474.09 2903502 3.71748473189665E12 2613474.09 0 10 300 0 1760 52800
159300.0 16560 4.244376813321E10 2628320.76 2920062 3.75992850002986E12 2628320.76 0 10 300 0 1770 53100
160200.0 16524 4.263624170018E10 2643166.99 2936586 3.80256474173004E12 2643166.99 0 10 300 0 1780 53400
161100.0 16452 4.278114003752E10 2658013.19 2953038 3.84534588176756E12 2658013.19 0 10 300 0 1790 53700
162000.0 16452 4.302078593733E10 2672859.4 2969490 3.88836666770489E12 2672859.4 0 10 300 0 1800 54000
162900.0 16560 4.340546131204E10 2687705.61 2986050 3.93177212901693E12 2687705.61 0 10 300 0 1810 54300
163800.0 16524 4.359697509438E10 2702551.82 3002574 3.97536910411131E12 2702551.82 0 10 300 0 1820 54600
164700.0 16452 4.373973007528E10 2717398.03 3019026 4.01910883418658E12 2717398.03 0 10 300 0 1830 54900
165600.0 16452 4.397937597508E10 2732244.24 3035478 4.06308821016167E12 2732244.24 0 10 300 0 1840 55200
166500.0 16560 4.436736552574E10 2747090.44 3052038 4.1074555756874E12 2747090.44 0 10 300 0 1850 55500
167400.0 16524 4.455769749294E10 2761936.66 3068562 4.15201327318035E12 2761936.66 0 10 300 0 1860 55800
168300.0 16452 4.469832011303E10 2776782.87 3085014 4.19671159329338E12 2776782.87 0 10 300 0 1870 56100
169200.0 16452 4.493796601284E10 2791629.07 3101466 4.24164955930621E12 2791629.07 0 10 300 0 1880 56400
170100.0 16560 4.532905494993E10 2806475.28 3118026 4.28697861425615E12 2806475.28 0 10 300 0 1890 56700
171000.0 16524 4.551843086914E10 2821321.5 3134550 4.33249704512529E12 2821321.5 0 10 300 0 1900 57000
171900.0 16452 4.565691015078E10 2836167.7 3151002 4.37815395527608E12 2836167.7 0 10 300 0 1910 57300
172800.0 16452 4.589655605059E10 2851013.91 3167454 4.42405051132667E12 2851013.91 0 10 300 0 1920 57600
173700.0 16560 4.629085176888E10 2865860.12 3184014 4.47034136309555E12 2865860.12 0 10 300 0 1930 57900
174600.0 16524 4.647915732845E10 2880706.83 3200538 4.516820520424E12 2880706.83 0 10 300 0 1940 58200
175500.0 16452 4.661550887524E10 2895553.11 3216990 4.56343602929924E12 2895553.11 0 10 300 0 1950 58500
176400.0 16452 4.685515533128E10 2910399.32 3233442 4.61029118463052E12 2910399.32 0 10 300 0 1960 58800
177300.0 16560 4.725265787069E10 2925245.53 3250002 4.65754384250121E12 2925245.53 0 10 300 0 1970 59100
178200.0 16524 4.743989043215E10 2940091.74 3266526 4.70498373293335E12 2940091.74 0 10 300 0 1980 59400
179100.0 16452 4.757409946923E10 2954937.95 3282978 4.75255783240259E12 2954937.95 0 10 300 0 1990 59700
180000.0 16452 4.781374536903E10 2969784.16 3299430 4.80037157777162E12 2969784.16 0 10 300 0 2000 60000
180900.0 16560 4.821445469864E10 2984630.36 3315990 4.84858603247026E12 2984630.36 0 10 300 0 2010 60300
181800.0 16524 4.840061832397E10 2999476.58 3332514 4.89698665079423E12 2999476.58 0 10 300 0 2020 60600
182700.0 16452 4.853268950693E10 3014322.79 3348966 4.94551934030116E12 3014322.79 0 10 300 0 2030 60900
183600.0 16452 4.877233540673E10 3029168.99 3365418 4.9942916757079E12 3029168.99 0 10 300 0 2040 61200
184500.0 16560 4.917625149053E10 3044015.2 3381978 5.04346792719843E12 3044015.2 0 10 300 0 2050 61500
185400.0 16524 4.93613462158E10 3058861.42 3398502 5.09282927341423E12 3058861.42 0 10 300 0 2060 61800
186300.0 16452 4.949127954463E10 3073707.62 3414954 5.14232055295886E12 3073707.62 0 10 300 0 2070 62100
187200.0 16452 4.973092544443E10 3088553.83 3431406 5.19205147840329E12 3088553.83 0 10 300 0 2080 62400
188100.0 16560 5.013804833642E10 3103400.04 3447966 5.24218952673972E12 3103400.04 0 10 300 0 2090 62700
189000.0 16524 5.032207410763E10 3118246.25 3464490 5.29251160084735E12 3118246.25 0 10 300 0 2100 63000
189900.0 16452 5.044987040677E10 3133092.56 3480942 5.34296147125412E12 3133092.56 0 10 300 0 2110 63300
190800.0 16452 5.068952087747E10 3147939.23 3497394 5.39365099213159E12 3147939.23 0 10 300 0 2120 63600
191700.0 16560 5.109985441718E10 3162785.45 3513954 5.44475084654877E12 3162785.45 0 10 300 0 2130 63900
192600.0 16524 5.128281126002E10 3177631.66 3530478 5.49603365780879E12 3177631.66 0 10 300 0 2140 64200
193500.0 16452 5.140846885998E10 3192477.87 3546930 5.54744212666877E12 3192477.87 0 10 300 0 2150 64500
194400.0 16452 5.164811475978E10 3207324.08 3563382 5.59909024142856E12 3207324.08 0 10 300 0 2160 64800
195300.0 16560 5.206165122707E10 3222170.28 3579942 5.65115189265563E12 3222170.28 0 10 300 0 2170 65100
196200.0 16524 5.224353915185E10 3237016.5 3596466 5.70339543180748E12 3237016.5 0 10 300 0 2180 65400
197100.0 16452 5.236705889768E10 3251862.71 3612918 5.75576249070516E12 3251862.71 0 10 300 0 2190 65700
198000.0 16452 5.260670479748E10 3266708.91 3629370 5.80836919550264E12 3266708.91 0 10 300 0 2200 66000
198900.0 16560 5.302344805497E10 3281555.12 3645930 5.86139264355761E12 3281555.12 0 10 300 0 2210 66300
199800.0 16524 5.320426704368E10 3296401.34 3662454 5.91459691060128E12 3296401.34 0 10 300 0 2220 66600
200700.0 16452 5.332564893538E10 3311247.54 3678906 5.96792255953666E12 3311247.54 0 10 300 0 2230 66900
201600.0 16452 5.356529483518E10 3326093.75 3695358 6.02148785437184E12 3326093.75 0 10 300 0 2240 67200
202500.0 16560 5.398524488286E10 3340939.96 3711918 6.0754730992547E12 3340939.96 0 10 300 0 2250 67500
203400.0 16524 5.416499493551E10 3355786.17 3728442 6.12963809419021E12 3355786.17 0 10 300 0 2260 67800
204300.0 16452 5.428423897308E10 3370632.38 3744894 6.18392233316328E12 3370632.38 0 10 300 0 2270 68100
205200.0 16458 5.452388488793E10 3385478.59 3761352 6.23844621805122E12 3385478.59 0 10 300 0 2280 68400
206100.0 16563 5.494704654174E10 3400325.3 3777915 6.29339326459295E12 3400325.3 0 10 300 0 2290 68700
207000.0 16524 5.512573146002E10 3415171.58 3794439 6.34851899605298E12 3415171.58 0 10 300 0 2300 69000
207900.0 16452 5.524283825705E10 3430017.79 3810891 6.40376183431002E12 3430017.79 0 10 300 0 2310 69300
208800.0 16452 5.548248415685E10 3444864.0 3827343 6.45924431846688E12 3444864.0 0 10 300 0 2320 69600
209700.0 16560 5.590884779785E10 3459710.2 3843903 6.51515316626473E12 3459710.2 0 10 300 0 2330 69900
210600.0 16524 5.608645998584E10 3474556.42 3860427 6.57123962625057E12 3474556.42 0 10 300 0 2340 70200
211500.0 16452 5.620142829453E10 3489402.63 3876879 6.6274410545451E12 3489402.63 0 10 300 0 2350 70500
212400.0 16452 5.644107419434E10 3504248.83 3893331 6.68388212873944E12 3504248.83 0 10 300 0 2360 70800
213300.0 16560 5.687064458953E10 3519095.04 3909891 6.74075277332896E12 3519095.04 0 10 300 0 2370 71100
214200.0 16524 5.704718787745E10 3533941.26 3926415 6.79779996120642E12 3533941.26 0 10 300 0 2380 71400
215100.0 16452 5.716001833201E10 3548787.46 3942867 6.85495997953843E12 3548787.46 0 10 300 0 2390 71700
216000.0 16452 5.739966423182E10 3563633.67 3959319 6.91235964377025E12 3563633.67 0 10 300 0 2400 72000
216900.0 16560 5.78324414352E10 3578479.88 3975879 6.97019208520546E12 3578479.88 0 10 300 0 2410 72300
217800.0 16524 5.800791576907E10 3593326.09 3992403 7.02820000097452E12 3593326.09 0 10 300 0 2420 72600
218700.0 16452 5.81186083695E10 3608172.3 4008855 7.08631860934402E12 3608172.3 0 10 300 0 2430 72900
219600.0 16452 5.83582542693E10 3623018.51 4025307 7.14467686361332E12 3623018.51 0 10 300 0 2440 73200
220500.0 16561 5.879423823588E10 3637864.72 4041868 7.2034711018492E12 3637864.72 0 10 300 0 2450 73500
221400.0 16524 5.896864433382E10 3652711.04 4058392 7.26243974618302E12 3652711.04 0 10 300 0 2460 73800
222300.0 16452 5.907720385225E10 3667557.7 4074844 7.32151695003527E12 3667557.7 0 10 300 0 2470 74100
223200.0 16452 5.931685354532E10 3682403.92 4091296 7.38083380358059E12 3682403.92 0 10 300 0 2480 74400
224100.0 16560 5.9756044333E10 3697250.12 4107856 7.44058984791358E12 3697250.12 0 10 300 0 2490 74700
225000.0 16524 5.992938081143E10 3712096.34 4124380 7.50051922872501E12 3712096.34 0 10 300 0 2500 75000
225900.0 16452 6.003579768294E10 3726942.55 4140832 7.56055502640795E12 3726942.55 0 10 300 0 2510 75300
226800.0 16452 6.027544358275E10 3741788.75 4157284 7.6208304699907E12 3741788.75 0 10 300 0 2520 75600
227700.0 16560 6.071784114262E10 3756634.96 4173844 7.68154831113332E12 3756634.96 0 10 300 0 2530 75900
228600.0 16524 6.089010870298E10 3771481.18 4190368 7.7424384198363E12 3771481.18 0 10 300 0 2540 76200
229500.0 16452 6.099438772037E10 3786327.38 4206820 7.80343280755667E12 3786327.38 0 10 300 0 2550 76500
230400.0 16452 6.123403362018E10 3801173.59 4223272 7.86466684117685E12 3801173.59 0 10 300 0 2560 76800
231300.0 16560 6.167963797024E10 3816019.8 4239832 7.92634647914709E12 3816019.8 0 10 300 0 2570 77100
232200.0 16524 6.185083659454E10 3830866.01 4256356 7.98819731574163E12 3830866.01 0 10 300 0 2580 77400
233100.0 16452 6.19529777578E10 3845712.22 4272808 8.05015029349943E12 3845712.22 0 10 300 0 2590 77700
234000.0 16452 6.21926236576E10 3860558.43 4289260 8.11234291715704E12 3860558.43 0 10 300 0 2600 78000
234900.0 16560 6.264143477986E10 3875404.64 4305820 8.1749843519369E12 3875404.64 0 10 300 0 2610 78300
235800.0 16524 6.28115644861E10 3890250.85 4322344 8.237795916423E12 3890250.85 0 10 300 0 2620 78600
236700.0 16452 6.291156779523E10 3905097.06 4338796 8.30070748421823E12 3905097.06 0 10 300 0 2630 78900
237600.0 16452 6.31512178378E10 3919943.78 4355248 8.36385870205603E12 3919943.78 0 10 300 0 2640 79200
238500.0 16560 6.360324035503E10 3934790.04 4371808 8.42746194241106E12 3934790.04 0 10 300 0 2650 79500
239400.0 16524 6.377230164754E10 3949636.26 4388332 8.4912342440586E12 3949636.26 0 10 300 0 2660 79800
240300.0 16452 6.387016708191E10 3964482.47 4404784 8.55510441114052E12 3964482.47 0 10 300 0 2670 80100
241200.0 16452 6.410981298172E10 3979328.68 4421236 8.61921422412224E12 3979328.68 0 10 300 0 2680 80400
242100.0 16560 6.45650376973E10 3994174.88 4437796 8.68377926181954E12 3994174.88 0 10 300 0 2690 80700
243000.0 16524 6.47330295391E10 4009021.1 4454320 8.74851229135864E12 4009021.1 0 10 300 0 2700 81000
243900.0 16452 6.482875711934E10 4023867.31 4470772 8.81334104847798E12 4023867.31 0 10 300 0 2710 81300
244800.0 16452 6.506840301915E10 4038713.51 4487224 8.87840945149713E12 4038713.51 0 10 300 0 2720 81600
245700.0 16560 6.552683452493E10 4053559.72 4503784 8.94393628602206E12 4053559.72 0 10 300 0 2730 81900
246600.0 16524 6.569375743066E10 4068405.94 4520308 9.00963004345272E12 4068405.94 0 10 300 0 2740 82200
247500.0 16452 6.578734715678E10 4083252.14 4536760 9.0754173906095E12 4083252.14 0 10 300 0 2750 82500
248400.0 16452 6.602699305659E10 4098098.35 4553212 9.14144438366609E12 4098098.35 0 10 300 0 2760 82800
249300.0 16560 6.648863134352E10 4112944.56 4569772 9.20793301500961E12 4112944.56 0 10 300 0 2770 83100
250200.0 16524 6.665448532218E10 4127790.77 4586296 9.27458750033179E12 4127790.77 0 10 300 0 2780 83400
251100.0 16452 6.674593719417E10 4142636.98 4602748 9.34133343752597E12 4142636.98 0 10 300 0 2790 83700
252000.0 16452 6.698558309398E10 4157483.19 4619200 9.40831902061995E12 4157483.19 0 10 300 0 2800 84000
252900.0 16560 6.745042912373E10 4172329.51 4635760 9.47576944974368E12 4172329.51 0 10 300 0 2810 84300
253800.0 16524 6.761521872986E10 4187176.17 4652284 9.54338466847354E12 4187176.17 0 10 300 0 2820 84600
254700.0 16452 6.77045364689E10 4202022.39 4668736 9.61108920494244E12 4202022.39 0 10 300 0 2830 84900
255600.0 16452 6.794418236871E10 4216868.6 4685188 9.67903338731115E12 4216868.6 0 10 300 0 2840 85200
256500.0 16561 6.841223455251E10 4231714.8 4701749 9.74744562186366E12 4231714.8 0 10 300 0 2850 85500
257400.0 16524 6.857595036322E10 4246561.02 4718273 9.81602157222687E12 4246561.02 0 10 300 0 2860 85800
258300.0 16452 6.866312650635E10 4261407.23 4734725 9.88468469873322E12 4261407.23 0 10 300 0 2870 86100
259200.0 16452 6.890277240616E10 4276253.43 4751177 9.95358747113938E12 4276253.43 0 10 300 0 2880 86400
260100.0 16560 6.937403105857E10 4291099.64 4767737 1.002296150219795E13 4291099.64 0 10 300 0 2890 86700
261000.0 16524 6.953667825469E10 4305945.86 4784261 1.009249818045265E13 4305945.86 0 10 300 0 2900 87000
261900.0 16452 6.962171654369E10 4320792.06 4800713 1.016211989699634E13 4320792.06 0 10 300 0 2910 87300
262800.0 16452 6.98613624435E10 4335638.27 4817165 1.023198125943983E13 4335638.27 0 10 300 0 2920 87600
263700.0 16560 7.03359352809E10 4350484.48 4833725 1.030231719472073E13 4350484.48 0 10 300 0 2930 87900
264600.0 16524 7.049740614621E10 4365330.69 4850249 1.037281460086694E13 4365330.69 0 10 300 0 2940 88200
265500.0 16452 7.058030658108E10 4380176.9 4866701 1.044339490744802E13 4380176.9 0 10 300 0 2950 88500
266400.0 16452 7.081995248089E10 4395023.11 4883153 1.051421485992892E13 4395023.11 0 10 300 0 2960 88800
267300.0 16560 7.129762469569E10 4409869.31 4899713 1.058551248462461E13 4409869.31 0 10 300 0 2970 89100
268200.0 16530 7.145813956142E10 4424715.53 4916243 1.065697062418603E13 4424715.53 0 10 300 0 2980 89400
269100.0 16454 7.15389013133E10 4439562.26 4932697 1.072850952549933E13 4439562.26 0 10 300 0 2990 89700
270000.0 16452 7.177855142403E10 4454408.51 4949149 1.080028807692335E13 4454408.51 0 10 300 0 3000 90000
270900.0 16560 7.225953821083E10 4469254.72 4965709 1.087254761513418E13 4469254.72 0 10 300 0 3010 90300
271800.0 16524 7.241887119385E10 4484100.94 4982233 1.094496648632804E13 4484100.94 0 10 300 0 3020 90600
272700.0 16452 7.249749590884E10 4498947.15 4998685 1.101746398223688E13 4498947.15 0 10 300 0 3030 90900
273600.0 16452 7.273714180865E10 4513793.35 5015137 1.109020112404552E13 4513793.35 0 10 300 0 3040 91200
274500.0 16560 7.322122760779E10 4528639.56 5031697 1.116342235165331E13 4528639.56 0 10 300 0 3050 91500
275400.0 16524 7.337960458786E10 4543485.78 5048221 1.123680195624117E13 4543485.78 0 10 300 0 3060 91800
276300.0 16452 7.345608594639E10 4558331.98 5064673 1.131025804218756E13 4558331.98 0 10 300 0 3070 92100
277200.0 16452 7.36957318462E10 4573178.19 5081125 1.138395377403377E13 4573178.19 0 10 300 0 3080 92400
278100.0 16560 7.418302445354E10 4588024.4 5097685 1.14581367984873E13 4588024.4 0 10 300 0 3090 92700
279000.0 16524 7.434032697722E10 4602870.61 5114209 1.153247712546452E13 4602870.61 0 10 300 0 3100 93000
279900.0 16452 7.441467598395E10 4617716.82 5130661 1.160689180144848E13 4617716.82 0 10 300 0 3110 93300
280800.0 16452 7.465432188376E10 4632563.03 5147113 1.168154612333223E13 4632563.03 0 10 300 0 3120 93600
281700.0 16560 7.514492864908E10 4647409.23 5163673 1.175669105198131E13 4647409.23 0 10 300 0 3130 93900
282600.0 16524 7.530105487791E10 4662255.45 5180197 1.183199210685922E13 4662255.45 0 10 300 0 3140 94200
283500.0 16453 7.53732660215E10 4677101.66 5196650 1.190736537288072E13 4677101.66 0 10 300 0 3150 94500
284400.0 16452 7.561291289684E10 4691947.99 5213102 1.198297828577757E13 4691947.99 0 10 300 0 3160 94800
285300.0 16560 7.610662340741E10 4706794.64 5229662 1.205908490918498E13 4706794.64 0 10 300 0 3170 95100
286200.0 16524 7.626179751047E10 4721640.86 5246186 1.213534670669545E13 4721640.86 0 10 300 0 3180 95400
287100.0 16452 7.633186529503E10 4736487.07 5262638 1.221167857199048E13 4736487.07 0 10 300 0 3190 95700
288000.0 16452 7.657151119483E10 4751333.27 5279090 1.228825008318531E13 4751333.27 0 10 300 0 3200 96000
288900.0 16560 7.706853157144E10 4766179.48 5295650 1.236531861475675E13 4766179.48 0 10 300 0 3210 96300
289800.0 16524 7.722251991795E10 4781025.7 5312174 1.24425411346747E13 4781025.7 0 10 300 0 3220 96600
290700.0 16452 7.729045533269E10 4795871.9 5328626 1.251983159000738E13 4795871.9 0 10 300 0 3230 96900
291600.0 16452 7.75301012325E10 4810718.11 5345078 1.259736169123988E13 4810718.11 0 10 300 0 3240 97200
292500.0 16560 7.803022098651E10 4825564.32 5361638 1.267539191222639E13 4825564.32 0 10 300 0 3250 97500
293400.0 16524 7.818325330306E10 4840410.53 5378162 1.275357516552945E13 4840410.53 0 10 300 0 3260 97800
294300.0 16452 7.824904537035E10 4855256.74 5394614 1.28318242108998E13 4855256.74 0 10 300 0 3270 98100
295200.0 16452 7.848869127016E10 4870102.95 5411066 1.291031290216996E13 4870102.95 0 10 300 0 3280 98400
296100.0 16560 7.899201779636E10 4884949.15 5427626 1.298930491996632E13 4884949.15 0 10 300 0 3290 98700
297000.0 16524 7.914397569253E10 4899795.37 5444150 1.306844889565885E13 4899795.37 0 10 300 0 3300 99000
297900.0 16452 7.920763540802E10 4914641.58 5460602 1.314765653106687E13 4914641.58 0 10 300 0 3310 99300
298800.0 16452 7.944728130782E10 4929487.78 5477054 1.322710381237469E13 4929487.78 0 10 300 0 3320 99600
299700.0 16560 7.995381462422E10 4944333.99 5493614 1.330705762699891E13 4944333.99 0 10 300 0 3330 99900
300600.0 16524 8.010470802221E10 4959180.73 5510138 1.338716233502112E13 4959180.73 0 10 300 0 3340 100200
301500.0 16452 8.016623441639E10 4974026.99 5526590 1.346732856943751E13 4974026.99 0 10 300 0 3350 100500
302400.0 16452 8.040588060104E10 4988873.19 5543042 1.354773445003855E13 4988873.19 0 10 300 0 3360 100800
303300.0 16560 8.091562071163E10 5003719.4 5559602 1.362865007075019E13 5003719.4 0 10 300 0 3370 101100
304200.0 16524 8.106544075236E10 5018565.62 5576126 1.370971551150255E13 5018565.62 0 10 300 0 3380 101400
305100.0 16452 8.112482473895E10 5033411.82 5592578 1.37908403362415E13 5033411.82 0 10 300 0 3390 101700
306000.0 16452 8.136447063876E10 5048258.03 5609030 1.387220480688025E13 5048258.03 0 10 300 0 3400 102000
306900.0 16560 8.187741754855E10 5063104.24 5625590 1.39540822244288E13 5063104.24 0 10 300 0 3410 102300
307800.0 16524 8.202616865327E10 5077950.45 5642114 1.403610839308207E13 5077950.45 0 10 300 0 3420 102600
308700.0 16452 8.208341477672E10 5092796.66 5658566 1.411819180785878E13 5092796.66 0 10 300 0 3430 102900
309600.0 16452 8.232306067653E10 5107642.87 5675018 1.420051486853531E13 5107642.87 0 10 300 0 3440 103200
310500.0 16560 8.28392143673E10 5122489.07 5691578 1.428335408290261E13 5122489.07 0 10 300 0 3450 103500
311400.0 16524 8.298689653622E10 5137335.29 5708102 1.436634097943883E13 5137335.29 0 10 300 0 3460 103800
312300.0 16452 8.304200481455E10 5152181.5 5724554 1.444938298425338E13 5152181.5 0 10 300 0 3470 104100
313200.0 16452 8.328165071435E10 5167027.7 5741006 1.453266463496773E13 5167027.7 0 10 300 0 3480 104400
314100.0 16560 8.380101116832E10 5181873.91 5757566 1.461646564613605E13 5181873.91 0 10 300 0 3490 104700
315000.0 16524 8.394762443718E10 5196720.13 5774090 1.470041327057322E13 5196720.13 0 10 300 0 3500 105000
315900.0 16452 8.400059589425E10 5211566.46 5790542 1.478441386646748E13 5211566.46 0 10 300 0 3510 105300
316800.0 16452 8.424024634968E10 5226413.11 5806994 1.486865411281716E13 5226413.11 0 10 300 0 3520 105600
317700.0 16560 8.47628172726E10 5241259.32 5823554 1.495341693008976E13 5241259.32 0 10 300 0 3530 105900
318600.0 16524 8.490836707047E10 5256105.54 5840078 1.503832529716022E13 5256105.54 0 10 300 0 3540 106200
319500.0 16453 8.4959194393E10 5270951.74 5856531 1.512328449155323E13 5270951.74 0 10 300 0 3550 106500
320400.0 16452 8.519884002642E10 5285797.95 5872983 1.520848333157965E13 5285797.95 0 10 300 0 3560 106800
321300.0 16560 8.572461407367E10 5300644.16 5889543 1.529420794565333E13 5300644.16 0 10 300 0 3570 107100
322200.0 16524 8.586908947816E10 5315490.37 5906067 1.538007703513149E13 5315490.37 0 10 300 0 3580 107400
323100.0 16452 8.59177841645E10 5330336.58 5922519 1.546599481929598E13 5330336.58 0 10 300 0 3590 107700
324000.0 16452 8.61574300643E10 5345182.79 5938971 1.555215224936029E13 5345182.79 0 10 300 0 3600 108000
324900.0 16560 8.668641091075E10 5360028.99 5955531 1.563883866027104E13 5360028.99 0 10 300 0 3610 108300
325800.0 16524 8.682981736122E10 5374875.21 5972055 1.572566847763226E13 5374875.21 0 10 300 0 3620 108600
326700.0 16452 8.687637420243E10 5389721.42 5988507 1.581254485183469E13 5389721.42 0 10 300 0 3630 108900
327600.0 16452 8.711602010224E10 5404567.62 6004959 1.589966087193693E13 5404567.62 0 10 300 0 3640 109200
328500.0 16560 8.764820770288E10 5419413.83 6021519 1.598730907963981E13 5419413.83 0 10 300 0 3650 109500
329400.0 16524 8.779054525329E10 5434260.05 6038043 1.60750996248931E13 5434260.05 0 10 300 0 3660 109800
330300.0 16452 8.783496424036E10 5449106.25 6054495 1.616293458913346E13 5449106.25 0 10 300 0 3670 110100
331200.0 16458 8.807461018497E10 5463952.46 6070953 1.625100919931843E13 5463952.46 0 10 300 0 3680 110400
332100.0 16562 8.861011654324E10 5478799.2 6087515 1.633961931586167E13 5478799.2 0 10 300 0 3690 110700
333000.0 16524 8.875128734306E10 5493645.46 6104039 1.642837060320473E13 5493645.46 0 10 300 0 3700 111000
333900.0 16452 8.879356353694E10 5508491.67 6120491 1.651716416674167E13 5508491.67 0 10 300 0 3710 111300
334800.0 16452 8.903320943675E10 5523337.87 6136943 1.660619737617842E13 5523337.87 0 10 300 0 3720 111600
335700.0 16560 8.957181064875E10 5538184.08 6153503 1.669576918682717E13 5538184.08 0 10 300 0 3730 111900
336600.0 16524 8.971201032571E10 5553030.3 6170027 1.678548119715287E13 5553030.3 0 10 300 0 3740 112200
337500.0 16452 8.975215357487E10 5567876.5 6186479 1.687523335072775E13 5567876.5 0 10 300 0 3750 112500
338400.0 16452 8.999179947468E10 5582722.71 6202931 1.696522515020243E13 5582722.71 0 10 300 0 3760 112800
339300.0 16560 9.053360745888E10 5597568.92 6219491 1.705575875766131E13 5597568.92 0 10 300 0 3770 113100
340200.0 16524 9.067274369314E10 5612415.13 6236015 1.714643150135445E13 5612415.13 0 10 300 0 3780 113400
341100.0 16452 9.071074361286E10 5627261.34 6252467 1.723714224496731E13 5627261.34 0 10 300 0 3790 113700
342000.0 16452 9.095038951267E10 5642107.55 6268919 1.732809263447998E13 5642107.55 0 10 300 0 3800 114000
342900.0 16560 9.149551170003E10 5656953.75 6285479 1.741958814618001E13 5656953.75 0 10 300 0 3810 114300
343800.0 16524 9.163346610994E10 5671799.97 6302003 1.751122161228995E13 5671799.97 0 10 300 0 3820 114600
344700.0 16452 9.166933365085E10 5686646.18 6318455 1.76028909459408E13 5686646.18 0 10 300 0 3830 114900
345600.0 16452 9.190897955066E10 5701492.38 6334907 1.769479992549146E13 5701492.38 0 10 300 0 3840 115200

