# seed = 1, gamma = 0.0, beta = 1.0, dee = 100.0, dcc = 50.0, dec = 150.0, dsc = 20.0, dLocalhost = 0.015, hostBroker = CLOUD, numOfCloud = 1, numOfEdge = 1, numOfSmartphone = 300 
#
# The columns have the following meaning: 
# instant[SECONDS] delayCountPartial delaySumPartial[SECONDS] delayMaxPartial[SECONDS] delayCountTot delaySumTot[SECONDS] delayMaxTot[SECONDS] runOnCloudPartial runOnEdgePartial runOnSmartphonePartial runOnCloudTot runOnEdgeTot runOnSmartphoneTot
0.0 0 0.0 0.0 0 0.0 0.0 0 0 0 0 0 0
900.0 16566 2545691.71 327.3 16566 2545691.71 327.3 10 0 300 10 0 300
1800.0 16528 2545087.34 327.3 33094 5090779.05 327.3 10 0 300 20 0 600
2700.0 16452 2543117.42 327.3 49546 7633896.47 327.3 10 0 300 30 0 900
3600.0 16452 2543166.98 327.3 65998 1.017706344E7 327.3 10 0 300 40 0 1200
4500.0 16566 2548037.01 327.3 82564 1.272510045E7 327.3 10 0 300 50 0 1500
5400.0 16528 2545201.14 327.3 99092 1.527030159E7 327.3 10 0 300 60 0 1800
6300.0 16452 2543117.42 327.3 115544 1.781341901E7 327.3 10 0 300 70 0 2100
7200.0 16452 2543166.98 327.3 131996 2.035658599E7 327.3 10 0 300 80 0 2400
8100.0 16566 2545699.12 327.3 148562 2.290228511E7 327.3 10 0 300 90 0 2700
9000.0 16528 2545087.34 327.3 165090 2.544737245E7 327.3 10 0 300 100 0 3000
9900.0 16452 2543117.42 327.3 181542 2.799048987E7 327.3 10 0 300 110 0 3300
10800.0 16452 2543166.98 327.3 197994 3.053365684E7 327.3 10 0 300 120 0 3600
11700.0 16566 2548046.01 327.3 214560 3.308170285E7 327.3 10 0 300 130 0 3900
12600.0 16528 2545201.14 327.3 231088 3.562690399E7 327.3 10 0 300 140 0 4200
13500.0 16452 2543117.42 327.3 247540 3.817002141E7 327.3 10 0 300 150 0 4500
14400.0 16452 2543166.98 327.3 263992 4.071318839E7 327.3 10 0 300 160 0 4800
15300.0 16566 2545699.12 327.3 280558 4.325888751E7 327.3 10 0 300 170 0 5100
16200.0 16528 2545087.34 327.3 297086 4.580397485E7 327.3 10 0 300 180 0 5400
17100.0 16452 2543117.42 327.3 313538 4.834709227E7 327.3 10 0 300 190 0 5700
18000.0 16452 2543166.98 327.3 329990 5.089025924E7 327.3 10 0 300 200 0 6000
18900.0 16566 2545699.12 327.3 346556 5.343595836E7 327.3 10 0 300 210 0 6300
19800.0 16528 2545087.34 327.3 363084 5.59810457E7 327.3 10 0 300 220 0 6600
20700.0 16452 2543117.42 327.3 379536 5.852416312E7 327.3 10 0 300 230 0 6900
21600.0 16452 2543166.98 327.3 395988 6.10673301E7 327.3 10 0 300 240 0 7200
22500.0 16566 2545690.12 327.3 412554 6.361302022E7 327.3 10 0 300 250 0 7500
23400.0 16528 2545087.34 327.3 429082 6.615810756E7 327.3 10 0 300 260 0 7800
24300.0 16452 2543117.42 327.3 445534 6.870122498E7 327.3 10 0 300 270 0 8100
25200.0 16452 2543166.98 327.3 461986 7.124439195E7 327.3 10 0 300 280 0 8400
26100.0 16566 2548055.01 327.3 478552 7.379244696E7 327.3 10 0 300 290 0 8700
27000.0 16528 2545087.34 327.3 495080 7.63375343E7 327.3 10 0 300 300 0 9000
27900.0 16452 2543117.42 327.3 511532 7.888065172E7 327.3 10 0 300 310 0 9300
28800.0 16452 2543166.98 327.3 527984 8.142381869E7 327.3 10 0 300 320 0 9600
29700.0 16566 2545699.12 327.3 544550 8.396951781E7 327.3 10 0 300 330 0 9900
30600.0 16528 2545087.34 327.3 561078 8.651460515E7 327.3 10 0 300 340 0 10200
31500.0 16452 2543117.42 327.3 577530 8.905772257E7 327.3 10 0 300 350 0 10500
32400.0 16452 2543166.98 327.3 593982 9.160088954E7 327.3 10 0 300 360 0 10800
33300.0 16566 2545690.12 327.3 610548 9.414657966E7 327.3 10 0 300 370 0 11100
34200.0 16528 2545087.34 327.3 627076 9.6691667E7 327.3 10 0 300 380 0 11400
35100.0 16452 2543117.42 327.3 643528 9.923478442E7 327.3 10 0 300 390 0 11700
36000.0 16452 2543166.98 327.3 659980 1.0177795139E8 327.3 10 0 300 400 0 12000
36900.0 16566 2545699.12 327.3 676546 1.0432365051E8 327.3 10 0 300 410 0 12300
37800.0 16528 2545087.34 327.3 693074 1.0686873785E8 327.3 10 0 300 420 0 12600
38700.0 16452 2543117.42 327.3 709526 1.0941185527E8 327.3 10 0 300 430 0 12900
39600.0 16452 2543166.98 327.3 725978 1.1195502225E8 327.3 10 0 300 440 0 13200
40500.0 16566 2545690.12 327.3 742544 1.1450071236E8 327.3 10 0 300 450 0 13500
41400.0 16528 2545087.34 327.3 759072 1.170457997E8 327.3 10 0 300 460 0 13800
42300.0 16452 2543117.42 327.3 775524 1.1958891712E8 327.3 10 0 300 470 0 14100
43200.0 16452 2543166.98 327.3 791976 1.221320841E8 327.3 10 0 300 480 0 14400
44100.0 16566 2545699.12 327.3 808542 1.2467778321E8 327.3 10 0 300 490 0 14700
45000.0 16528 2545087.34 327.3 825070 1.2722287055E8 327.3 10 0 300 500 0 15000
45900.0 16452 2543117.42 327.3 841522 1.2976598797E8 327.3 10 0 300 510 0 15300
46800.0 16452 2543166.98 327.3 857974 1.3230915495E8 327.3 10 0 300 520 0 15600
47700.0 16566 2548046.01 327.3 874540 1.3485720096E8 327.3 10 0 300 530 0 15900
48600.0 16528 2545087.34 327.3 891068 1.3740228829E8 327.3 10 0 300 540 0 16200
49500.0 16452 2543117.42 327.3 907520 1.3994540571E8 327.3 10 0 300 550 0 16500
50400.0 16452 2543166.98 327.3 923972 1.4248857269E8 327.3 10 0 300 560 0 16800
51300.0 16566 2545699.12 327.3 940538 1.4503427181E8 327.3 10 0 300 570 0 17100
52200.0 16528 2545087.34 327.3 957066 1.4757935915E8 327.3 10 0 300 580 0 17400
53100.0 16452 2543117.42 327.3 973518 1.5012247656E8 327.3 10 0 300 590 0 17700
54000.0 16452 2543166.98 327.3 989970 1.5266564354E8 327.3 10 0 300 600 0 18000
54900.0 16566 2545690.12 327.3 1006536 1.5521133366E8 327.3 10 0 300 610 0 18300
55800.0 16528 2545087.34 327.3 1023064 1.57756421E8 327.3 10 0 300 620 0 18600
56700.0 16452 2543117.42 327.3 1039516 1.6029953841E8 327.3 10 0 300 630 0 18900
57600.0 16452 2543166.98 327.3 1055968 1.6284270539E8 327.3 10 0 300 640 0 19200
58500.0 16566 2545699.12 327.3 1072534 1.6538840451E8 327.3 10 0 300 650 0 19500
59400.0 16528 2545087.34 327.3 1089062 1.6793349185E8 327.3 10 0 300 660 0 19800
60300.0 16452 2543117.42 327.3 1105514 1.7047660927E8 327.3 10 0 300 670 0 20100
61200.0 16452 2543166.98 327.3 1121966 1.7301977624E8 327.3 10 0 300 680 0 20400
62100.0 16566 2545690.12 327.3 1138532 1.7556546636E8 327.3 10 0 300 690 0 20700
63000.0 16528 2545087.34 327.3 1155060 1.781105537E8 327.3 10 0 300 700 0 21000
63900.0 16452 2543117.42 327.3 1171512 1.8065367112E8 327.3 10 0 300 710 0 21300
64800.0 16452 2543166.98 327.3 1187964 1.8319683809E8 327.3 10 0 300 720 0 21600
65700.0 16566 2548055.01 327.3 1204530 1.857448931E8 327.3 10 0 300 730 0 21900
66600.0 16528 2545087.34 327.3 1221058 1.8828998044E8 327.3 10 0 300 740 0 22200
67500.0 16452 2543117.42 327.3 1237510 1.9083309786E8 327.3 10 0 300 750 0 22500
68400.0 16452 2543166.98 327.3 1253962 1.9337626483E8 327.3 10 0 300 760 0 22800
69300.0 16566 2545690.12 327.3 1270528 1.9592195495E8 327.3 10 0 300 770 0 23100
70200.0 16528 2545087.34 327.3 1287056 1.9846704229E8 327.3 10 0 300 780 0 23400
71100.0 16452 2543117.42 327.3 1303508 2.0101015971E8 327.3 10 0 300 790 0 23700
72000.0 16452 2543166.98 327.3 1319960 2.0355332668E8 327.3 10 0 300 800 0 24000
72900.0 16566 2545699.12 327.3 1336526 2.060990258E8 327.3 10 0 300 810 0 24300
73800.0 16528 2545087.34 327.3 1353054 2.0864411314E8 327.3 10 0 300 820 0 24600
74700.0 16452 2543117.42 327.3 1369506 2.1118723056E8 327.3 10 0 300 830 0 24900
75600.0 16452 2543166.98 327.3 1385958 2.1373039754E8 327.3 10 0 300 840 0 25200
76500.0 16566 2548046.01 327.3 1402524 2.1627844354E8 327.3 10 0 300 850 0 25500
77400.0 16528 2545087.34 327.3 1419052 2.1882353088E8 327.3 10 0 300 860 0 25800
78300.0 16452 2543117.42 327.3 1435504 2.213666483E8 327.3 10 0 300 870 0 26100
79200.0 16452 2543166.98 327.3 1451956 2.2390981528E8 327.3 10 0 300 880 0 26400
80100.0 16566 2545699.12 327.3 1468522 2.2645551439E8 327.3 10 0 300 890 0 26700
81000.0 16528 2545201.14 327.3 1485050 2.2900071554E8 327.3 10 0 300 900 0 27000
81900.0 16452 2543117.42 327.3 1501502 2.3154383296E8 327.3 10 0 300 910 0 27300
82800.0 16452 2543166.98 327.3 1517954 2.3408699993E8 327.3 10 0 300 920 0 27600
83700.0 16566 2548055.01 327.3 1534520 2.3663505494E8 327.3 10 0 300 930 0 27900
84600.0 16528 2545087.34 327.3 1551048 2.3918014228E8 327.3 10 0 300 940 0 28200
85500.0 16452 2543117.42 327.3 1567500 2.417232597E8 327.3 10 0 300 950 0 28500
86400.0 16452 2543166.98 327.3 1583952 2.4426642667E8 327.3 10 0 300 960 0 28800
87300.0 16566 2545690.12 327.3 1600518 2.4681211679E8 327.3 10 0 300 970 0 29100
88200.0 16528 2545192.14 327.3 1617046 2.4935730894E8 327.3 10 0 300 980 0 29400
89100.0 16452 2543117.42 327.3 1633498 2.5190042635E8 327.3 10 0 300 990 0 29700
90000.0 16452 2543166.98 327.3 1649950 2.5444359333E8 327.3 10 0 300 1000 0 30000
90900.0 16566 2548046.01 327.3 1666516 2.5699163934E8 327.3 10 0 300 1010 0 30300
91800.0 16528 2545087.34 327.3 1683044 2.5953672668E8 327.3 10 0 300 1020 0 30600
92700.0 16452 2543117.42 327.3 1699496 2.6207984409E8 327.3 10 0 300 1030 0 30900
93600.0 16452 2543166.98 327.3 1715948 2.6462301107E8 327.3 10 0 300 1040 0 31200
94500.0 16566 2545690.12 327.3 1732514 2.6716870119E8 327.3 10 0 300 1050 0 31500
95400.0 16528 2545192.14 327.3 1749042 2.6971389333E8 327.3 10 0 300 1060 0 31800
96300.0 16452 2543117.42 327.3 1765494 2.7225701075E8 327.3 10 0 300 1070 0 32100
97200.0 16452 2543166.98 327.3 1781946 2.7480017773E8 327.3 10 0 300 1080 0 32400
98100.0 16566 2545690.12 327.3 1798512 2.7734586785E8 327.3 10 0 300 1090 0 32700
99000.0 16528 2545087.34 327.3 1815040 2.7989095519E8 327.3 10 0 300 1100 0 33000
99900.0 16452 2543117.42 327.3 1831492 2.824340726E8 327.3 10 0 300 1110 0 33300
100800.0 16452 2543166.98 327.3 1847944 2.8497723958E8 327.3 10 0 300 1120 0 33600
101700.0 16566 2545690.12 327.3 1864510 2.875229297E8 327.3 10 0 300 1130 0 33900
102600.0 16528 2545087.34 327.3 1881038 2.9006801704E8 327.3 10 0 300 1140 0 34200
103500.0 16452 2543117.42 327.3 1897490 2.9261113445E8 327.3 10 0 300 1150 0 34500
104400.0 16452 2543166.98 327.3 1913942 2.9515430143E8 327.3 10 0 300 1160 0 34800
105300.0 16566 2545699.12 327.3 1930508 2.9770000055E8 327.3 10 0 300 1170 0 35100
106200.0 16528 2545087.34 327.3 1947036 3.0024508789E8 327.3 10 0 300 1180 0 35400
107100.0 16452 2543117.42 327.3 1963488 3.027882053E8 327.3 10 0 300 1190 0 35700
108000.0 16452 2543166.98 327.3 1979940 3.0533137228E8 327.3 10 0 300 1200 0 36000
108900.0 16566 2545690.12 327.3 1996506 3.078770624E8 327.3 10 0 300 1210 0 36300
109800.0 16528 2545087.34 327.3 2013034 3.1042214974E8 327.3 10 0 300 1220 0 36600
110700.0 16452 2543117.42 327.3 2029486 3.1296526716E8 327.3 10 0 300 1230 0 36900
111600.0 16452 2543166.98 327.3 2045938 3.1550843413E8 327.3 10 0 300 1240 0 37200
112500.0 16566 2545690.12 327.3 2062504 3.1805412425E8 327.3 10 0 300 1250 0 37500
113400.0 16528 2545087.34 327.3 2079032 3.2059921159E8 327.3 10 0 300 1260 0 37800
114300.0 16452 2543117.42 327.3 2095484 3.2314232901E8 327.3 10 0 300 1270 0 38100
115200.0 16452 2543166.98 327.3 2111936 3.2568549598E8 327.3 10 0 300 1280 0 38400
116100.0 16566 2545690.12 327.3 2128502 3.282311861E8 327.3 10 0 300 1290 0 38700
117000.0 16528 2545087.34 327.3 2145030 3.3077627344E8 327.3 10 0 300 1300 0 39000
117900.0 16452 2543117.42 327.3 2161482 3.3331939086E8 327.3 10 0 300 1310 0 39300
118800.0 16452 2543166.98 327.3 2177934 3.3586255783E8 327.3 10 0 300 1320 0 39600
119700.0 16566 2545699.12 327.3 2194500 3.3840825695E8 327.3 10 0 300 1330 0 39900
120600.0 16528 2545087.34 327.3 2211028 3.4095334429E8 327.3 10 0 300 1340 0 40200
121500.0 16452 2543117.42 327.3 2227480 3.4349646171E8 327.3 10 0 300 1350 0 40500
122400.0 16452 2543166.98 327.3 2243932 3.4603962869E8 327.3 10 0 300 1360 0 40800
123300.0 16566 2545690.12 327.3 2260498 3.485853188E8 327.3 10 0 300 1370 0 41100
124200.0 16528 2545087.34 327.3 2277026 3.5113040614E8 327.3 10 0 300 1380 0 41400
125100.0 16452 2543117.42 327.3 2293478 3.5367352356E8 327.3 10 0 300 1390 0 41700
126000.0 16452 2543166.98 327.3 2309930 3.5621669054E8 327.3 10 0 300 1400 0 42000
126900.0 16566 2545699.12 327.3 2326496 3.5876238965E8 327.3 10 0 300 1410 0 42300
127800.0 16528 2545087.34 327.3 2343024 3.6130747699E8 327.3 10 0 300 1420 0 42600
128700.0 16452 2543117.42 327.3 2359476 3.6385059441E8 327.3 10 0 300 1430 0 42900
129600.0 16452 2543166.98 327.3 2375928 3.6639376139E8 327.3 10 0 300 1440 0 43200
130500.0 16566 2545699.12 327.3 2392494 3.6893946051E8 327.3 10 0 300 1450 0 43500
131400.0 16528 2545087.34 327.3 2409022 3.7148454785E8 327.3 10 0 300 1460 0 43800
132300.0 16452 2543117.42 327.3 2425474 3.7402766526E8 327.3 10 0 300 1470 0 44100
133200.0 16452 2543166.98 327.3 2441926 3.7657083224E8 327.3 10 0 300 1480 0 44400
134100.0 16566 2545690.12 327.3 2458492 3.7911652236E8 327.3 10 0 300 1490 0 44700
135000.0 16528 2545087.34 327.3 2475020 3.816616097E8 327.3 10 0 300 1500 0 45000
135900.0 16452 2543117.42 327.3 2491472 3.8420472711E8 327.3 10 0 300 1510 0 45300
136800.0 16452 2543166.98 327.3 2507924 3.8674789409E8 327.3 10 0 300 1520 0 45600
137700.0 16566 2545699.12 327.3 2524490 3.8929359321E8 327.3 10 0 300 1530 0 45900
138600.0 16528 2545087.34 327.3 2541018 3.9183868054E8 327.3 10 0 300 1540 0 46200
139500.0 16452 2543117.42 327.3 2557470 3.9438179796E8 327.3 10 0 300 1550 0 46500
140400.0 16452 2543166.98 327.3 2573922 3.9692496494E8 327.3 10 0 300 1560 0 46800
141300.0 16566 2545690.12 327.3 2590488 3.9947065506E8 327.3 10 0 300 1570 0 47100
142200.0 16528 2545087.34 327.3 2607016 4.0201574239E8 327.3 10 0 300 1580 0 47400
143100.0 16452 2543117.42 327.3 2623468 4.0455885981E8 327.3 10 0 300 1590 0 47700
144000.0 16452 2543166.98 327.3 2639920 4.0710202679E8 327.3 10 0 300 1600 0 48000
144900.0 16566 2545699.12 327.3 2656486 4.096477259E8 327.3 10 0 300 1610 0 48300
145800.0 16528 2545087.34 327.3 2673014 4.1219281324E8 327.3 10 0 300 1620 0 48600
146700.0 16452 2543117.42 327.3 2689466 4.1473593066E8 327.3 10 0 300 1630 0 48900
147600.0 16452 2543166.98 327.3 2705918 4.1727909764E8 327.3 10 0 300 1640 0 49200
148500.0 16566 2545699.12 327.3 2722484 4.1982479675E8 327.3 10 0 300 1650 0 49500
149400.0 16528 2545087.34 327.3 2739012 4.2236988409E8 327.3 10 0 300 1660 0 49800
150300.0 16452 2543117.42 327.3 2755464 4.2491300151E8 327.3 10 0 300 1670 0 50100
151200.0 16452 2543166.98 327.3 2771916 4.2745616848E8 327.3 10 0 300 1680 0 50400
152100.0 16566 2545690.12 327.3 2788482 4.300018586E8 327.3 10 0 300 1690 0 50700
153000.0 16528 2545087.34 327.3 2805010 4.3254694594E8 327.3 10 0 300 1700 0 51000
153900.0 16452 2543117.42 327.3 2821462 4.3509006336E8 327.3 10 0 300 1710 0 51300
154800.0 16452 2543166.98 327.3 2837914 4.3763323033E8 327.3 10 0 300 1720 0 51600
155700.0 16566 2545699.12 327.3 2854480 4.4017892945E8 327.3 10 0 300 1730 0 51900
156600.0 16528 2545087.34 327.3 2871008 4.4272401679E8 327.3 10 0 300 1740 0 52200
157500.0 16452 2543117.42 327.3 2887460 4.4526713421E8 327.3 10 0 300 1750 0 52500
158400.0 16452 2543166.98 327.3 2903912 4.4781030118E8 327.3 10 0 300 1760 0 52800
159300.0 16566 2548046.01 327.3 2920478 4.5035834719E8 327.3 10 0 300 1770 0 53100
160200.0 16528 2545087.34 327.3 2937006 4.5290343453E8 327.3 10 0 300 1780 0 53400
161100.0 16452 2543117.42 327.3 2953458 4.5544655195E8 327.3 10 0 300 1790 0 53700
162000.0 16452 2543166.98 327.3 2969910 4.5798971892E8 327.3 10 0 300 1800 0 54000
162900.0 16566 2545699.12 327.3 2986476 4.6053541804E8 327.3 10 0 300 1810 0 54300
163800.0 16528 2545201.14 327.3 3003004 4.6308061918E8 327.3 10 0 300 1820 0 54600
164700.0 16452 2543117.42 327.3 3019456 4.656237366E8 327.3 10 0 300 1830 0 54900
165600.0 16452 2543166.98 327.3 3035908 4.6816690358E8 327.3 10 0 300 1840 0 55200
166500.0 16566 2548046.01 327.3 3052474 4.7071494958E8 327.3 10 0 300 1850 0 55500
167400.0 16528 2545087.34 327.3 3069002 4.7326003692E8 327.3 10 0 300 1860 0 55800
168300.0 16452 2543117.42 327.3 3085454 4.7580315434E8 327.3 10 0 300 1870 0 56100
169200.0 16452 2543166.98 327.3 3101906 4.7834632132E8 327.3 10 0 300 1880 0 56400
170100.0 16566 2545699.12 327.3 3118472 4.8089202043E8 327.3 10 0 300 1890 0 56700
171000.0 16528 2545201.14 327.3 3135000 4.8343722158E8 327.3 10 0 300 1900 0 57000
171900.0 16452 2543117.42 327.3 3151452 4.8598033899E8 327.3 10 0 300 1910 0 57300
172800.0 16452 2543166.98 327.3 3167904 4.8852350597E8 327.3 10 0 300 1920 0 57600
173700.0 16566 2545690.12 327.3 3184470 4.9106919609E8 327.3 10 0 300 1930 0 57900
174600.0 16528 2545087.34 327.3 3200998 4.9361428343E8 327.3 10 0 300 1940 0 58200
175500.0 16452 2543117.42 327.3 3217450 4.9615740084E8 327.3 10 0 300 1950 0 58500
176400.0 16452 2543166.98 327.3 3233902 4.9870056782E8 327.3 10 0 300 1960 0 58800
177300.0 16566 2545699.12 327.3 3250468 5.0124626694E8 327.3 10 0 300 1970 0 59100
178200.0 16528 2545087.34 327.3 3266996 5.0379135428E8 327.3 10 0 300 1980 0 59400
179100.0 16452 2543117.42 327.3 3283448 5.0633447169E8 327.3 10 0 300 1990 0 59700
180000.0 16452 2543166.98 327.3 3299900 5.0887763867E8 327.3 10 0 300 2000 0 60000
180900.0 16566 2545699.12 327.3 3316466 5.1142333779E8 327.3 10 0 300 2010 0 60300
181800.0 16528 2545087.34 327.3 3332994 5.1396842512E8 327.3 10 0 300 2020 0 60600
182700.0 16452 2543117.42 327.3 3349446 5.1651154254E8 327.3 10 0 300 2030 0 60900
183600.0 16452 2543166.98 327.3 3365898 5.1905470952E8 327.3 10 0 300 2040 0 61200
184500.0 16566 2545690.12 327.3 3382464 5.2160039963E8 327.3 10 0 300 2050 0 61500
185400.0 16528 2545087.34 327.3 3398992 5.2414548697E8 327.3 10 0 300 2060 0 61800
186300.0 16452 2543117.42 327.3 3415444 5.2668860439E8 327.3 10 0 300 2070 0 62100
187200.0 16452 2543166.98 327.3 3431896 5.2923177137E8 327.3 10 0 300 2080 0 62400
188100.0 16566 2545699.12 327.3 3448462 5.3177747048E8 327.3 10 0 300 2090 0 62700
189000.0 16528 2545087.34 327.3 3464990 5.3432255782E8 327.3 10 0 300 2100 0 63000
189900.0 16452 2543117.42 327.3 3481442 5.3686567524E8 327.3 10 0 300 2110 0 63300
190800.0 16452 2543166.98 327.3 3497894 5.3940884221E8 327.3 10 0 300 2120 0 63600
191700.0 16566 2545699.12 327.3 3514460 5.4195454133E8 327.3 10 0 300 2130 0 63900
192600.0 16528 2545087.34 327.3 3530988 5.4449962867E8 327.3 10 0 300 2140 0 64200
193500.0 16452 2543117.42 327.3 3547440 5.4704274609E8 327.3 10 0 300 2150 0 64500
194400.0 16452 2543166.98 327.3 3563892 5.4958591306E8 327.3 10 0 300 2160 0 64800
195300.0 16566 2545690.12 327.3 3580458 5.5213160318E8 327.3 10 0 300 2170 0 65100
196200.0 16528 2545087.34 327.3 3596986 5.5467669052E8 327.3 10 0 300 2180 0 65400
197100.0 16452 2543117.42 327.3 3613438 5.5721980794E8 327.3 10 0 300 2190 0 65700
198000.0 16452 2543166.98 327.3 3629890 5.5976297491E8 327.3 10 0 300 2200 0 66000
198900.0 16566 2545699.12 327.3 3646456 5.6230867403E8 327.3 10 0 300 2210 0 66300
199800.0 16528 2545087.34 327.3 3662984 5.6485376137E8 327.3 10 0 300 2220 0 66600
200700.0 16452 2543117.42 327.3 3679436 5.6739687879E8 327.3 10 0 300 2230 0 66900
201600.0 16452 2543166.98 327.3 3695888 5.6994004576E8 327.3 10 0 300 2240 0 67200
202500.0 16566 2545699.12 327.3 3712454 5.7248574488E8 327.3 10 0 300 2250 0 67500
203400.0 16528 2545087.34 327.3 3728982 5.7503083222E8 327.3 10 0 300 2260 0 67800
204300.0 16452 2543117.42 327.3 3745434 5.7757394964E8 327.3 10 0 300 2270 0 68100
205200.0 16452 2543166.98 327.3 3761886 5.8011711661E8 327.3 10 0 300 2280 0 68400
206100.0 16566 2545690.12 327.3 3778452 5.8266280673E8 327.3 10 0 300 2290 0 68700
207000.0 16528 2545087.34 327.3 3794980 5.8520789407E8 327.3 10 0 300 2300 0 69000
207900.0 16452 2543117.42 327.3 3811432 5.8775101148E8 327.3 10 0 300 2310 0 69300
208800.0 16452 2543166.98 327.3 3827884 5.9029417846E8 327.3 10 0 300 2320 0 69600
209700.0 16566 2545699.12 327.3 3844450 5.9283987758E8 327.3 10 0 300 2330 0 69900
210600.0 16528 2545087.34 327.3 3860978 5.9538496492E8 327.3 10 0 300 2340 0 70200
211500.0 16452 2543117.42 327.3 3877430 5.9792808233E8 327.3 10 0 300 2350 0 70500
212400.0 16452 2543166.98 327.3 3893882 6.0047124931E8 327.3 10 0 300 2360 0 70800
213300.0 16566 2545690.12 327.3 3910448 6.0301693943E8 327.3 10 0 300 2370 0 71100
214200.0 16528 2545087.34 327.3 3926976 6.0556202677E8 327.3 10 0 300 2380 0 71400
215100.0 16452 2543117.42 327.3 3943428 6.0810514418E8 327.3 10 0 300 2390 0 71700
216000.0 16452 2543166.98 327.3 3959880 6.1064831116E8 327.3 10 0 300 2400 0 72000
216900.0 16566 2545699.12 327.3 3976446 6.1319401028E8 327.3 10 0 300 2410 0 72300
217800.0 16528 2545087.34 327.3 3992974 6.1573909761E8 327.3 10 0 300 2420 0 72600
218700.0 16452 2543117.42 327.3 4009426 6.1828221503E8 327.3 10 0 300 2430 0 72900
219600.0 16452 2543166.98 327.3 4025878 6.2082538201E8 327.3 10 0 300 2440 0 73200
220500.0 16566 2545690.12 327.3 4042444 6.2337107212E8 327.3 10 0 300 2450 0 73500
221400.0 16528 2545087.34 327.3 4058972 6.2591615946E8 327.3 10 0 300 2460 0 73800
222300.0 16452 2543117.42 327.3 4075424 6.2845927688E8 327.3 10 0 300 2470 0 74100
223200.0 16452 2543166.98 327.3 4091876 6.3100244386E8 327.3 10 0 300 2480 0 74400
224100.0 16566 2545699.12 327.3 4108442 6.3354814297E8 327.3 10 0 300 2490 0 74700
225000.0 16528 2545087.34 327.3 4124970 6.3609323031E8 327.3 10 0 300 2500 0 75000
225900.0 16452 2543117.42 327.3 4141422 6.3863634773E8 327.3 10 0 300 2510 0 75300
226800.0 16452 2543166.98 327.3 4157874 6.411795147E8 327.3 10 0 300 2520 0 75600
227700.0 16566 2545690.12 327.3 4174440 6.4372520482E8 327.3 10 0 300 2530 0 75900
228600.0 16528 2545087.34 327.3 4190968 6.4627029216E8 327.3 10 0 300 2540 0 76200
229500.0 16452 2543117.42 327.3 4207420 6.4881340958E8 327.3 10 0 300 2550 0 76500
230400.0 16452 2543166.98 327.3 4223872 6.5135657655E8 327.3 10 0 300 2560 0 76800
231300.0 16566 2545699.12 327.3 4240438 6.5390227567E8 327.3 10 0 300 2570 0 77100
232200.0 16528 2545087.34 327.3 4256966 6.5644736301E8 327.3 10 0 300 2580 0 77400
233100.0 16452 2543117.42 327.3 4273418 6.5899048043E8 327.3 10 0 300 2590 0 77700
234000.0 16452 2543166.98 327.3 4289870 6.615336474E8 327.3 10 0 300 2600 0 78000
234900.0 16566 2545690.12 327.3 4306436 6.6407933752E8 327.3 10 0 300 2610 0 78300
235800.0 16528 2545087.34 327.3 4322964 6.6662442486E8 327.3 10 0 300 2620 0 78600
236700.0 16452 2543117.42 327.3 4339416 6.6916754228E8 327.3 10 0 300 2630 0 78900
237600.0 16452 2543166.98 327.3 4355868 6.7171070925E8 327.3 10 0 300 2640 0 79200
238500.0 16566 2545699.12 327.3 4372434 6.7425640837E8 327.3 10 0 300 2650 0 79500
239400.0 16528 2545087.34 327.3 4388962 6.7680149571E8 327.3 10 0 300 2660 0 79800
240300.0 16452 2543117.42 327.3 4405414 6.7934461312E8 327.3 10 0 300 2670 0 80100
241200.0 16452 2543166.98 327.3 4421866 6.818877801E8 327.3 10 0 300 2680 0 80400
242100.0 16566 2545690.12 327.3 4438432 6.8443347022E8 327.3 10 0 300 2690 0 80700
243000.0 16528 2545087.34 327.3 4454960 6.8697855756E8 327.3 10 0 300 2700 0 81000
243900.0 16452 2543117.42 327.3 4471412 6.8952167497E8 327.3 10 0 300 2710 0 81300
244800.0 16452 2543166.98 327.3 4487864 6.9206484195E8 327.3 10 0 300 2720 0 81600
245700.0 16566 2545699.12 327.3 4504430 6.9461054107E8 327.3 10 0 300 2730 0 81900
246600.0 16528 2545087.34 327.3 4520958 6.9715562841E8 327.3 10 0 300 2740 0 82200
247500.0 16452 2543117.42 327.3 4537410 6.9969874582E8 327.3 10 0 300 2750 0 82500
248400.0 16452 2543166.98 327.3 4553862 7.022419128E8 327.3 10 0 300 2760 0 82800
249300.0 16566 2545699.12 327.3 4570428 7.0478761192E8 327.3 10 0 300 2770 0 83100
250200.0 16528 2545087.34 327.3 4586956 7.0733269926E8 327.3 10 0 300 2780 0 83400
251100.0 16452 2543117.42 327.3 4603408 7.0987581667E8 327.3 10 0 300 2790 0 83700
252000.0 16452 2543166.98 327.3 4619860 7.1241898365E8 327.3 10 0 300 2800 0 84000
252900.0 16566 2545690.12 327.3 4636426 7.1496467377E8 327.3 10 0 300 2810 0 84300
253800.0 16528 2545087.34 327.3 4652954 7.1750976111E8 327.3 10 0 300 2820 0 84600
254700.0 16452 2543117.42 327.3 4669406 7.2005287853E8 327.3 10 0 300 2830 0 84900
255600.0 16452 2543166.98 327.3 4685858 7.225960455E8 327.3 10 0 300 2840 0 85200
256500.0 16566 2545699.12 327.3 4702424 7.2514174463E8 327.3 10 0 300 2850 0 85500
257400.0 16528 2545087.34 327.3 4718952 7.2768683196E8 327.3 10 0 300 2860 0 85800
258300.0 16452 2543117.42 327.3 4735404 7.3022994938E8 327.3 10 0 300 2870 0 86100
259200.0 16452 2543166.98 327.3 4751856 7.3277311636E8 327.3 10 0 300 2880 0 86400
260100.0 16566 2545690.12 327.3 4768422 7.3531880648E8 327.3 10 0 300 2890 0 86700
261000.0 16528 2545087.34 327.3 4784950 7.3786389382E8 327.3 10 0 300 2900 0 87000
261900.0 16452 2543117.42 327.3 4801402 7.4040701123E8 327.3 10 0 300 2910 0 87300
262800.0 16452 2543166.98 327.3 4817854 7.4295017821E8 327.3 10 0 300 2920 0 87600
263700.0 16566 2548055.01 327.3 4834420 7.4549823322E8 327.3 10 0 300 2930 0 87900
264600.0 16528 2545087.34 327.3 4850948 7.4804332056E8 327.3 10 0 300 2940 0 88200
265500.0 16452 2543117.42 327.3 4867400 7.5058643797E8 327.3 10 0 300 2950 0 88500
266400.0 16452 2543166.98 327.3 4883852 7.5312960495E8 327.3 10 0 300 2960 0 88800
267300.0 16566 2545690.12 327.3 4900418 7.5567529507E8 327.3 10 0 300 2970 0 89100
268200.0 16528 2545201.14 327.3 4916946 7.5822049621E8 327.3 10 0 300 2980 0 89400
269100.0 16452 2543117.42 327.3 4933398 7.6076361363E8 327.3 10 0 300 2990 0 89700
270000.0 16452 2543166.98 327.3 4949850 7.6330678061E8 327.3 10 0 300 3000 0 90000
270900.0 16566 2548055.01 327.3 4966416 7.6585483562E8 327.3 10 0 300 3010 0 90300
271800.0 16528 2545087.34 327.3 4982944 7.6839992295E8 327.3 10 0 300 3020 0 90600
272700.0 16452 2543117.42 327.3 4999396 7.7094304037E8 327.3 10 0 300 3030 0 90900
273600.0 16452 2543166.98 327.3 5015848 7.7348620735E8 327.3 10 0 300 3040 0 91200
274500.0 16566 2545690.12 327.3 5032414 7.7603189747E8 327.3 10 0 300 3050 0 91500
275400.0 16528 2545201.14 327.3 5048942 7.7857709861E8 327.3 10 0 300 3060 0 91800
276300.0 16452 2543117.42 327.3 5065394 7.8112021603E8 327.3 10 0 300 3070 0 92100
277200.0 16452 2543166.98 327.3 5081846 7.8366338301E8 327.3 10 0 300 3080 0 92400
278100.0 16566 2545699.12 327.3 5098412 7.8620908213E8 327.3 10 0 300 3090 0 92700
279000.0 16528 2545087.34 327.3 5114940 7.8875416947E8 327.3 10 0 300 3100 0 93000
279900.0 16452 2543117.42 327.3 5131392 7.9129728689E8 327.3 10 0 300 3110 0 93300
280800.0 16452 2543166.98 327.3 5147844 7.9384045386E8 327.3 10 0 300 3120 0 93600
281700.0 16566 2548055.01 327.3 5164410 7.9638850887E8 327.3 10 0 300 3130 0 93900
282600.0 16528 2545087.34 327.3 5180938 7.9893359621E8 327.3 10 0 300 3140 0 94200
283500.0 16452 2543117.42 327.3 5197390 8.0147671363E8 327.3 10 0 300 3150 0 94500
284400.0 16452 2543166.98 327.3 5213842 8.040198806E8 327.3 10 0 300 3160 0 94800
285300.0 16566 2545690.12 327.3 5230408 8.0656557072E8 327.3 10 0 300 3170 0 95100
286200.0 16528 2545201.14 327.3 5246936 8.0911077187E8 327.3 10 0 300 3180 0 95400
287100.0 16452 2543117.42 327.3 5263388 8.1165388929E8 327.3 10 0 300 3190 0 95700
288000.0 16452 2543166.98 327.3 5279840 8.1419705626E8 327.3 10 0 300 3200 0 96000
288900.0 16566 2548055.01 327.3 5296406 8.1674511127E8 327.3 10 0 300 3210 0 96300
289800.0 16528 2545087.34 327.3 5312934 8.1929019861E8 327.3 10 0 300 3220 0 96600
290700.0 16452 2543117.42 327.3 5329386 8.2183331603E8 327.3 10 0 300 3230 0 96900
291600.0 16452 2543166.98 327.3 5345838 8.24376483E8 327.3 10 0 300 3240 0 97200
292500.0 16566 2545699.12 327.3 5362404 8.2692218212E8 327.3 10 0 300 3250 0 97500
293400.0 16528 2545201.14 327.3 5378932 8.2946738327E8 327.3 10 0 300 3260 0 97800
294300.0 16452 2543117.42 327.3 5395384 8.3201050069E8 327.3 10 0 300 3270 0 98100
295200.0 16452 2543166.98 327.3 5411836 8.3455366766E8 327.3 10 0 300 3280 0 98400
296100.0 16566 2545690.12 327.3 5428402 8.3709935778E8 327.3 10 0 300 3290 0 98700
297000.0 16528 2545087.34 327.3 5444930 8.3964444512E8 327.3 10 0 300 3300 0 99000
297900.0 16452 2543117.42 327.3 5461382 8.4218756254E8 327.3 10 0 300 3310 0 99300
298800.0 16452 2543166.98 327.3 5477834 8.4473072952E8 327.3 10 0 300 3320 0 99600
299700.0 16566 2545699.12 327.3 5494400 8.4727642864E8 327.3 10 0 300 3330 0 99900
300600.0 16528 2545087.34 327.3 5510928 8.4982151598E8 327.3 10 0 300 3340 0 100200
301500.0 16452 2543117.42 327.3 5527380 8.5236463339E8 327.3 10 0 300 3350 0 100500
302400.0 16452 2543166.98 327.3 5543832 8.5490780037E8 327.3 10 0 300 3360 0 100800
303300.0 16566 2545690.12 327.3 5560398 8.5745349049E8 327.3 10 0 300 3370 0 101100
304200.0 16528 2545087.34 327.3 5576926 8.5999857783E8 327.3 10 0 300 3380 0 101400
305100.0 16452 2543117.42 327.3 5593378 8.6254169525E8 327.3 10 0 300 3390 0 101700
306000.0 16452 2543166.98 327.3 5609830 8.6508486222E8 327.3 10 0 300 3400 0 102000
306900.0 16566 2545699.12 327.3 5626396 8.6763056134E8 327.3 10 0 300 3410 0 102300
307800.0 16528 2545087.34 327.3 5642924 8.7017564868E8 327.3 10 0 300 3420 0 102600
308700.0 16452 2543117.42 327.3 5659376 8.727187661E8 327.3 10 0 300 3430 0 102900
309600.0 16452 2543166.98 327.3 5675828 8.7526193307E8 327.3 10 0 300 3440 0 103200
310500.0 16566 2545699.16 327.3 5692394 8.7780763223E8 327.3 10 0 300 3450 0 103500
311400.0 16528 2545087.34 327.3 5708922 8.8035271957E8 327.3 10 0 300 3460 0 103800
312300.0 16452 2543117.42 327.3 5725374 8.8289583699E8 327.3 10 0 300 3470 0 104100
313200.0 16452 2543166.98 327.3 5741826 8.8543900396E8 327.3 10 0 300 3480 0 104400
314100.0 16566 2545690.16 327.3 5758392 8.8798469412E8 327.3 10 0 300 3490 0 104700
315000.0 16528 2545087.34 327.3 5774920 8.9052978146E8 327.3 10 0 300 3500 0 105000
315900.0 16452 2543117.42 327.3 5791372 8.9307289888E8 327.3 10 0 300 3510 0 105300
316800.0 16452 2543166.98 327.3 5807824 8.9561606586E8 327.3 10 0 300 3520 0 105600
317700.0 16566 2545699.16 327.3 5824390 8.9816176502E8 327.3 10 0 300 3530 0 105900
318600.0 16528 2545201.14 327.3 5840918 9.0070696616E8 327.3 10 0 300 3540 0 106200
319500.0 16452 2543117.42 327.3 5857370 9.0325008358E8 327.3 10 0 300 3550 0 106500
320400.0 16452 2543166.98 327.3 5873822 9.0579325055E8 327.3 10 0 300 3560 0 106800
321300.0 16566 2545690.16 327.3 5890388 9.0833894071E8 327.3 10 0 300 3570 0 107100
322200.0 16528 2545087.34 327.3 5906916 9.1088402805E8 327.3 10 0 300 3580 0 107400
323100.0 16452 2543117.42 327.3 5923368 9.1342714547E8 327.3 10 0 300 3590 0 107700
324000.0 16452 2543166.98 327.3 5939820 9.1597031245E8 327.3 10 0 300 3600 0 108000
324900.0 16566 2545699.16 327.3 5956386 9.1851601161E8 327.3 10 0 300 3610 0 108300
325800.0 16528 2545087.34 327.3 5972914 9.2106109895E8 327.3 10 0 300 3620 0 108600
326700.0 16452 2543117.42 327.3 5989366 9.2360421636E8 327.3 10 0 300 3630 0 108900
327600.0 16452 2543166.98 327.3 6005818 9.2614738334E8 327.3 10 0 300 3640 0 109200
328500.0 16566 2545681.16 327.3 6022384 9.286930645E8 327.3 10 0 300 3650 0 109500
329400.0 16528 2545087.34 327.3 6038912 9.3123815184E8 327.3 10 0 300 3660 0 109800
330300.0 16452 2543117.42 327.3 6055364 9.3378126926E8 327.3 10 0 300 3670 0 110100
331200.0 16452 2543166.98 327.3 6071816 9.3632443623E8 327.3 10 0 300 3680 0 110400
332100.0 16566 2548055.01 327.3 6088382 9.3887249124E8 327.3 10 0 300 3690 0 110700
333000.0 16528 2545201.14 327.3 6104910 9.4141769238E8 327.3 10 0 300 3700 0 111000
333900.0 16452 2543117.42 327.3 6121362 9.439608098E8 327.3 10 0 300 3710 0 111300
334800.0 16452 2543166.98 327.3 6137814 9.4650397678E8 327.3 10 0 300 3720 0 111600
335700.0 16566 2545699.16 327.3 6154380 9.4904967594E8 327.3 10 0 300 3730 0 111900
336600.0 16528 2545087.34 327.3 6170908 9.5159476328E8 327.3 10 0 300 3740 0 112200
337500.0 16452 2543117.42 327.3 6187360 9.5413788069E8 327.3 10 0 300 3750 0 112500
338400.0 16452 2543166.98 327.3 6203812 9.5668104767E8 327.3 10 0 300 3760 0 112800
339300.0 16566 2545681.16 327.3 6220378 9.5922672883E8 327.3 10 0 300 3770 0 113100
340200.0 16528 2545201.14 327.3 6236906 9.6177192998E8 327.3 10 0 300 3780 0 113400
341100.0 16452 2543117.42 327.3 6253358 9.6431504739E8 327.3 10 0 300 3790 0 113700
342000.0 16452 2543166.98 327.3 6269810 9.6685821437E8 327.3 10 0 300 3800 0 114000
342900.0 16566 2548055.01 327.3 6286376 9.6940626938E8 327.3 10 0 300 3810 0 114300
343800.0 16528 2545087.34 327.3 6302904 9.7195135672E8 327.3 10 0 300 3820 0 114600
344700.0 16452 2543117.42 327.3 6319356 9.7449447413E8 327.3 10 0 300 3830 0 114900
345600.0 16452 2543166.98 327.3 6335808 9.7703764111E8 327.3 10 0 300 3840 0 115200

