# seed = 1, gamma = 0.5, beta = 0.5, dee = 10.0, dcc = 200.0, dec = 150.0, dsc = 20.0, dLocalhost = 0.015, hostBroker = CLOUD, numOfCloud = 1, numOfEdge = 1, numOfSmartphone = 150 
#
# The columns have the following meaning: 
# instant[SECONDS] delayCountPartial delaySumPartial[SECONDS] delayMaxPartial[SECONDS] delayCountTot delaySumTot[SECONDS] delayMaxTot[SECONDS] runOnCloudPartial runOnEdgePartial runOnSmartphonePartial runOnCloudTot runOnEdgeTot runOnSmartphoneTot
0.0 0 0.0 0.0 0 0.0 0.0 0 0 0 0 0 0
900.0 16561 1.301168981E7 1663.04 16561 1.301168981E7 1663.04 155 5 150 155 5 150
1800.0 16530 2.681359011E7 2518.5 33091 3.982527993E7 2518.5 155 5 150 310 10 300
2700.0 16454 4.057597619E7 3374.45 49545 8.040125611E7 3374.45 155 5 150 465 15 450
3600.0 16453 5.439307393E7 4229.85 65998 1.3479433004E8 4229.85 155 5 150 620 20 600
4500.0 16560 6.845828502E7 5085.8 82558 2.0325261506E8 5085.8 155 5 150 775 25 750
5400.0 16524 8.218712187E7 5941.21 99082 2.8543973693E8 5941.21 155 5 150 930 30 900
6300.0 16452 9.582534291E7 6797.16 115534 3.8126507984E8 6797.16 155 5 150 1085 35 1050
7200.0 16452 1.0964244538E8 7652.56 131986 4.9090752522E8 7652.56 155 5 150 1240 40 1200
8100.0 16560 1.2388055801E8 8508.51 148546 6.1478808323E8 8508.51 155 5 150 1395 45 1350
9000.0 16533 1.3755919845E8 9363.92 165079 7.5234728169E8 9363.92 155 5 150 1550 50 1500
9900.0 16452 1.5107471301E8 10219.87 181531 9.034219947E8 10219.87 155 5 150 1705 55 1650
10800.0 16453 1.6489181547E8 11075.27 197984 1.06831381017E9 11075.27 155 5 150 1860 60 1800
11700.0 16560 1.7932669552E8 11931.22 214544 1.24764050569E9 11931.22 155 5 150 2015 65 1950
12600.0 16524 1.929322971E8 12786.63 231068 1.4405728028E9 12786.63 155 5 150 2170 70 2100
13500.0 16452 2.0632408311E8 13642.58 247520 1.6468968859E9 13642.58 155 5 150 2325 75 2250
14400.0 16452 2.2014118557E8 14497.98 263972 1.86703807147E9 14497.98 155 5 150 2480 80 2400
15300.0 16561 2.3474896976E8 15353.93 280533 2.10178704124E9 15353.93 155 5 150 2635 85 2550
16200.0 16532 2.483043737E8 16209.33 297065 2.35009141494E9 16209.33 155 5 150 2790 90 2700
17100.0 16452 2.615734532E8 17065.29 313517 2.61166486814E9 17065.29 155 5 150 2945 95 2850
18000.0 16453 2.7539055567E8 17920.68 329970 2.88705542381E9 17920.68 155 5 150 3100 100 3000
18900.0 16560 2.9018313817E8 18776.64 346530 3.17723856198E9 18776.64 155 5 150 3255 105 3150
19800.0 16524 3.0367695232E8 19632.04 363054 3.4809155143E9 19632.04 155 5 150 3410 110 3300
20700.0 16452 3.168228233E8 20488.0 379506 3.7977383376E9 20488.0 155 5 150 3565 115 3450
21600.0 16452 3.3063992576E8 21343.39 395958 4.12837826336E9 21343.39 155 5 150 3720 120 3600
22500.0 16560 3.4561732556E8 22199.35 412518 4.47399558893E9 22199.35 155 5 150 3875 125 3750
23400.0 16533 3.5904954895E8 23054.75 429051 4.83304513787E9 23054.75 155 5 150 4030 130 3900
24300.0 16452 3.720721934E8 23910.71 445503 5.20511733127E9 23910.71 155 5 150 4185 135 4050
25200.0 16453 3.8588929586E8 24766.1 461956 5.59100662713E9 24766.1 155 5 150 4340 140 4200
26100.0 16560 4.0106349907E8 25622.06 478516 5.9920701262E9 25622.06 155 5 150 4495 145 4350
27000.0 16524 4.1442213689E8 26477.46 495040 6.40649226309E9 26477.46 155 5 150 4650 150 4500
27900.0 16452 4.2732156382E8 27333.42 511492 6.83381382691E9 27333.42 155 5 150 4805 155 4650
28800.0 16453 4.4113866628E8 28188.81 527945 7.27495249319E9 28188.81 155 5 150 4960 160 4800
29700.0 16560 4.5648573666E8 29044.76 544505 7.73143822984E9 29044.76 155 5 150 5115 165 4950
30600.0 16532 4.69794716E8 29900.17 561037 8.20123294585E9 29900.17 155 5 150 5270 170 5100
31500.0 16452 4.825709344E8 30756.12 577489 8.68380388025E9 30756.12 155 5 150 5425 175 5250
32400.0 16453 4.9638803686E8 31611.52 593942 9.18019191711E9 31611.52 155 5 150 5580 180 5400
33300.0 16560 5.1191992453E8 32467.47 610502 9.69211184164E9 32467.47 155 5 150 5735 185 5550
34200.0 16524 5.251676346E8 33322.92 627026 1.021727947625E10 33322.92 155 5 150 5890 190 5700
35100.0 16452 5.378206322E8 34178.83 643478 1.075510010845E10 34178.83 155 5 150 6045 195 5850
36000.0 16453 5.516404852E8 35034.63 659931 1.130674059364E10 35034.63 155 5 150 6200 200 6000
36900.0 16566 5.6735752624E8 35890.19 676497 1.187409811988E10 35890.19 155 5 150 6355 205 6150
37800.0 16526 5.8054421477E8 36746.14 693023 1.245464233465E10 36746.14 155 5 150 6510 210 6300
38700.0 16453 5.9307449615E8 37601.55 709476 1.30477168308E10 37601.55 155 5 150 6665 215 6450
39600.0 16452 6.0689111863E8 38457.5 725928 1.365460794943E10 38457.5 155 5 150 6820 220 6600
40500.0 16560 6.2279315049E8 39312.9 742488 1.427740109992E10 39312.9 155 5 150 6975 225 6750
41400.0 16524 6.3591683553E8 40168.86 759012 1.491331793545E10 40168.86 155 5 150 7130 230 6900
42300.0 16452 6.4832386933E8 41024.26 775464 1.556164180479E10 41024.26 155 5 150 7285 235 7050
43200.0 16453 6.6214048938E8 41880.21 791917 1.622378229417E10 41880.21 155 5 150 7440 240 7200
44100.0 16568 6.7822733853E8 42735.61 808485 1.69020096327E10 42735.61 155 5 150 7595 245 7350
45000.0 16524 6.912894238E8 43591.57 825009 1.75932990565E10 43591.57 155 5 150 7750 250 7500
45900.0 16453 7.0357324013E8 44446.97 841462 1.829687229663E10 44446.97 155 5 150 7905 255 7650
46800.0 16452 7.1738986018E8 45302.92 857914 1.901426215681E10 45302.92 155 5 150 8060 260 7800
47700.0 16560 7.3367350894E8 46158.32 874474 1.974793566575E10 46158.32 155 5 150 8215 265 7950
48600.0 16524 7.4666200324E8 47014.28 890998 2.049459766899E10 47014.28 155 5 150 8370 270 8100
49500.0 16452 7.5882261104E8 47869.68 907450 2.125342028003E10 47869.68 155 5 150 8525 275 8250
50400.0 16452 7.7263923108E8 48725.63 923902 2.202605951111E10 48725.63 155 5 150 8680 280 8400
51300.0 16569 7.8909574182E8 49581.02 940471 2.281515525293E10 49581.02 155 5 150 8835 285 8550
52200.0 16524 8.0203460067E8 50436.99 956995 2.361718985361E10 50436.99 155 5 150 8990 290 8700
53100.0 16453 8.1407198195E8 51292.38 973448 2.443126183555E10 51292.38 155 5 150 9145 295 8850
54000.0 16452 8.2788860199E8 52148.34 989900 2.525915043755E10 52148.34 155 5 150 9300 300 9000
54900.0 16560 8.4452993902E8 53003.73 1006460 2.610368037657E10 53003.73 155 5 150 9455 305 9150
55800.0 16524 8.5740718906E8 53859.7 1022984 2.696108756562E10 53859.7 155 5 150 9610 310 9300
56700.0 16453 8.693213528E8 54715.09 1039437 2.783040891843E10 54715.09 155 5 150 9765 315 9450
57600.0 16452 8.8313797284E8 55571.05 1055889 2.871354689127E10 55571.05 155 5 150 9920 320 9600
58500.0 16568 8.9996413617E8 56426.44 1072457 2.961351102744E10 56426.44 155 5 150 10075 325 9750
59400.0 16524 9.1277977744E8 57282.41 1088981 3.052629080488E10 57282.41 155 5 150 10230 330 9900
60300.0 16453 9.2457072365E8 58137.8 1105434 3.145086152853E10 58137.8 155 5 150 10385 335 10050
61200.0 16452 9.383873437E8 58993.76 1121886 3.238924887223E10 58993.76 155 5 150 10540 340 10200
62100.0 16560 9.5539833331E8 59849.15 1138446 3.334464720554E10 59849.15 155 5 150 10695 345 10350
63000.0 16524 9.6815236582E8 60705.11 1154970 3.431279957136E10 60705.11 155 5 150 10850 350 10500
63900.0 16453 9.7982009451E8 61560.51 1171423 3.529261966587E10 61560.51 155 5 150 11005 355 10650
64800.0 16452 9.9363671455E8 62416.46 1187875 3.628625638042E10 62416.46 155 5 150 11160 360 10800
65700.0 16568 1.01084449478E9 63271.86 1204443 3.72971008752E10 63271.86 155 5 150 11315 365 10950
66600.0 16524 1.0235249542E9 64127.82 1220967 3.83206258294E10 64127.82 155 5 150 11470 370 11100
67500.0 16453 1.03506946536E9 64983.22 1237420 3.935569529476E10 64983.22 155 5 150 11625 375 11250
68400.0 16452 1.0488860854E9 65839.17 1253872 4.040458138017E10 65839.17 155 5 150 11780 380 11400
69300.0 16560 1.06626671861E9 66694.57 1270432 4.147084809877E10 66694.57 155 5 150 11935 385 11550
70200.0 16524 1.07889753358E9 67550.53 1286956 4.254974563235E10 67550.53 155 5 150 12090 390 11700
71100.0 16453 1.09032108522E9 68406.23 1303409 4.364006671758E10 68406.23 155 5 150 12245 395 11850
72000.0 16458 1.10413804049E9 69261.88 1319867 4.474420475806E10 69261.88 155 5 150 12400 400 12000
72900.0 16562 1.12170518352E9 70117.83 1336429 4.586590994158E10 70117.83 155 5 150 12555 405 12150
73800.0 16525 1.13427490406E9 70973.25 1352954 4.700018484564E10 70973.25 155 5 150 12710 410 12300
74700.0 16452 1.14557254647E9 71829.2 1369406 4.814575739211E10 71829.2 155 5 150 12865 415 12450
75600.0 16452 1.15938964893E9 72684.6 1385858 4.930514704104E10 72684.6 155 5 150 13020 420 12600
76500.0 16560 1.17715144189E9 73540.55 1402418 5.048229848293E10 73540.55 155 5 150 13175 425 12750
77400.0 16524 1.18964755611E9 74395.96 1418942 5.167194603905E10 74395.96 155 5 150 13330 430 12900
78300.0 16453 1.20082191731E9 75251.91 1435395 5.287276795636E10 75251.91 155 5 150 13485 435 13050
79200.0 16460 1.21463901977E9 76107.31 1451855 5.408740697613E10 76107.31 155 5 150 13640 440 13200
80100.0 16560 1.2325736709E9 76963.26 1468415 5.531998064703E10 76963.26 155 5 150 13795 445 13350
81000.0 16525 1.24502065551E9 77818.67 1484940 5.656500130255E10 77818.67 155 5 150 13950 450 13500
81900.0 16452 1.2560712881E9 78674.62 1501392 5.782107259065E10 78674.62 155 5 150 14105 455 13650
82800.0 16452 1.26988839056E9 79530.02 1517844 5.909096098121E10 79530.02 155 5 150 14260 460 13800
83700.0 16560 1.28801984511E9 80385.97 1534404 6.037898082632E10 80385.97 155 5 150 14415 465 13950
84600.0 16524 1.3003927328E9 81241.38 1550928 6.167937355912E10 81241.38 155 5 150 14570 470 14100
85500.0 16453 1.31132065934E9 82097.33 1567381 6.299069421846E10 82097.33 155 5 150 14725 475 14250
86400.0 16460 1.32513776135E9 82952.73 1583841 6.431583197981E10 82952.73 155 5 150 14880 480 14400
87300.0 16560 1.34344205607E9 83808.68 1600401 6.565927403587E10 83808.68 155 5 150 15035 485 14550
88200.0 16525 1.35576582315E9 84664.08 1616926 6.701503985902E10 84664.08 155 5 150 15190 490 14700
89100.0 16452 1.36657002968E9 85520.04 1633378 6.83816098887E10 85520.04 155 5 150 15345 495 14850
90000.0 16452 1.38038713214E9 86375.43 1649830 6.976199702084E10 86375.43 155 5 150 15500 500 15000
90900.0 16560 1.39888823027E9 87231.39 1666390 7.116088525111E10 87231.39 155 5 150 15655 505 15150
91800.0 16524 1.41113790049E9 88086.79 1682914 7.25720231516E10 88086.79 155 5 150 15810 510 15300
92700.0 16452 1.42181940052E9 88942.75 1699366 7.399384255213E10 88942.75 155 5 150 15965 515 15450
93600.0 16461 1.43563650298E9 89798.14 1715827 7.542947905511E10 89798.14 155 5 150 16120 520 15600
94500.0 16560 1.45431045928E9 90654.1 1732387 7.688378951439E10 90654.1 155 5 150 16275 525 15750
95400.0 16525 1.46651099989E9 91509.5 1748912 7.835030051428E10 91509.5 155 5 150 16430 530 15900
96300.0 16452 1.47706877136E9 92365.46 1765364 7.982736928565E10 92365.46 155 5 150 16585 535 16050
97200.0 16452 1.49088587382E9 93220.85 1781816 8.131825515947E10 93220.85 155 5 150 16740 540 16200
98100.0 16560 1.50974465642E9 94076.81 1798376 8.282799981589E10 94076.81 155 5 150 16895 545 16350
99000.0 16525 1.52188307724E9 94932.21 1814901 8.434988289313E10 94932.21 155 5 150 17050 550 16500
99900.0 16452 1.53231814221E9 95788.17 1831353 8.588220103533E10 95788.17 155 5 150 17205 555 16650
100800.0 16460 1.54613524467E9 96643.56 1847813 8.742833628E10 96643.56 155 5 150 17360 560 16800
101700.0 16560 1.56517885356E9 97499.51 1864373 8.899351513356E10 97499.51 155 5 150 17515 565 16950
102600.0 16525 1.57725567461E9 98354.92 1880898 9.057077080816E10 98354.92 155 5 150 17670 570 17100
103500.0 16452 1.58756751305E9 99210.87 1897350 9.215833832121E10 99210.87 155 5 150 17825 575 17250
104400.0 16452 1.60138461551E9 100066.27 1913802 9.375972293672E10 100066.27 155 5 150 17980 580 17400
105300.0 16560 1.62061305969E9 100922.22 1930362 9.538033599641E10 100922.22 155 5 150 18135 585 17550
106200.0 16525 1.63262959298E9 101777.81 1946887 9.701296558939E10 101777.81 155 5 150 18290 590 17700
107100.0 16458 1.64281842186E9 102633.58 1963345 9.865578401126E10 102633.58 155 5 150 18445 595 17850
108000.0 16454 1.65663811789E9 103489.51 1979799 1.0031242212914E11 103489.51 155 5 150 18600 600 18000
108900.0 16561 1.67605191829E9 104344.94 1996360 1.0198847404743E11 104344.94 155 5 150 18755 605 18150
109800.0 16524 1.68800522765E9 105200.9 2012884 1.0367647927508E11 105200.9 155 5 150 18910 610 18300
110700.0 16452 1.69807109439E9 106056.3 2029336 1.0537455036947E11 106056.3 155 5 150 19065 615 18450
111600.0 16452 1.71188771573E9 106912.25 2045788 1.070864380852E11 106912.25 155 5 150 19220 620 18600
112500.0 16560 1.73148630416E9 107767.65 2062348 1.0881792438936E11 107767.65 155 5 150 19375 625 18750
113400.0 16525 1.74337779483E9 108623.61 2078873 1.1056130218419E11 108623.61 155 5 150 19530 630 18900
114300.0 16460 1.75332046664E9 109479.01 2095333 1.1231462265084E11 109479.01 155 5 150 19685 635 19050
115200.0 16452 1.76713708668E9 110334.96 2111785 1.1408175973752E11 110334.96 155 5 150 19840 640 19200
116100.0 16561 1.78692048341E9 111190.36 2128346 1.1586868022093E11 111190.36 155 5 150 19995 645 19350
117000.0 16524 1.79875039231E9 112046.32 2144870 1.1766743061324E11 112046.32 155 5 150 20150 650 19500
117900.0 16452 1.80856983759E9 112901.72 2161322 1.1947600045083E11 112901.72 155 5 150 20305 655 19650
118800.0 16452 1.82238645763E9 113757.67 2177774 1.2129838690847E11 113757.67 155 5 150 20460 660 19800
119700.0 16560 1.84235470765E9 114613.07 2194334 1.2314074161612E11 114613.07 155 5 150 20615 665 19950
120600.0 16525 1.8541229718E9 115469.03 2210859 1.2499486458791E11 115469.03 155 5 150 20770 670 20100
121500.0 16460 1.86381920854E9 116324.43 2227319 1.2685868379646E11 116324.43 155 5 150 20925 675 20250
122400.0 16452 1.87763582858E9 117180.38 2243771 1.2873631962504E11 117180.38 155 5 150 21080 680 20400
123300.0 16561 1.8977888869E9 118035.78 2260332 1.3063410851194E11 118035.78 155 5 150 21235 685 20550
124200.0 16524 1.90949556927E9 118891.74 2276856 1.3254360408121E11 118891.74 155 5 150 21390 690 20700
125100.0 16452 1.91906857949E9 119747.14 2293308 1.344626726607E11 119747.14 155 5 150 21545 695 20850
126000.0 16452 1.93288519954E9 120603.09 2309760 1.3639555786024E11 120603.09 155 5 150 21700 700 21000
126900.0 16560 1.95322309314E9 121458.49 2326320 1.3834878095338E11 121458.49 155 5 150 21855 705 21150
127800.0 16524 1.96486815775E9 122314.45 2342844 1.4031364911114E11 122314.45 155 5 150 22010 710 21300
128700.0 16461 1.97431795045E9 123169.85 2359305 1.4228796706158E11 123169.85 155 5 150 22165 715 21450
129600.0 16452 1.98813457049E9 124025.8 2375757 1.4427610163207E11 124025.8 155 5 150 22320 720 21600
130500.0 16561 2.00865729938E9 124881.19 2392318 1.4628475893145E11 124881.19 155 5 150 22475 725 21750
131400.0 16524 2.02024073723E9 125737.16 2408842 1.4830499966869E11 125737.16 155 5 150 22630 730 21900
132300.0 16452 2.0295673214E9 126592.55 2425294 1.5033456699008E11 126592.55 155 5 150 22785 735 22050
133200.0 16452 2.04338394144E9 127448.51 2441746 1.5237795093152E11 127448.51 155 5 150 22940 740 22200
134100.0 16561 2.06409148763E9 128303.9 2458307 1.5444204241915E11 128303.9 155 5 150 23095 745 22350
135000.0 16524 2.07561333471E9 129159.87 2474831 1.5651765575386E11 129159.87 155 5 150 23250 750 22500
135900.0 16460 2.08481669235E9 130015.26 2491291 1.5860247244621E11 130015.26 155 5 150 23405 755 22650
136800.0 16452 2.09863331239E9 130871.22 2507743 1.607011057586E11 130871.22 155 5 150 23560 760 22800
137700.0 16561 2.11952567587E9 131726.61 2524304 1.6282063143447E11 131726.61 155 5 150 23715 765 22950
138600.0 16524 2.1309859142E9 132582.58 2540828 1.6495161734867E11 132582.58 155 5 150 23870 770 23100
139500.0 16452 2.1400660633E9 133437.97 2557280 1.6709168341197E11 133437.97 155 5 150 24025 775 23250
140400.0 16452 2.15388268334E9 134293.93 2573732 1.6924556609531E11 134293.93 155 5 150 24180 780 23400
141300.0 16561 2.17496035717E9 135149.38 2590293 1.7142052645248E11 135149.38 155 5 150 24335 785 23550
142200.0 16524 2.18635899736E9 136005.28 2606817 1.7360688544984E11 136005.28 155 5 150 24490 790 23700
143100.0 16460 2.19531865181E9 136861.09 2623277 1.7580220410165E11 136861.09 155 5 150 24645 795 23850
144000.0 16453 2.20913558075E9 137716.64 2639730 1.780113396824E11 137716.64 155 5 150 24800 800 24000
144900.0 16560 2.23039840675E9 138572.59 2656290 1.8024173808915E11 138572.59 155 5 150 24955 805 24150
145800.0 16524 2.24173590783E9 139428.0 2672814 1.8248347399698E11 139428.0 155 5 150 25110 810 24300
146700.0 16452 2.2505691266E9 140283.95 2689266 1.8473404312359E11 140283.95 155 5 150 25265 815 24450
147600.0 16452 2.26438622907E9 141139.35 2705718 1.8699842935265E11 141139.35 155 5 150 25420 820 24600
148500.0 16560 2.28583261942E9 141995.3 2722278 1.8928426197207E11 141995.3 155 5 150 25575 825 24750
149400.0 16533 2.29710850737E9 142850.71 2738811 1.9158137047945E11 142850.71 155 5 150 25730 830 24900
150300.0 16452 2.30581849756E9 143706.66 2755263 1.93887188977E11 143706.66 155 5 150 25885 835 25050
151200.0 16453 2.31963560002E9 144562.06 2771716 1.9620682457702E11 144562.06 155 5 150 26040 840 25200
152100.0 16560 2.34126680767E9 145418.01 2788276 1.9854809138469E11 145418.01 155 5 150 26195 845 25350
153000.0 16524 2.35248108691E9 146273.42 2804800 2.009005724716E11 146273.42 155 5 150 26350 850 25500
153900.0 16452 2.36106786856E9 147129.37 2821252 2.0326164034017E11 147129.37 155 5 150 26505 855 25650
154800.0 16452 2.37488497103E9 147984.77 2837704 2.0563652531119E11 147984.77 155 5 150 26660 860 25800
155700.0 16561 2.39670101397E9 148840.72 2854265 2.0803322632516E11 148840.72 155 5 150 26815 865 25950
156600.0 16532 2.40785368445E9 149696.13 2870797 2.1044108000961E11 149696.13 155 5 150 26970 870 26100
157500.0 16452 2.41631723952E9 150552.08 2887249 2.1285739724913E11 150552.08 155 5 150 27125 875 26250
158400.0 16453 2.43013434198E9 151407.48 2903702 2.1528753159111E11 151407.48 155 5 150 27280 880 26400
159300.0 16560 2.45214717034E9 152263.43 2920262 2.1773967876145E11 152263.43 155 5 150 27435 885 26550
160200.0 16524 2.46322626393E9 153118.83 2936786 2.2020290502538E11 153118.83 155 5 150 27590 890 26700
161100.0 16452 2.47156661047E9 153974.79 2953238 2.2267447163585E11 153974.79 155 5 150 27745 895 26850
162000.0 16452 2.48538371293E9 154830.19 2969690 2.2515985534878E11 154830.19 155 5 150 27900 900 27000
162900.0 16560 2.50756939946E9 155686.14 2986250 2.2766742474825E11 155686.14 155 5 150 28055 905 27150
163800.0 16533 2.51859938133E9 156541.54 3002783 2.3018602412958E11 156541.54 155 5 150 28210 910 27300
164700.0 16452 2.52681598132E9 157397.5 3019235 2.3271284011089E11 157397.5 155 5 150 28365 915 27450
165600.0 16453 2.54063308378E9 158252.89 3035688 2.3525347319467E11 158252.89 155 5 150 28520 920 27600
166500.0 16560 2.56301556473E9 159108.85 3052248 2.378164887594E11 159108.85 155 5 150 28675 925 27750
167400.0 16524 2.57397144968E9 159964.25 3068772 2.4039046020908E11 159964.25 155 5 150 28830 930 27900
168300.0 16452 2.58206535216E9 160820.21 3085224 2.4297252556124E11 160820.21 155 5 150 28985 935 28050
169200.0 16453 2.59588245462E9 161675.6 3101677 2.4556840801587E11 161675.6 155 5 150 29140 940 28200
170100.0 16560 2.61843779374E9 162531.56 3118237 2.4818684580961E11 162531.56 155 5 150 29295 945 28350
171000.0 16532 2.62934454908E9 163386.96 3134769 2.5081619035869E11 163386.96 155 5 150 29450 950 28500
171900.0 16452 2.63731472301E9 164242.92 3151221 2.5345350508169E11 164242.92 155 5 150 29605 955 28650
172800.0 16453 2.65113182547E9 165098.31 3167674 2.5610463690716E11 165098.31 155 5 150 29760 960 28800
173700.0 16560 2.67387199088E9 165954.27 3184234 2.5877850889804E11 165954.27 155 5 150 29915 965 28950
174600.0 16524 2.68471662643E9 166809.67 3200758 2.6146322552447E11 166809.67 155 5 150 30070 970 29100
175500.0 16452 2.69256409385E9 167665.63 3217210 2.6415578961832E11 167665.63 155 5 150 30225 975 29250
176400.0 16452 2.70638119631E9 168521.02 3233662 2.6686217081463E11 168521.02 155 5 150 30380 980 29400
177300.0 16560 2.72930619702E9 169376.97 3250222 2.6959147701165E11 169376.97 155 5 150 30535 985 29550
178200.0 16533 2.74009166507E9 170232.7 3266755 2.7233156867672E11 170232.7 155 5 150 30690 990 29700
179100.0 16453 2.74781623754E9 171088.34 3283208 2.7507938491425E11 171088.34 155 5 150 30845 995 29850
180000.0 16452 2.7616348307E9 171944.28 3299660 2.7784101974495E11 171944.28 155 5 150 31000 1000 30000
180900.0 16560 2.78474518314E9 172799.69 3316220 2.8062576492809E11 172799.69 155 5 150 31155 1005 30150
181800.0 16524 2.79546615643E9 173655.65 3332744 2.8342123108452E11 173655.65 155 5 150 31310 1010 30300
182700.0 16452 2.80306766572E9 174511.05 3349196 2.8622429875024E11 174511.05 155 5 150 31465 1015 30450
183600.0 16453 2.81688428576E9 175367.0 3365649 2.89041183036E11 175367.0 155 5 150 31620 1020 30600
184500.0 16568 2.84017941267E9 176222.4 3382217 2.9188136244867E11 176222.4 155 5 150 31775 1025 30750
185400.0 16524 2.85083874475E9 177078.36 3398741 2.9473220119342E11 177078.36 155 5 150 31930 1030 30900
186300.0 16453 2.85831703651E9 177933.76 3415194 2.9759051822993E11 177933.76 155 5 150 32085 1035 31050
187200.0 16452 2.87213365655E9 178789.71 3431646 3.0046265188648E11 178789.71 155 5 150 32240 1040 31200
188100.0 16560 2.89561363676E9 179645.11 3448206 3.0335826552323E11 179645.11 155 5 150 32395 1045 31350
189000.0 16524 2.90621133307E9 180501.07 3464730 3.062644768563E11 180501.07 155 5 150 32550 1050 31500
189900.0 16452 2.9135664073E9 181356.47 3481182 3.091780432636E11 181356.47 155 5 150 32705 1055 31650
190800.0 16453 2.92738302734E9 182212.42 3497635 3.1210542629094E11 182212.42 155 5 150 32860 1060 31800
191700.0 16568 2.95104782484E9 183067.82 3514203 3.1505647411578E11 183067.82 155 5 150 33015 1065 31950
192600.0 16524 2.96158392139E9 183923.78 3530727 3.1801805803717E11 183923.78 155 5 150 33170 1070 32100
193500.0 16453 2.96881577809E9 184779.18 3547180 3.2098687381526E11 184779.18 155 5 150 33325 1075 32250
194400.0 16452 2.98263239813E9 185635.13 3563632 3.2396950621339E11 185635.13 155 5 150 33480 1080 32400
195300.0 16560 3.00648201293E9 186490.53 3580192 3.2697598822632E11 186490.53 155 5 150 33635 1085 32550
196200.0 16524 3.01695650971E9 187346.49 3596716 3.2999294473603E11 187346.49 155 5 150 33790 1090 32700
197100.0 16453 3.02406514888E9 188201.89 3613169 3.3301700988491E11 188201.89 155 5 150 33945 1095 32850
198000.0 16452 3.03788176892E9 189057.84 3629621 3.3605489165383E11 189057.84 155 5 150 34100 1100 33000
198900.0 16568 3.06191621901E9 189913.24 3646189 3.3911680787284E11 189913.24 155 5 150 34255 1105 33150
199800.0 16524 3.07232909803E9 190769.2 3662713 3.4218913697087E11 190769.2 155 5 150 34410 1110 33300
200700.0 16453 3.07931451967E9 191624.6 3679166 3.4526845149054E11 191624.6 155 5 150 34565 1115 33450
201600.0 16452 3.09313113971E9 192480.55 3695618 3.4836158263026E11 192480.55 155 5 150 34720 1120 33600
202500.0 16560 3.1173504251E9 193335.94 3712178 3.5147893305535E11 193335.94 155 5 150 34875 1125 33750
203400.0 16524 3.12770168635E9 194191.91 3728702 3.546066347417E11 194191.91 155 5 150 35030 1130 33900
204300.0 16453 3.13456389046E9 195047.3 3745155 3.5774119863216E11 195047.3 155 5 150 35185 1135 34050
205200.0 16452 3.14838051051E9 195903.26 3761607 3.6088957914267E11 195903.26 155 5 150 35340 1140 34200
206100.0 16568 3.17278459518E9 196758.65 3778175 3.6406236373785E11 196758.65 155 5 150 35495 1145 34350
207000.0 16524 3.18307427456E9 197614.62 3794699 3.6724543801241E11 197614.62 155 5 150 35650 1150 34500
207900.0 16453 3.18981326115E9 198470.01 3811152 3.7043525127356E11 198470.01 155 5 150 35805 1155 34650
208800.0 16452 3.20362988119E9 199325.97 3827604 3.7363888115474E11 199325.97 155 5 150 35960 1160 34800
209700.0 16560 3.22821881915E9 200181.36 3844164 3.768670999739E11 200181.36 155 5 150 36115 1165 34950
210600.0 16524 3.23844686266E9 201037.32 3860688 3.8010554683656E11 201037.32 155 5 150 36270 1170 35100
211500.0 16453 3.24506263172E9 201892.72 3877141 3.8335060946828E11 201892.72 155 5 150 36425 1175 35250
212400.0 16452 3.25887925176E9 202748.68 3893593 3.8660948872005E11 202748.68 155 5 150 36580 1180 35400
213300.0 16568 3.28365463106E9 203604.29 3910161 3.8989314335111E11 203604.29 155 5 150 36735 1185 35550
214200.0 16525 3.29382133577E9 204460.03 3926686 3.9318696468688E11 204460.03 155 5 150 36890 1190 35700
215100.0 16452 3.30031614277E9 205315.97 3943138 3.9648728082965E11 205315.97 155 5 150 37045 1195 35850
216000.0 16452 3.31413334857E9 206171.39 3959590 3.9980141417823E11 206171.39 155 5 150 37200 1200 36000
216900.0 16560 3.33909154331E9 207027.34 3976150 4.0314050572154E11 207027.34 155 5 150 37355 1205 36150
217800.0 16524 3.34919687598E9 207882.75 3992674 4.0648970259752E11 207882.75 155 5 150 37510 1210 36300
218700.0 16453 3.35556571332E9 208738.7 4009127 4.0984526831083E11 208738.7 155 5 150 37665 1215 36450
219600.0 16460 3.36938281578E9 209594.1 4025587 4.1321465112661E11 209594.1 155 5 150 37820 1220 36600
220500.0 16560 3.39452575367E9 210450.05 4042147 4.1660917688029E11 210450.05 155 5 150 37975 1225 36750
221400.0 16525 3.40456946479E9 211305.46 4058672 4.2001374634508E11 211305.46 155 5 150 38130 1230 36900
222300.0 16452 3.41081508384E9 212161.41 4075124 4.2342456142891E11 212161.41 155 5 150 38285 1235 37050
223200.0 16452 3.4246321863E9 213016.81 4091576 4.2684919361521E11 213016.81 155 5 150 38440 1240 37200
224100.0 16560 3.44995995949E9 213872.76 4108136 4.302991535747E11 213872.76 155 5 150 38595 1245 37350
225000.0 16524 3.45994205284E9 214728.17 4124660 4.3375909562754E11 214728.17 155 5 150 38750 1250 37500
225900.0 16453 3.46606445436E9 215584.12 4141113 4.372251600819E11 215584.12 155 5 150 38905 1255 37650
226800.0 16460 3.47988155682E9 216439.52 4157573 4.4070504163872E11 216439.52 155 5 150 39060 1260 37800
227700.0 16560 3.5053941473E9 217295.47 4174133 4.4421043578602E11 217295.47 155 5 150 39215 1265 37950
228600.0 16525 3.51531464089E9 218150.88 4190658 4.4772575042691E11 218150.88 155 5 150 39370 1270 38100
229500.0 16452 3.52131382488E9 219006.83 4207110 4.5124706425179E11 219006.83 155 5 150 39525 1275 38250
230400.0 16452 3.53513092734E9 219862.23 4223562 4.5478219517913E11 219862.23 155 5 150 39680 1280 38400
231300.0 16560 3.56082835311E9 220718.18 4240122 4.5834302353224E11 220718.18 155 5 150 39835 1285 38550
232200.0 16525 3.57068722894E9 221573.59 4256647 4.6191371076118E11 221573.59 155 5 150 39990 1290 38700
233100.0 16452 3.5765631954E9 222429.54 4273099 4.6549027395658E11 222429.54 155 5 150 40145 1295 38850
234000.0 16460 3.59038029786E9 223284.94 4289559 4.6908065425444E11 223284.94 155 5 150 40300 1300 39000
234900.0 16560 3.61626254093E9 224140.89 4306119 4.7269691679537E11 224140.89 155 5 150 40455 1305 39150
235800.0 16525 3.62605981699E9 224996.29 4322644 4.7632297661235E11 224996.29 155 5 150 40610 1310 39300
236700.0 16452 3.63181256592E9 225852.25 4339096 4.7995478917827E11 225852.25 155 5 150 40765 1315 39450
237600.0 16452 3.64562966838E9 226707.64 4355548 4.8360041884666E11 226707.64 155 5 150 40920 1320 39600
238500.0 16560 3.67169674674E9 227563.6 4372108 4.8727211559339E11 227563.6 155 5 150 41075 1325 39750
239400.0 16525 3.68143240504E9 228419.0 4388633 4.9095354799843E11 228419.0 155 5 150 41230 1330 39900
240300.0 16452 3.68706193644E9 229274.96 4405085 4.9464060993487E11 229274.96 155 5 150 41385 1335 40050
241200.0 16460 3.7008790389E9 230130.35 4421545 4.9834148897378E11 230130.35 155 5 150 41540 1340 40200
242100.0 16560 3.72713093455E9 230986.31 4438105 5.0206861990833E11 230986.31 155 5 150 41695 1345 40350
243000.0 16525 3.73680499308E9 231841.71 4454630 5.0580542490141E11 231841.71 155 5 150 41850 1350 40500
243900.0 16452 3.74231130696E9 232697.67 4471082 5.0954773620838E11 232697.67 155 5 150 42005 1355 40650
244800.0 16452 3.75612840942E9 233553.06 4487534 5.133038646178E11 233553.06 155 5 150 42160 1360 40800
245700.0 16560 3.78256514036E9 234409.02 4504094 5.1708642975816E11 234409.02 155 5 150 42315 1365 40950
246600.0 16525 3.79217758113E9 235264.42 4520619 5.208786073393E11 235264.42 155 5 150 42470 1370 41100
247500.0 16452 3.79756067748E9 236120.38 4537071 5.2467616801678E11 236120.38 155 5 150 42625 1375 41250
248400.0 16460 3.81137855024E9 236975.87 4553531 5.2848754656702E11 236975.87 155 5 150 42780 1380 41400
249300.0 16560 3.83800017037E9 237831.72 4570091 5.3232554673739E11 237831.72 155 5 150 42935 1385 41550
250200.0 16525 3.84755364577E9 238687.58 4586616 5.3617310038316E11 238687.58 155 5 150 43090 1390 41700
251100.0 16452 3.85281385202E9 239543.09 4603068 5.4002591423518E11 239543.09 155 5 150 43245 1395 41850
252000.0 16452 3.8666314599E9 240399.04 4619520 5.4389254569508E11 240399.04 155 5 150 43400 1400 42000
252900.0 16560 3.89343833898E9 241254.44 4636080 5.4778598403406E11 241254.44 155 5 150 43555 1405 42150
253800.0 16525 3.90292708716E9 242110.4 4652605 5.5168891112122E11 242110.4 155 5 150 43710 1410 42300
254700.0 16460 3.90806422543E9 242965.8 4669065 5.5559697534665E11 242965.8 155 5 150 43865 1415 42450
255600.0 16452 3.92188084547E9 243821.75 4685517 5.5951885619211E11 243821.75 155 5 150 44020 1420 42600
256500.0 16561 3.94887254679E9 244677.15 4702078 5.634677287389E11 244677.15 155 5 150 44175 1425 42750
257400.0 16524 3.95829967521E9 245533.11 4718602 5.6742602841411E11 245533.11 155 5 150 44330 1430 42900
258300.0 16452 3.96331359595E9 246388.51 4735054 5.7138934201006E11 246388.51 155 5 150 44485 1435 43050
259200.0 16452 3.97713021599E9 247244.46 4751506 5.7536647222604E11 247244.46 155 5 150 44640 1440 43200
260100.0 16560 4.0043067346E9 248099.86 4768066 5.7937077896065E11 248099.86 155 5 150 44795 1445 43350
261000.0 16525 4.01367226315E9 248955.82 4784591 5.833844512238E11 248955.82 155 5 150 44950 1450 43500
261900.0 16460 4.01856296636E9 249811.22 4801051 5.8740301419016E11 249811.22 155 5 150 45105 1455 43650
262800.0 16452 4.0323795864E9 250667.17 4817503 5.9143539377656E11 250667.17 155 5 150 45260 1460 43800
263700.0 16561 4.05975290467E9 251522.57 4834064 5.9549514668123E11 251522.57 155 5 150 45415 1465 43950
264600.0 16524 4.06904485115E9 252378.53 4850588 5.9956419153237E11 252378.53 155 5 150 45570 1470 44100
265500.0 16452 4.07381233683E9 253233.93 4867040 6.036380038692E11 253233.93 155 5 150 45725 1475 44250
266400.0 16452 4.08762895687E9 254089.88 4883492 6.0772563282607E11 254089.88 155 5 150 45880 1480 44400
267300.0 16561 4.11517512807E9 254945.28 4900053 6.1184080795413E11 254945.28 155 5 150 46035 1485 44550
268200.0 16524 4.12441794675E9 255801.24 4916577 6.1596522590089E11 255801.24 155 5 150 46190 1490 44700
269100.0 16460 4.12906170746E9 256656.63 4933037 6.2009428760834E11 256656.63 155 5 150 46345 1495 44850
270000.0 16452 4.1428783275E9 257512.59 4949489 6.2423716593584E11 257512.59 155 5 150 46500 1500 45000
270900.0 16561 4.17062130735E9 258367.98 4966050 6.2840778724319E11 258367.98 155 5 150 46655 1505 45150
271800.0 16524 4.17979001846E9 259223.95 4982574 6.3258757726164E11 259223.95 155 5 150 46810 1510 45300
272700.0 16452 4.18431107808E9 260079.34 4999026 6.3677188833972E11 260079.34 155 5 150 46965 1515 45450
273600.0 16452 4.19812769813E9 260935.3 5015478 6.4097001603785E11 260935.3 155 5 150 47120 1520 45600
274500.0 16561 4.22604351291E9 261790.69 5032039 6.4519605955076E11 261790.69 155 5 150 47275 1525 45750
275400.0 16524 4.23516312307E9 262646.66 5048563 6.4943122267383E11 262646.66 155 5 150 47430 1530 45900
276300.0 16460 4.23956044872E9 263502.05 5065023 6.5367078312255E11 263502.05 155 5 150 47585 1535 46050
277200.0 16452 4.25337706877E9 264358.01 5081475 6.5792416019132E11 264358.01 155 5 150 47740 1540 46200
278100.0 16561 4.28147773686E9 265213.4 5098036 6.6220563792818E11 265213.4 155 5 150 47895 1545 46350
279000.0 16524 4.2905351948E9 266069.36 5114560 6.6649617312298E11 266069.36 155 5 150 48050 1550 46500
279900.0 16452 4.29480981938E9 266924.76 5131012 6.7079098294237E11 266924.76 155 5 150 48205 1555 46650
280800.0 16452 4.30862643944E9 267780.72 5147464 6.750996093818E11 267780.72 155 5 150 48360 1560 46800
281700.0 16561 4.33692388017E9 268636.11 5164025 6.7943653326197E11 268636.11 155 5 150 48515 1565 46950
282600.0 16524 4.345907792E9 269492.07 5180549 6.8378244105397E11 269492.07 155 5 150 48670 1570 47100
283500.0 16460 4.35005935446E9 270347.47 5197009 6.8813250040843E11 270347.47 155 5 150 48825 1575 47250
284400.0 16452 4.3638758101E9 271203.42 5213461 6.9249637621853E11 271203.42 155 5 150 48980 1580 47400
285300.0 16561 4.3923488318E9 272059.17 5230022 6.9688872505033E11 272059.17 155 5 150 49135 1585 47550
286200.0 16524 4.40128390549E9 272914.79 5246546 7.0129000895582E11 272914.79 155 5 150 49290 1590 47700
287100.0 16452 4.4053128523E9 273770.73 5262998 7.0569532180812E11 273770.73 155 5 150 49445 1595 47850
288000.0 16452 4.41913000054E9 274626.14 5279450 7.1011445180866E11 274626.14 155 5 150 49600 1600 48000
288900.0 16561 4.44779665857E9 275482.09 5296011 7.1456224846723E11 275482.09 155 5 150 49755 1605 48150
289800.0 16532 4.45665780706E9 276337.5 5312543 7.1901890627429E11 276337.5 155 5 150 49910 1610 48300
290700.0 16452 4.46056227269E9 277193.45 5328995 7.2347946854698E11 277193.45 155 5 150 50065 1615 48450
291600.0 16453 4.47437937516E9 278048.85 5345448 7.2795384792214E11 278048.85 155 5 150 50220 1620 48600
292500.0 16560 4.50321887851E9 278904.8 5362008 7.3245706680065E11 278904.8 155 5 150 50375 1625 48750
293400.0 16524 4.51203091539E9 279760.21 5378532 7.3696909771604E11 279760.21 155 5 150 50530 1630 48900
294300.0 16452 4.51581164346E9 280616.16 5394984 7.414849093595E11 280616.16 155 5 150 50685 1635 49050
295200.0 16452 4.52962874593E9 281471.56 5411436 7.4601453810543E11 281471.56 155 5 150 50840 1640 49200
296100.0 16561 4.55865306658E9 282327.51 5427997 7.5057319117201E11 282327.51 155 5 150 50995 1645 49350
297000.0 16532 4.56740297467E9 283182.92 5444529 7.5514059414668E11 283182.92 155 5 150 51150 1650 49500
297900.0 16452 4.57106101423E9 284038.87 5460981 7.5971165516091E11 284038.87 155 5 150 51305 1655 49650
298800.0 16453 4.5848781167E9 284894.27 5477434 7.6429653327761E11 284894.27 155 5 150 51460 1660 49800
299700.0 16560 4.61408727264E9 285750.22 5493994 7.6891062055025E11 285750.22 155 5 150 51615 1665 49950
300600.0 16524 4.62277557197E9 286605.63 5510518 7.7353339612222E11 286605.63 155 5 150 51770 1670 50100
301500.0 16452 4.626310385E9 287461.58 5526970 7.7815970650722E11 287461.58 155 5 150 51925 1675 50250
302400.0 16453 4.64012748747E9 288316.98 5543423 7.8279983399469E11 288316.98 155 5 150 52080 1680 50400
303300.0 16560 4.66952145171E9 289172.93 5559983 7.874693554464E11 289172.93 155 5 150 52235 1685 50550
304200.0 16532 4.67814815132E9 290028.33 5576515 7.9214750359772E11 290028.33 155 5 150 52390 1690 50700
305100.0 16452 4.68155975583E9 290884.29 5592967 7.9682906335355E11 290884.29 155 5 150 52545 1695 50850
306000.0 16453 4.6953768583E9 291739.68 5609420 8.0152444021185E11 291739.68 155 5 150 52700 1700 51000
306900.0 16560 4.72495566683E9 292595.64 5625980 8.0624939587868E11 292595.64 155 5 150 52855 1705 51150
307800.0 16524 4.73352074873E9 293451.04 5642504 8.1098291662741E11 293451.04 155 5 150 53010 1710 51300
308700.0 16452 4.73680912671E9 294307.0 5658956 8.1571972575412E11 294307.0 155 5 150 53165 1715 51450
309600.0 16452 4.75062622918E9 295162.39 5675408 8.204703519833E11 295162.39 155 5 150 53320 1720 51600
310500.0 16560 4.78038986404E9 296018.35 5691968 8.2525074184734E11 296018.35 155 5 150 53475 1725 51750
311400.0 16533 4.7888933282E9 296873.75 5708501 8.3003963517553E11 296873.75 155 5 150 53630 1730 51900
312300.0 16452 4.79205849764E9 297729.71 5724953 8.3483169367318E11 297729.71 155 5 150 53785 1735 52050
313200.0 16453 4.80587560011E9 298585.1 5741406 8.3963756927329E11 298585.1 155 5 150 53940 1740 52200
314100.0 16560 4.83582404327E9 299441.06 5757966 8.4447339331656E11 299441.06 155 5 150 54095 1745 52350
315000.0 16524 4.84426592566E9 300296.46 5774490 8.4931765924222E11 300296.46 155 5 150 54250 1750 52500
315900.0 16452 4.84730786858E9 301152.42 5790942 8.541649671108E11 301152.42 155 5 150 54405 1755 52650
316800.0 16453 4.86112497105E9 302007.81 5807395 8.5902609208184E11 302007.81 155 5 150 54560 1760 52800
317700.0 16560 4.8912582585E9 302863.77 5823955 8.6391735034034E11 302863.77 155 5 150 54715 1765 52950
318600.0 16532 4.89963909445E9 303719.17 5840487 8.6881698943479E11 303719.17 155 5 150 54870 1770 53100
319500.0 16452 4.90255723957E9 304575.12 5856939 8.7371954667436E11 304575.12 155 5 150 55025 1775 53250
320400.0 16453 4.91637612721E9 305430.76 5873392 8.7863592280156E11 305430.76 155 5 150 55180 1780 53400
321300.0 16560 4.94669449797E9 306286.48 5889952 8.8358261729953E11 306286.48 155 5 150 55335 1785 53550
322200.0 16524 4.95501527554E9 307142.43 5906476 8.8853763257507E11 307142.43 155 5 150 55490 1790 53700
323100.0 16452 4.95781143376E9 307997.84 5922928 8.9349544400883E11 307997.84 155 5 150 55645 1795 53850
324000.0 16452 4.97162802798E9 308853.79 5939380 8.9846707203681E11 308853.79 155 5 150 55800 1800 54000
324900.0 16569 5.00213149008E9 309709.19 5955949 9.0346920352689E11 309709.19 155 5 150 55955 1805 54150
325800.0 16524 5.01038803411E9 310565.15 5972473 9.0847959156099E11 310565.15 155 5 150 56110 1810 54300
326700.0 16453 5.01306081036E9 311420.55 5988926 9.1349265237136E11 311420.55 155 5 150 56265 1815 54450
327600.0 16452 5.02687743041E9 312276.5 6005378 9.1851952980177E11 312276.5 155 5 150 56420 1820 54600
328500.0 16560 5.05756566111E9 313131.9 6021938 9.2357709546288E11 313131.9 155 5 150 56575 1825 54750
329400.0 16524 5.06576062268E9 313987.86 6038462 9.2864285608556E11 313987.86 155 5 150 56730 1830 54900
330300.0 16452 5.0683101814E9 314843.26 6054914 9.3371116626696E11 314843.26 155 5 150 56885 1835 55050
331200.0 16453 5.08212680146E9 315699.21 6071367 9.3879329306842E11 315699.21 155 5 150 57040 1840 55200
332100.0 16568 5.11301184998E9 316554.61 6087935 9.4390630491839E11 316554.61 155 5 150 57195 1845 55350
333000.0 16524 5.1211337187E9 317410.57 6104459 9.4902743863709E11 317410.57 155 5 150 57350 1850 55500
333900.0 16453 5.12355955245E9 318265.97 6120912 9.5415099818954E11 318265.97 155 5 150 57505 1855 55650
334800.0 16452 5.1373761725E9 319121.92 6137364 9.5928837436204E11 319121.92 155 5 150 57660 1860 55800
335700.0 16560 5.16843407378E9 319977.32 6153924 9.6445680843582E11 319977.32 155 5 150 57815 1865 55950
336600.0 16524 5.17650580882E9 320833.28 6170448 9.6963331424464E11 320833.28 155 5 150 57970 1870 56100
337500.0 16452 5.17880892349E9 321688.68 6186900 9.7481212316813E11 321688.68 155 5 150 58125 1875 56250
338400.0 16453 5.19262554354E9 322544.63 6203353 9.8000474871167E11 322544.63 155 5 150 58280 1880 56400
339300.0 16568 5.22386826212E9 323400.03 6219921 9.8522861697379E11 323400.03 155 5 150 58435 1885 56550
340200.0 16524 5.2318788869E9 324255.99 6236445 9.9046049586069E11 324255.99 155 5 150 58590 1890 56700
341100.0 16453 5.23405829459E9 325111.39 6252898 9.9569455415528E11 325111.39 155 5 150 58745 1895 56850
342000.0 16452 5.24787491464E9 325967.34 6269350 1.00094242906992E12 325967.34 155 5 150 58900 1900 57000
342900.0 16560 5.27931445104E9 326822.74 6285910 1.00622174352096E12 326822.74 155 5 150 59055 1905 57150
343800.0 16524 5.28725098607E9 327678.7 6302434 1.01150899450703E12 327678.7 155 5 150 59210 1910 57300
344700.0 16453 5.28930766568E9 328534.09 6318887 1.01679830217271E12 328534.09 155 5 150 59365 1915 57450
345600.0 16452 5.30312428573E9 329390.05 6335339 1.02210142645845E12 329390.05 155 5 150 59520 1920 57600

