# seed = 1, gamma = 0.0, beta = 0.0, dee = 100.0, dcc = 200.0, dec = 15.0, dsc = 2000.0, dLocalhost = 0.015, hostBroker = CLOUD, numOfCloud = 1, numOfEdge = 1, numOfSmartphone = 0 
#
# The columns have the following meaning: 
# instant[SECONDS] delayCountPartial delaySumPartial[SECONDS] delayMaxPartial[SECONDS] delayCountTot delaySumTot[SECONDS] delayMaxTot[SECONDS] runOnCloudPartial runOnEdgePartial runOnSmartphonePartial runOnCloudTot runOnEdgeTot runOnSmartphoneTot
0.0 0 0.0 0.0 0 0.0 0.0 0 0 0 0 0 0
900.0 16561 2.483308666E7 3113.36 16561 2.483308666E7 3113.36 310 0 0 310 0 0
1800.0 16524 6.247922809E7 5446.64 33085 8.731231475E7 5446.64 310 0 0 620 0 0
2700.0 16452 1.0002719107E8 7779.61 49537 1.8733950582E8 7779.61 310 0 0 930 0 0
3600.0 16460 1.3768586701E8 10112.57 65997 3.2502537282E8 10112.57 310 0 0 1240 0 0
4500.0 16560 1.7600568916E8 12446.1 82557 5.0103106198E8 12446.1 310 0 0 1550 0 0
5400.0 16524 2.1346286635E8 14779.08 99081 7.1449392833E8 14779.08 310 0 0 1860 0 0
6300.0 16452 2.5067132852E8 17112.04 115533 9.6516525686E8 17112.04 310 0 0 2170 0 0
7200.0 16453 2.8833000446E8 19445.0 131986 1.25349526132E9 19445.0 310 0 0 2480 0 0
8100.0 16560 3.2713179408E8 21778.53 148546 1.5806270554E9 21778.53 310 0 0 2790 0 0
9000.0 16524 3.6444184915E8 24111.51 165070 1.94506890455E9 24111.51 310 0 0 3100 0 0
9900.0 16452 4.0131546625E8 26444.47 181522 2.3463843708E9 26444.47 310 0 0 3410 0 0
10800.0 16452 4.3897868918E8 28778.0 197974 2.78536305998E9 28778.0 310 0 0 3720 0 0
11700.0 16560 4.783066227E8 31110.97 214534 3.26366968268E9 31110.97 310 0 0 4030 0 0
12600.0 16524 5.1542307698E8 33443.94 231058 3.77909275966E9 33443.94 310 0 0 4340 0 0
13500.0 16452 5.5195960397E8 35776.91 247510 4.33105236363E9 35776.91 310 0 0 4650 0 0
14400.0 16452 5.8962282691E8 38110.43 263962 4.92067519054E9 38110.43 310 0 0 4960 0 0
15300.0 16560 6.294327041E8 40443.41 280522 5.55010789464E9 40443.41 310 0 0 5270 0 0
16200.0 16530 6.6640205979E8 42776.38 297052 6.21650995443E9 42776.38 310 0 0 5580 0 0
17100.0 16455 7.0260708074E8 45109.75 313507 6.91911703517E9 45109.75 310 0 0 5890 0 0
18000.0 16452 7.4027044577E8 47442.87 329959 7.65938748094E9 47442.87 310 0 0 6200 0 0
18900.0 16560 7.8058075313E8 49775.84 346519 8.43996823406E9 49775.84 310 0 0 6510 0 0
19800.0 16525 8.1738211607E8 52108.81 363044 9.25735035013E9 52108.81 310 0 0 6820 0 0
20700.0 16452 8.5325238359E8 54442.34 379496 1.011060273372E10 54442.34 310 0 0 7130 0 0
21600.0 16452 8.9091578648E8 56775.31 395948 1.10015185202E10 56775.31 310 0 0 7440 0 0
22500.0 16560 9.3172883325E8 59108.27 412508 1.193324735344E10 59108.27 310 0 0 7750 0 0
23400.0 16524 9.6836223039E8 61441.24 429032 1.290160958383E10 61441.24 310 0 0 8060 0 0
24300.0 16452 1.00389652131E9 63774.77 445484 1.390550610514E10 63774.77 310 0 0 8370 0 0
25200.0 16452 1.0415599242E9 66107.74 461936 1.494706602935E10 66107.74 310 0 0 8680 0 0
26100.0 16560 1.08289895709E9 68440.7 478496 1.602996498643E10 68440.7 310 0 0 8990 0 0
27000.0 16525 1.11934688865E9 70774.24 495021 1.714931187508E10 70774.24 310 0 0 9300 0 0
27900.0 16452 1.15454538632E9 73107.21 511473 1.83038572614E10 73107.21 310 0 0 9610 0 0
28800.0 16452 1.19220406225E9 75440.17 527925 1.949606132365E10 75440.17 310 0 0 9920 0 0
29700.0 16568 1.23402502986E9 77773.14 544493 2.073008635351E10 77773.14 310 0 0 10230 0 0
30600.0 16524 1.27032698546E9 80106.67 561017 2.200041333897E10 80106.67 310 0 0 10540 0 0
31500.0 16452 1.30518952453E9 82439.65 577469 2.33056028635E10 82439.65 310 0 0 10850 0 0
32400.0 16453 1.34284820046E9 84772.61 593922 2.464845106396E10 84772.61 310 0 0 11160 0 0
33300.0 16560 1.38517756069E9 87106.13 610482 2.603362862465E10 87106.13 310 0 0 11470 0 0
34200.0 16524 1.42131183734E9 89439.12 627006 2.745494046199E10 89439.12 310 0 0 11780 0 0
35100.0 16452 1.45583366279E9 91772.08 643458 2.891077412478E10 91772.08 310 0 0 12090 0 0
36000.0 16452 1.49349233873E9 94105.04 659910 3.040426646351E10 94105.04 310 0 0 12400 0 0
36900.0 16560 1.5363257614E9 96438.57 676470 3.194059222491E10 96438.57 310 0 0 12710 0 0
37800.0 16524 1.57229194538E9 98771.55 692994 3.351288417029E10 98771.55 310 0 0 13020 0 0
38700.0 16452 1.60647780116E9 101104.51 709446 3.511936197145E10 101104.51 310 0 0 13330 0 0
39600.0 16452 1.64413647709E9 103437.47 725898 3.676349844855E10 103437.47 310 0 0 13640 0 0
40500.0 16560 1.68747385116E9 105771.0 742458 3.845097229971E10 105771.0 310 0 0 13950 0 0
41400.0 16524 1.72327205134E9 108103.98 758982 4.017424435105E10 108103.98 310 0 0 14260 0 0
42300.0 16461 1.75712193952E9 110436.95 775443 4.193136629057E10 110436.95 310 0 0 14570 0 0
43200.0 16452 1.79478516245E9 112770.47 791895 4.372615145302E10 112770.47 310 0 0 14880 0 0
44100.0 16560 1.83862667275E9 115103.44 808455 4.556477812577E10 115103.44 310 0 0 15190 0 0
45000.0 16524 1.8742521573E9 117436.42 824979 4.743903028307E10 117436.42 310 0 0 15500 0 0
45900.0 16453 1.90776607794E9 119769.38 841432 4.9346796361E10 119769.38 310 0 0 15810 0 0
46800.0 16452 1.94542930087E9 122102.91 857884 5.129222566187E10 122102.91 310 0 0 16120 0 0
47700.0 16560 1.98979679724E9 124435.88 874444 5.328202245911E10 124435.88 310 0 0 16430 0 0
48600.0 16524 2.02523225442E9 126768.85 890968 5.530725471353E10 126768.85 310 0 0 16740 0 0
49500.0 16452 2.05841470307E9 129102.37 907420 5.73656694166E10 129102.37 310 0 0 17050 0 0
50400.0 16452 2.09607816237E9 131435.35 923872 5.946174757897E10 131435.35 310 0 0 17360 0 0
51300.0 16560 2.14092286148E9 133768.31 940432 6.160267044045E10 133768.31 310 0 0 17670 0 0
52200.0 16524 2.17621236954E9 136101.28 956956 6.377888280999E10 136101.28 310 0 0 17980 0 0
53100.0 16453 2.20905889911E9 138434.81 973409 6.59879417091E10 138434.81 310 0 0 18290 0 0
54000.0 16452 2.246722302E9 140767.78 989861 6.82346640111E10 140767.78 310 0 0 18600 0 0
54900.0 16560 2.2920709514E9 143100.74 1006421 7.05267349625E10 143100.74 310 0 0 18910 0 0
55800.0 16532 2.32719281514E9 145433.72 1022953 7.285392777764E10 145433.72 310 0 0 19220 0 0
56700.0 16452 2.35970303758E9 147767.24 1039405 7.521363081522E10 147767.24 310 0 0 19530 0 0
57600.0 16452 2.39736644047E9 150100.22 1055857 7.761099725569E10 150100.22 310 0 0 19840 0 0
58500.0 16561 2.44321904127E9 152433.18 1072418 8.005421629696E10 152433.18 310 0 0 20150 0 0
59400.0 16524 2.47817713429E9 154766.71 1088942 8.253239343125E10 154766.71 310 0 0 20460 0 0
60300.0 16452 2.510351903E9 157099.69 1105394 8.504274533426E10 157099.69 310 0 0 20770 0 0
61200.0 16452 2.54801057894E9 159432.65 1121846 8.759075591319E10 159432.65 310 0 0 21080 0 0
62100.0 16560 2.59436713114E9 161765.61 1138406 9.018512304433E10 161765.61 310 0 0 21390 0 0
63000.0 16524 2.62915724036E9 164099.15 1154930 9.281428028469E10 164099.15 310 0 0 21700 0 0
63900.0 16452 2.66099604147E9 166432.12 1171382 9.547527632616E10 166432.12 310 0 0 22010 0 0
64800.0 16452 2.69865471741E9 168765.08 1187834 9.817393104357E10 168765.08 310 0 0 22320 0 0
65700.0 16561 2.74554181121E9 171098.61 1204395 1.0091947285478E11 171098.61 310 0 0 22630 0 0
66600.0 16524 2.78014208557E9 173431.59 1220919 1.0369961494035E11 173431.59 310 0 0 22940 0 0
67500.0 16452 2.81164017994E9 175764.55 1237371 1.0651125512029E11 175764.55 310 0 0 23250 0 0
68400.0 16460 2.84929885587E9 178097.52 1253831 1.0936055397616E11 178097.52 310 0 0 23560 0 0
69300.0 16560 2.89666786315E9 180431.04 1270391 1.1225722183931E11 180431.04 310 0 0 23870 0 0
70200.0 16524 2.93112218264E9 182764.02 1286915 1.1518834402195E11 182764.02 310 0 0 24180 0 0
71100.0 16452 2.96228431841E9 185096.99 1303367 1.1815062834036E11 185096.99 310 0 0 24490 0 0
72000.0 16453 2.99994407686E9 187430.09 1319820 1.2115057241722E11 187430.09 310 0 0 24800 0 0
72900.0 16560 3.04781710103E9 189763.48 1336380 1.2419838951825E11 189763.48 310 0 0 25110 0 0
73800.0 16524 3.08210226367E9 192096.45 1352904 1.2728049178192E11 192096.45 310 0 0 25420 0 0
74700.0 16452 3.11292842291E9 194429.42 1369356 1.3039342020483E11 194429.42 310 0 0 25730 0 0
75600.0 16452 3.15059164585E9 196762.95 1385808 1.3354401185068E11 196762.95 310 0 0 26040 0 0
76500.0 16560 3.19899077531E9 199095.92 1402368 1.3674300262598E11 199095.92 310 0 0 26350 0 0
77400.0 16524 3.23308236974E9 201428.89 1418892 1.3997608499572E11 201428.89 310 0 0 26660 0 0
78300.0 16452 3.26357256138E9 203761.85 1435344 1.432396575571E11 203761.85 310 0 0 26970 0 0
79200.0 16453 3.30123583472E9 206095.38 1451797 1.4654089339182E11 206095.38 310 0 0 27280 0 0
80100.0 16560 3.3501168395E9 208428.35 1468357 1.4989101023132E11 208428.35 310 0 0 27590 0 0
81000.0 16532 3.38406359831E9 210761.32 1484889 1.5327507382963E11 210761.32 310 0 0 27900 0 0
81900.0 16452 3.41422124393E9 213094.85 1501341 1.5668929507356E11 213094.85 310 0 0 28210 0 0
82800.0 16452 3.45188464682E9 215427.82 1517793 1.6014117972038E11 215427.82 310 0 0 28520 0 0
83700.0 16560 3.50128696399E9 217760.78 1534353 1.6364246668437E11 217760.78 310 0 0 28830 0 0
84600.0 16525 3.53504258182E9 220093.75 1550878 1.6717750926619E11 220093.75 310 0 0 29140 0 0
85500.0 16452 3.56486538234E9 222427.28 1567330 1.7074237464853E11 222427.28 310 0 0 29450 0 0
86400.0 16452 3.60252878523E9 224760.25 1583782 1.7434490343376E11 224760.25 310 0 0 29760 0 0
87300.0 16560 3.65241301013E9 227093.22 1600342 1.7799731644389E11 227093.22 310 0 0 30070 0 0
88200.0 16524 3.68602588024E9 229426.47 1616866 1.8168334232413E11 229426.47 310 0 0 30380 0 0
89100.0 16452 3.71551197146E9 231759.72 1633318 1.8539885429559E11 231759.72 310 0 0 30690 0 0
90000.0 16452 3.75317286764E9 234092.68 1649770 1.8915202716324E11 234092.68 310 0 0 31000 0 0
90900.0 16560 3.80358307842E9 236425.65 1666330 1.9295561024166E11 236425.65 310 0 0 31310 0 0
91800.0 16524 3.83700728139E9 238759.18 1682854 1.9679261752305E11 238759.18 310 0 0 31620 0 0
92700.0 16452 3.86615833018E9 241092.16 1699306 2.0065877585323E11 241092.16 310 0 0 31930 0 0
93600.0 16452 3.90381700611E9 243425.12 1715758 2.0456259285934E11 243425.12 310 0 0 32240 0 0
94500.0 16569 3.95470914261E9 245758.08 1732327 2.0851730200195E11 245758.08 310 0 0 32550 0 0
95400.0 16524 3.98798842607E9 248091.62 1748851 2.1250529042803E11 248091.62 310 0 0 32860 0 0
96300.0 16452 4.01680246865E9 250424.59 1765303 2.1652209289667E11 250424.59 310 0 0 33170 0 0
97200.0 16453 4.05446114458E9 252757.55 1781756 2.2057655404126E11 252757.55 310 0 0 33480 0 0
98100.0 16560 4.10586179376E9 255091.08 1798316 2.2468241583501E11 255091.08 310 0 0 33790 0 0
99000.0 16524 4.13897223267E9 257424.06 1814840 2.2882138806768E11 257424.06 310 0 0 34100 0 0
99900.0 16452 4.16744660712E9 259757.02 1831292 2.329888346748E11 259757.02 310 0 0 34410 0 0
100800.0 16452 4.20510528305E9 262089.98 1847744 2.3719393995785E11 262089.98 310 0 0 34720 0 0
101700.0 16560 4.25700988363E9 264423.51 1864304 2.4145094984148E11 264423.51 310 0 0 35030 0 0
102600.0 16524 4.28995234774E9 266756.49 1880828 2.4574090218922E11 266756.49 310 0 0 35340 0 0
103500.0 16452 4.31809074559E9 269089.45 1897280 2.5005899293481E11 269089.45 310 0 0 35650 0 0
104400.0 16453 4.35575287832E9 271422.85 1913733 2.5441474581313E11 271422.85 310 0 0 35960 0 0
105300.0 16560 4.40816171418E9 273755.95 1930293 2.5882290752731E11 273755.95 310 0 0 36270 0 0
106200.0 16524 4.44093240841E9 276088.92 1946817 2.6326383993572E11 276088.92 310 0 0 36580 0 0
107100.0 16460 4.46873484775E9 278421.89 1963277 2.6773257478347E11 278421.89 310 0 0 36890 0 0
108000.0 16452 4.50639807068E9 280755.41 1979729 2.7223897285414E11 280755.41 310 0 0 37200 0 0
108900.0 16560 4.55931076775E9 283088.38 1996289 2.767982836219E11 283088.38 310 0 0 37510 0 0
109800.0 16524 4.59191252354E9 285421.36 2012813 2.8139019614543E11 285421.36 310 0 0 37820 0 0
110700.0 16453 4.61937898632E9 287754.32 2029266 2.8600957513176E11 287754.32 310 0 0 38130 0 0
111600.0 16452 4.65704220925E9 290087.85 2045718 2.9066661734101E11 290087.85 310 0 0 38440 0 0
112500.0 16560 4.71045886673E9 292420.82 2062278 2.9537707620774E11 292420.82 310 0 0 38750 0 0
113400.0 16524 4.74289262071E9 294753.79 2078802 3.0011996882845E11 294753.79 310 0 0 39060 0 0
114300.0 16452 4.77002766903E9 297087.32 2095254 3.0488999649748E11 297087.32 310 0 0 39370 0 0
115200.0 16452 4.80769107192E9 299420.29 2111706 3.096976875694E11 299420.29 310 0 0 39680 0 0
116100.0 16560 4.86160693871E9 301753.25 2128266 3.1455929450811E11 301753.25 310 0 0 39990 0 0
117000.0 16524 4.89387273589E9 304086.22 2144790 3.19453167244E11 304086.22 310 0 0 40300 0 0
117900.0 16453 4.92067180761E9 306419.75 2161243 3.2437383905161E11 306419.75 310 0 0 40610 0 0
118800.0 16452 4.9583352105E9 308752.72 2177695 3.293321742621E11 308752.72 310 0 0 40920 0 0
119700.0 16566 5.01275505568E9 311085.68 2194261 3.3434492931779E11 311085.68 310 0 0 41230 0 0
120600.0 16526 5.04485727483E9 313419.21 2210787 3.3938978659262E11 313419.21 310 0 0 41540 0 0
121500.0 16452 5.071320671E9 315752.19 2227239 3.4446110726362E11 315752.19 310 0 0 41850 0 0
122400.0 16452 5.10897934908E9 318085.16 2243691 3.495700866127E11 318085.16 310 0 0 42160 0 0
123300.0 16561 5.16390312766E9 320418.12 2260252 3.5473398974036E11 320418.12 310 0 0 42470 0 0
124200.0 16524 5.19583750087E9 322751.65 2276776 3.5992982724122E11 322751.65 310 0 0 42780 0 0
125100.0 16452 5.22196481172E9 325084.63 2293228 3.6515179205294E11 325084.63 310 0 0 43090 0 0
126000.0 16452 5.25962348765E9 327417.59 2309680 3.704114155406E11 327417.59 310 0 0 43400 0 0
126900.0 16560 5.31505122664E9 329750.55 2326240 3.7572646676724E11 329750.55 310 0 0 43710 0 0
127800.0 16524 5.34681760704E9 332084.09 2342764 3.8107328437428E11 332084.09 310 0 0 44020 0 0
128700.0 16452 5.3726089503E9 334417.06 2359216 3.8644589332458E11 334417.06 310 0 0 44330 0 0
129600.0 16452 5.41026762623E9 336750.02 2375668 3.9185616095081E11 336750.02 310 0 0 44640 0 0
130500.0 16561 5.46620388689E9 339083.55 2392229 3.973223648377E11 339083.55 310 0 0 44950 0 0
131400.0 16524 5.49780244336E9 341416.53 2408753 4.0282016728106E11 341416.53 310 0 0 45260 0 0
132300.0 16452 5.52325308888E9 343749.49 2425205 4.0834342036994E11 343749.49 310 0 0 45570 0 0
133200.0 16460 5.56091176481E9 346082.46 2441665 4.1390433213475E11 346082.46 310 0 0 45880 0 0
134100.0 16560 5.61735196787E9 348415.98 2458225 4.1952168410262E11 348415.98 310 0 0 46190 0 0
135000.0 16524 5.64878255854E9 350748.96 2474749 4.2517046666116E11 350748.96 310 0 0 46500 0 0
135900.0 16453 5.67389722745E9 353081.93 2491202 4.3084436388862E11 353081.93 310 0 0 46810 0 0
136800.0 16452 5.71156039287E9 355415.45 2507654 4.3655592428149E11 355415.45 310 0 0 47120 0 0
137700.0 16560 5.76850478856E9 357748.43 2524214 4.4232442907005E11 357748.43 310 0 0 47430 0 0
138600.0 16524 5.79976265572E9 360081.4 2540738 4.4812419172577E11 360081.4 310 0 0 47740 0 0
139500.0 16452 5.82454136603E9 362414.36 2557190 4.5394873309181E11 362414.36 310 0 0 48050 0 0
140400.0 16452 5.86220458896E9 364747.89 2573642 4.5981093768077E11 364747.89 310 0 0 48360 0 0
141300.0 16560 5.91965288865E9 367080.86 2590202 4.6573059056942E11 367080.86 310 0 0 48670 0 0
142200.0 16524 5.9507427709E9 369413.83 2606726 4.7168133334031E11 369413.83 310 0 0 48980 0 0
143100.0 16453 5.97518560125E9 371746.8 2623179 4.7765651894157E11 371746.8 310 0 0 49290 0 0
144000.0 16452 6.01284877248E9 374080.32 2639631 4.8366936771405E11 374080.32 310 0 0 49600 0 0
144900.0 16560 6.07080097593E9 376413.29 2656191 4.8974016868998E11 376413.29 310 0 0 49910 0 0
145800.0 16532 6.10172286538E9 378746.26 2672723 4.9584189155536E11 378746.26 310 0 0 50220 0 0
146700.0 16452 6.12583418463E9 381079.79 2689175 5.0196772573999E11 381079.79 310 0 0 50530 0 0
147600.0 16452 6.16349758752E9 383412.76 2705627 5.0813122332751E11 383412.76 310 0 0 50840 0 0
148500.0 16560 6.22194906591E9 385745.73 2722187 5.1435317239342E11 385745.73 310 0 0 51150 0 0
149400.0 16525 6.25270298056E9 388078.7 2738712 5.2060587537398E11 388078.7 310 0 0 51460 0 0
150300.0 16452 6.27647832321E9 390412.23 2755164 5.2688235369719E11 390412.23 310 0 0 51770 0 0
151200.0 16452 6.31414172611E9 392745.2 2771616 5.331964954233E11 392745.2 310 0 0 52080 0 0
152100.0 16560 6.37309714691E9 395078.16 2788176 5.3956959257021E11 395078.16 310 0 0 52390 0 0
153000.0 16524 6.40368763044E9 397411.7 2804700 5.4597328020066E11 397411.7 310 0 0 52700 0 0
153900.0 16452 6.42712718884E9 399744.67 2821152 5.524004073895E11 399744.67 310 0 0 53010 0 0
154800.0 16452 6.46478586479E9 402077.63 2837604 5.5886519325429E11 402077.63 310 0 0 53320 0 0
155700.0 16560 6.52424524599E9 404410.59 2854164 5.6538943850028E11 404410.59 310 0 0 53630 0 0
156600.0 16525 6.55466774572E9 406744.13 2870689 5.71944106246E11 406744.13 310 0 0 53940 0 0
157500.0 16452 6.57777132747E9 409077.1 2887141 5.7852187757347E11 409077.1 310 0 0 54250 0 0
158400.0 16452 6.61543000342E9 411410.06 2903593 5.8513730757688E11 411410.06 310 0 0 54560 0 0
159300.0 16568 6.67541659668E9 413743.19 2920161 5.9181272417356E11 413743.19 310 0 0 54870 0 0
160200.0 16524 6.70564929651E9 416076.56 2936685 5.9851837347007E11 416076.56 310 0 0 55180 0 0
161100.0 16452 6.72841543387E9 418409.53 2953137 6.0524678890394E11 418409.53 310 0 0 55490 0 0
162000.0 16453 6.76607410981E9 420742.49 2969590 6.1201286301375E11 420742.49 310 0 0 55800 0 0
162900.0 16560 6.82654594597E9 423076.02 2986150 6.1883940895972E11 423076.02 310 0 0 56110 0 0
163800.0 16524 6.85663379641E9 425409.0 3002674 6.2569604275614E11 425409.0 310 0 0 56420 0 0
164700.0 16452 6.87905957238E9 427741.97 3019126 6.3257510232852E11 427741.97 310 0 0 56730 0 0
165600.0 16452 6.91671824833E9 430074.93 3035578 6.3949182057685E11 430074.93 310 0 0 57040 0 0
166500.0 16560 6.97771606482E9 432408.46 3052138 6.4646953664167E11 432408.46 310 0 0 57350 0 0
167400.0 16524 7.00761277102E9 434741.44 3068662 6.5347714941269E11 434741.44 310 0 0 57660 0 0
168300.0 16452 7.0297037109E9 437074.4 3085114 6.6050685312359E11 437074.4 310 0 0 57970 0 0
169200.0 16452 7.06736693384E9 439407.93 3101566 6.6757422005743E11 439407.93 310 0 0 58280 0 0
170100.0 16560 7.12884686662E9 441740.9 3118126 6.7470306692405E11 441740.9 310 0 0 58590 0 0
171000.0 16524 7.15859399965E9 444073.87 3134650 6.818616609237E11 444073.87 310 0 0 58900 0 0
171900.0 16461 7.18034784942E9 446406.83 3151111 6.8904200877312E11 446406.83 310 0 0 59210 0 0
172800.0 16452 7.21801107236E9 448740.36 3167563 6.9626001984547E11 448740.36 310 0 0 59520 0 0
173700.0 16560 7.27999495654E9 451073.33 3184123 7.0354001480201E11 451073.33 310 0 0 59830 0 0
174600.0 16525 7.30957298325E9 453406.3 3200648 7.1084958778527E11 453406.3 310 0 0 60140 0 0
175500.0 16452 7.33099444118E9 455739.58 3217100 7.1818058222645E11 455739.58 310 0 0 60450 0 0
176400.0 16452 7.36865791827E9 458072.79 3233552 7.2554924014472E11 458072.79 310 0 0 60760 0 0
177300.0 16560 7.43114300209E9 460405.76 3250112 7.3298038314681E11 460405.76 310 0 0 61070 0 0
178200.0 16524 7.46055303606E9 462738.73 3266636 7.4044093618287E11 462738.73 310 0 0 61380 0 0
179100.0 16452 7.48164061739E9 465072.26 3283088 7.4792257680026E11 465072.26 310 0 0 61690 0 0
180000.0 16452 7.51930402029E9 467405.23 3299540 7.5544188082054E11 467405.23 310 0 0 62000 0 0
180900.0 16560 7.582291101E9 469738.19 3316100 7.6302417192155E11 469738.19 310 0 0 62310 0 0
181800.0 16524 7.61153314213E9 472071.17 3332624 7.7063570506367E11 472071.17 310 0 0 62620 0 0
182700.0 16453 7.63228475585E9 474404.69 3349077 7.7826798981952E11 474404.69 310 0 0 62930 0 0
183600.0 16452 7.66994815875E9 476737.67 3365529 7.8593793797827E11 476737.67 310 0 0 63240 0 0
184500.0 16568 7.73343916387E9 479070.63 3382097 7.9367137714214E11 479070.63 310 0 0 63550 0 0
185400.0 16524 7.7625178008E9 481404.16 3398621 8.0143389494294E11 481404.16 310 0 0 63860 0 0
186300.0 16452 7.78293362126E9 483737.14 3415073 8.0921682856421E11 483737.14 310 0 0 64170 0 0
187200.0 16452 7.82059229721E9 486070.1 3431525 8.1703742086142E11 486070.1 310 0 0 64480 0 0
188100.0 16561 7.88458728073E9 488403.06 3448086 8.2492200814215E11 488403.06 310 0 0 64790 0 0
189000.0 16524 7.91349790686E9 490736.6 3464610 8.3283550604901E11 490736.6 310 0 0 65100 0 0
189900.0 16452 7.93357775973E9 493069.57 3481062 8.4076908380874E11 493069.57 310 0 0 65410 0 0
190800.0 16452 7.97123643568E9 495402.53 3497514 8.4874032024441E11 495402.53 310 0 0 65720 0 0
191700.0 16560 8.03573898396E9 497735.95 3514074 8.5677605922837E11 497735.95 310 0 0 66030 0 0
192600.0 16524 8.06448190498E9 500069.04 3530598 8.6484054113335E11 500069.04 310 0 0 66340 0 0
193500.0 16452 8.08422186257E9 502402.0 3547050 8.7292476299592E11 502402.0 310 0 0 66650 0 0
194400.0 16452 8.12188053852E9 504734.96 3563502 8.8104664353444E11 504734.96 310 0 0 66960 0 0
195300.0 16561 8.18688796798E9 507068.49 3580063 8.8923353150242E11 507068.49 310 0 0 67270 0 0
196200.0 16524 8.21546282242E9 509401.47 3596587 8.9744899432484E11 509401.47 310 0 0 67580 0 0
197100.0 16452 8.23486600103E9 511734.43 3613039 9.0568386032587E11 511734.43 310 0 0 67890 0 0
198000.0 16460 8.27252467698E9 514067.4 3629499 9.1395638500285E11 514067.4 310 0 0 68200 0 0
198900.0 16560 8.33803606684E9 516400.92 3646059 9.2229442106969E11 516400.92 310 0 0 68510 0 0
199800.0 16524 8.36644292848E9 518733.9 3662583 9.3066086399817E11 518733.9 310 0 0 68820 0 0
200700.0 16453 8.38551013949E9 521066.87 3679036 9.3904637413767E11 521066.87 310 0 0 69130 0 0
201600.0 16452 8.42317336243E9 523400.39 3695488 9.474695475001E11 523400.39 310 0 0 69440 0 0
202500.0 16560 8.48918890652E9 525733.37 3712048 9.5595873640662E11 525733.37 310 0 0 69750 0 0
203400.0 16524 8.51742303455E9 528066.34 3728572 9.6447615944117E11 528066.34 310 0 0 70060 0 0
204300.0 16452 8.53615427796E9 530399.3 3745024 9.7301231371912E11 530399.3 310 0 0 70370 0 0
205200.0 16452 8.5738175009E9 532732.83 3761476 9.8158613122002E11 532732.83 310 0 0 70680 0 0
206100.0 16560 8.64033696938E9 535065.8 3778036 9.9022646818941E11 535065.8 310 0 0 70990 0 0
207000.0 16524 8.6684031405E9 537398.77 3794560 9.9889487132991E11 537398.77 310 0 0 71300 0 0
207900.0 16453 8.68680284976E9 539732.29 3811013 1.00758167417967E12 539732.29 310 0 0 71610 0 0
208800.0 16452 8.72446636119E9 542065.27 3827465 1.01630614054086E12 542065.27 310 0 0 71920 0 0
209700.0 16560 8.79148508614E9 544398.23 3844025 1.025097625627E12 544398.23 310 0 0 72230 0 0
210600.0 16532 8.81938324635E9 546731.2 3860557 1.03391700887335E12 546731.2 310 0 0 72540 0 0
211500.0 16452 8.83744709868E9 549064.73 3877009 1.04275445597203E12 549064.73 310 0 0 72850 0 0
212400.0 16452 8.87511050158E9 551397.7 3893461 1.05162956647361E12 551397.7 310 0 0 73160 0 0
213300.0 16560 8.94263314878E9 553730.67 3910021 1.06057219962239E12 553730.67 310 0 0 73470 0 0
214200.0 16525 8.97036338547E9 556063.64 3926546 1.06954256300786E12 556063.64 310 0 0 73780 0 0
215100.0 16452 8.98809123693E9 558397.17 3942998 1.07853065424478E12 558397.17 310 0 0 74090 0 0
216000.0 16452 9.02575463983E9 560730.14 3959450 1.08755640888461E12 560730.14 310 0 0 74400 0 0
216900.0 16560 9.09378126543E9 563063.1 3976010 1.09665019015004E12 563063.1 310 0 0 74710 0 0
217800.0 16524 9.12134801065E9 565396.64 3992534 1.10577153816069E12 565396.64 310 0 0 75020 0 0
218700.0 16452 9.13874010213E9 567729.61 4008986 1.11491027826281E12 567729.61 310 0 0 75330 0 0
219600.0 16452 9.17639877807E9 570062.57 4025438 1.12408667704089E12 570062.57 310 0 0 75640 0 0
220500.0 16560 9.24492933707E9 572395.53 4041998 1.13333160637796E12 572395.53 310 0 0 75950 0 0
221400.0 16525 9.2723281165E9 574729.07 4058523 1.14260393449446E12 574729.07 310 0 0 76260 0 0
222300.0 16452 9.28938424032E9 577062.04 4074975 1.15189331873477E12 577062.04 310 0 0 76570 0 0
223200.0 16458 9.32704291627E9 579395.0 4091433 1.16122036165104E12 579395.0 310 0 0 76880 0 0
224100.0 16562 9.39608199693E9 581728.53 4107995 1.17061644364797E12 581728.53 310 0 0 77190 0 0
225000.0 16524 9.42331296143E9 584061.51 4124519 1.1800397566094E12 584061.51 310 0 0 77500 0 0
225900.0 16452 9.44002837851E9 586394.47 4140971 1.18947978498791E12 586394.47 310 0 0 77810 0 0
226800.0 16453 9.47768705446E9 588727.44 4157424 1.19895747204237E12 588727.44 310 0 0 78120 0 0
227700.0 16560 9.54723007752E9 591060.96 4173984 1.20850470211989E12 591060.96 310 0 0 78430 0 0
228600.0 16524 9.57429306722E9 593393.95 4190508 1.21807899518711E12 593393.95 310 0 0 78740 0 0
229500.0 16452 9.5906725167E9 595726.91 4206960 1.22766966770381E12 595726.91 310 0 0 79050 0 0
230400.0 16452 9.62833149466E9 598059.91 4223412 1.23729799919847E12 598059.91 310 0 0 79360 0 0
231300.0 16560 9.69837848184E9 600393.4 4239972 1.24699637768031E12 600393.4 310 0 0 79670 0 0
232200.0 16524 9.72527315966E9 602726.38 4256496 1.25672165083996E12 602726.38 310 0 0 79980 0 0
233100.0 16452 9.74131664157E9 605059.34 4272948 1.26646296748154E12 605059.34 310 0 0 80290 0 0
234000.0 16452 9.77897986452E9 607392.87 4289400 1.27624194734605E12 607392.87 310 0 0 80600 0 0
234900.0 16560 9.84953098415E9 609725.84 4305960 1.28609147833021E12 609725.84 310 0 0 80910 0 0
235800.0 16524 9.87625326545E9 612058.81 4322484 1.29596773159565E12 612058.81 310 0 0 81220 0 0
236700.0 16461 9.89196077977E9 614391.77 4338945 1.30585969237542E12 614391.77 310 0 0 81530 0 0
237600.0 16452 9.92962400271E9 616725.3 4355397 1.31578931637813E12 616725.3 310 0 0 81840 0 0
238500.0 16560 1.000067908274E10 619058.27 4371957 1.32578999546088E12 619058.27 310 0 0 82150 0 0
239400.0 16525 1.002723337124E10 621391.24 4388482 1.33581722883211E12 621391.24 310 0 0 82460 0 0
240300.0 16452 1.004260946208E10 623724.77 4404934 1.3458598382942E12 623724.77 310 0 0 82770 0 0
241200.0 16452 1.008027286498E10 626057.74 4421386 1.35594011115918E12 626057.74 310 0 0 83080 0 0
242100.0 16560 1.015182716333E10 628390.71 4437946 1.36609193832251E12 628390.71 310 0 0 83390 0 0
243000.0 16524 1.017821347703E10 630723.68 4454470 1.37627015179954E12 630723.68 310 0 0 83700 0 0
243900.0 16452 1.019325360027E10 633057.21 4470922 1.38646340539982E12 633057.21 310 0 0 84010 0 0
244800.0 16452 1.023091700317E10 635390.18 4487374 1.39669432240299E12 635390.18 310 0 0 84320 0 0
245700.0 16560 1.030297526193E10 637723.14 4503934 1.40699729766492E12 637723.14 310 0 0 84630 0 0
246600.0 16525 1.032919503453E10 640056.3 4520459 1.41732649269944E12 640056.3 310 0 0 84940 0 0
247500.0 16452 1.034389941277E10 642389.64 4536911 1.42767039211221E12 642389.64 310 0 0 85250 0 0
248400.0 16452 1.038156110697E10 644722.61 4553363 1.43805195321918E12 644722.61 310 0 0 85560 0 0
249300.0 16568 1.045412331696E10 647055.57 4569931 1.44850607653614E12 647055.57 310 0 0 85870 0 0
250200.0 16524 1.04801782067E10 649389.11 4586455 1.45898625474284E12 649389.11 310 0 0 86180 0 0
251100.0 16452 1.049454656916E10 651722.08 4602907 1.46948080131199E12 651722.08 310 0 0 86490 0 0
252000.0 16452 1.053220524511E10 654055.04 4619359 1.4800130065571E12 654055.04 310 0 0 86800 0 0
252900.0 16561 1.060527139749E10 656388.0 4635920 1.49061827795459E12 656388.0 310 0 0 87110 0 0
253800.0 16524 1.063115831249E10 658721.54 4652444 1.50124943626708E12 658721.54 310 0 0 87420 0 0
254700.0 16452 1.064519070735E10 661054.51 4668896 1.51189462697443E12 661054.51 310 0 0 87730 0 0
255600.0 16452 1.06828493833E10 663387.47 4685348 1.52257747635773E12 663387.47 310 0 0 88040 0 0
256500.0 16560 1.07564240574E10 665721.0 4701908 1.53333390041513E12 665721.0 310 0 0 88350 0 0
257400.0 16524 1.078214315741E10 668053.98 4718432 1.54411604357254E12 668053.98 310 0 0 88660 0 0
258300.0 16452 1.079583484554E10 670386.95 4734884 1.55491187841808E12 670386.95 310 0 0 88970 0 0
259200.0 16452 1.083349352149E10 672719.91 4751336 1.56574537193958E12 672719.91 310 0 0 89280 0 0
260100.0 16561 1.090757213799E10 675053.44 4767897 1.57665294407757E12 675053.44 310 0 0 89590 0 0
261000.0 16524 1.09331232631E10 677386.42 4784421 1.58758606734067E12 677386.42 310 0 0 89900 0 0
261900.0 16458 1.094647898363E10 679719.38 4800879 1.5985325463243E12 679719.38 310 0 0 90210 0 0
262800.0 16454 1.098414036298E10 682052.68 4817333 1.60951668668728E12 682052.68 310 0 0 90520 0 0
263700.0 16560 1.105874522976E10 684385.87 4833893 1.62057543191704E12 684385.87 310 0 0 90830 0 0
264600.0 16524 1.10841033171E10 686718.85 4850417 1.63165953523414E12 686718.85 310 0 0 91140 0 0
265500.0 16453 1.109712307015E10 689051.81 4866870 1.64275665830429E12 689051.81 310 0 0 91450 0 0
266400.0 16452 1.113478629309E10 691385.34 4883322 1.65389144459737E12 691385.34 310 0 0 91760 0 0
267300.0 16560 1.120987300599E10 693718.31 4899882 1.66510131760337E12 693718.31 310 0 0 92070 0 0
268200.0 16524 1.123508455451E10 696051.28 4916406 1.67633640215787E12 696051.28 310 0 0 92380 0 0
269100.0 16452 1.124776720845E10 698384.24 4932858 1.68758416936632E12 698384.24 310 0 0 92690 0 0
270000.0 16452 1.128543043139E10 700717.77 4949310 1.69886959979771E12 700717.77 310 0 0 93000 0 0
270900.0 16560 1.136104313941E10 703050.74 4965870 1.71023064293712E12 703050.74 310 0 0 93310 0 0
271800.0 16524 1.13860635199E10 705383.71 4982394 1.72161670645702E12 705383.71 310 0 0 93620 0 0
272700.0 16452 1.139841589087E10 707717.24 4998846 1.73301512234789E12 707717.24 310 0 0 93930 0 0
273600.0 16452 1.143607929377E10 710050.21 5015298 1.74445120164166E12 710050.21 310 0 0 94240 0 0
274500.0 16560 1.151216917639E10 712383.17 5031858 1.75596337081805E12 712383.17 310 0 0 94550 0 0
275400.0 16533 1.153704476631E10 714716.15 5048391 1.76750041558436E12 714716.15 310 0 0 94860 0 0
276300.0 16452 1.154906002917E10 717049.67 5064843 1.77904947561353E12 717049.67 310 0 0 95170 0 0
277200.0 16452 1.158672343207E10 719382.65 5081295 1.7906361990456E12 719382.65 310 0 0 95480 0 0
278100.0 16561 1.166331729309E10 721715.61 5097856 1.80229951633869E12 721715.61 310 0 0 95790 0 0
279000.0 16524 1.168802754698E10 724049.06 5114380 1.81398754388566E12 724049.06 310 0 0 96100 0 0
279900.0 16452 1.169970821228E10 726382.11 5130832 1.82568725209794E12 726382.11 310 0 0 96410 0 0
280800.0 16452 1.173736753709E10 728715.08 5147284 1.83742461963504E12 728715.08 310 0 0 96720 0 0
281700.0 16560 1.181448735712E10 731048.04 5163844 1.84923910699215E12 731048.04 310 0 0 97030 0 0
282600.0 16524 1.183900836585E10 733381.58 5180368 1.86107811535801E12 733381.58 310 0 0 97340 0 0
283500.0 16452 1.185035299944E10 735714.55 5196820 1.87292846835745E12 735714.55 310 0 0 97650 0 0
284400.0 16452 1.188801167539E10 738047.51 5213272 1.88481648003284E12 738047.51 310 0 0 97960 0 0
285300.0 16561 1.196561343009E10 740380.47 5229833 1.89678209346294E12 740380.47 310 0 0 98270 0 0
286200.0 16524 1.198998951042E10 742714.01 5246357 1.90877208297336E12 742714.01 310 0 0 98580 0 0
287100.0 16452 1.20009971378E10 745046.98 5262809 1.92077308011116E12 745046.98 310 0 0 98890 0 0
288000.0 16460 1.203865581375E10 747379.94 5279269 1.93281173592491E12 747379.94 310 0 0 99200 0 0
288900.0 16560 1.211678811909E10 749713.47 5295829 1.944928524044E12 749713.47 310 0 0 99510 0 0
289800.0 16524 1.214097331695E10 752046.45 5312353 1.95706949736095E12 752046.45 310 0 0 99820 0 0
290700.0 16452 1.215164127621E10 754379.41 5328805 1.96922113863715E12 754379.41 310 0 0 100130 0 0
291600.0 16453 1.218929995216E10 756712.38 5345258 1.98141043858931E12 756712.38 310 0 0 100440 0 0
292500.0 16560 1.226791417097E10 759045.9 5361818 1.99367835276028E12 759045.9 310 0 0 100750 0 0
293400.0 16524 1.229195455447E10 761378.88 5378342 2.00597030731475E12 761378.88 310 0 0 101060 0 0
294300.0 16452 1.230228541462E10 763711.85 5394794 2.01827259272937E12 763711.85 310 0 0 101370 0 0
295200.0 16452 1.23399485488E10 766045.37 5411246 2.03061254127817E12 766045.37 310 0 0 101680 0 0
296100.0 16560 1.241906699075E10 768378.35 5427806 2.04303160826893E12 768378.35 310 0 0 101990 0 0
297000.0 16524 1.244293351997E10 770711.32 5444330 2.05547454178889E12 770711.32 310 0 0 102300 0 0
297900.0 16452 1.245292955303E10 773044.28 5460782 2.06792747134192E12 773044.28 310 0 0 102610 0 0
298800.0 16452 1.249059277597E10 775377.81 5477234 2.08041806411789E12 775377.81 310 0 0 102920 0 0
299700.0 16560 1.257021509136E10 777710.78 5493794 2.09298827920924E12 777710.78 310 0 0 103230 0 0
300600.0 16524 1.259391363497E10 780043.75 5510318 2.10558219284422E12 780043.75 310 0 0 103540 0 0
301500.0 16461 1.260357397655E10 782376.71 5526779 2.11818576682077E12 782376.71 310 0 0 103850 0 0
302400.0 16452 1.264123691438E10 784710.24 5543231 2.13082700373514E12 784710.24 310 0 0 104160 0 0
303300.0 16560 1.272136316321E10 787043.21 5559791 2.14354836689835E12 787043.21 310 0 0 104470 0 0
304200.0 16525 1.274489373204E10 789376.18 5576316 2.15629326063039E12 789376.18 310 0 0 104780 0 0
305100.0 16452 1.275422237402E10 791709.71 5592768 2.16904748300441E12 791709.71 310 0 0 105090 0 0
306000.0 16452 1.279188577692E10 794042.68 5609220 2.18183936878133E12 794042.68 310 0 0 105400 0 0
306900.0 16560 1.287251127107E10 796375.65 5625780 2.1947118800524E12 796375.65 310 0 0 105710 0 0
307800.0 16524 1.289587384715E10 798708.62 5642304 2.20760775389955E12 798708.62 310 0 0 106020 0 0
308700.0 16452 1.290486651254E10 801042.15 5658756 2.22051262041209E12 801042.15 310 0 0 106330 0 0
309600.0 16452 1.294252991544E10 803375.12 5675208 2.23345515032752E12 803375.12 310 0 0 106640 0 0
310500.0 16560 1.302365936077E10 805708.08 5691768 2.24647880968829E12 805708.08 310 0 0 106950 0 0
311400.0 16525 1.304685849694E10 808041.62 5708293 2.25952566818523E12 808041.62 310 0 0 107260 0 0
312300.0 16452 1.305551537806E10 810374.59 5724745 2.27258118356329E12 810374.59 310 0 0 107570 0 0
313200.0 16452 1.309317405401E10 812707.55 5741197 2.2856743576173E12 812707.55 310 0 0 107880 0 0
314100.0 16568 1.317480743274E10 815040.51 5757765 2.29884916505004E12 815040.51 310 0 0 108190 0 0
315000.0 16524 1.319783861211E10 817374.05 5774289 2.31204700366215E12 817374.05 310 0 0 108500 0 0
315900.0 16452 1.320615951663E10 819707.02 5790741 2.32525316317878E12 819707.02 310 0 0 108810 0 0
316800.0 16452 1.324381819258E10 822039.98 5807193 2.33849698137136E12 822039.98 310 0 0 109120 0 0
317700.0 16561 1.332595608188E10 824373.01 5823754 2.35182293745324E12 824373.01 310 0 0 109430 0 0
318600.0 16524 1.334882031269E10 826706.48 5840278 2.36517175776594E12 826706.48 310 0 0 109740 0 0
319500.0 16452 1.335680363214E10 829039.45 5856730 2.37852856139808E12 829039.45 310 0 0 110050 0 0
320400.0 16452 1.339446230809E10 831372.42 5873182 2.39192302370618E12 831372.42 310 0 0 110360 0 0
321300.0 16560 1.347710815107E10 833705.94 5889742 2.40540013185725E12 833705.94 310 0 0 110670 0 0
322200.0 16524 1.349980354053E10 836038.92 5906266 2.41889993539778E12 836038.92 310 0 0 110980 0 0
323100.0 16452 1.350744777077E10 838371.89 5922718 2.43240738316855E12 838371.89 310 0 0 111290 0 0
324000.0 16452 1.354510644672E10 840704.85 5939170 2.44595248961527E12 840704.85 310 0 0 111600 0 0
324900.0 16560 1.36282562591E10 843038.38 5955730 2.45958074587436E12 843038.38 310 0 0 111910 0 0
325800.0 16524 1.365078363781E10 845371.36 5972254 2.47323152951217E12 845371.36 310 0 0 112220 0 0
326700.0 16461 1.365809190945E10 847704.32 5988715 2.48688962142162E12 847704.32 310 0 0 112530 0 0
327600.0 16452 1.369575513239E10 850037.85 6005167 2.50058537655401E12 850037.85 310 0 0 112840 0 0
328500.0 16560 1.377940906273E10 852370.82 6021727 2.51436478561675E12 852370.82 310 0 0 113150 0 0
329400.0 16524 1.380176374409E10 854703.79 6038251 2.52816654936084E12 854703.79 310 0 0 113460 0 0
330300.0 16453 1.380873604813E10 857036.75 6054704 2.54197528540896E12 857036.75 310 0 0 113770 0 0
331200.0 16452 1.384639927107E10 859370.28 6071156 2.55582168468003E12 859370.28 310 0 0 114080 0 0
332100.0 16560 1.393057920571E10 861703.25 6087716 2.56975226388574E12 861703.25 310 0 0 114390 0 0
333000.0 16524 1.395274498187E10 864036.22 6104240 2.58370500886762E12 864036.22 310 0 0 114700 0 0
333900.0 16452 1.395938181382E10 866369.4 6120692 2.59766439068144E12 866369.4 310 0 0 115010 0 0
334800.0 16452 1.399704528843E10 868702.72 6137144 2.61166143596986E12 868702.72 310 0 0 115320 0 0
335700.0 16560 1.408170521867E10 871035.68 6153704 2.62574314118853E12 871035.68 310 0 0 115630 0 0
336600.0 16524 1.410372392347E10 873368.66 6170228 2.639846865112E12 873368.66 310 0 0 115940 0 0
337500.0 16453 1.411002882753E10 875702.18 6186681 2.65395689393953E12 875702.18 310 0 0 116250 0 0
338400.0 16452 1.414769223043E10 878035.15 6203133 2.66810458616995E12 878035.15 310 0 0 116560 0 0
339300.0 16560 1.423285329975E10 880368.12 6219693 2.6823374394697E12 880368.12 310 0 0 116870 0 0
340200.0 16532 1.425470514331E10 882701.09 6236225 2.69659214461301E12 882701.09 310 0 0 117180 0 0
341100.0 16452 1.426067296626E10 885034.62 6252677 2.71085281757927E12 885034.62 310 0 0 117490 0 0
342000.0 16452 1.429833636916E10 887367.59 6269129 2.72515115394843E12 887367.59 310 0 0 117800 0 0
342900.0 16561 1.438402344278E10 889700.55 6285690 2.7395351773912E12 889700.55 310 0 0 118110 0 0
343800.0 16524 1.440568868875E10 892034.09 6302214 2.75394086607995E12 892034.09 310 0 0 118420 0 0
344700.0 16452 1.441132183194E10 894367.06 6318666 2.7683521879119E12 894367.06 310 0 0 118730 0 0
345600.0 16452 1.444898050789E10 896700.02 6335118 2.78280116841979E12 896700.02 310 0 0 119040 0 0

