# seed = 1, gamma = 0.75, beta = 0.75, dee = 100.0, dcc = 50.0, dec = 600.0, dsc = 2000.0, dLocalhost = 0.015, hostBroker = EDGE, numOfCloud = 1, numOfEdge = 1, numOfSmartphone = 225 
#
# The columns have the following meaning: 
# instant[SECONDS] delayCountPartial delaySumPartial[SECONDS] delayMaxPartial[SECONDS] delayCountTot delaySumTot[SECONDS] delayMaxTot[SECONDS] runOnCloudPartial runOnEdgePartial runOnSmartphonePartial runOnCloudTot runOnEdgeTot runOnSmartphoneTot
0.0 0 0.0 0.0 0 0.0 0.0 0 0 0 0 0 0
900.0 16560 2.5928913349E8 31954.93 16560 2.5928913349E8 31954.93 78 7 225 78 7 225
1800.0 16524 7.7160855772E8 63699.71 33084 1.03089769121E9 63699.71 78 7 225 156 14 450
2700.0 16452 1.2826150531E9 95444.23 49536 2.31351274431E9 95444.23 78 7 225 234 21 675
3600.0 16452 1.79498936734E9 127188.6 65988 4.10850211165E9 127188.6 78 7 225 312 28 900
4500.0 16560 2.31604886803E9 158932.97 82548 6.42455097968E9 158932.97 78 7 225 390 35 1125
5400.0 16524 2.82586330584E9 190677.35 99072 9.25041428552E9 190677.35 78 7 225 468 42 1350
6300.0 16452 3.33228685385E9 222421.72 115524 1.258270113937E10 222421.72 78 7 225 546 49 1575
7200.0 16452 3.84465996314E9 254166.09 131976 1.642736110251E10 254166.09 78 7 225 624 56 1800
8100.0 16561 4.37235355129E9 285910.45 148537 2.07997146538E10 285910.45 78 7 225 702 63 2025
9000.0 16524 4.8800947317E9 317654.83 165061 2.56798093855E10 317654.83 78 7 225 780 70 2250
9900.0 16452 5.38195744991E9 349399.2 181513 3.106176683541E10 349399.2 78 7 225 858 77 2475
10800.0 16452 5.8943305592E9 381143.57 197965 3.695609739461E10 381143.57 78 7 225 936 84 2700
11700.0 16560 6.42910364649E9 412887.94 214525 4.33852010411E10 412887.94 78 7 225 1014 91 2925
12600.0 16524 6.93434687702E9 444632.32 231049 5.031954791812E10 444632.32 78 7 225 1092 98 3150
13500.0 16452 7.43162804597E9 476376.69 247501 5.775117596409E10 476376.69 78 7 225 1170 105 3375
14400.0 16452 7.94400115527E9 508121.06 263953 6.569517711936E10 508121.06 78 7 225 1248 112 3600
15300.0 16560 8.48540822107E9 539865.43 280513 7.418058534042E10 539865.43 78 7 225 1326 119 3825
16200.0 16524 8.98857830291E9 571609.81 297037 8.316916364334E10 571609.81 78 7 225 1404 126 4050
17100.0 16452 9.48129864207E9 603354.18 313489 9.26504622854E10 603354.18 78 7 225 1482 133 4275
18000.0 16452 9.99367175137E9 635098.55 329941 1.0264413403678E11 635098.55 78 7 225 1560 140 4500
18900.0 16560 1.054193560149E10 666842.92 346501 1.1318606963827E11 666842.92 78 7 225 1638 147 4725
19800.0 16524 1.104282007957E10 698587.29 363025 1.2422888971783E11 698587.29 78 7 225 1716 154 4950
20700.0 16452 1.153096923819E10 730331.66 379477 1.3575985895602E11 730331.66 78 7 225 1794 161 5175
21600.0 16452 1.20433423475E10 762076.03 395929 1.4780320130352E11 762076.03 78 7 225 1872 168 5400
22500.0 16560 1.259846297291E10 793820.4 412489 1.6040166427643E11 793820.4 78 7 225 1950 175 5625
23400.0 16524 1.309706187422E10 825564.78 429013 1.7349872615066E11 825564.78 78 7 225 2028 182 5850
24300.0 16452 1.358063983431E10 857309.15 445465 1.8707936598497E11 857309.15 78 7 225 2106 189 6075
25200.0 16452 1.409301294362E10 889053.52 461917 2.0117237892859E11 889053.52 78 7 225 2184 196 6300
26100.0 16560 1.465521318612E10 920797.89 478477 2.1582759211471E11 920797.89 78 7 225 2262 203 6525
27000.0 16524 1.51513036602E10 952542.27 495001 2.3097889577491E11 952542.27 78 7 225 2340 210 6750
27900.0 16452 1.563031043076E10 984286.64 511453 2.4660920620567E11 984286.64 78 7 225 2418 217 6975
28800.0 16452 1.614268354007E10 1016031.01 527905 2.6275188974574E11 1016031.01 78 7 225 2496 224 7200
29700.0 16560 1.671151775213E10 1047775.38 544465 2.7946340749787E11 1047775.38 78 7 225 2574 231 7425
30600.0 16524 1.720554543735E10 1079519.76 560989 2.9666895293521E11 1079519.76 78 7 225 2652 238 7650
31500.0 16452 1.767998102737E10 1111264.13 577441 3.1434893396258E11 1111264.13 78 7 225 2730 245 7875
32400.0 16452 1.819235413668E10 1143008.49 593893 3.3254128809926E11 1143008.49 78 7 225 2808 252 8100
33300.0 16566 1.876804811607E10 1174752.86 610459 3.5130933621533E11 1174752.86 78 7 225 2886 259 8325
34200.0 16526 1.925979184176E10 1206497.55 626985 3.7056912805709E11 1206497.55 78 7 225 2964 266 8550
35100.0 16452 1.972965872566E10 1238242.18 643437 3.9029878678275E11 1238242.18 78 7 225 3042 273 8775
36000.0 16452 2.024203395269E10 1269986.55 659889 4.1054082073544E11 1269986.55 78 7 225 3120 280 9000
36900.0 16560 2.082458175521E10 1301730.92 676449 4.3136540249065E11 1301730.92 78 7 225 3198 287 9225
37800.0 16524 2.131403825872E10 1333475.3 692973 4.5267944074937E11 1333475.3 78 7 225 3276 294 9450
38700.0 16452 2.177933144016E10 1365219.67 709425 4.7445877218953E11 1365219.67 78 7 225 3354 301 9675
39600.0 16452 2.229170454947E10 1396964.04 725877 4.9675047673899E11 1396964.04 78 7 225 3432 308 9900
40500.0 16560 2.288110913629E10 1428708.41 742437 5.1963158587528E11 1428708.41 78 7 225 3510 315 10125
41400.0 16524 2.336828004503E10 1460452.79 758961 5.4299986592031E11 1460452.79 78 7 225 3588 322 10350
42300.0 16452 2.382900203694E10 1492197.16 775413 5.6682886795724E11 1492197.16 78 7 225 3666 329 10575
43200.0 16452 2.434137514624E10 1523941.53 791865 5.9117024310349E11 1523941.53 78 7 225 3744 336 10800
44100.0 16560 2.493763650836E10 1555685.9 808425 6.1610787961185E11 1555685.9 78 7 225 3822 343 11025
45000.0 16524 2.542252183134E10 1587430.28 824949 6.4153040144319E11 1587430.28 78 7 225 3900 350 11250
45900.0 16452 2.587867263377E10 1619174.64 841401 6.6740907407696E11 1619174.64 78 7 225 3978 357 11475
46800.0 16452 2.639104574307E10 1650919.01 857853 6.9380011982003E11 1650919.01 78 7 225 4056 364 11700
47700.0 16560 2.699438672224E10 1682663.38 874413 7.2079450654227E11 1682663.38 78 7 225 4134 371 11925
48600.0 16524 2.747676360881E10 1714407.76 890937 7.4827127015108E11 1714407.76 78 7 225 4212 378 12150
49500.0 16452 2.79283432307E10 1746152.13 907389 7.7619961338179E11 1746152.13 78 7 225 4290 385 12375
50400.0 16452 2.844071634001E10 1777896.5 923841 8.046403297218E11 1777896.5 78 7 225 4368 392 12600
51300.0 16560 2.905069127974E10 1809640.87 940401 8.3369102100154E11 1809640.87 78 7 225 4446 399 12825
52200.0 16524 2.953100540429E10 1841385.25 956925 8.6322202640583E11 1841385.25 78 7 225 4524 406 13050
53100.0 16452 2.997801382764E10 1873129.62 973377 8.9320004023347E11 1873129.62 78 7 225 4602 413 13275
54000.0 16452 3.049038693695E10 1904873.99 989829 9.2369042717042E11 1904873.99 78 7 225 4680 420 13500
54900.0 16560 3.110721866098E10 1936618.36 1006389 9.547976458314E11 1936618.36 78 7 225 4758 427 13725
55800.0 16524 3.15852471907E10 1968362.74 1022913 9.863828930221E11 1968362.74 78 7 225 4836 434 13950
56700.0 16452 3.202768442453E10 2000107.11 1039365 1.01841057744663E12 2000107.11 78 7 225 4914 441 14175
57600.0 16452 3.254005753383E10 2031851.48 1055817 1.05095063498046E12 2031851.48 78 7 225 4992 448 14400
58500.0 16560 3.316374604217E10 2063595.84 1072377 1.08411438102263E12 2063595.84 78 7 225 5070 455 14625
59400.0 16524 3.363948897712E10 2095340.22 1088901 1.11775386999976E12 2095340.22 78 7 225 5148 462 14850
60300.0 16452 3.407735502137E10 2127084.59 1105353 1.15183122502112E12 2127084.59 78 7 225 5226 469 15075
61200.0 16452 3.458972813061E10 2158828.96 1121805 1.18642095315174E12 2158828.96 78 7 225 5304 476 15300
62100.0 16560 3.522027342319E10 2190573.33 1138365 1.22164122657493E12 2190573.33 78 7 225 5382 483 15525
63000.0 16524 3.569373076332E10 2222317.71 1154889 1.25733495733824E12 2222317.71 78 7 225 5460 490 15750
63900.0 16452 3.6127025618E10 2254062.08 1171341 1.29346198295624E12 2254062.08 78 7 225 5538 497 15975
64800.0 16452 3.663939872725E10 2285806.45 1187793 1.3301013816835E12 2285806.45 78 7 225 5616 504 16200
65700.0 16561 3.727702396838E10 2317550.82 1204354 1.36737840565188E12 2317550.82 78 7 225 5694 511 16425
66600.0 16524 3.774797494083E10 2349295.42 1220878 1.40512638059271E12 2349295.42 78 7 225 5772 518 16650
67500.0 16452 3.817670258155E10 2381040.13 1237330 1.44330308317426E12 2381040.13 78 7 225 5850 525 16875
68400.0 16452 3.868907855527E10 2412784.51 1253782 1.48199216172953E12 2412784.51 78 7 225 5928 532 17100
69300.0 16560 3.933333743834E10 2444528.88 1270342 1.52132549916787E12 2444528.88 78 7 225 6006 539 17325
70200.0 16524 3.980222357864E10 2476273.26 1286866 1.5611277227465E12 2476273.26 78 7 225 6084 546 17550
71100.0 16452 4.022637604267E10 2508017.63 1303318 1.60135409878917E12 2508017.63 78 7 225 6162 553 17775
72000.0 16452 4.073874915191E10 2539762.0 1319770 1.64209284794108E12 2539762.0 78 7 225 6240 560 18000
72900.0 16560 4.138986482828E10 2571506.37 1336330 1.68348271276936E12 2571506.37 78 7 225 6318 567 18225
73800.0 16524 4.185646537381E10 2603250.74 1352854 1.72533917814317E12 2603250.74 78 7 225 6396 574 18450
74700.0 16452 4.22760466393E10 2634995.11 1369306 1.76761522478247E12 2634995.11 78 7 225 6474 581 18675
75600.0 16452 4.278841974855E10 2666739.48 1385758 1.81040364453102E12 2666739.48 78 7 225 6552 588 18900
76500.0 16560 4.344661502396E10 2698483.85 1402318 1.85385025955498E12 2698483.85 78 7 225 6630 595 19125
77400.0 16524 4.391070715998E10 2730228.23 1418842 1.89776096671496E12 2730228.23 78 7 225 6708 602 19350
78300.0 16452 4.432571723594E10 2761972.6 1435294 1.9420866839509E12 2761972.6 78 7 225 6786 609 19575
79200.0 16452 4.483809034519E10 2793716.97 1451746 1.98692477429609E12 2793716.97 78 7 225 6864 616 19800
80100.0 16560 4.550291958116E10 2825461.34 1468306 2.03242769387725E12 2825461.34 78 7 225 6942 623 20025
81000.0 16524 4.596495930588E10 2857205.72 1484830 2.07839265318313E12 2857205.72 78 7 225 7020 630 20250
81900.0 16452 4.637538783252E10 2888950.09 1501282 2.12476804101565E12 2888950.09 78 7 225 7098 637 20475
82800.0 16452 4.688776094177E10 2920694.46 1517734 2.17165580195742E12 2920694.46 78 7 225 7176 644 20700
83700.0 16560 4.755966979479E10 2952438.83 1534294 2.21921547175221E12 2952438.83 78 7 225 7254 651 20925
84600.0 16524 4.801919073227E10 2984183.21 1550818 2.26723466248448E12 2984183.21 78 7 225 7332 658 21150
85500.0 16452 4.842505842911E10 3015927.57 1567270 2.31565972091359E12 3015927.57 78 7 225 7410 665 21375
86400.0 16452 4.893743153835E10 3047671.94 1583722 2.36459715245194E12 3047671.94 78 7 225 7488 672 21600
87300.0 16560 4.961597433393E10 3079416.31 1600282 2.41421312678588E12 3079416.31 78 7 225 7566 679 21825
88200.0 16524 5.007344286911E10 3111160.69 1616806 2.46428656965499E12 3111160.69 78 7 225 7644 686 22050
89100.0 16452 5.047472902569E10 3142905.06 1633258 2.51476129868068E12 3142905.06 78 7 225 7722 693 22275
90000.0 16452 5.098710213494E10 3174649.43 1649710 2.56574840081562E12 3174649.43 78 7 225 7800 700 22500
90900.0 16560 5.167272454756E10 3206393.8 1666270 2.61742112536318E12 3206393.8 78 7 225 7878 707 22725
91800.0 16524 5.212767429556E10 3238138.18 1682794 2.66954879965874E12 3238138.18 78 7 225 7956 714 22950
92700.0 16452 5.252439962233E10 3269882.55 1699246 2.72207319928107E12 3269882.55 78 7 225 8034 721 23175
93600.0 16452 5.303677273157E10 3301626.92 1715698 2.77510997201264E12 3301626.92 78 7 225 8112 728 23400
94500.0 16560 5.372902910476E10 3333371.29 1732258 2.8288390011174E12 3333371.29 78 7 225 8190 735 23625
95400.0 16524 5.418192644146E10 3365115.67 1748782 2.88302092755886E12 3365115.67 78 7 225 8268 742 23850
96300.0 16452 5.457407021897E10 3396860.04 1765234 2.93759499777783E12 3396860.04 78 7 225 8346 749 24075
97200.0 16452 5.508644332821E10 3428604.41 1781686 2.99268144110604E12 3428604.41 78 7 225 8424 756 24300
98100.0 16560 5.57855564857E10 3460348.77 1798246 3.04846699759174E12 3460348.77 78 7 225 8502 763 24525
99000.0 16524 5.623615857582E10 3492093.26 1814770 3.10470315616756E12 3492093.26 78 7 225 8580 770 24750
99900.0 16452 5.662374565576E10 3523838.01 1831222 3.16132690182332E12 3523838.01 78 7 225 8658 777 24975
100800.0 16452 5.713612250203E10 3555582.46 1847674 3.21846302432536E12 3555582.46 78 7 225 8736 784 25200
101700.0 16560 5.784209310832E10 3587326.83 1864234 3.27630511743368E12 3587326.83 78 7 225 8814 791 25425
102600.0 16524 5.82904088945E10 3619071.21 1880758 3.33459552632818E12 3619071.21 78 7 225 8892 798 25650
103500.0 16452 5.867342062311E10 3650815.58 1897210 3.39326894695129E12 3650815.58 78 7 225 8970 805 25875
104400.0 16452 5.918579373236E10 3682559.95 1913662 3.45245474068364E12 3682559.95 78 7 225 9048 812 26100
105300.0 16560 5.989862049826E10 3714304.32 1930222 3.51235336118191E12 3714304.32 78 7 225 9126 819 26325
106200.0 16524 6.034465067167E10 3746048.7 1946746 3.57269801185358E12 3746048.7 78 7 225 9204 826 26550
107100.0 16452 6.072309121975E10 3777793.07 1963198 3.63342110307333E12 3777793.07 78 7 225 9282 833 26775
108000.0 16452 6.1235464329E10 3809537.44 1979650 3.69465656740232E12 3809537.44 78 7 225 9360 840 27000
108900.0 16560 6.19551478702E10 3841281.81 1996210 3.75661171527253E12 3841281.81 78 7 225 9438 847 27225
109800.0 16524 6.239889246689E10 3873026.19 2012734 3.81901060773942E12 3873026.19 78 7 225 9516 854 27450
110700.0 16452 6.277276181649E10 3904770.56 2029186 3.88178336955592E12 3904770.56 78 7 225 9594 861 27675
111600.0 16452 6.328513492574E10 3936514.92 2045638 3.94506850448166E12 3936514.92 78 7 225 9672 868 27900
112500.0 16560 6.401167526025E10 3968259.29 2062198 4.00908017974191E12 3968259.29 78 7 225 9750 875 28125
113400.0 16524 6.445313424418E10 4000003.67 2078722 4.07353331398609E12 4000003.67 78 7 225 9828 882 28350
114300.0 16452 6.482243241324E10 4031748.04 2095174 4.13835574639932E12 4031748.04 78 7 225 9906 889 28575
115200.0 16452 6.533480552249E10 4063492.41 2111626 4.20369055192181E12 4063492.41 78 7 225 9984 896 28800
116100.0 16560 6.60682026233E10 4095236.78 2128186 4.26975875454511E12 4095236.78 78 7 225 10062 903 29025
117000.0 16524 6.650737603946E10 4126981.16 2144710 4.33626613058457E12 4126981.16 78 7 225 10140 910 29250
117900.0 16452 6.687210300999E10 4158725.53 2161162 4.40313823359456E12 4158725.53 78 7 225 10218 917 29475
118800.0 16452 6.738447611923E10 4190469.9 2177614 4.47052270971379E12 4190469.9 78 7 225 10296 924 29700
119700.0 16560 6.812473003135E10 4222214.27 2194174 4.53864743974514E12 4222214.27 78 7 225 10374 931 29925
120600.0 16524 6.856161781674E10 4253958.65 2210698 4.60720905756189E12 4253958.65 78 7 225 10452 938 30150
121500.0 16452 6.892177360674E10 4285703.02 2227150 4.67613083116863E12 4285703.02 78 7 225 10530 945 30375
122400.0 16452 6.943414671599E10 4317447.39 2243602 4.74556497788462E12 4317447.39 78 7 225 10608 952 30600
123300.0 16560 7.018125739442E10 4349191.75 2260162 4.81574623527904E12 4349191.75 78 7 225 10686 959 30825
124200.0 16524 7.061585961204E10 4380936.13 2276686 4.88636209489108E12 4380936.13 78 7 225 10764 966 31050
125100.0 16452 7.09714442035E10 4412680.5 2293138 4.95733353909458E12 4412680.5 78 7 225 10842 973 31275
126000.0 16452 7.148381731275E10 4444424.87 2309590 5.02881735640732E12 4444424.87 78 7 225 10920 980 31500
126900.0 16560 7.223778478448E10 4476169.24 2326150 5.1010551411918E12 4476169.24 78 7 225 10998 987 31725
127800.0 16524 7.267010139833E10 4507913.62 2342674 5.17372524259014E12 4507913.62 78 7 225 11076 994 31950
128700.0 16452 7.302111480026E10 4539657.99 2359126 5.24674635739039E12 4539657.99 78 7 225 11154 1001 32175
129600.0 16452 7.353348790951E10 4571402.36 2375578 5.3202798452999E12 4571402.36 78 7 225 11232 1008 32400
130500.0 16560 7.429431217454E10 4603146.73 2392138 5.39457415747444E12 4603146.73 78 7 225 11310 1015 32625
131400.0 16524 7.472434317563E10 4634891.11 2408662 5.46929850065007E12 4634891.11 78 7 225 11388 1022 32850
132300.0 16452 7.507078886269E10 4666635.88 2425114 5.54436928951276E12 4666635.88 78 7 225 11466 1029 33075
133200.0 16452 7.558316634542E10 4698380.41 2441566 5.61995245585818E12 4698380.41 78 7 225 11544 1036 33300
134100.0 16560 7.635084879585E10 4730124.79 2458126 5.69630330465403E12 4730124.79 78 7 225 11622 1043 33525
135000.0 16524 7.677859420989E10 4761869.17 2474650 5.77308189886392E12 4761869.17 78 7 225 11700 1050 33750
135900.0 16452 7.712046521219E10 4793613.54 2491102 5.8502023640761E12 4793613.54 78 7 225 11778 1057 33975
136800.0 16452 7.763283832144E10 4825357.9 2507554 5.92783520239754E12 4825357.9 78 7 225 11856 1064 34200
137700.0 16560 7.840737616791E10 4857102.27 2524114 6.00624257856545E12 4857102.27 78 7 225 11934 1071 34425
138600.0 16524 7.883283598719E10 4888846.65 2540638 6.08507541455264E12 4888846.65 78 7 225 12012 1078 34650
139500.0 16452 7.917013580894E10 4920591.02 2557090 6.16424555036158E12 4920591.02 78 7 225 12090 1085 34875
140400.0 16452 7.968250891819E10 4952335.39 2573542 6.24392805927978E12 4952335.39 78 7 225 12168 1092 35100
141300.0 16560 8.046390355798E10 4984079.76 2590102 6.32439196283775E12 4984079.76 78 7 225 12246 1099 35325
142200.0 16524 8.088707778248E10 5015824.14 2606626 6.40527904062023E12 5015824.14 78 7 225 12324 1106 35550
143100.0 16452 8.12198064057E10 5047568.51 2623078 6.48649884702593E12 5047568.51 78 7 225 12402 1113 35775
144000.0 16452 8.173217951495E10 5079312.88 2639530 6.56823102654089E12 5079312.88 78 7 225 12480 1120 36000
144900.0 16560 8.252043093904E10 5111057.25 2656090 6.65075145747992E12 5111057.25 78 7 225 12558 1127 36225
145800.0 16524 8.294131955977E10 5142801.63 2672614 6.7336927770397E12 5142801.63 78 7 225 12636 1134 36450
146700.0 16452 8.326947700246E10 5174546.0 2689066 6.81696225404216E12 5174546.0 78 7 225 12714 1141 36675
147600.0 16452 8.378185011171E10 5206290.37 2705518 6.90074410415387E12 5206290.37 78 7 225 12792 1148 36900
148500.0 16560 8.45769583201E10 5238034.74 2722078 6.98532106247397E12 5238034.74 78 7 225 12870 1155 37125
149400.0 16524 8.499556135507E10 5269779.11 2738602 7.07031662382904E12 5269779.11 78 7 225 12948 1162 37350
150300.0 16452 8.531914759922E10 5301523.48 2755054 7.15563577142826E12 5301523.48 78 7 225 13026 1169 37575
151200.0 16452 8.583152070847E10 5333267.85 2771506 7.24146729213673E12 5333267.85 78 7 225 13104 1176 37800
152100.0 16560 8.663348569216E10 5365012.22 2788066 7.32810077782889E12 5365012.22 78 7 225 13182 1183 38025
153000.0 16524 8.704980313242E10 5396756.6 2804590 7.4151505809613E12 5396756.6 78 7 225 13260 1190 38250
153900.0 16452 8.736881819603E10 5428500.97 2821042 7.50251939915734E12 5428500.97 78 7 225 13338 1197 38475
154800.0 16452 8.788119130528E10 5460245.34 2837494 7.59040059046262E12 5460245.34 78 7 225 13416 1204 38700
155700.0 16560 8.869001308228E10 5491989.71 2854054 7.6790906035449E12 5491989.71 78 7 225 13494 1211 38925
156600.0 16524 8.910404492776E10 5523734.09 2870578 7.76819464847266E12 5523734.09 78 7 225 13572 1218 39150
157500.0 16452 8.941848879279E10 5555478.46 2887030 7.85761313726545E12 5555478.46 78 7 225 13650 1225 39375
158400.0 16452 8.993086190204E10 5587222.83 2903482 7.94754399916749E12 5587222.83 78 7 225 13728 1232 39600
159300.0 16560 9.074676327808E10 5618967.2 2920042 8.03829076244558E12 5618967.2 78 7 225 13806 1239 39825
160200.0 16524 9.115828670506E10 5650711.58 2936566 8.12944904915064E12 5650711.58 78 7 225 13884 1246 40050
161100.0 16452 9.146815938955E10 5682455.95 2953018 8.22091720854019E12 5682455.95 78 7 225 13962 1253 40275
162000.0 16452 9.19805324988E10 5714200.31 2969470 8.31289774103898E12 5714200.31 78 7 225 14040 1260 40500
162900.0 16560 9.28030678354E10 5745944.68 2986030 8.40570080887439E12 5745944.68 78 7 225 14118 1267 40725
163800.0 16530 9.321254117837E10 5777689.06 3002560 8.49891335005276E12 5777689.06 78 7 225 14196 1274 40950
164700.0 16455 9.351783275283E10 5809433.73 3019015 8.59243118280559E12 5809433.73 78 7 225 14274 1281 41175
165600.0 16452 9.403021010016E10 5841178.37 3035467 8.68646139290575E12 5841178.37 78 7 225 14352 1288 41400
166500.0 16560 9.485982729726E10 5872922.74 3052027 8.78132122020301E12 5872922.74 78 7 225 14430 1295 41625
167400.0 16524 9.52667795333E10 5904667.12 3068551 8.87658799973631E12 5904667.12 78 7 225 14508 1302 41850
168300.0 16452 9.556750980914E10 5936411.49 3085003 8.97215550954545E12 5936411.49 78 7 225 14586 1309 42075
169200.0 16452 9.607988291839E10 5968155.86 3101455 9.06823539246385E12 5968155.86 78 7 225 14664 1316 42300
170100.0 16560 9.691613185447E10 5999900.23 3118015 9.16515152431832E12 5999900.23 78 7 225 14742 1323 42525
171000.0 16524 9.732103167921E10 6031644.61 3134539 9.26247255599752E12 6031644.61 78 7 225 14820 1330 42750
171900.0 16452 9.761718040579E10 6063388.98 3150991 9.36008973640332E12 6063388.98 78 7 225 14898 1337 42975
172800.0 16452 9.812955351504E10 6095133.35 3167443 9.45821928991836E12 6095133.35 78 7 225 14976 1344 43200
173700.0 16560 9.897265923542E10 6126877.72 3184003 9.55719194915378E12 6126877.72 78 7 225 15054 1351 43425
174600.0 16524 9.937526310567E10 6158622.1 3200527 9.65656721225946E12 6158622.1 78 7 225 15132 1358 43650
175500.0 16452 9.966685100245E10 6190366.47 3216979 9.7562340632619E12 6190366.47 78 7 225 15210 1365 43875
176400.0 16452 1.001792241117E11 6222110.83 3233431 9.8564132873736E12 6222110.83 78 7 225 15288 1372 44100
177300.0 16560 1.0102918662537E11 6253855.2 3249991 9.95744247399898E12 6253855.2 78 7 225 15366 1379 44325
178200.0 16524 1.0142950489186E11 6285599.58 3266515 1.005887197889083E13 6285599.58 78 7 225 15444 1386 44550
179100.0 16452 1.017165215991E11 6317343.95 3282967 1.016058850048993E13 6317343.95 78 7 225 15522 1393 44775
180000.0 16452 1.0222889470835E11 6349088.32 3299419 1.026281739519828E13 6349088.32 78 7 225 15600 1400 45000
180900.0 16560 1.0308571401533E11 6380832.69 3315979 1.03659031092136E13 6380832.69 78 7 225 15678 1407 45225
181800.0 16524 1.0348374667799E11 6412577.07 3332503 1.04693868558916E13 6412577.07 78 7 225 15756 1414 45450
182700.0 16452 1.0376619219569E11 6444321.44 3348955 1.057315304808729E13 6444321.44 78 7 225 15834 1421 45675
183600.0 16452 1.0427856530494E11 6476065.81 3365407 1.067743161339223E13 6476065.81 78 7 225 15912 1428 45900
184500.0 16560 1.0514224136923E11 6507810.18 3381967 1.078257385476146E13 6507810.18 78 7 225 15990 1435 46125
185400.0 16524 1.0553798846412E11 6539554.56 3398491 1.088811184322558E13 6539554.56 78 7 225 16068 1442 46350
186300.0 16452 1.0581586279229E11 6571298.93 3414943 1.099392770601787E13 6571298.93 78 7 225 16146 1449 46575
187200.0 16452 1.0632823590154E11 6603043.3 3431395 1.110025594191941E13 6603043.3 78 7 225 16224 1456 46800
188100.0 16560 1.0719876877713E11 6634787.67 3447955 1.120745471069654E13 6634787.67 78 7 225 16302 1463 47025
189000.0 16524 1.0759223025026E11 6666532.04 3464479 1.13150469409468E13 6666532.04 78 7 225 16380 1470 47250
189900.0 16452 1.0786553338889E11 6698276.41 3480931 1.142291247433568E13 6698276.41 78 7 225 16458 1477 47475
190800.0 16452 1.0837790649814E11 6730020.78 3497383 1.153129038083382E13 6730020.78 78 7 225 16536 1484 47700
191700.0 16560 1.0925529614903E11 6761765.15 3513943 1.164054567698284E13 6761765.15 78 7 225 16614 1491 47925
192600.0 16524 1.0964647203639E11 6793509.53 3530467 1.175019214901923E13 6793509.53 78 7 225 16692 1498 48150
193500.0 16452 1.0991520398548E11 6825253.9 3546919 1.186010735300471E13 6825253.9 78 7 225 16770 1505 48375
194400.0 16452 1.1042757709473E11 6856998.27 3563371 1.197053493009944E13 6856998.27 78 7 225 16848 1512 48600
195300.0 16560 1.1131182352093E11 6888742.64 3579931 1.208184675362037E13 6888742.64 78 7 225 16926 1519 48825
196200.0 16525 1.1170071408539E11 6920487.02 3596456 1.219354746770576E13 6920487.02 78 7 225 17004 1526 49050
197100.0 16452 1.1196487608434E11 6952231.58 3612908 1.23055123437901E13 6952231.58 78 7 225 17082 1533 49275
198000.0 16452 1.1247725381506E11 6983976.32 3629360 1.241798959760516E13 6983976.32 78 7 225 17160 1540 49500
198900.0 16560 1.1336836018096E11 7015720.7 3645920 1.253135795778612E13 7015720.7 78 7 225 17238 1547 49725
199800.0 16524 1.1375496486849E11 7047465.08 3662444 1.264511292265461E13 7047465.08 78 7 225 17316 1554 49950
200700.0 16452 1.1401455441791E11 7079209.45 3678896 1.275912747707252E13 7079209.45 78 7 225 17394 1561 50175
201600.0 16452 1.1452692752716E11 7110953.82 3695348 1.287365440459967E13 7110953.82 78 7 225 17472 1568 50400
202500.0 16560 1.1542488757086E11 7142698.19 3711908 1.298907929217054E13 7142698.19 78 7 225 17550 1575 50625
203400.0 16524 1.1580920665462E11 7174442.56 3728432 1.310488849882515E13 7174442.56 78 7 225 17628 1582 50850
204300.0 16452 1.160642250145E11 7206186.93 3744884 1.322095272383965E13 7206186.93 78 7 225 17706 1589 51075
205200.0 16452 1.1657659812375E11 7237931.3 3761336 1.333752932196341E13 7237931.3 78 7 225 17784 1596 51300
206100.0 16560 1.1748141492476E11 7269675.67 3777896 1.345501073688817E13 7269675.67 78 7 225 17862 1603 51525
207000.0 16524 1.1786344844064E11 7301420.05 3794420 1.357287418532882E13 7301420.05 78 7 225 17940 1610 51750
207900.0 16452 1.1811389561099E11 7333164.42 3810872 1.369098808093981E13 7333164.42 78 7 225 18018 1617 51975
208800.0 16452 1.1862626872024E11 7364908.79 3827324 1.380961434966005E13 7364908.79 78 7 225 18096 1624 52200
209700.0 16560 1.1953794233255E11 7396653.16 3843884 1.39291522919926E13 7396653.16 78 7 225 18174 1631 52425
210600.0 16524 1.1991769022656E11 7428397.54 3860408 1.404906998221916E13 7428397.54 78 7 225 18252 1638 52650
211500.0 16452 1.2016356620737E11 7460141.91 3876860 1.416923354842654E13 7460141.91 78 7 225 18330 1645 52875
212400.0 16452 1.2067593931662E11 7491886.28 3893312 1.428990948774316E13 7491886.28 78 7 225 18408 1652 53100
213300.0 16560 1.2159446968624E11 7523630.65 3909872 1.44115039574294E13 7523630.65 78 7 225 18486 1659 53325
214200.0 16524 1.2197193201247E11 7555375.03 3926396 1.453347588944187E13 7555375.03 78 7 225 18564 1666 53550
215100.0 16452 1.2221323680375E11 7587119.4 3942848 1.465568912624562E13 7587119.4 78 7 225 18642 1673 53775
216000.0 16452 1.22725609913E11 7618863.76 3959300 1.477841473615862E13 7618863.76 78 7 225 18720 1680 54000
216900.0 16560 1.2365099709392E11 7650608.13 3975860 1.490206573325254E13 7650608.13 78 7 225 18798 1687 54225
217800.0 16524 1.2402617379839E11 7682352.51 3992384 1.502609190705093E13 7682352.51 78 7 225 18876 1694 54450
218700.0 16452 1.2426290740013E11 7714096.88 4008836 1.515035481445106E13 7714096.88 78 7 225 18954 1701 54675
219600.0 16452 1.2477528050938E11 7745841.25 4025288 1.527513009496044E13 7745841.25 78 7 225 19032 1708 54900
220500.0 16560 1.257075244566E11 7777585.62 4041848 1.540083761941704E13 7777585.62 78 7 225 19110 1715 55125
221400.0 16524 1.260804155843E11 7809330.0 4058372 1.552691803500135E13 7809330.0 78 7 225 19188 1722 55350
222300.0 16452 1.2631257799646E11 7841074.37 4074824 1.565323061299781E13 7841074.37 78 7 225 19266 1729 55575
223200.0 16452 1.2682495110571E11 7872818.74 4091276 1.578005556410351E13 7872818.74 78 7 225 19344 1736 55800
224100.0 16560 1.2776405184623E11 7904563.11 4107836 1.590781961594974E13 7904563.11 78 7 225 19422 1743 56025
225000.0 16524 1.2813465737017E11 7936307.49 4124360 1.603595427331991E13 7936307.49 78 7 225 19500 1750 56250
225900.0 16452 1.2836224859279E11 7968051.86 4140812 1.61643165219127E13 7968051.86 78 7 225 19578 1757 56475
226800.0 16452 1.2887462170204E11 7999796.23 4157264 1.629319114361473E13 7999796.23 78 7 225 19656 1764 56700
227700.0 16560 1.2982057921786E11 8031540.6 4173824 1.642301172283259E13 8031540.6 78 7 225 19734 1771 56925
228600.0 16524 1.3018889915603E11 8063284.97 4190348 1.655320062198862E13 8063284.97 78 7 225 19812 1778 57150
229500.0 16452 1.3041191982756E11 8095029.42 4206800 1.668361254181618E13 8095029.42 78 7 225 19890 1785 57375
230400.0 16452 1.3092429889162E11 8126774.17 4223252 1.68145368407078E13 8126774.17 78 7 225 19968 1792 57600
231300.0 16560 1.3187711482051E11 8158518.65 4239812 1.69464139555283E13 8158518.65 78 7 225 20046 1799 57825
232200.0 16524 1.322431501693E11 8190263.03 4256336 1.70786571056976E13 8190263.03 78 7 225 20124 1806 58050
233100.0 16452 1.3246159899232E11 8222007.4 4272788 1.721111870468992E13 8222007.4 78 7 225 20202 1813 58275
234000.0 16452 1.3297397210157E11 8253751.77 4289240 1.734409267679149E13 8253751.77 78 7 225 20280 1820 58500
234900.0 16560 1.3393364321679E11 8285496.14 4305800 1.747802632000828E13 8285496.14 78 7 225 20358 1827 58725
235800.0 16524 1.3429739195516E11 8317240.52 4322324 1.761232371196344E13 8317240.52 78 7 225 20436 1834 58950
236700.0 16452 1.3451126958864E11 8348984.89 4338776 1.774683498155208E13 8348984.89 78 7 225 20514 1841 59175
237600.0 16452 1.3502364269798E11 8380729.26 4355228 1.788185862425006E13 8380729.26 78 7 225 20592 1848 59400
238500.0 16560 1.3599017060674E11 8412473.63 4371788 1.80178487948568E13 8412473.63 78 7 225 20670 1855 59625
239400.0 16524 1.3635163374157E11 8444218.01 4388312 1.815420042859838E13 8444218.01 78 7 225 20748 1862 59850
240300.0 16452 1.3656094018575E11 8475962.38 4404764 1.829076136878413E13 8475962.38 78 7 225 20826 1869 60075
241200.0 16452 1.3707331329523E11 8507706.74 4421216 1.842783468207936E13 8507706.74 78 7 225 20904 1876 60300
242100.0 16560 1.380466979793E11 8539451.11 4437776 1.856588138005866E13 8539451.11 78 7 225 20982 1883 60525
243000.0 16524 1.3840587552836E11 8571195.49 4454300 1.870428725558702E13 8571195.49 78 7 225 21060 1890 60750
243900.0 16452 1.38610610783E11 8602939.86 4470752 1.884289786637003E13 8602939.86 78 7 225 21138 1897 60975
244800.0 16452 1.3912298389249E11 8634684.23 4487204 1.898202085026252E13 8634684.23 78 7 225 21216 1904 61200
245700.0 16560 1.4010322536986E11 8666428.6 4503764 1.912212407563237E13 8666428.6 78 7 225 21294 1911 61425
246600.0 16524 1.4046011731515E11 8698172.98 4520288 1.926258419294752E13 8698172.98 78 7 225 21372 1918 61650
247500.0 16452 1.4066028138026E11 8729917.35 4536740 1.940324447432778E13 8729917.35 78 7 225 21450 1925 61875
248400.0 16452 1.4117265448974E11 8761661.72 4553192 1.954441712881752E13 8761661.72 78 7 225 21528 1932 62100
249300.0 16560 1.4215975275137E11 8793406.09 4569752 1.968657688156889E13 8793406.09 78 7 225 21606 1939 62325
250200.0 16524 1.4251435910189E11 8825150.47 4586276 1.982909124067078E13 8825150.47 78 7 225 21684 1946 62550
251100.0 16452 1.4270995197746E11 8856894.84 4602728 1.997180119264824E13 8856894.84 78 7 225 21762 1953 62775
252000.0 16452 1.4322232508694E11 8888639.21 4619180 2.011502351773517E13 8888639.21 78 7 225 21840 1960 63000
252900.0 16560 1.4421628012388E11 8920383.58 4635740 2.025923979785905E13 8920383.58 78 7 225 21918 1967 63225
253800.0 16524 1.4456860088868E11 8952127.95 4652264 2.040380839874773E13 8952127.95 78 7 225 21996 1974 63450
254700.0 16452 1.4475962257471E11 8983872.32 4668716 2.054856802132243E13 8983872.32 78 7 225 22074 1981 63675
255600.0 16452 1.4527199568419E11 9015616.69 4685168 2.069384001700662E13 9015616.69 78 7 225 22152 1988 63900
256500.0 16560 1.4627280751443E11 9047361.06 4701728 2.084011282452106E13 9047361.06 78 7 225 22230 1995 64125
257400.0 16524 1.4662284267547E11 9079105.44 4718252 2.098673566719653E13 9079105.44 78 7 225 22308 2002 64350
258300.0 16452 1.4680929317196E11 9110849.81 4734704 2.113354496036848E13 9110849.81 78 7 225 22386 2009 64575
259200.0 16452 1.4732166628144E11 9142594.18 4751156 2.128086662664993E13 9142594.18 78 7 225 22464 2016 64800
260100.0 16560 1.4832933488699E11 9174338.55 4767716 2.142919596153692E13 9174338.55 78 7 225 22542 2023 65025
261000.0 16524 1.4867708446215E11 9206082.93 4784240 2.157787304599907E13 9206082.93 78 7 225 22620 2030 65250
261900.0 16452 1.488589637691E11 9237827.3 4800692 2.172673200976818E13 9237827.3 78 7 225 22698 2037 65475
262800.0 16452 1.4937134006722E11 9269572.03 4817144 2.18761033498354E13 9269572.03 78 7 225 22776 2044 65700
263700.0 16560 1.5038609290654E11 9301316.61 4833704 2.202648944274193E13 9301316.61 78 7 225 22854 2051 65925
264600.0 16524 1.5073133548996E11 9333060.99 4850228 2.217722077823189E13 9333060.99 78 7 225 22932 2058 66150
265500.0 16452 1.5090864358681E11 9364805.36 4866680 2.23281294218187E13 9364805.36 78 7 225 23010 2065 66375
266400.0 16452 1.5142101669629E11 9396549.73 4883132 2.247955043851499E13 9396549.73 78 7 225 23088 2072 66600
267300.0 16560 1.5244239890129E11 9428294.1 4899692 2.263199283741628E13 9428294.1 78 7 225 23166 2079 66825
268200.0 16524 1.5278558764557E11 9460038.47 4916216 2.278477842506185E13 9460038.47 78 7 225 23244 2086 67050
269100.0 16453 1.5295831418417E11 9491782.84 4932669 2.293773673924602E13 9491782.84 78 7 225 23322 2093 67275
270000.0 16452 1.5347068729365E11 9523527.21 4949121 2.309120742653967E13 9523527.21 78 7 225 23400 2100 67500
270900.0 16560 1.5449914912475E11 9555271.58 4965681 2.324570657566442E13 9555271.58 78 7 225 23478 2107 67725
271800.0 16524 1.5483981905474E11 9587015.96 4982205 2.340054639471916E13 9587015.96 78 7 225 23556 2114 67950
272700.0 16452 1.5500798478153E11 9618760.33 4998657 2.35555543795007E13 9618760.33 78 7 225 23634 2121 68175
273600.0 16452 1.5552035789101E11 9650504.7 5015109 2.371107473739171E13 9650504.7 78 7 225 23712 2128 68400
274500.0 16560 1.5655545365563E11 9682249.07 5031669 2.386763019104734E13 9682249.07 78 7 225 23790 2135 68625
275400.0 16524 1.5689407121937E11 9713993.45 5048193 2.40245242622667E13 9713993.45 78 7 225 23868 2142 68850
276300.0 16452 1.5705765537889E11 9745737.82 5064645 2.418158191764559E13 9745737.82 78 7 225 23946 2149 69075
277200.0 16452 1.5757002848837E11 9777482.19 5081097 2.433915194613396E13 9777482.19 78 7 225 24024 2156 69300
278100.0 16560 1.5861198106429E11 9809226.56 5097657 2.449776392719826E13 9809226.56 78 7 225 24102 2163 69525
279000.0 16524 1.5894830262854E11 9840970.94 5114181 2.465671222982679E13 9840970.94 78 7 225 24180 2170 69750
279900.0 16452 1.5910732597625E11 9872715.31 5130633 2.481581955580305E13 9872715.31 78 7 225 24258 2177 69975
280800.0 16452 1.5961969908573E11 9904459.67 5147085 2.497543925488878E13 9904459.67 78 7 225 24336 2184 70200
281700.0 16560 1.6066873125175E11 9936204.04 5163645 2.513610798614053E13 9936204.04 78 7 225 24414 2191 70425
282600.0 16524 1.6100254442444E11 9967948.42 5180169 2.529711053056496E13 9967948.42 78 7 225 24492 2198 70650
283500.0 16452 1.6115699657361E11 9999692.79 5196621 2.545826752713858E13 9999692.79 78 7 225 24570 2205 70875
284400.0 16452 1.6166936968309E11 1.003143716E7 5213073 2.561993689682167E13 1.003143716E7 78 7 225 24648 2212 71100
285300.0 16560 1.6272503581863E11 1.006318153E7 5229633 2.578266193264029E13 1.006318153E7 78 7 225 24726 2219 71325
286200.0 16524 1.6305679657111E11 1.009492591E7 5246157 2.59457187292114E13 1.009492591E7 78 7 225 24804 2226 71550
287100.0 16452 1.6320666717103E11 1.012667028E7 5262609 2.610892539638243E13 1.012667028E7 78 7 225 24882 2233 71775
288000.0 16452 1.6371904028051E11 1.015841465E7 5279061 2.627264443666293E13 1.015841465E7 78 7 225 24960 2240 72000
288900.0 16560 1.6478178603313E11 1.019015902E7 5295621 2.643742622269607E13 1.019015902E7 78 7 225 25038 2247 72225
289800.0 16524 1.6511102799839E11 1.02219034E7 5312145 2.660253725069446E13 1.02219034E7 78 7 225 25116 2254 72450
290700.0 16452 1.652563377685E11 1.025364777E7 5328597 2.676779358846296E13 1.025364777E7 78 7 225 25194 2261 72675
291600.0 16452 1.6576871087798E11 1.028539214E7 5345049 2.693356229934093E13 1.028539214E7 78 7 225 25272 2268 72900
292500.0 16560 1.6683809058212E11 1.031713651E7 5361609 2.710040038992305E13 1.031713651E7 78 7 225 25350 2275 73125
293400.0 16524 1.6716528015412E11 1.034888088E7 5378133 2.726756567007717E13 1.034888088E7 78 7 225 25428 2282 73350
294300.0 16458 1.6730601021043E11 1.038062525E7 5394591 2.74348716802876E13 1.038062525E7 78 7 225 25506 2289 73575
295200.0 16454 1.678183835616E11 1.041236989E7 5411045 2.76026900638492E13 1.041236989E7 78 7 225 25584 2296 73800
296100.0 16560 1.6889462461629E11 1.044411456E7 5427605 2.777158468846548E13 1.044411456E7 78 7 225 25662 2303 74025
297000.0 16524 1.6921952080629E11 1.047585894E7 5444129 2.794080420927177E13 1.047585894E7 78 7 225 25740 2310 74250
297900.0 16452 1.6935568818575E11 1.050760331E7 5460581 2.811015989745752E13 1.050760331E7 78 7 225 25818 2317 74475
298800.0 16452 1.6986806129523E11 1.053934768E7 5477033 2.828002795875275E13 1.053934768E7 78 7 225 25896 2324 74700
299700.0 16560 1.7095115459884E11 1.057109205E7 5493593 2.845097911335159E13 1.057109205E7 78 7 225 25974 2331 74925
300600.0 16524 1.7127376260229E11 1.060283643E7 5510117 2.862225287595388E13 1.060283643E7 78 7 225 26052 2338 75150
301500.0 16452 1.7140535878322E11 1.06345808E7 5526569 2.87936582347371E13 1.06345808E7 78 7 225 26130 2345 75375
302400.0 16452 1.719177318927E11 1.066632517E7 5543021 2.89655759666298E13 1.066632517E7 78 7 225 26208 2352 75600
303300.0 16560 1.7300768196265E11 1.069806954E7 5559581 2.913858364859244E13 1.069806954E7 78 7 225 26286 2359 75825
304200.0 16524 1.7332800438035E11 1.072981392E7 5576105 2.93119116529728E13 1.072981392E7 78 7 225 26364 2366 76050
305100.0 16452 1.7345502938074E11 1.076155829E7 5592557 2.948536668235354E13 1.076155829E7 78 7 225 26442 2373 76275
306000.0 16452 1.7396740249022E11 1.079330266E7 5609009 2.965933408484377E13 1.079330266E7 78 7 225 26520 2380 76500
306900.0 16560 1.7506420936248E11 1.082504703E7 5625569 2.983439829420625E13 1.082504703E7 78 7 225 26598 2387 76725
307800.0 16524 1.7538224617647E11 1.08567914E7 5642093 3.000978054038272E13 1.08567914E7 78 7 225 26676 2394 76950
308700.0 16452 1.7550469997832E11 1.088853577E7 5658545 3.018528524036104E13 1.088853577E7 78 7 225 26754 2401 77175
309600.0 16452 1.760170730878E11 1.092028014E7 5674997 3.036130231344884E13 1.092028014E7 78 7 225 26832 2408 77400
310500.0 16560 1.7712073674415E11 1.095202451E7 5691557 3.053842305019298E13 1.095202451E7 78 7 225 26910 2415 77625
311400.0 16524 1.7743648795464E11 1.098376889E7 5708081 3.071585953814762E13 1.098376889E7 78 7 225 26988 2422 77850
312300.0 16452 1.7755437057595E11 1.101551326E7 5724533 3.089341390872357E13 1.101551326E7 78 7 225 27066 2429 78075
313200.0 16452 1.7806674368543E11 1.104725763E7 5740985 3.1071480652409E13 1.104725763E7 78 7 225 27144 2436 78300
314100.0 16560 1.7917726410808E11 1.1079002E7 5757545 3.125065791651709E13 1.1079002E7 78 7 225 27222 2443 78525
315000.0 16524 1.794907297508E11 1.111074638E7 5774069 3.143014864626789E13 1.111074638E7 78 7 225 27300 2450 78750
315900.0 16452 1.7960404117358E11 1.114249075E7 5790521 3.160975268744146E13 1.114249075E7 78 7 225 27378 2457 78975
316800.0 16452 1.8011641428306E11 1.117423512E7 5806973 3.178986910172453E13 1.117423512E7 78 7 225 27456 2464 79200
317700.0 16560 1.8123379150802E11 1.120597949E7 5823533 3.197110289323256E13 1.120597949E7 78 7 225 27534 2471 79425
318600.0 16524 1.8154498189775E11 1.123772387E7 5840057 3.21526478751303E13 1.123772387E7 78 7 225 27612 2478 79650
319500.0 16452 1.8165371177126E11 1.126946824E7 5856509 3.233430158690157E13 1.126946824E7 78 7 225 27690 2485 79875
320400.0 16452 1.8216608488075E11 1.13012126E7 5872961 3.251646767178232E13 1.13012126E7 78 7 225 27768 2492 80100
321300.0 16560 1.8329031887201E11 1.133295697E7 5889521 3.269975799065433E13 1.133295697E7 78 7 225 27846 2499 80325
322200.0 16524 1.8359921332525E11 1.136470135E7 5906045 3.288335720397958E13 1.136470135E7 78 7 225 27924 2506 80550
323100.0 16452 1.8370338236895E11 1.139644572E7 5922497 3.306706058634852E13 1.139644572E7 78 7 225 28002 2513 80775
324000.0 16452 1.8421575547843E11 1.142819009E7 5938949 3.325127634182696E13 1.142819009E7 78 7 225 28080 2520 81000
324900.0 16560 1.8534684627201E11 1.145993446E7 5955509 3.343662318809896E13 1.145993446E7 78 7 225 28158 2527 81225
325800.0 16524 1.8565345510353E11 1.149167884E7 5972033 3.362227664320249E13 1.149167884E7 78 7 225 28236 2534 81450
326700.0 16453 1.8575305315207E11 1.152342321E7 5988486 3.380802969635457E13 1.152342321E7 78 7 225 28314 2541 81675
327600.0 16452 1.8626542730801E11 1.155516773E7 6004938 3.399429512366257E13 1.155516773E7 78 7 225 28392 2548 81900
328500.0 16560 1.8740337933921E11 1.158691247E7 6021498 3.418169850300178E13 1.158691247E7 78 7 225 28470 2555 82125
329400.0 16524 1.8770770523473E11 1.16186569E7 6038022 3.436940620823652E13 1.16186569E7 78 7 225 28548 2562 82350
330300.0 16452 1.8780273278629E11 1.165040127E7 6054474 3.455720894102281E13 1.165040127E7 78 7 225 28626 2569 82575
331200.0 16452 1.8831510589577E11 1.168214564E7 6070926 3.474552404691859E13 1.168214564E7 78 7 225 28704 2576 82800
332100.0 16560 1.8946013311277E11 1.171389001E7 6087486 3.493498418003136E13 1.171389001E7 78 7 225 28782 2583 83025
333000.0 16524 1.8976195828923E11 1.174563439E7 6104010 3.512474613832059E13 1.174563439E7 78 7 225 28860 2590 83250
333900.0 16452 1.8985240338403E11 1.177737876E7 6120462 3.531459854170462E13 1.177737876E7 78 7 225 28938 2597 83475
334800.0 16452 1.9036477649351E11 1.180912312E7 6136914 3.550496331819814E13 1.180912312E7 78 7 225 29016 2604 83700
335700.0 16560 1.9151643766186E11 1.184086749E7 6153474 3.569647975586E13 1.184086749E7 78 7 225 29094 2611 83925
336600.0 16524 1.9181618971679E11 1.187261187E7 6169998 3.588829594557678E13 1.187261187E7 78 7 225 29172 2618 84150
337500.0 16452 1.9190207398177E11 1.190435624E7 6186450 3.608019801955856E13 1.190435624E7 78 7 225 29250 2625 84375
338400.0 16452 1.9241444709125E11 1.193610061E7 6202902 3.62726124666498E13 1.193610061E7 78 7 225 29328 2632 84600
339300.0 16560 1.935729650349E11 1.196784498E7 6219462 3.646618543168471E13 1.196784498E7 78 7 225 29406 2639 84825
340200.0 16524 1.9387044185484E11 1.199958936E7 6235986 3.666005587353956E13 1.199958936E7 78 7 225 29484 2646 85050
341100.0 16452 1.9395174457956E11 1.203133373E7 6252438 3.685400761811912E13 1.203133373E7 78 7 225 29562 2653 85275
342000.0 16452 1.9446411768905E11 1.20630781E7 6268890 3.704847173580816E13 1.20630781E7 78 7 225 29640 2660 85500
342900.0 16560 1.9562971526796E11 1.209482247E7 6285450 3.724410145107613E13 1.209482247E7 78 7 225 29718 2667 85725
343800.0 16524 1.9592467329145E11 1.212656685E7 6301974 3.744002612436759E13 1.212656685E7 78 7 225 29796 2674 85950
344700.0 16452 1.9600141517736E11 1.215831122E7 6318426 3.763602753954494E13 1.215831122E7 78 7 225 29874 2681 86175
345600.0 16452 1.9651378828684E11 1.219005559E7 6334878 3.783254132783178E13 1.219005559E7 78 7 225 29952 2688 86400

