# seed = 1, gamma = 0.5, beta = 0.75, dee = 100.0, dcc = 50.0, dec = 600.0, dsc = 200.0, dLocalhost = 0.015, hostBroker = CLOUD, numOfCloud = 1, numOfEdge = 1, numOfSmartphone = 225 
#
# The columns have the following meaning: 
# instant[SECONDS] delayCountPartial delaySumPartial[SECONDS] delayMaxPartial[SECONDS] delayCountTot delaySumTot[SECONDS] delayMaxTot[SECONDS] runOnCloudPartial runOnEdgePartial runOnSmartphonePartial runOnCloudTot runOnEdgeTot runOnSmartphoneTot
0.0 0 0.0 0.0 0 0.0 0.0 0 0 0 0 0 0
900.0 16561 1.927299113E7 2428.05 16561 1.927299113E7 2428.05 80 5 225 80 5 225
1800.0 16524 4.5674064E7 4064.75 33085 6.494705513E7 4064.75 80 5 225 160 10 450
2700.0 16460 7.201365599E7 5701.22 49545 1.3696071112E8 5701.22 80 5 225 240 15 675
3600.0 16452 9.843080628E7 7338.26 65997 2.353915174E8 7338.26 80 5 225 320 20 900
4500.0 16560 1.2532320427E8 8974.73 82557 3.6071472167E8 8974.73 80 5 225 400 25 1125
5400.0 16525 1.5158516889E8 10611.21 99082 5.1229989057E8 10611.21 80 5 225 480 30 1350
6300.0 16452 1.7769114807E8 12248.24 115534 6.8999103864E8 12248.24 80 5 225 560 35 1575
7200.0 16452 2.0410832677E8 13884.72 131986 8.9409936541E8 13884.72 80 5 225 640 40 1800
8100.0 16560 2.3133234396E8 15521.19 148546 1.12543170937E9 15521.19 80 5 225 720 45 2025
9000.0 16524 2.5749746581E8 17158.23 165070 1.38292917517E9 17158.23 80 5 225 800 50 2250
9900.0 16452 2.8336867171E8 18794.71 181522 1.66629784688E9 18794.71 80 5 225 880 55 2475
10800.0 16452 3.0978119922E8 20431.18 197974 1.9760790461E9 20431.18 80 5 225 960 60 2700
11700.0 16560 3.3738062663E8 22068.21 214534 2.31345967273E9 22068.21 80 5 225 1040 65 2925
12600.0 16524 3.6341155029E8 23704.69 231058 2.67687122302E9 23704.69 80 5 225 1120 70 3150
13500.0 16461 3.8904170406E8 25341.16 247519 3.06591292708E9 25341.16 80 5 225 1200 75 3375
14400.0 16452 4.1545869445E8 26978.2 263971 3.48137162153E9 26978.2 80 5 225 1280 80 3600
15300.0 16561 4.4339439907E8 28614.67 280532 3.92476602061E9 28614.67 80 5 225 1360 85 3825
16200.0 16524 4.6932381578E8 30251.71 297056 4.39408983638E9 30251.71 80 5 225 1440 90 4050
17100.0 16452 4.9472368701E8 31888.19 313508 4.88881352339E9 31888.19 80 5 225 1520 95 4275
18000.0 16452 5.2113621521E8 33524.66 329960 5.4099497386E9 33524.66 80 5 225 1600 100 4500
18900.0 16560 5.4942541973E8 35161.69 346520 5.95937515834E9 35161.69 80 5 225 1680 105 4725
19800.0 16524 5.7523704642E8 36798.18 363044 6.53461220475E9 36798.18 80 5 225 1760 110 4950
20700.0 16452 6.0039656015E8 38434.65 379496 7.1350087649E9 38434.65 80 5 225 1840 115 5175
21600.0 16453 6.2681371045E8 40071.68 395949 7.76182247535E9 40071.68 80 5 225 1920 120 5400
22500.0 16560 6.5545645419E8 41708.16 412509 8.41727892954E9 41708.16 80 5 225 2000 125 5625
23400.0 16532 6.8114560024E8 43344.63 429041 9.09842452979E9 43344.63 80 5 225 2080 130 5850
24300.0 16452 7.0607405251E8 44981.67 445493 9.8044985823E9 44981.67 80 5 225 2160 135 6075
25200.0 16452 7.3249123121E8 46618.14 461945 1.05369898135E10 46618.14 80 5 225 2240 140 6300
26100.0 16561 7.6150013026E8 48254.61 478506 1.129848994376E10 48254.61 80 5 225 2320 145 6525
27000.0 16524 7.8705877377E8 49891.65 495030 1.208554871754E10 49891.65 80 5 225 2400 150 6750
27900.0 16452 8.1175157647E8 51528.13 511482 1.2897300294E10 51528.13 80 5 225 2480 155 6975
28800.0 16452 8.3816655554E8 53164.92 527934 1.373546684954E10 53164.92 80 5 225 2560 160 7200
29700.0 16560 8.6751665835E8 54801.63 544494 1.460298350789E10 54801.63 80 5 225 2640 165 7425
30600.0 16524 8.929719249E8 56438.11 561018 1.549595543279E10 56438.11 80 5 225 2720 170 7650
31500.0 16452 9.1742902085E8 58075.15 577470 1.641338445364E10 58075.15 80 5 225 2800 175 7875
32400.0 16452 9.4384619955E8 59711.62 593922 1.735723065319E10 59711.62 80 5 225 2880 180 8100
33300.0 16569 9.7354486056E8 61348.09 610491 1.833077551375E10 61348.09 80 5 225 2960 185 8325
34200.0 16524 9.9888510765E8 62985.13 627015 1.932966062139E10 62985.13 80 5 225 3040 190 8550
35100.0 16452 1.02310654503E9 64621.61 643467 2.035276716642E10 64621.61 80 5 225 3120 195 8775
36000.0 16453 1.04951907254E9 66258.08 659920 2.140228623896E10 66258.08 80 5 225 3200 200 9000
36900.0 16560 1.07957588171E9 67895.11 676480 2.248186212068E10 67895.11 80 5 225 3280 205 9225
37800.0 16524 1.10479831644E9 69531.6 693004 2.358666043712E10 69531.6 80 5 225 3360 210 9450
38700.0 16452 1.12877941813E9 71168.07 709456 2.471543985525E10 71168.07 80 5 225 3440 215 9675
39600.0 16452 1.15519656842E9 72805.1 725908 2.587063642367E10 72805.1 80 5 225 3520 220 9900
40500.0 16560 1.18560692587E9 74441.58 742468 2.705624334953E10 74441.58 80 5 225 3600 225 10125
41400.0 16525 1.21070686192E9 76078.05 758993 2.826695021145E10 76078.05 80 5 225 3680 230 10350
42300.0 16452 1.23445691114E9 77715.09 775445 2.950140712259E10 77715.09 80 5 225 3760 235 10575
43200.0 16458 1.26087408983E9 79351.56 791903 3.076228121242E10 79351.56 80 5 225 3840 240 10800
44100.0 16562 1.29163790664E9 80988.59 808465 3.205391911906E10 80988.59 80 5 225 3920 245 11025
45000.0 16524 1.31662469844E9 82625.08 824989 3.33705438175E10 82625.08 80 5 225 4000 250 11250
45900.0 16453 1.34013443547E9 84261.55 841442 3.471067825297E10 84261.55 80 5 225 4080 255 11475
46800.0 16452 1.36655158577E9 85898.58 857894 3.607722983873E10 85898.58 80 5 225 4160 260 11700
47700.0 16560 1.39768627736E9 87535.06 874454 3.747491611609E10 87535.06 80 5 225 4240 265 11925
48600.0 16524 1.42253323578E9 89171.54 890978 3.889744935187E10 89171.54 80 5 225 4320 270 12150
49500.0 16452 1.44581192864E9 90808.57 907430 4.034326128051E10 90808.57 80 5 225 4400 275 12375
50400.0 16452 1.47222910733E9 92445.05 923882 4.181549038784E10 92445.05 80 5 225 4480 280 12600
51300.0 16560 1.50369537315E9 94081.51 940442 4.331918576099E10 94081.51 80 5 225 4560 285 12825
52200.0 16525 1.52844641879E9 95718.56 956967 4.484763217978E10 95718.56 80 5 225 4640 290 13050
53100.0 16452 1.55148945307E9 97355.03 973419 4.639912163285E10 97355.03 80 5 225 4720 295 13275
54000.0 16460 1.57790198058E9 98991.5 989879 4.797702361343E10 98991.5 80 5 225 4800 300 13500
54900.0 16560 1.60972639457E9 100628.53 1006439 4.9586750008E10 100628.53 80 5 225 4880 305 13725
55800.0 16524 1.63435962774E9 102265.02 1022963 5.122110963574E10 102265.02 80 5 225 4960 310 13950
56700.0 16453 1.65716467927E9 103901.8 1039416 5.287827431501E10 103901.8 80 5 225 5040 315 14175
57600.0 16452 1.68358218365E9 105538.52 1055868 5.456185649865E10 105538.52 80 5 225 5120 320 14400
58500.0 16560 1.71575739436E9 107175.0 1072428 5.627761389301E10 107175.0 80 5 225 5200 325 14625
59400.0 16524 1.74027275728E9 108812.04 1088952 5.80178866503E10 108812.04 80 5 225 5280 330 14850
60300.0 16452 1.76284442624E9 110448.52 1105404 5.978073107653E10 110448.52 80 5 225 5360 335 15075
61200.0 16452 1.78925695375E9 112084.98 1121856 6.156998803028E10 112084.98 80 5 225 5440 340 15300
62100.0 16561 1.82178841572E9 113722.02 1138417 6.3391776446E10 113722.02 80 5 225 5520 345 15525
63000.0 16524 1.84618596623E9 115358.5 1154941 6.523796241223E10 115358.5 80 5 225 5600 350 15750
63900.0 16460 1.86851729943E9 116994.97 1171401 6.710647971166E10 116994.97 80 5 225 5680 355 15975
64800.0 16452 1.89493444973E9 118632.0 1187853 6.900141416139E10 118632.0 80 5 225 5760 360 16200
65700.0 16560 1.92783674599E9 120268.48 1204413 7.092925090738E10 120268.48 80 5 225 5840 365 16425
66600.0 16525 1.9520945118E9 121904.96 1220938 7.288134541918E10 121904.96 80 5 225 5920 370 16650
67500.0 16452 1.97419479254E9 123541.99 1237390 7.485554021172E10 123541.99 80 5 225 6000 375 16875
68400.0 16452 2.00061197123E9 125178.47 1253842 7.685615218295E10 125178.47 80 5 225 6080 380 17100
69300.0 16560 2.03384583273E9 126814.93 1270402 7.888999801568E10 126814.93 80 5 225 6160 385 17325
70200.0 16524 2.05800767676E9 128451.98 1286926 8.094800569243E10 128451.98 80 5 225 6240 390 17550
71100.0 16452 2.07987231691E9 130088.45 1303378 8.302787800935E10 130088.45 80 5 225 6320 395 17775
72000.0 16452 2.10628933056E9 131725.48 1319830 8.513416733991E10 131725.48 80 5 225 6400 400 18000
72900.0 16560 2.13988152428E9 133361.96 1336390 8.727404886419E10 133361.96 80 5 225 6480 405 18225
73800.0 16533 2.1639208947E9 134998.44 1352923 8.943796975889E10 134998.44 80 5 225 6560 410 18450
74700.0 16452 2.18554981002E9 136635.47 1369375 9.162351956891E10 136635.47 80 5 225 6640 415 18675
75600.0 16452 2.21196698871E9 138271.95 1385827 9.383548655762E10 138271.95 80 5 225 6720 420 18900
76500.0 16561 2.24592518436E9 139908.42 1402388 9.608141174198E10 139908.42 80 5 225 6800 425 19125
77400.0 16524 2.26983406866E9 141545.46 1418912 9.835124581064E10 141545.46 80 5 225 6880 430 19350
78300.0 16452 2.2912273344E9 143181.94 1435364 1.0064247314504E11 143181.94 80 5 225 6960 435 19575
79200.0 16452 2.31763986191E9 144818.41 1451816 1.0296011300695E11 144818.41 80 5 225 7040 440 19800
80100.0 16560 2.3519389197E9 146455.44 1468376 1.0531205192665E11 146455.44 80 5 225 7120 445 20025
81000.0 16524 2.37574815388E9 148091.92 1484900 1.0768780008053E11 148091.92 80 5 225 7200 450 20250
81900.0 16453 2.39690020754E9 149728.39 1501353 1.1008470028807E11 149728.39 80 5 225 7280 455 20475
82800.0 16452 2.42331735783E9 151365.43 1517805 1.1250801764591E11 151365.43 80 5 225 7360 460 20700
83700.0 16560 2.45798725892E9 153001.9 1534365 1.1496600490482E11 153001.9 80 5 225 7440 465 20925
84600.0 16532 2.48165798198E9 154638.66 1550897 1.174476628868E11 154638.66 80 5 225 7520 470 21150
85500.0 16452 2.50258015833E9 156275.41 1567349 1.1995024304514E11 156275.41 80 5 225 7600 475 21375
86400.0 16453 2.52899483442E9 157911.89 1583802 1.2247923787956E11 157911.89 80 5 225 7680 480 21600
87300.0 16560 2.56400093119E9 159548.92 1600362 1.2504323881075E11 159548.92 80 5 225 7760 485 21825
88200.0 16524 2.58757448271E9 161185.41 1616886 1.2763081329346E11 161185.41 80 5 225 7840 490 22050
89100.0 16452 2.60825518005E9 162821.87 1633338 1.3023906847351E11 162821.87 80 5 225 7920 495 22275
90000.0 16452 2.63467233034E9 164458.91 1649790 1.3287374080385E11 164458.91 80 5 225 8000 500 22500
90900.0 16560 2.67004927041E9 166095.38 1666350 1.3554379007425E11 166095.38 80 5 225 8080 505 22725
91800.0 16524 2.69348215201E9 167731.86 1682874 1.3823727222626E11 167731.86 80 5 225 8160 510 22950
92700.0 16453 2.71393267315E9 169368.89 1699327 1.4095120489941E11 169368.89 80 5 225 8240 515 23175
93600.0 16452 2.74034985184E9 171005.37 1715779 1.4369155475126E11 171005.37 80 5 225 8320 520 23400
94500.0 16568 2.77605836615E9 172641.84 1732347 1.464676131174E11 172641.84 80 5 225 8400 525 23625
95400.0 16524 2.79939620246E9 174278.88 1748871 1.4926700931986E11 174278.88 80 5 225 8480 530 23850
96300.0 16452 2.81961019753E9 175915.36 1765323 1.5208661951739E11 175915.36 80 5 225 8560 535 24075
97200.0 16453 2.8460227399E9 177551.82 1781776 1.5493264225729E11 177551.82 80 5 225 8640 540 24300
98100.0 16560 2.88208938751E9 179188.86 1798336 1.578147316448E11 179188.86 80 5 225 8720 545 24525
99000.0 16524 2.90530853491E9 180825.34 1814860 1.6072004017971E11 180825.34 80 5 225 8800 550 24750
99900.0 16452 2.92528755399E9 182462.37 1831312 1.636453277337E11 182462.37 80 5 225 8880 555 24975
100800.0 16452 2.95170486802E9 184098.85 1847764 1.6659703260172E11 184098.85 80 5 225 8960 560 25200
101700.0 16560 2.98812043176E9 185735.32 1864324 1.6958515303348E11 185735.32 80 5 225 9040 565 25425
102600.0 16525 3.01122171787E9 187372.36 1880849 1.7259637475135E11 187372.36 80 5 225 9120 570 25650
103500.0 16452 3.03096521501E9 189008.84 1897301 1.7562733996636E11 189008.84 80 5 225 9200 575 25875
104400.0 16460 3.05737774253E9 190645.31 1913761 1.7868471770889E11 190645.31 80 5 225 9280 580 26100
105300.0 16560 3.09415146213E9 192282.34 1930321 1.8177886917102E11 192282.34 80 5 225 9360 585 26325
106200.0 16524 3.11713491782E9 193918.83 1946845 1.8489600408884E11 193918.83 80 5 225 9440 590 26550
107100.0 16453 3.13663808821E9 195555.3 1963298 1.8803264217705E11 195555.3 80 5 225 9520 595 26775
108000.0 16452 3.16305523851E9 197192.33 1979750 1.9119569741556E11 197192.33 80 5 225 9600 600 27000
108900.0 16560 3.20018249738E9 198828.81 1996310 1.9439587991294E11 198828.81 80 5 225 9680 605 27225
109800.0 16524 3.22304347244E9 200465.28 2012834 1.9761892338538E11 200465.28 80 5 225 9760 610 27450
110700.0 16452 3.24231558143E9 202102.32 2029286 2.0086123896681E11 202102.32 80 5 225 9840 615 27675
111600.0 16452 3.26873276012E9 203738.79 2045738 2.0412997172693E11 203738.79 80 5 225 9920 620 27900
112500.0 16561 3.30621089297E9 205375.53 2062299 2.074361826199E11 205375.53 80 5 225 10000 625 28125
113400.0 16524 3.32895895791E9 207012.3 2078823 2.1076514157781E11 207012.3 80 5 225 10080 630 28350
114300.0 16460 3.34799305917E9 208648.78 2095283 2.1411313463698E11 208648.78 80 5 225 10160 635 28575
115200.0 16452 3.37441020946E9 210285.81 2111735 2.1748754484644E11 210285.81 80 5 225 10240 640 28800
116100.0 16560 3.41224450731E9 211922.29 2128295 2.2089978935375E11 211922.29 80 5 225 10320 645 29025
117000.0 16525 3.43486980871E9 213558.76 2144820 2.2433465916246E11 213558.76 80 5 225 10400 650 29250
117900.0 16452 3.45367055238E9 215195.8 2161272 2.2778832971485E11 215195.8 80 5 225 10480 655 29475
118800.0 16452 3.48008773108E9 216832.27 2177724 2.3126841744592E11 216832.27 80 5 225 10560 660 29700
119700.0 16560 3.51827091618E9 218468.74 2194284 2.347866883621E11 218468.74 80 5 225 10640 665 29925
120600.0 16524 3.54078297378E9 220105.78 2210808 2.3832747133588E11 220105.78 80 5 225 10720 670 30150
121500.0 16452 3.55934807687E9 221742.26 2227260 2.4188681941275E11 221742.26 80 5 225 10800 675 30375
122400.0 16453 3.58576060438E9 223378.73 2243713 2.4547258001713E11 223378.73 80 5 225 10880 680 30600
123300.0 16560 3.62430191965E9 225015.76 2260273 2.4909688193678E11 225015.76 80 5 225 10960 685 30825
124200.0 16524 3.64669619184E9 226652.25 2276797 2.5274357812862E11 226652.25 80 5 225 11040 690 31050
125100.0 16460 3.66502101854E9 228288.72 2293257 2.5640859914716E11 228288.72 80 5 225 11120 695 31275
126000.0 16452 3.69143810047E9 229925.75 2309709 2.6010003724763E11 229925.75 80 5 225 11200 700 31500
126900.0 16561 3.73033297301E9 231562.23 2326270 2.6383037022064E11 231562.23 80 5 225 11280 705 31725
127800.0 16524 3.7526092624E9 233199.26 2342794 2.6758297948304E11 233199.26 80 5 225 11360 710 31950
128700.0 16452 3.77070309327E9 234835.75 2359246 2.713536825763E11 234835.75 80 5 225 11440 715 32175
129600.0 16452 3.79711562209E9 236472.21 2375698 2.7515079819839E11 236472.21 80 5 225 11520 720 32400
130500.0 16560 3.83636400348E9 238109.25 2392258 2.7898716220187E11 238109.25 80 5 225 11600 725 32625
131400.0 16524 3.85852256596E9 239745.73 2408782 2.8284568476783E11 239745.73 80 5 225 11680 730 32850
132300.0 16452 3.87637596788E9 241382.2 2425234 2.8672206073571E11 241382.2 80 5 225 11760 735 33075
133200.0 16452 3.90279311817E9 243019.23 2441686 2.9062485385388E11 243019.23 80 5 225 11840 740 33300
134100.0 16560 3.94239503884E9 244655.71 2458246 2.9456724889273E11 244655.71 80 5 225 11920 745 33525
135000.0 16533 3.96443112064E9 246292.19 2474779 2.9853168001337E11 246292.19 80 5 225 12000 750 33750
135900.0 16452 3.98205346109E9 247929.22 2491231 3.0251373347446E11 247929.22 80 5 225 12080 755 33975
136800.0 16452 4.00847063979E9 249565.7 2507683 3.0652220411425E11 249565.7 80 5 225 12160 760 34200
137700.0 16561 4.04842141171E9 251202.16 2524244 3.1057062552596E11 251202.16 80 5 225 12240 765 34425
138600.0 16524 4.0703442857E9 252839.21 2540768 3.1464096981167E11 252839.21 80 5 225 12320 770 34650
139500.0 16452 4.08773098558E9 254475.68 2557220 3.1872870079725E11 254475.68 80 5 225 12400 775 34875
140400.0 16452 4.1141453749E9 256112.4 2573672 3.2284284617214E11 256112.4 80 5 225 12480 780 35100
141300.0 16560 4.15445462411E9 257749.19 2590232 3.2699730079625E11 257749.19 80 5 225 12560 785 35325
142200.0 16524 4.17625745518E9 259385.67 2606756 3.3117355825143E11 259385.67 80 5 225 12640 790 35550
143100.0 16453 4.19340843032E9 261022.7 2623209 3.3536696668175E11 261022.7 80 5 225 12720 795 35775
144000.0 16452 4.21982560901E9 262659.18 2639661 3.3958679229076E11 262659.18 80 5 225 12800 800 36000
144900.0 16568 4.26048343791E9 264295.64 2656229 3.4384727572867E11 264295.64 80 5 225 12880 805 36225
145800.0 16524 4.28217062024E9 265932.69 2672753 3.4812944634891E11 265932.69 80 5 225 12960 810 36450
146700.0 16452 4.29908595481E9 267569.16 2689205 3.5242853230371E11 267569.16 80 5 225 13040 815 36675
147600.0 16453 4.32549848232E9 269205.63 2705658 3.5675403078603E11 269205.63 80 5 225 13120 820 36900
148500.0 16560 4.36651445938E9 270842.67 2722218 3.6112054524541E11 270842.67 80 5 225 13200 825 37125
149400.0 16524 4.3880838383E9 272479.15 2738742 3.6550862908371E11 272479.15 80 5 225 13280 830 37350
150300.0 16452 4.40475882811E9 274115.62 2755194 3.6991338791183E11 274115.62 80 5 225 13360 835 37575
151200.0 16452 4.43117597841E9 275752.65 2771646 3.7434456389023E11 275752.65 80 5 225 13440 840 37800
152100.0 16560 4.47254549474E9 277389.13 2788206 3.7881710938497E11 277389.13 80 5 225 13520 845 38025
153000.0 16525 4.49399237504E9 279025.61 2804731 3.8331110176001E11 279025.61 80 5 225 13600 850 38250
153900.0 16452 4.51043632138E9 280662.64 2821183 3.8782153808139E11 280662.64 80 5 225 13680 855 38475
154800.0 16458 4.53685350008E9 282299.12 2837641 3.9235839158147E11 282299.12 80 5 225 13760 860 38700
155700.0 16562 4.57857635693E9 283936.14 2854203 3.969369679384E11 283936.14 80 5 225 13840 865 38925
156600.0 16524 4.59991021947E9 285572.64 2870727 4.0153687815787E11 285572.64 80 5 225 13920 870 39150
157500.0 16453 4.61611384587E9 287209.1 2887180 4.0615299200374E11 287209.1 80 5 225 14000 875 39375
158400.0 16452 4.64253099616E9 288846.14 2903632 4.107955229999E11 288846.14 80 5 225 14080 880 39600
159300.0 16560 4.68462484664E9 290482.61 2920192 4.1548014784655E11 290482.61 80 5 225 14160 885 39825
160200.0 16524 4.70581875821E9 292119.09 2936716 4.2018596660476E11 292119.09 80 5 225 14240 890 40050
161100.0 16452 4.72179133908E9 293756.12 2953168 4.2490775794385E11 293756.12 80 5 225 14320 895 40275
162000.0 16452 4.74820851778E9 295392.6 2969620 4.2965596646162E11 295392.6 80 5 225 14400 900 40500
162900.0 16560 4.7906339425E9 297029.07 2986180 4.3444660040412E11 297029.07 80 5 225 14480 905 40725
163800.0 16525 4.81173282667E9 298666.11 3002705 4.3925833323079E11 298666.11 80 5 225 14560 910 40950
164700.0 16452 4.82746886346E9 300302.59 3019157 4.4408580209425E11 300302.59 80 5 225 14640 915 41175
165600.0 16460 4.85388139098E9 301939.05 3035617 4.4893968348523E11 301939.05 80 5 225 14720 920 41400
166500.0 16560 4.89668225288E9 303576.09 3052177 4.538363657381E11 303576.09 80 5 225 14800 925 41625
167400.0 16524 4.91764515012E9 305212.57 3068701 4.5875401088822E11 305212.57 80 5 225 14880 930 41850
168300.0 16453 4.93314339173E9 306849.26 3085154 4.6368715427995E11 306849.26 80 5 225 14960 935 42075
169200.0 16452 4.95956080171E9 308486.08 3101606 4.6864671508166E11 308486.08 80 5 225 15040 940 42300
170100.0 16560 5.00269596547E9 310122.55 3118166 4.7364941104713E11 310122.55 80 5 225 15120 945 42525
171000.0 16524 5.02355915798E9 311759.59 3134690 4.7867297020511E11 311759.59 80 5 225 15200 950 42750
171900.0 16452 5.03882383845E9 313396.07 3151142 4.8371179404356E11 313396.07 80 5 225 15280 955 42975
172800.0 16452 5.06523636596E9 315032.54 3167594 4.8877703040952E11 315032.54 80 5 225 15360 960 43200
173700.0 16561 5.10872698683E9 316669.57 3184155 4.9388575739635E11 316669.57 80 5 225 15440 965 43425
174600.0 16524 5.12947149043E9 318306.06 3200679 4.9901522888679E11 318306.06 80 5 225 15520 970 43650
175500.0 16460 5.14449671165E9 319942.52 3217139 5.0415972559843E11 319942.52 80 5 225 15600 975 43875
176400.0 16452 5.17091386194E9 321579.56 3233591 5.0933063946037E11 321579.56 80 5 225 15680 980 44100
177300.0 16560 5.21475804009E9 323216.03 3250151 5.1454539750046E11 323216.03 80 5 225 15760 985 44325
178200.0 16525 5.23538003601E9 324852.51 3266676 5.1978077753647E11 324852.51 80 5 225 15840 990 44550
179100.0 16452 5.25017420475E9 326489.54 3283128 5.2503095174122E11 326489.54 80 5 225 15920 995 44775
180000.0 16452 5.27659138345E9 328126.02 3299580 5.3030754312467E11 328126.02 80 5 225 16000 1000 45000
180900.0 16560 5.32078443085E9 329762.49 3316140 5.3562832755551E11 329762.49 80 5 225 16080 1005 45225
181800.0 16524 5.34129320991E9 331399.53 3332664 5.4096962076542E11 331399.53 80 5 225 16160 1010 45450
182700.0 16452 5.35585172908E9 333036.01 3349116 5.463254724945E11 333036.01 80 5 225 16240 1015 45675
183600.0 16452 5.38226871141E9 334673.03 3365568 5.5170774120591E11 334673.03 80 5 225 16320 1020 45900
184500.0 16560 5.42682008565E9 336309.52 3382128 5.5713456129156E11 336309.52 80 5 225 16400 1025 46125
185400.0 16533 5.4472064188E9 337945.99 3398661 5.6258176771037E11 337945.99 80 5 225 16480 1030 46350
186300.0 16452 5.46152922213E9 339583.03 3415113 5.680432969325E11 339583.03 80 5 225 16560 1035 46575
187200.0 16452 5.48794640082E9 341219.5 3431565 5.7353124333332E11 341219.5 80 5 225 16640 1040 46800
188100.0 16561 5.53284649635E9 342855.97 3448126 5.7906408982967E11 342855.97 80 5 225 16720 1045 47025
189000.0 16524 5.55311959271E9 344493.01 3464650 5.8461720942238E11 344493.01 80 5 225 16800 1050 47250
189900.0 16452 5.56720674645E9 346129.49 3481102 5.9018441616883E11 346129.49 80 5 225 16880 1055 47475
190800.0 16452 5.59361927397E9 347765.96 3497554 5.957780354428E11 347765.96 80 5 225 16960 1060 47700
191700.0 16560 5.63887750867E9 349402.99 3514114 6.0141691295147E11 349402.99 80 5 225 17040 1065 47925
192600.0 16524 5.65903280162E9 351039.48 3530638 6.0707594575309E11 351039.48 80 5 225 17120 1070 48150
193500.0 16453 5.67287961963E9 352675.95 3547091 6.1274882537272E11 352675.95 80 5 225 17200 1075 48375
194400.0 16452 5.69929676993E9 354312.98 3563543 6.1844812214265E11 354312.98 80 5 225 17280 1080 48600
195300.0 16560 5.74490854391E9 355949.46 3580103 6.2419303068656E11 355949.46 80 5 225 17360 1085 48825
196200.0 16532 5.7649429056E9 357586.13 3596635 6.2995797359217E11 357586.13 80 5 225 17440 1090 49050
197100.0 16452 5.77855884544E9 359222.97 3613087 6.357365324376E11 359222.97 80 5 225 17520 1095 49275
198000.0 16453 5.80497424006E9 360859.44 3629540 6.4154150667767E11 360859.44 80 5 225 17600 1100 49500
198900.0 16560 5.85093952273E9 362496.47 3646100 6.4739244620039E11 362496.47 80 5 225 17680 1105 49725
199800.0 16524 5.87085913302E9 364132.96 3662624 6.5326330533341E11 364132.96 80 5 225 17760 1110 49950
200700.0 16452 5.88423458573E9 365769.43 3679076 6.5914753991914E11 365769.43 80 5 225 17840 1115 50175
201600.0 16452 5.91065173603E9 367406.46 3695528 6.6505819165516E11 367406.46 80 5 225 17920 1120 50400
202500.0 16560 5.95697057597E9 369042.94 3712088 6.7101516223113E11 369042.94 80 5 225 18000 1125 50625
203400.0 16524 5.97676767858E9 370679.41 3728612 6.7699192990971E11 370679.41 80 5 225 18080 1130 50850
204300.0 16453 5.98991207882E9 372316.45 3745065 6.8298184198853E11 372316.45 80 5 225 18160 1135 51075
205200.0 16452 6.01632925752E9 373952.92 3761517 6.8899817124605E11 373952.92 80 5 225 18240 1140 51300
206100.0 16568 6.06299693072E9 375589.39 3778085 6.9506116817677E11 375589.39 80 5 225 18320 1145 51525
207000.0 16524 6.08268085242E9 377226.43 3794609 7.0114384902919E11 377226.43 80 5 225 18400 1150 51750
207900.0 16452 6.09558960308E9 378862.91 3811061 7.0723943863227E11 378862.91 80 5 225 18480 1155 51975
208800.0 16453 6.12200213216E9 380499.38 3827514 7.1336144076443E11 380499.38 80 5 225 18560 1160 52200
209700.0 16560 6.16902797896E9 382136.41 3844074 7.1953046874339E11 382136.41 80 5 225 18640 1165 52425
210600.0 16524 6.18859406114E9 383772.9 3860598 7.2571906280453E11 383772.9 80 5 225 18720 1170 52650
211500.0 16452 6.201266928E9 385409.92 3877050 7.3192032973253E11 385409.92 80 5 225 18800 1175 52875
212400.0 16452 6.22768427266E9 387046.41 3893502 7.3814801400519E11 387046.41 80 5 225 18880 1180 53100
213300.0 16560 6.27505899598E9 388682.87 3910062 7.4442307300117E11 388682.87 80 5 225 18960 1185 53325
214200.0 16524 6.29450723487E9 390319.92 3926586 7.5071758023604E11 390319.92 80 5 225 19040 1190 53550
215100.0 16452 6.3069446201E9 391956.39 3943038 7.5702452485614E11 391956.39 80 5 225 19120 1195 53775
216000.0 16461 6.33335714763E9 393592.86 3959499 7.6335788200378E11 393592.86 80 5 225 19200 1200 54000
216900.0 16560 6.38109004412E9 395229.89 3976059 7.6973897204789E11 395229.89 80 5 225 19280 1205 54225
217800.0 16524 6.40042044359E9 396866.38 3992583 7.7613939249148E11 396866.38 80 5 225 19360 1210 54450
218700.0 16453 6.41261749308E9 398502.85 4009036 7.8255200998456E11 398502.85 80 5 225 19440 1215 54675
219600.0 16452 6.43903464338E9 400139.88 4025488 7.8899104462795E11 400139.88 80 5 225 19520 1220 54900
220500.0 16560 6.48712107014E9 401776.36 4042048 7.9547816569808E11 401776.36 80 5 225 19600 1225 55125
221400.0 16524 6.50632898894E9 403412.84 4058572 8.0198449468702E11 403412.84 80 5 225 19680 1230 55350
222300.0 16452 6.5182949859E9 405049.87 4075024 8.0850278967293E11 405049.87 80 5 225 19760 1235 55575
223200.0 16452 6.54471216461E9 406686.35 4091476 8.1504750183753E11 406686.35 80 5 225 19840 1240 55800
224100.0 16561 6.59314884437E9 408323.0 4108037 8.216406506819E11 408323.0 80 5 225 19920 1245 56025
225000.0 16524 6.61224375383E9 409959.86 4124561 8.2825289443573E11 409959.86 80 5 225 20000 1250 56250
225900.0 16460 6.62397245776E9 411596.33 4141021 8.3487686689349E11 411596.33 80 5 225 20080 1255 56475
226800.0 16452 6.65038960806E9 413233.36 4157473 8.4152725650156E11 413233.36 80 5 225 20160 1260 56700
227700.0 16560 6.69918308278E9 414869.84 4174033 8.4822643958434E11 414869.84 80 5 225 20240 1265 56925
228600.0 16525 6.71815531892E9 416506.32 4190558 8.5494459490326E11 416506.32 80 5 225 20320 1270 57150
229500.0 16452 6.72964995059E9 418143.35 4207010 8.6167424485385E11 418143.35 80 5 225 20400 1275 57375
230400.0 16452 6.75606712929E9 419779.83 4223462 8.6843031198314E11 419779.83 80 5 225 20480 1280 57600
231300.0 16560 6.80520947326E9 421416.29 4240022 8.752355214564E11 421416.29 80 5 225 20560 1285 57825
232200.0 16524 6.8240684926E9 423053.34 4256546 8.8205958994899E11 423053.34 80 5 225 20640 1290 58050
233100.0 16452 6.83532747468E9 424689.81 4272998 8.8889491742367E11 424689.81 80 5 225 20720 1295 58275
234000.0 16452 6.86174000221E9 426326.28 4289450 8.9575665742589E11 426326.28 80 5 225 20800 1300 58500
234900.0 16560 6.91124048534E9 427963.31 4306010 9.0266789791122E11 427963.31 80 5 225 20880 1305 58725
235800.0 16524 6.92998170126E9 429599.8 4322534 9.0959787961249E11 429599.8 80 5 225 20960 1310 58950
236700.0 16461 6.94100035402E9 431236.27 4338995 9.1653887996651E11 431236.27 80 5 225 21040 1315 59175
237600.0 16452 6.96741749791E9 432873.3 4355447 9.2350629746441E11 432873.3 80 5 225 21120 1320 59400
238500.0 16561 7.01727153831E9 434509.78 4372008 9.3052356900272E11 434509.78 80 5 225 21200 1325 59625
239400.0 16524 7.03589474007E9 436146.81 4388532 9.3755946374279E11 436146.81 80 5 225 21280 1330 59850
240300.0 16452 7.04668248961E9 437783.3 4404984 9.4460614623239E11 437783.3 80 5 225 21360 1335 60075
241200.0 16452 7.07309501913E9 439419.77 4421436 9.5167924125152E11 439419.77 80 5 225 21440 1340 60300
242100.0 16560 7.12330255039E9 441056.8 4437996 9.5880254380191E11 441056.8 80 5 225 21520 1345 60525
243000.0 16524 7.1418080836E9 442693.28 4454520 9.6594435188551E11 442693.28 80 5 225 21600 1350 60750
243900.0 16452 7.15235536452E9 444329.75 4470972 9.7309670725003E11 444329.75 80 5 225 21680 1355 60975
244800.0 16453 7.17877251483E9 445966.79 4487425 9.8027547976486E11 445966.79 80 5 225 21760 1360 61200
245700.0 16560 7.22933360336E9 447603.26 4503985 9.8750481336821E11 447603.26 80 5 225 21840 1365 61425
246600.0 16532 7.2477166289E9 449239.74 4520517 9.9475252999711E11 449239.74 80 5 225 21920 1370 61650
247500.0 16452 7.25803285735E9 450876.77 4536969 1.00201056285446E12 450876.77 80 5 225 22000 1375 61875
248400.0 16452 7.28445003605E9 452513.25 4553421 1.00929501289051E12 452513.25 80 5 225 22080 1380 62100
249300.0 16561 7.33535998479E9 454149.72 4569982 1.0166303728753E12 454149.72 80 5 225 22160 1385 62325
250200.0 16524 7.35362980251E9 455786.76 4586506 1.02398400267781E12 455786.76 80 5 225 22240 1390 62550
251100.0 16452 7.36371038139E9 457423.24 4602958 1.0313477130592E12 457423.24 80 5 225 22320 1395 62775
252000.0 16452 7.39012411846E9 459059.86 4619410 1.03873783717766E12 459059.86 80 5 225 22400 1400 63000
252900.0 16560 7.44139238482E9 460696.74 4635970 1.04617922956248E12 460696.74 80 5 225 22480 1405 63225
253800.0 16524 7.45954296424E9 462333.22 4652494 1.05363877252672E12 462333.22 80 5 225 22560 1410 63450
254700.0 16452 7.46938782738E9 463970.25 4668946 1.0611081603541E12 463970.25 80 5 225 22640 1415 63675
255600.0 16452 7.49580500608E9 465606.73 4685398 1.06860396536017E12 465606.73 80 5 225 22720 1420 63900
256500.0 16569 7.5474220028E9 467243.2 4701967 1.07615138736297E12 467243.2 80 5 225 22800 1425 64125
257400.0 16524 7.56545613791E9 468880.24 4718491 1.08371684350088E12 468880.24 80 5 225 22880 1430 64350
258300.0 16452 7.57506535147E9 470516.72 4734943 1.09129190885236E12 470516.72 80 5 225 22960 1435 64575
259200.0 16453 7.601477879E9 472153.18 4751396 1.09889338673136E12 472153.18 80 5 225 23040 1440 64800
260100.0 16560 7.65345301492E9 473790.22 4767956 1.10654683974628E12 473790.22 80 5 225 23120 1445 65025
261000.0 16524 7.67136934648E9 475426.7 4784480 1.11421820909276E12 475426.7 80 5 225 23200 1450 65250
261900.0 16452 7.68073822429E9 477063.17 4800932 1.12189894731704E12 477063.17 80 5 225 23280 1455 65475
262800.0 16452 7.70715537459E9 478700.21 4817384 1.12960610269163E12 478700.21 80 5 225 23360 1460 65700
263700.0 16560 7.75950135379E9 480336.68 4833944 1.13736560404543E12 480336.68 80 5 225 23440 1465 65925
264600.0 16525 7.77727789172E9 481973.16 4850469 1.14514288193714E12 481973.16 80 5 225 23520 1470 66150
265500.0 16452 7.78641571706E9 483610.19 4866921 1.1529292976542E12 483610.19 80 5 225 23600 1475 66375
266400.0 16457 7.81283289576E9 485246.67 4883378 1.16074213054996E12 485246.67 80 5 225 23680 1480 66600
267300.0 16563 7.86551491147E9 486883.69 4899941 1.16860764546143E12 486883.69 80 5 225 23760 1485 66825
268200.0 16524 7.88319661215E9 488520.19 4916465 1.17649084207358E12 488520.19 80 5 225 23840 1490 67050
269100.0 16453 7.89209324126E9 490156.66 4932918 1.18438293531483E12 490156.66 80 5 225 23920 1495 67275
270000.0 16452 7.91851039156E9 491793.69 4949370 1.1923014457064E12 491793.69 80 5 225 24000 1500 67500
270900.0 16560 7.9715634279E9 493430.17 4965930 1.20027300913429E12 493430.17 80 5 225 24080 1505 67725
271800.0 16524 7.98910426526E9 495066.64 4982454 1.20826211339956E12 495066.64 80 5 225 24160 1510 67950
272700.0 16452 7.99777073419E9 496703.68 4998906 1.21625988413375E12 496703.68 80 5 225 24240 1515 68175
273600.0 16452 8.02418791289E9 498340.15 5015358 1.22428407204664E12 498340.15 80 5 225 24320 1520 68400
274500.0 16560 8.07757249643E9 499976.62 5031918 1.23236164454307E12 499976.62 80 5 225 24400 1525 68625
275400.0 16525 8.09501837469E9 501613.66 5048443 1.24045666291776E12 501613.66 80 5 225 24480 1530 68850
276300.0 16452 8.10344825839E9 503250.14 5064895 1.24856011117615E12 503250.14 80 5 225 24560 1535 69075
277200.0 16460 8.12986078592E9 504886.61 5081355 1.25668997196208E12 504886.61 80 5 225 24640 1540 69300
278100.0 16560 8.18360354466E9 506523.64 5097915 1.26487357550674E12 506523.64 80 5 225 24720 1545 69525
279000.0 16524 8.20093064782E9 508160.13 5114439 1.27307450615456E12 508160.13 80 5 225 24800 1550 69750
279900.0 16453 8.20912221455E9 509796.74 5130892 1.28128362836911E12 509796.74 80 5 225 24880 1555 69975
280800.0 16452 8.23553949504E9 511433.63 5147344 1.28951916786415E12 511433.63 80 5 225 24960 1560 70200
281700.0 16560 8.28965181414E9 513070.1 5163904 1.29780881967829E12 513070.1 80 5 225 25040 1565 70425
282600.0 16524 8.30684378804E9 514707.14 5180428 1.30611566346633E12 514707.14 80 5 225 25120 1570 70650
283500.0 16452 8.31480323306E9 516343.62 5196880 1.31443046669939E12 516343.62 80 5 225 25200 1575 70875
284400.0 16452 8.34121576059E9 517980.09 5213332 1.32277168245998E12 517980.09 80 5 225 25280 1580 71100
285300.0 16561 8.39566555832E9 519617.12 5229893 1.3311673480183E12 519617.12 80 5 225 25360 1585 71325
286200.0 16524 8.41275787314E9 521253.61 5246417 1.33958010589144E12 521253.61 80 5 225 25440 1590 71550
287100.0 16460 8.42047610615E9 522890.08 5262877 1.34800058199759E12 522890.08 80 5 225 25520 1595 71775
288000.0 16452 8.44689325645E9 524527.11 5279329 1.35644747525404E12 524527.11 80 5 225 25600 1600 72000
288900.0 16560 8.50171389746E9 526163.59 5295889 1.3649491891515E12 526163.59 80 5 225 25680 1605 72225
289800.0 16525 8.51866554238E9 527800.06 5312414 1.37346785469387E12 527800.06 80 5 225 25760 1610 72450
290700.0 16452 8.52615359919E9 529437.1 5328866 1.38199400829306E12 529437.1 80 5 225 25840 1615 72675
291600.0 16452 8.55257077789E9 531073.57 5345318 1.39054657907095E12 531073.57 80 5 225 25920 1620 72900
292500.0 16560 8.6077229841E9 532710.04 5361878 1.39915430205505E12 532710.04 80 5 225 26000 1625 73125
293400.0 16524 8.62457960176E9 534347.08 5378402 1.40777888165681E12 534347.08 80 5 225 26080 1630 73350
294300.0 16452 8.6318311235E9 535983.56 5394854 1.41641071278031E12 535983.56 80 5 225 26160 1635 73575
295200.0 16453 8.65824801057E9 537620.58 5411307 1.42506896079087E12 537620.58 80 5 225 26240 1640 73800
296100.0 16560 8.71375865549E9 539257.07 5427867 1.43378271944636E12 539257.07 80 5 225 26320 1645 74025
297000.0 16532 8.73049191615E9 540893.55 5444399 1.44251321136251E12 540893.55 80 5 225 26400 1650 74250
297900.0 16452 8.73750861654E9 542530.58 5460851 1.45125071997904E12 542530.58 80 5 225 26480 1655 74475
298800.0 16452 8.76392579524E9 544167.06 5477303 1.46001464577428E12 544167.06 80 5 225 26560 1660 74700
299700.0 16561 8.81978504958E9 545803.52 5493864 1.46883443082387E12 545803.52 80 5 225 26640 1665 74925
300600.0 16524 8.83640509904E9 547440.57 5510388 1.4776708359229E12 547440.57 80 5 225 26720 1670 75150
301500.0 16452 8.84318614085E9 549077.04 5526840 1.48651402206375E12 549077.04 80 5 225 26800 1675 75375
302400.0 16452 8.86959866838E9 550713.51 5543292 1.49538362073213E12 550713.51 80 5 225 26880 1680 75600
303300.0 16560 8.92581605292E9 552350.54 5559852 1.50430943678505E12 552350.54 80 5 225 26960 1685 75825
304200.0 16524 8.94231829897E9 553987.03 5576376 1.51325175508402E12 553987.03 80 5 225 27040 1690 76050
305100.0 16453 8.94885901404E9 555623.5 5592829 1.52220061409806E12 555623.5 80 5 225 27120 1695 76275
306000.0 16452 8.97527616434E9 557260.53 5609281 1.5311758902624E12 557260.53 80 5 225 27200 1700 76500
306900.0 16560 9.03184711516E9 558897.01 5625841 1.54020773737757E12 558897.01 80 5 225 27280 1705 76725
307800.0 16532 9.04822790463E9 560533.62 5642373 1.54925596528219E12 560533.62 80 5 225 27360 1710 76950
308700.0 16452 9.05453771027E9 562170.52 5658825 1.55831050299246E12 562170.52 80 5 225 27440 1715 77175
309600.0 16453 9.08095365556E9 563806.99 5675278 1.56739145664802E12 563806.99 80 5 225 27520 1720 77400
310500.0 16560 9.13787810617E9 565444.03 5691838 1.57652933475419E12 565444.03 80 5 225 27600 1725 77625
311400.0 16524 9.15414465161E9 567080.51 5708362 1.5856834794058E12 567080.51 80 5 225 27680 1730 77850
312300.0 16452 9.16021400133E9 568716.98 5724814 1.59484369340713E12 568716.98 80 5 225 27760 1735 78075
313200.0 16452 9.18663115163E9 570354.01 5741266 1.60403032455876E12 570354.01 80 5 225 27840 1740 78300
314100.0 16560 9.24390913226E9 571990.49 5757826 1.61327423369102E12 571990.49 80 5 225 27920 1745 78525
315000.0 16524 9.26005320629E9 573626.97 5774350 1.62253428689731E12 573626.97 80 5 225 28000 1750 78750
315900.0 16453 9.26589149453E9 575264.0 5790803 1.63180017839184E12 575264.0 80 5 225 28080 1755 78975
316800.0 16452 9.29230867323E9 576900.48 5807255 1.64109248706507E12 576900.48 80 5 225 28160 1760 79200
317700.0 16568 9.34993553212E9 578536.94 5823823 1.6504424225972E12 578536.94 80 5 225 28240 1765 79425
318600.0 16524 9.36596725689E9 580173.99 5840347 1.65980838985408E12 580173.99 80 5 225 28320 1770 79650
319500.0 16452 9.37156901906E9 581810.46 5856799 1.66917995887314E12 581810.46 80 5 225 28400 1775 79875
320400.0 16453 9.39798154659E9 583446.93 5873252 1.67857794041973E12 583446.93 80 5 225 28480 1780 80100
321300.0 16560 9.4559665359E9 585083.97 5889812 1.68803390695562E12 585083.97 80 5 225 28560 1785 80325
322200.0 16524 9.47187958949E9 586720.45 5906336 1.69750578654512E12 586720.45 80 5 225 28640 1790 80550
323100.0 16452 9.47724624908E9 588357.47 5922788 1.7069830327942E12 588357.47 80 5 225 28720 1795 80775
324000.0 16452 9.50366368761E9 589993.96 5939240 1.71648669648181E12 589993.96 80 5 225 28800 1800 81000
324900.0 16560 9.56199759804E9 591630.43 5955800 1.72604869407985E12 591630.43 80 5 225 28880 1805 81225
325800.0 16525 9.57779275465E9 593267.47 5972325 1.73562648683451E12 593267.47 80 5 225 28960 1810 81450
326700.0 16452 9.58292403689E9 594903.95 5988777 1.7452094108714E12 594903.95 80 5 225 29040 1815 81675
327600.0 16460 9.60933656442E9 596540.42 6005237 1.75481874743583E12 596540.42 80 5 225 29120 1820 81900
328500.0 16560 9.66802859287E9 598177.45 6021797 1.76448677602869E12 598177.45 80 5 225 29200 1825 82125
329400.0 16524 9.68370596381E9 599813.94 6038321 1.7741704819925E12 599813.94 80 5 225 29280 1830 82350
330300.0 16453 9.6885969103E9 601450.4 6054774 1.7838590789028E12 601450.4 80 5 225 29360 1835 82575
331200.0 16452 9.71501406061E9 603087.44 6071226 1.79357409296341E12 603087.44 80 5 225 29440 1840 82800
332100.0 16560 9.7740769503E9 604723.91 6087786 1.80334816991371E12 604723.91 80 5 225 29520 1845 83025
333000.0 16524 9.78961539486E9 606360.39 6104310 1.81313778530857E12 606360.39 80 5 225 29600 1850 83250
333900.0 16452 9.79427440361E9 607997.42 6120762 1.82293205971219E12 607997.42 80 5 225 29680 1855 83475
334800.0 16452 9.82069158232E9 609633.9 6137214 1.8327527512945E12 609633.9 80 5 225 29760 1860 83700
335700.0 16561 9.88008692967E9 611270.48 6153775 1.84263283822417E12 611270.48 80 5 225 29840 1865 83925
336600.0 16524 9.89552861948E9 612907.41 6170299 1.85252836684365E12 612907.41 80 5 225 29920 1870 84150
337500.0 16460 9.89995189996E9 614543.89 6186759 1.86242831874361E12 614543.89 80 5 225 30000 1875 84375
338400.0 16452 9.92636905027E9 616180.92 6203211 1.87235468779388E12 616180.92 80 5 225 30080 1880 84600
339300.0 16560 9.98612168376E9 617817.39 6219771 1.88234080947764E12 617817.39 80 5 225 30160 1885 84825
340200.0 16525 1.000144174094E10 619453.87 6236296 1.89234225121858E12 619453.87 80 5 225 30240 1890 85050
341100.0 16452 1.000562939333E10 621090.91 6252748 1.90234788061191E12 621090.91 80 5 225 30320 1895 85275
342000.0 16452 1.003204657203E10 622727.38 6269200 1.91237992718394E12 622727.38 80 5 225 30400 1900 85500
342900.0 16560 1.009216537902E10 624363.85 6285760 1.92247209256296E12 624363.85 80 5 225 30480 1905 85725
343800.0 16524 1.010735404788E10 626000.89 6302284 1.93257944661083E12 626000.89 80 5 225 30560 1910 85950
344700.0 16452 1.011130691796E10 627637.37 6318736 1.9426907535288E12 627637.37 80 5 225 30640 1915 86175
345600.0 16453 1.013771944549E10 629273.84 6335189 1.95282847297429E12 629273.84 80 5 225 30720 1920 86400

