# seed = 1, gamma = 0.75, beta = 0.75, dee = 10.0, dcc = 50.0, dec = 150.0, dsc = 2000.0, dLocalhost = 0.015, hostBroker = CLOUD, numOfCloud = 1, numOfEdge = 1, numOfSmartphone = 225 
#
# The columns have the following meaning: 
# instant[SECONDS] delayCountPartial delaySumPartial[SECONDS] delayMaxPartial[SECONDS] delayCountTot delaySumTot[SECONDS] delayMaxTot[SECONDS] runOnCloudPartial runOnEdgePartial runOnSmartphonePartial runOnCloudTot runOnEdgeTot runOnSmartphoneTot
0.0 0 0.0 0.0 0 0.0 0.0 0 0 0 0 0 0
900.0 16560 1.8595454662E8 22929.59 16560 1.8595454662E8 22929.59 78 7 225 78 7 225
1800.0 16524 5.4976615089E8 45473.45 33084 7.3572069751E8 45473.45 78 7 225 156 14 450
2700.0 16452 9.1266874696E8 68016.78 49536 1.64838944447E9 68016.78 78 7 225 234 21 675
3600.0 16452 1.27651962705E9 90560.1 65988 2.92490907152E9 90560.1 78 7 225 312 28 900
4500.0 16560 1.64657043719E9 113103.42 82548 4.57147950871E9 113103.42 78 7 225 390 35 1125
5400.0 16524 2.00859937121E9 135646.75 99072 6.58007887992E9 135646.75 78 7 225 468 42 1350
6300.0 16453 2.36824625616E9 158190.07 115525 8.94832513608E9 158190.07 78 7 225 546 49 1575
7200.0 16452 2.73209682645E9 180733.39 131977 1.168042196253E10 180733.39 78 7 225 624 56 1800
8100.0 16560 3.1068569838E9 203276.71 148537 1.478727894633E10 203276.71 78 7 225 702 63 2025
9000.0 16524 3.46741454662E9 225820.04 165061 1.825469349294E10 225820.04 78 7 225 780 70 2250
9900.0 16452 3.82382314602E9 248363.36 181513 2.207851663897E10 248363.36 78 7 225 858 77 2475
10800.0 16452 4.18767402612E9 270906.67 197965 2.626619066509E10 270906.67 78 7 225 936 84 2700
11700.0 16560 4.56746356925E9 293449.99 214525 3.083365423434E10 293449.99 78 7 225 1014 91 2925
12600.0 16524 4.92624624719E9 315993.32 231049 3.575990048153E10 315993.32 78 7 225 1092 98 3150
13500.0 16452 5.27940034569E9 338536.64 247501 4.103930082722E10 338536.64 78 7 225 1170 105 3375
14400.0 16452 5.64325122578E9 361079.96 263953 4.6682552053E10 361079.96 78 7 225 1248 112 3600
15300.0 16560 6.02775008913E9 383623.28 280513 5.271030214212E10 383623.28 78 7 225 1326 119 3825
16200.0 16524 6.38506142261E9 406166.61 297037 5.909536356473E10 406166.61 78 7 225 1404 126 4050
17100.0 16452 6.73497754535E9 428709.93 313489 6.583034111008E10 428709.93 78 7 225 1482 133 4275
18000.0 16452 7.09882842544E9 451253.25 329941 7.292916953553E10 451253.25 78 7 225 1560 140 4500
18900.0 16560 7.48819664629E9 473796.57 346501 8.041736618182E10 473796.57 78 7 225 1638 147 4725
19800.0 16524 7.84388485161E9 496339.9 363025 8.826125103343E10 496339.9 78 7 225 1716 154 4950
20700.0 16452 8.19055474501E9 518883.22 379477 9.645180577844E10 518883.22 78 7 225 1794 161 5175
21600.0 16452 8.55440562511E9 541426.54 395929 1.0500621140356E11 541426.54 78 7 225 1872 168 5400
22500.0 16560 8.94864319448E9 563969.86 412489 1.1395485459804E11 563969.86 78 7 225 1950 175 5625
23400.0 16525 9.30270829864E9 586513.18 429014 1.2325756289668E11 586513.18 78 7 225 2028 182 5850
24300.0 16457 9.64613203036E9 609056.51 445471 1.3290369492704E11 609056.51 78 7 225 2106 189 6075
25200.0 16454 1.000999083561E10 631600.37 461925 1.4291368576264E11 631600.37 78 7 225 2184 196 6300
26100.0 16560 1.040925912255E10 654143.72 478485 1.533229448852E11 654143.72 78 7 225 2262 203 6525
27000.0 16524 1.076154102042E10 676687.05 495009 1.6408448590562E11 676687.05 78 7 225 2340 210 6750
27900.0 16452 1.110171840751E10 699230.36 511461 1.7518620431313E11 699230.36 78 7 225 2418 217 6975
28800.0 16452 1.146556928762E10 721773.68 527913 1.8665177360075E11 721773.68 78 7 225 2496 224 7200
29700.0 16560 1.186954562102E10 744317.0 544473 1.9852131922177E11 744317.0 78 7 225 2574 231 7425
30600.0 16524 1.222036444996E10 766860.33 560997 2.1074168367173E11 766860.33 78 7 225 2652 238 7650
31500.0 16452 1.255729560772E10 789403.65 577449 2.2329897927945E11 789403.65 78 7 225 2730 245 7875
32400.0 16452 1.292114648783E10 811946.97 593901 2.3622012576728E11 811946.97 78 7 225 2808 252 8100
33300.0 16560 1.332999216973E10 834490.29 610461 2.4955011793701E11 834490.29 78 7 225 2886 259 8325
34200.0 16524 1.367918789756E10 857033.62 626985 2.6322930583457E11 857033.62 78 7 225 2964 266 8550
35100.0 16452 1.401287280799E10 879576.94 643437 2.7724217864256E11 879576.94 78 7 225 3042 273 8775
36000.0 16452 1.437672368809E10 902120.26 659889 2.9161890233065E11 902120.26 78 7 225 3120 280 9000
36900.0 16560 1.47904387275E10 924663.58 676449 3.0640934105815E11 924663.58 78 7 225 3198 287 9225
37800.0 16524 1.513801133621E10 947206.91 692973 3.2154735239436E11 947206.91 78 7 225 3276 294 9450
38700.0 16452 1.546845000836E10 969750.23 709425 3.3701580240271E11 969750.23 78 7 225 3354 301 9675
39600.0 16452 1.583230088846E10 992293.55 725877 3.5284810329118E11 992293.55 78 7 225 3432 308 9900
40500.0 16560 1.625088528537E10 1014836.86 742437 3.6909898857655E11 1014836.86 78 7 225 3510 315 10125
41400.0 16524 1.659683477492E10 1037380.19 758961 3.8569582335147E11 1037380.19 78 7 225 3588 322 10350
42300.0 16452 1.692402720873E10 1059923.51 775413 4.0261985056019E11 1059923.51 78 7 225 3666 329 10575
43200.0 16452 1.728787808884E10 1082466.83 791865 4.1990772864903E11 1082466.83 78 7 225 3744 336 10800
44100.0 16560 1.771133183425E10 1105010.15 808425 4.3761906048328E11 1105010.15 78 7 225 3822 343 11025
45000.0 16524 1.805565821363E10 1127553.48 824949 4.5567471869691E11 1127553.48 78 7 225 3900 350 11250
45900.0 16452 1.837960440916E10 1150096.8 841401 4.7405432310607E11 1150096.8 78 7 225 3978 357 11475
46800.0 16452 1.874345528927E10 1172640.12 857853 4.9279777839533E11 1172640.12 78 7 225 4056 364 11700
47700.0 16561 1.917193888297E10 1195183.44 874414 5.119697172783E11 1195183.44 78 7 225 4134 371 11925
48600.0 16524 1.951448872459E10 1217727.29 890938 5.3148420600289E11 1217727.29 78 7 225 4212 378 12150
49500.0 16452 1.983519049591E10 1240270.66 907390 5.513193964988E11 1240270.66 78 7 225 4290 385 12375
50400.0 16452 2.019904174151E10 1262813.98 923842 5.7151843824032E11 1262813.98 78 7 225 4368 392 12600
51300.0 16560 2.063223424188E10 1285357.3 940402 5.921506724822E11 1285357.3 78 7 225 4446 399 12825
52200.0 16524 2.097331436371E10 1307900.63 956926 6.1312398684591E11 1307900.63 78 7 225 4524 406 13050
53100.0 16452 2.129076806194E10 1330443.95 973378 6.3441475490785E11 1330443.95 78 7 225 4602 413 13275
54000.0 16452 2.165461894205E10 1352987.27 989830 6.560693738499E11 1352987.27 78 7 225 4680 420 13500
54900.0 16560 2.209268079992E10 1375530.59 1006390 6.7816205464982E11 1375530.59 78 7 225 4758 427 13725
55800.0 16524 2.243213780253E10 1398073.92 1022914 7.0059419245236E11 1398073.92 78 7 225 4836 434 13950
56700.0 16452 2.274634526242E10 1420617.23 1039366 7.2334053771478E11 1420617.23 78 7 225 4914 441 14175
57600.0 16452 2.311019614253E10 1443160.55 1055818 7.4645073385731E11 1443160.55 78 7 225 4992 448 14400
58500.0 16560 2.355312735791E10 1465703.87 1072378 7.7000386121523E11 1465703.87 78 7 225 5070 455 14625
59400.0 16524 2.389096124135E10 1488247.2 1088902 7.9389482245658E11 1488247.2 78 7 225 5148 462 14850
60300.0 16452 2.420192246291E10 1510790.52 1105354 8.1809674491949E11 1510790.52 78 7 225 5226 469 15075
61200.0 16452 2.456577334302E10 1533333.84 1121806 8.426625182625E11 1533333.84 78 7 225 5304 476 15300
62100.0 16560 2.50135739159E10 1555877.16 1138366 8.676760921784E11 1555877.16 78 7 225 5382 483 15525
63000.0 16524 2.534978468017E10 1578420.49 1154890 8.9302587685858E11 1578420.49 78 7 225 5460 490 15750
63900.0 16452 2.565749966339E10 1600963.81 1171342 9.1868337652197E11 1600963.81 78 7 225 5538 497 15975
64800.0 16452 2.60213505435E10 1623507.13 1187794 9.4470472706547E11 1623507.13 78 7 225 5616 504 16200
65700.0 16560 2.647418052913E10 1646050.45 1204354 9.711789075946E11 1646050.45 78 7 225 5694 511 16425
66600.0 16524 2.680860811899E10 1668593.78 1220878 9.9798751571359E11 1668593.78 78 7 225 5772 518 16650
67500.0 16452 2.711307686388E10 1691137.1 1237330 1.02510059257747E12 1691137.1 78 7 225 5850 525 16875
68400.0 16452 2.747692774399E10 1713680.42 1253782 1.05257752032145E12 1713680.42 78 7 225 5928 532 17100
69300.0 16560 2.793446702287E10 1736223.73 1270342 1.08051198734433E12 1736223.73 78 7 225 6006 539 17325
70200.0 16524 2.826743154881E10 1758767.06 1286866 1.10877941889314E12 1758767.06 78 7 225 6084 546 17550
71100.0 16452 2.856865406436E10 1781310.38 1303318 1.1373480729575E12 1781310.38 78 7 225 6162 553 17775
72000.0 16452 2.89325116369E10 1803854.2 1319770 1.1662805845944E12 1803854.2 78 7 225 6240 560 18000
72900.0 16560 2.939492229915E10 1826397.59 1336330 1.19567550689355E12 1826397.59 78 7 225 6318 567 18225
73800.0 16524 2.972626426011E10 1848940.92 1352854 1.22540177115366E12 1848940.92 78 7 225 6396 574 18450
74700.0 16452 3.002424050771E10 1871484.24 1369306 1.25542601166137E12 1871484.24 78 7 225 6474 581 18675
75600.0 16452 3.038809138782E10 1894027.56 1385758 1.28581410304918E12 1894027.56 78 7 225 6552 588 18900
76500.0 16560 3.085552946788E10 1916570.88 1402318 1.31666963251706E12 1916570.88 78 7 225 6630 595 19125
77400.0 16524 3.118508769893E10 1939114.21 1418842 1.34785472021599E12 1939114.21 78 7 225 6708 602 19350
78300.0 16452 3.147981770819E10 1961657.53 1435294 1.37933453792418E12 1961657.53 78 7 225 6786 609 19575
79200.0 16452 3.18436685883E10 1984200.85 1451746 1.41117820651248E12 1984200.85 78 7 225 6864 616 19800
80100.0 16560 3.231581597062E10 2006744.17 1468306 1.4434940224831E12 2006744.17 78 7 225 6942 623 20025
81000.0 16524 3.264391940032E10 2029287.5 1484830 1.47613794188342E12 2029287.5 78 7 225 7020 630 20250
81900.0 16452 3.293539490862E10 2051830.82 1501282 1.50907333679204E12 2051830.82 78 7 225 7098 637 20475
82800.0 16452 3.329924578872E10 2074374.14 1517734 1.54237258258076E12 2074374.14 78 7 225 7176 644 20700
83700.0 16560 3.377642259274E10 2096917.46 1534294 1.57614900517351E12 2096917.46 78 7 225 7254 651 20925
84600.0 16524 3.41027345764E10 2119460.78 1550818 1.6102517397499E12 2119460.78 78 7 225 7332 658 21150
85500.0 16452 3.439097210887E10 2142004.1 1567270 1.64464271185877E12 2142004.1 78 7 225 7410 665 21375
86400.0 16452 3.475482298892E10 2164547.42 1583722 1.67939753484769E12 2164547.42 78 7 225 7488 672 21600
87300.0 16560 3.523670907718E10 2187090.74 1600282 1.71463424392488E12 2187090.74 78 7 225 7566 679 21825
88200.0 16524 3.556156626849E10 2209634.07 1616806 1.75019581019337E12 2209634.07 78 7 225 7644 686 22050
89100.0 16452 3.584654930906E10 2232177.39 1633258 1.78604235950242E12 2232177.39 78 7 225 7722 693 22275
90000.0 16452 3.62104001891E10 2254720.71 1649710 1.82225275969153E12 2254720.71 78 7 225 7800 700 22500
90900.0 16560 3.669731569911E10 2277264.03 1666270 1.85895007539064E12 2277264.03 78 7 225 7878 707 22725
91800.0 16524 3.702038144449E10 2299807.36 1682794 1.89597045683513E12 2299807.36 78 7 225 7956 714 22950
92700.0 16452 3.730212650929E10 2322350.68 1699246 1.93327258334442E12 2322350.68 78 7 225 8034 721 23175
93600.0 16452 3.766597738934E10 2344894.0 1715698 1.97093856073376E12 2344894.0 78 7 225 8112 728 23400
94500.0 16560 3.815760220161E10 2367437.32 1732258 2.00909616293537E12 2367437.32 78 7 225 8190 735 23625
95400.0 16524 3.84792190985E10 2389981.12 1748782 2.04757538203387E12 2389981.12 78 7 225 8268 742 23850
96300.0 16452 3.875771215624E10 2412524.54 1765234 2.08633309419012E12 2412524.54 78 7 225 8346 749 24075
97200.0 16452 3.912156382335E10 2435067.86 1781686 2.12545465801346E12 2435067.86 78 7 225 8424 756 24300
98100.0 16560 3.961805802401E10 2457611.18 1798246 2.16507271603748E12 2457611.18 78 7 225 8502 763 24525
99000.0 16524 3.9938037576E10 2480154.5 1814770 2.20501075361347E12 2480154.5 78 7 225 8580 770 24750
99900.0 16452 4.021329014354E10 2502697.82 1831222 2.24522404375701E12 2502697.82 78 7 225 8658 777 24975
100800.0 16452 4.057714102359E10 2525241.14 1847674 2.2858011847806E12 2525241.14 78 7 225 8736 784 25200
101700.0 16560 4.107850458175E10 2547784.46 1864234 2.32687968936235E12 2547784.46 78 7 225 8814 791 25425
102600.0 16524 4.139686102357E10 2570327.79 1880758 2.36827655038592E12 2570327.79 78 7 225 8892 798 25650
103500.0 16452 4.166886734378E10 2592871.11 1897210 2.4099454177297E12 2592871.11 78 7 225 8970 805 25875
104400.0 16452 4.203271822382E10 2615414.43 1913662 2.45197813595352E12 2615414.43 78 7 225 9048 812 26100
105300.0 16560 4.253895114849E10 2637957.75 1930222 2.49451708710202E12 2637957.75 78 7 225 9126 819 26325
106200.0 16524 4.285568445314E10 2660501.08 1946746 2.53737277155516E12 2660501.08 78 7 225 9204 826 26550
107100.0 16452 4.312444454401E10 2683044.4 1963198 2.58049721609918E12 2683044.4 78 7 225 9282 833 26775
108000.0 16452 4.348829542406E10 2705587.72 1979650 2.62398551152324E12 2705587.72 78 7 225 9360 840 27000
108900.0 16560 4.399939769723E10 2728131.04 1996210 2.66798490922047E12 2728131.04 78 7 225 9438 847 27225
109800.0 16524 4.431450790077E10 2750674.37 2012734 2.71229941712124E12 2750674.37 78 7 225 9516 854 27450
110700.0 16452 4.458002174436E10 2773217.69 2029186 2.7568794388656E12 2773217.69 78 7 225 9594 861 27675
111600.0 16452 4.494387262441E10 2795761.01 2045638 2.80182331149001E12 2795761.01 78 7 225 9672 868 27900
112500.0 16560 4.545984426408E10 2818304.32 2062198 2.84728315575409E12 2818304.32 78 7 225 9750 875 28125
113400.0 16524 4.577333133045E10 2840847.65 2078722 2.89305648708454E12 2840847.65 78 7 225 9828 882 28350
114300.0 16452 4.603559894471E10 2863390.97 2095174 2.93909208602925E12 2863390.97 78 7 225 9906 889 28575
115200.0 16452 4.639944982475E10 2885934.29 2111626 2.985491535854E12 2885934.29 78 7 225 9984 896 28800
116100.0 16560 4.692029080393E10 2908477.61 2128186 3.03241182665793E12 2908477.61 78 7 225 10062 903 29025
117000.0 16524 4.723215477813E10 2931020.94 2144710 3.07964398143606E12 2931020.94 78 7 225 10140 910 29250
117900.0 16458 4.749117800123E10 2953564.26 2161168 3.12713515943729E12 2953564.26 78 7 225 10218 917 29475
118800.0 16455 4.785503414865E10 2976108.03 2177623 3.17499019358594E12 2976108.03 78 7 225 10296 924 29700
119700.0 16560 4.838074569508E10 2998651.47 2194183 3.22337093928102E12 2998651.47 78 7 225 10374 931 29925
120600.0 16524 4.869098745789E10 3021194.8 2210707 3.27206192673892E12 3021194.8 78 7 225 10452 938 30150
121500.0 16452 4.894676257489E10 3043738.12 2227159 3.32100868931381E12 3043738.12 78 7 225 10530 945 30375
122400.0 16452 4.931061345494E10 3066281.44 2243611 3.37031930276875E12 3066281.44 78 7 225 10608 952 30600
123300.0 16560 4.9841193189E10 3088824.76 2260171 3.42016049595775E12 3088824.76 78 7 225 10686 959 30825
124200.0 16524 5.014981090557E10 3111368.09 2276695 3.47031030686333E12 3111368.09 78 7 225 10764 966 31050
125100.0 16452 5.040233977524E10 3133911.41 2293147 3.52071264663857E12 3133911.41 78 7 225 10842 973 31275
126000.0 16452 5.076619065529E10 3156454.73 2309599 3.57147883729385E12 3156454.73 78 7 225 10920 980 31500
126900.0 16560 5.130163975585E10 3178998.04 2326159 3.6227804770497E12 3178998.04 78 7 225 10998 987 31725
127800.0 16524 5.160863434426E10 3201541.37 2342683 3.67438911139396E12 3201541.37 78 7 225 11076 994 31950
128700.0 16452 5.185791697558E10 3224084.69 2359135 3.72624702836954E12 3224084.69 78 7 225 11154 1001 32175
129600.0 16452 5.222176785563E10 3246628.01 2375587 3.77846879622517E12 3246628.01 78 7 225 11232 1008 32400
130500.0 16560 5.27620863227E10 3269171.33 2392147 3.83123088254787E12 3269171.33 78 7 225 11310 1015 32625
131400.0 16524 5.306745777394E10 3291714.66 2408671 3.88429834032181E12 3291714.66 78 7 225 11388 1022 32850
132300.0 16452 5.331349417593E10 3314257.98 2425123 3.93761183449774E12 3314257.98 78 7 225 11466 1029 33075
133200.0 16452 5.367734505598E10 3336801.3 2441575 3.99128917955372E12 3336801.3 78 7 225 11544 1036 33300
134100.0 16560 5.422253287155E10 3359344.62 2458135 4.04551171242527E12 3359344.62 78 7 225 11622 1043 33525
135000.0 16524 5.452628122162E10 3381887.95 2474659 4.10003799364689E12 3381887.95 78 7 225 11700 1050 33750
135900.0 16452 5.476907137628E10 3404431.27 2491111 4.15480706502316E12 3404431.27 78 7 225 11778 1057 33975
136800.0 16452 5.513292225632E10 3426974.59 2507563 4.20993998727948E12 3426974.59 78 7 225 11856 1064 34200
137700.0 16560 5.56829794204E10 3449517.91 2524123 4.26562296669988E12 3449517.91 78 7 225 11934 1071 34425
138600.0 16524 5.59851046513E10 3472061.23 2540647 4.32160807135118E12 3472061.23 78 7 225 12012 1078 34650
139500.0 16452 5.622464857662E10 3494604.55 2557099 4.3778327199278E12 3494604.55 78 7 225 12090 1085 34875
140400.0 16452 5.658849945667E10 3517147.87 2573551 4.43442121938447E12 3517147.87 78 7 225 12168 1092 35100
141300.0 16561 5.714342641808E10 3539691.19 2590112 4.49156464580255E12 3539691.19 78 7 225 12246 1099 35325
142200.0 16524 5.744393392981E10 3562234.95 2606636 4.54900857973236E12 3562234.95 78 7 225 12324 1106 35550
143100.0 16452 5.768023382622E10 3584778.41 2623088 4.60668881355858E12 3584778.41 78 7 225 12402 1113 35775
144000.0 16452 5.804408588078E10 3607321.73 2639540 4.66473289943935E12 3607321.73 78 7 225 12480 1120 36000
144900.0 16560 5.860388179971E10 3629865.05 2656100 4.72333678123906E12 3629865.05 78 7 225 12558 1127 36225
145800.0 16524 5.8902760773E10 3652408.38 2672624 4.78223954201206E12 3652408.38 78 7 225 12636 1134 36450
146700.0 16452 5.913581220108E10 3674951.7 2689076 4.84137535421314E12 3674951.7 78 7 225 12714 1141 36675
147600.0 16452 5.949966308112E10 3697495.02 2705528 4.90087501729426E12 3697495.02 78 7 225 12792 1148 36900
148500.0 16560 6.006432835756E10 3720038.34 2722088 4.96093934565182E12 3720038.34 78 7 225 12870 1155 37125
149400.0 16524 6.036158422068E10 3742581.67 2738612 5.0213009298725E12 3742581.67 78 7 225 12948 1162 37350
150300.0 16452 6.059138940142E10 3765124.99 2755064 5.08189231927392E12 3765124.99 78 7 225 13026 1169 37575
151200.0 16452 6.095524028147E10 3787668.31 2771516 5.14284755955539E12 3787668.31 78 7 225 13104 1176 37800
152100.0 16560 6.152477490641E10 3810211.63 2788076 5.2043723344618E12 3810211.63 78 7 225 13182 1183 38025
153000.0 16524 6.182040765041E10 3832754.95 2804600 5.26619274211221E12 3832754.95 78 7 225 13260 1190 38250
153900.0 16452 6.204696660182E10 3855298.27 2821052 5.32823970871403E12 3855298.27 78 7 225 13338 1197 38475
154800.0 16452 6.241081748187E10 3877841.59 2837504 5.3906505261959E12 3877841.59 78 7 225 13416 1204 38700
155700.0 16560 6.298522147332E10 3900384.91 2854064 5.45363574766922E12 3900384.91 78 7 225 13494 1211 38925
156600.0 16524 6.327923109815E10 3922928.24 2870588 5.51691497876736E12 3922928.24 78 7 225 13572 1218 39150
157500.0 16452 6.350254380217E10 3945471.56 2887040 5.58041752256953E12 3945471.56 78 7 225 13650 1225 39375
158400.0 16452 6.386639468221E10 3968014.88 2903492 5.64428391725174E12 3968014.88 78 7 225 13728 1232 39600
159300.0 16560 6.444582807741E10 3990558.2 2920052 5.70872974532915E12 3990558.2 78 7 225 13806 1239 39825
160200.0 16524 6.473805452783E10 4013101.53 2936576 5.77346779985698E12 4013101.53 78 7 225 13884 1246 40050
161100.0 16452 6.495812100251E10 4035644.85 2953028 5.83842592085949E12 4035644.85 78 7 225 13962 1253 40275
162000.0 16452 6.532197188256E10 4058188.17 2969480 5.90374789274205E12 4058188.17 78 7 225 14040 1260 40500
162900.0 16560 6.590611458001E10 4080731.49 2986040 5.96965400732206E12 4080731.49 78 7 225 14118 1267 40725
163800.0 16524 6.619688624698E10 4103274.82 3002564 6.03585089356904E12 4103274.82 78 7 225 14196 1274 40950
164700.0 16452 6.641369820275E10 4125818.14 3019016 6.10226459177179E12 4125818.14 78 7 225 14274 1281 41175
165600.0 16452 6.677755273458E10 4148361.87 3035468 6.16904214450637E12 4148361.87 78 7 225 14352 1288 41400
166500.0 16560 6.736672875572E10 4170905.34 3052028 6.23640887326209E12 4170905.34 78 7 225 14430 1295 41625
167400.0 16524 6.765571065577E10 4193448.67 3068552 6.30406458391787E12 4193448.67 78 7 225 14508 1302 41850
168300.0 16452 6.786928462422E10 4215991.99 3085004 6.37193386854209E12 4215991.99 78 7 225 14586 1309 42075
169200.0 16452 6.823313550427E10 4238535.31 3101456 6.44016700404636E12 4238535.31 78 7 225 14664 1316 42300
170100.0 16560 6.882701694758E10 4261078.63 3118016 6.50899402099394E12 4261078.63 78 7 225 14742 1323 42525
171000.0 16524 6.911454235694E10 4283621.96 3134540 6.57810856335088E12 4283621.96 78 7 225 14820 1330 42750
171900.0 16452 6.932486182447E10 4306165.28 3150992 6.64743342517535E12 4306165.28 78 7 225 14898 1337 42975
172800.0 16452 6.968871270452E10 4328708.6 3167444 6.71712213787987E12 4328708.6 78 7 225 14976 1344 43200
173700.0 16560 7.028746350534E10 4351251.92 3184004 6.78740960138521E12 4351251.92 78 7 225 15054 1351 43425
174600.0 16524 7.057335753294E10 4373795.25 3200528 6.85798295891816E12 4373795.25 78 7 225 15132 1358 43650
175500.0 16452 7.078043902472E10 4396338.57 3216980 6.92876339794288E12 4396338.57 78 7 225 15210 1365 43875
176400.0 16452 7.114428990477E10 4418881.89 3233432 6.99990768784765E12 4418881.89 78 7 225 15288 1372 44100
177300.0 16560 7.174791007209E10 4441425.21 3249992 7.07165559791974E12 4441425.21 78 7 225 15366 1379 44325
178200.0 16524 7.203218097153E10 4463968.54 3266516 7.14368777889127E12 4463968.54 78 7 225 15444 1386 44550
179100.0 16452 7.223601622497E10 4486511.86 3282968 7.21592379511625E12 4486511.86 78 7 225 15522 1393 44775
180000.0 16452 7.259986710502E10 4509055.17 3299420 7.28852366222127E12 4509055.17 78 7 225 15600 1400 45000
180900.0 16560 7.320835663884E10 4531598.49 3315980 7.36173201886011E12 4531598.49 78 7 225 15678 1407 45225
181800.0 16524 7.349100441006E10 4554141.82 3332504 7.43522302327018E12 4554141.82 78 7 225 15756 1414 45450
182700.0 16452 7.369159342517E10 4576685.14 3348956 7.50891461669534E12 4576685.14 78 7 225 15834 1421 45675
183600.0 16452 7.405544430522E10 4599228.46 3365408 7.58297006100056E12 4599228.46 78 7 225 15912 1428 45900
184500.0 16560 7.466880316954E10 4621771.78 3381968 7.65763886417011E12 4621771.78 78 7 225 15990 1435 46125
185400.0 16524 7.494982784859E10 4644315.11 3398492 7.7325886920187E12 4644315.11 78 7 225 16068 1442 46350
186300.0 16452 7.514717062537E10 4666858.43 3414944 7.80773586264407E12 4666858.43 78 7 225 16146 1449 46575
187200.0 16452 7.551102150542E10 4689401.75 3431396 7.88324688414948E12 4689401.75 78 7 225 16224 1456 46800
188100.0 16560 7.612924975424E10 4711945.07 3447956 7.95937613390373E12 4711945.07 78 7 225 16302 1463 47025
189000.0 16524 7.640865690678E10 4734488.78 3464480 8.03578479081051E12 4734488.78 78 7 225 16380 1470 47250
189900.0 16452 7.660275550316E10 4757032.28 3480932 8.11238754631367E12 4757032.28 78 7 225 16458 1477 47475
190800.0 16452 7.696660792534E10 4779575.61 3497384 8.18935415423901E12 4779575.61 78 7 225 16536 1484 47700
191700.0 16560 7.758970555352E10 4802118.93 3513944 8.26694385979253E12 4802118.93 78 7 225 16614 1491 47925
192600.0 16524 7.786748396595E10 4824662.25 3530468 8.34481134375848E12 4824662.25 78 7 225 16692 1498 48150
193500.0 16453 7.805833424549E10 4847205.57 3546921 8.42286967800397E12 4847205.57 78 7 225 16770 1505 48375
194400.0 16452 7.842218512554E10 4869748.89 3563373 8.50129186312951E12 4869748.89 78 7 225 16848 1512 48600
195300.0 16560 7.905015210222E10 4892292.21 3579933 8.58034201523173E12 4892292.21 78 7 225 16926 1519 48825
196200.0 16524 7.932630740448E10 4914835.54 3596457 8.65966832263621E12 4914835.54 78 7 225 17004 1526 49050
197100.0 16452 7.951391144569E10 4937378.86 3612909 8.7391822340819E12 4937378.86 78 7 225 17082 1533 49275
198000.0 16452 7.987776232574E10 4959922.18 3629361 8.81905999640763E12 4959922.18 78 7 225 17160 1540 49500
198900.0 16560 8.051059866892E10 4982465.5 3645921 8.89957059507655E12 4982465.5 78 7 225 17238 1547 49725
199800.0 16524 8.078513084301E10 5005008.83 3662445 8.98035572591956E12 5005008.83 78 7 225 17316 1554 49950
200700.0 16452 8.096948864588E10 5027552.15 3678897 9.06132521456544E12 5027552.15 78 7 225 17394 1561 50175
201600.0 16452 8.133333952593E10 5050095.47 3695349 9.14265855409138E12 5050095.47 78 7 225 17472 1568 50400
202500.0 16560 8.197104523561E10 5072638.79 3711909 9.22462959932699E12 5072638.79 78 7 225 17550 1575 50625
203400.0 16524 8.224395428155E10 5095182.12 3728433 9.30687355360854E12 5095182.12 78 7 225 17628 1582 50850
204300.0 16452 8.242506584608E10 5117725.44 3744885 9.38929861945462E12 5117725.44 78 7 225 17706 1589 51075
205200.0 16452 8.278891672613E10 5140268.76 3761337 9.47208753618075E12 5140268.76 78 7 225 17784 1596 51300
206100.0 16560 8.343149176631E10 5162812.07 3777897 9.55551902794706E12 5162812.07 78 7 225 17862 1603 51525
207000.0 16524 8.370277771997E10 5185355.4 3794421 9.63922180566704E12 5185355.4 78 7 225 17940 1610 51750
207900.0 16452 8.388064304617E10 5207898.72 3810873 9.7231024487132E12 5207898.72 78 7 225 18018 1617 51975
208800.0 16452 8.424449392622E10 5230442.04 3827325 9.80734694263942E12 5230442.04 78 7 225 18096 1624 52200
209700.0 16560 8.48919383509E10 5252985.36 3843885 9.89223888099032E12 5252985.36 78 7 225 18174 1631 52425
210600.0 16524 8.516160115829E10 5275528.69 3860409 9.97740048214861E12 5275528.69 78 7 225 18252 1638 52650
211500.0 16458 8.53362210626E10 5298072.01 3876867 1.00627367032112E13 5298072.01 78 7 225 18330 1645 52875
212400.0 16454 8.570007456339E10 5320615.69 3893321 1.01484367777746E13 5320615.69 78 7 225 18408 1652 53100
213300.0 16560 8.635239244097E10 5343159.22 3909881 1.023478917021557E13 5343159.22 78 7 225 18486 1659 53325
214200.0 16524 8.662043383758E10 5365702.55 3926405 1.032140960405315E13 5365702.55 78 7 225 18564 1666 53550
215100.0 16452 8.679180666654E10 5388245.87 3942857 1.04082014107197E13 5388245.87 78 7 225 18642 1673 53775
216000.0 16452 8.715565754659E10 5410789.19 3959309 1.049535706826629E13 5410789.19 78 7 225 18720 1680 54000
216900.0 16560 8.781284071713E10 5433332.51 3975869 1.058316990898342E13 5433332.51 78 7 225 18798 1687 54225
217800.0 16524 8.80792572759E10 5455875.84 3992393 1.067124916625931E13 5455875.84 78 7 225 18876 1694 54450
218700.0 16452 8.824738386652E10 5478419.16 4008845 1.075949655012584E13 5478419.16 78 7 225 18954 1701 54675
219600.0 16452 8.861123474658E10 5500962.47 4025297 1.084810778487241E13 5500962.47 78 7 225 19032 1708 54900
220500.0 16560 8.927328725661E10 5523505.79 4041857 1.093738107212902E13 5523505.79 78 7 225 19110 1715 55125
221400.0 16524 8.953808071421E10 5546049.12 4058381 1.102691915284324E13 5546049.12 78 7 225 19188 1722 55350
222300.0 16452 8.970296106645E10 5568592.44 4074833 1.111662211390969E13 5568592.44 78 7 225 19266 1729 55575
223200.0 16452 9.00668119465E10 5591135.76 4091285 1.120668892585619E13 5591135.76 78 7 225 19344 1736 55800
224100.0 16560 9.073373382304E10 5613679.08 4107845 1.129742265967923E13 5613679.08 78 7 225 19422 1743 56025
225000.0 16524 9.099690415247E10 5636222.41 4124369 1.13884195638317E13 5636222.41 78 7 225 19500 1750 56250
225900.0 16452 9.115853826638E10 5658765.73 4140821 1.147957810209808E13 5658765.73 78 7 225 19578 1757 56475
226800.0 16452 9.152238914643E10 5681309.05 4157273 1.157110049124451E13 5681309.05 78 7 225 19656 1764 56700
227700.0 16560 9.219418037147E10 5703852.37 4173833 1.166329467161598E13 5703852.37 78 7 225 19734 1771 56925
228600.0 16524 9.245572759073E10 5726395.7 4190357 1.175575039920671E13 5726395.7 78 7 225 19812 1778 57150
229500.0 16452 9.26141154663E10 5748939.02 4206809 1.184836451467301E13 5748939.02 78 7 225 19890 1785 57375
230400.0 16452 9.297796634635E10 5771482.34 4223261 1.194134248101937E13 5771482.34 78 7 225 19968 1792 57600
231300.0 16560 9.36546269379E10 5794025.66 4239821 1.203499710795727E13 5794025.66 78 7 225 20046 1799 57825
232200.0 16524 9.391455102899E10 5816568.98 4256345 1.212891165898626E13 5816568.98 78 7 225 20124 1806 58050
233100.0 16452 9.406969266623E10 5839112.3 4272797 1.222298135165249E13 5839112.3 78 7 225 20202 1813 58275
234000.0 16452 9.443354354628E10 5861655.62 4289249 1.231741489519877E13 5861655.62 78 7 225 20280 1820 58500
234900.0 16561 9.511507366716E10 5884198.94 4305810 1.241252996886593E13 5884198.94 78 7 225 20358 1827 58725
235800.0 16524 9.537337949997E10 5906742.61 4322334 1.25079033483659E13 5906742.61 78 7 225 20436 1834 58950
236700.0 16452 9.552527720047E10 5929286.16 4338786 1.260342862556637E13 5929286.16 78 7 225 20514 1841 59175
237600.0 16452 9.58891299686E10 5951829.48 4355238 1.269931775553498E13 5951829.48 78 7 225 20592 1848 59400
238500.0 16560 9.6575529306E10 5974372.8 4371798 1.279589328484098E13 5974372.8 78 7 225 20670 1855 59625
239400.0 16524 9.683220714848E10 5996916.13 4388322 1.289272549198946E13 5996916.13 78 7 225 20748 1862 59850
240300.0 16452 9.698085628848E10 6019459.45 4404774 1.298970634827794E13 6019459.45 78 7 225 20826 1869 60075
241200.0 16452 9.734470716853E10 6042002.77 4421226 1.308705105544647E13 6042002.77 78 7 225 20904 1876 60300
242100.0 16560 9.803597585443E10 6064546.09 4437786 1.31850870313009E13 6064546.09 78 7 225 20982 1883 60525
243000.0 16524 9.829103058674E10 6087089.42 4454310 1.328337806188764E13 6087089.42 78 7 225 21060 1890 60750
243900.0 16452 9.843643348841E10 6109632.74 4470762 1.338181449537604E13 6109632.74 78 7 225 21138 1897 60975
244800.0 16452 9.880028436846E10 6132176.06 4487214 1.34806147797445E13 6132176.06 78 7 225 21216 1904 61200
245700.0 16560 9.949642242086E10 6154719.37 4503774 1.358011120216536E13 6154719.37 78 7 225 21294 1911 61425
246600.0 16524 9.9749854025E10 6177262.7 4520298 1.367986105619036E13 6177262.7 78 7 225 21372 1918 61650
247500.0 16452 9.989201068833E10 6199806.02 4536750 1.377975306687869E13 6199806.02 78 7 225 21450 1925 61875
248400.0 16452 1.0025586156838E11 6222349.34 4553202 1.388000892844707E13 6222349.34 78 7 225 21528 1932 62100
249300.0 16560 1.0095686897825E11 6244892.66 4569762 1.398096579742532E13 6244892.66 78 7 225 21606 1939 62325
250200.0 16524 1.0120867746321E11 6267435.99 4586286 1.408217447488853E13 6267435.99 78 7 225 21684 1946 62550
251100.0 16452 1.013475878882E11 6289979.31 4602738 1.418352206277673E13 6289979.31 78 7 225 21762 1953 62775
252000.0 16452 1.0171143876826E11 6312522.63 4619190 1.428523350154499E13 6312522.63 78 7 225 21840 1960 63000
252900.0 16560 1.0241731552662E11 6335065.95 4635750 1.43876508170716E13 6335065.95 78 7 225 21918 1967 63225
253800.0 16524 1.0266750090147E11 6357609.28 4652274 1.449031831797308E13 6357609.28 78 7 225 21996 1974 63450
254700.0 16452 1.0280316508813E11 6380152.6 4668726 1.459312148306121E13 6380152.6 78 7 225 22074 1981 63675
255600.0 16452 1.0316701596818E11 6402695.92 4685178 1.469628849902939E13 6402695.92 78 7 225 22152 1988 63900
256500.0 16560 1.0387776209305E11 6425239.24 4701738 1.480016626112244E13 6425239.24 78 7 225 22230 1995 64125
257400.0 16524 1.0412632433973E11 6447782.56 4718262 1.490429258546217E13 6447782.56 78 7 225 22308 2002 64350
258300.0 16452 1.0425874228806E11 6470325.88 4734714 1.500855132775022E13 6470325.88 78 7 225 22386 2009 64575
259200.0 16452 1.04622596093E11 6492869.53 4751166 1.511317392384323E13 6492869.53 78 7 225 22464 2016 64800
260100.0 16560 1.0533821575295E11 6515413.09 4767726 1.521851213959618E13 6515413.09 78 7 225 22542 2023 65025
261000.0 16524 1.0558515702596E11 6537956.42 4784250 1.532409729662213E13 6537956.42 78 7 225 22620 2030 65250
261900.0 16452 1.0571432871536E11 6560499.74 4800702 1.54298116253375E13 6560499.74 78 7 225 22698 2037 65475
262800.0 16452 1.0607817959541E11 6583043.06 4817154 1.553588980493291E13 6583043.06 78 7 225 22776 2044 65700
263700.0 16560 1.0679882452144E11 6605586.38 4833714 1.564268862945435E13 6605586.38 78 7 225 22854 2051 65925
264600.0 16524 1.0704398046416E11 6628129.71 4850238 1.574973260991851E13 6628129.71 78 7 225 22932 2058 66150
265500.0 16452 1.0716990591524E11 6650673.03 4866690 1.585690251583375E13 6650673.03 78 7 225 23010 2065 66375
266400.0 16452 1.0753375679529E11 6673216.35 4883142 1.596443627262903E13 6673216.35 78 7 225 23088 2072 66600
267300.0 16560 1.0825911101453E11 6695759.67 4899702 1.607269538364356E13 6695759.67 78 7 225 23166 2079 66825
268200.0 16524 1.085028121741E11 6718303.0 4916226 1.618119819581766E13 6718303.0 78 7 225 23244 2086 67050
269100.0 16452 1.0862548311527E11 6740846.32 4932678 1.628982367893293E13 6740846.32 78 7 225 23322 2093 67275
270000.0 16452 1.0898933399532E11 6763389.64 4949130 1.639881301292825E13 6763389.64 78 7 225 23400 2100 67500
270900.0 16560 1.0971971764535E11 6785932.96 4965690 1.65085327305736E13 6785932.96 78 7 225 23478 2107 67725
271800.0 16524 1.0996162733189E11 6808476.28 4982214 1.66184943579055E13 6808476.28 78 7 225 23556 2114 67950
272700.0 16452 1.100810603153E11 6831019.6 4998666 1.67285754182208E13 6831019.6 78 7 225 23634 2121 68175
273600.0 16452 1.1044491119536E11 6853562.92 5015118 1.683902032941616E13 6853562.92 78 7 225 23712 2128 68400
274500.0 16560 1.111800041206E11 6876106.24 5031678 1.695020033353676E13 6876106.24 78 7 225 23790 2135 68625
275400.0 16524 1.1142045905084E11 6898649.57 5048202 1.70616207925876E13 6898649.57 78 7 225 23868 2142 68850
276300.0 16452 1.1153663751534E11 6921192.89 5064654 1.717315743010294E13 6921192.89 78 7 225 23946 2149 69075
277200.0 16452 1.1190048839539E11 6943736.21 5081106 1.728505791849833E13 6943736.21 78 7 225 24024 2156 69300
278100.0 16560 1.1264045070514E11 6966279.53 5097666 1.739769836920347E13 6966279.53 78 7 225 24102 2163 69525
279000.0 16524 1.1287927420863E11 6988822.86 5114190 1.75105776434121E13 6988822.86 78 7 225 24180 2170 69750
279900.0 16452 1.1299221471537E11 7011366.18 5130642 1.762356985812747E13 7011366.18 78 7 225 24258 2177 69975
280800.0 16452 1.1335606559542E11 7033909.5 5147094 1.77369259237229E13 7033909.5 78 7 225 24336 2184 70200
281700.0 16560 1.1410105729996E11 7056452.82 5163654 1.785102698102286E13 7056452.82 78 7 225 24414 2191 70425
282600.0 16524 1.1433810050464E11 7078996.43 5180178 1.79653650815275E13 7078996.43 78 7 225 24492 2198 70650
283500.0 16452 1.1444779883317E11 7101540.03 5196630 1.807981288036066E13 7101540.03 78 7 225 24570 2205 70875
284400.0 16452 1.1481165202026E11 7124083.36 5213082 1.819462453238092E13 7124083.36 78 7 225 24648 2212 71100
285300.0 16560 1.1556135306687E11 7146626.68 5229642 1.831018588544779E13 7146626.68 78 7 225 24726 2219 71325
286200.0 16524 1.1579693860237E11 7169170.0 5246166 1.842598282405016E13 7169170.0 78 7 225 24804 2226 71550
287100.0 16452 1.1590337834029E11 7191713.32 5262618 1.854188620239045E13 7191713.32 78 7 225 24882 2233 71775
288000.0 16452 1.1626722922034E11 7214256.64 5279070 1.86581534316108E13 7214256.64 78 7 225 24960 2240 72000
288900.0 16560 1.1702195968875E11 7236799.96 5295630 1.877517539129954E13 7236799.96 78 7 225 25038 2247 72225
289800.0 16524 1.1725575377827E11 7259343.29 5312154 1.889243114507782E13 7259343.29 78 7 225 25116 2254 72450
290700.0 16452 1.1735895554044E11 7281886.61 5328606 1.900979010061825E13 7281886.61 78 7 225 25194 2261 72675
291600.0 16452 1.1772280642049E11 7304429.93 5345058 1.912751290703874E13 7304429.93 78 7 225 25272 2268 72900
292500.0 16560 1.184822461821E11 7326973.25 5361618 1.924599515322084E13 7326973.25 78 7 225 25350 2275 73125
293400.0 16524 1.1871458548833E11 7349516.58 5378142 1.936470973870917E13 7349516.58 78 7 225 25428 2282 73350
294300.0 16452 1.1881453274058E11 7372059.9 5394594 1.948352427144975E13 7372059.9 78 7 225 25506 2289 73575
295200.0 16452 1.1917838362063E11 7394603.22 5411046 1.960270265507038E13 7394603.22 78 7 225 25584 2296 73800
296100.0 16560 1.1994269273075E11 7417146.54 5427606 1.972264534780113E13 7417146.54 78 7 225 25662 2303 74025
297000.0 16524 1.2017340064623E11 7439689.87 5444130 1.984281874844736E13 7439689.87 78 7 225 25740 2310 74250
297900.0 16452 1.2027010994072E11 7462233.19 5460582 1.996308885838808E13 7462233.19 78 7 225 25818 2317 74475
298800.0 16452 1.2063396082077E11 7484776.5 5477034 2.008372281920885E13 7484776.5 78 7 225 25896 2324 74700
299700.0 16560 1.2140313929739E11 7507319.82 5493594 2.020512595850625E13 7507319.82 78 7 225 25974 2331 74925
300600.0 16524 1.216322240937E11 7529863.15 5510118 2.032675818259995E13 7529863.15 78 7 225 26052 2338 75150
301500.0 16452 1.2172568714086E11 7552406.47 5526570 2.044848386974082E13 7552406.47 78 7 225 26130 2345 75375
302400.0 16452 1.2208953802091E11 7574949.79 5543022 2.057057340776173E13 7574949.79 78 7 225 26208 2352 75600
303300.0 16560 1.2286358583708E11 7597493.11 5559582 2.069343699359881E13 7597493.11 78 7 225 26286 2359 75825
304200.0 16524 1.2309104752324E11 7620036.44 5576106 2.081652804112205E13 7620036.44 78 7 225 26364 2366 76050
305100.0 16458 1.2318126436778E11 7642579.76 5592564 2.093970930548983E13 7642579.76 78 7 225 26442 2373 76275
306000.0 16455 1.2354511728066E11 7665123.34 5609019 2.106325442277048E13 7665123.34 78 7 225 26520 2380 76500
306900.0 16560 1.2432403907505E11 7687666.96 5625579 2.118757846184553E13 7687666.96 78 7 225 26598 2387 76725
307800.0 16524 1.2454988021409E11 7710210.3 5642103 2.131212834205962E13 7710210.3 78 7 225 26676 2394 76950
308700.0 16452 1.2463685076401E11 7732753.62 5658555 2.143676519282363E13 7732753.62 78 7 225 26754 2401 77175
309600.0 16452 1.2500070164406E11 7755296.94 5675007 2.156176589446769E13 7755296.94 78 7 225 26832 2408 77400
310500.0 16560 1.2578448822387E11 7777840.26 5691567 2.168755038269156E13 7777840.26 78 7 225 26910 2415 77625
311400.0 16524 1.2600870364373E11 7800383.59 5708091 2.181355908633528E13 7800383.59 78 7 225 26988 2422 77850
312300.0 16452 1.2609242796431E11 7822926.91 5724543 2.19396515142996E13 7822926.91 78 7 225 27066 2429 78075
313200.0 16452 1.2645627884436E11 7845470.22 5740995 2.206610779314396E13 7845470.22 78 7 225 27144 2436 78300
314100.0 16560 1.2724493476368E11 7868013.54 5757555 2.219335272790764E13 7868013.54 78 7 225 27222 2443 78525
315000.0 16524 1.2746752709137E11 7890556.87 5774079 2.2320820254999E13 7890556.87 78 7 225 27300 2450 78750
315900.0 16452 1.2754800516462E11 7913100.19 5790531 2.244836826016362E13 7913100.19 78 7 225 27378 2457 78975
316800.0 16452 1.2791185604467E11 7935643.51 5806983 2.257628011620829E13 7935643.51 78 7 225 27456 2464 79200
317700.0 16560 1.2870538133948E11 7958186.83 5823543 2.270498549754778E13 7958186.83 78 7 225 27534 2471 79425
318600.0 16524 1.2892635879264E11 7980730.16 5840067 2.283391185634041E13 7980730.16 78 7 225 27612 2478 79650
319500.0 16452 1.2900358236498E11 8003273.48 5856519 2.296291543870539E13 8003273.48 78 7 225 27690 2485 79875
320400.0 16452 1.2936743324503E11 8025816.8 5872971 2.309228287195042E13 8025816.8 78 7 225 27768 2492 80100
321300.0 16560 1.3016582787935E11 8048360.12 5889531 2.322244869982977E13 8048360.12 78 7 225 27846 2499 80325
322200.0 16524 1.3038517396876E11 8070903.45 5906055 2.335283387379852E13 8070903.45 78 7 225 27924 2506 80550
323100.0 16452 1.3045915956534E11 8093446.77 5922507 2.348329303336386E13 8093446.77 78 7 225 28002 2513 80775
324000.0 16452 1.3082301044539E11 8115990.09 5938959 2.361411604380924E13 8115990.09 78 7 225 28080 2520 81000
324900.0 16560 1.3162627445521E11 8138533.41 5955519 2.374574231826445E13 8138533.41 78 7 225 28158 2527 81225
325800.0 16524 1.3184399739851E11 8161076.73 5972043 2.387758631566296E13 8161076.73 78 7 225 28236 2534 81450
326700.0 16452 1.3191473676575E11 8183620.05 5988495 2.40095010524287E13 8183620.05 78 7 225 28314 2541 81675
327600.0 16452 1.322785876458E11 8206163.37 6004947 2.41417796400745E13 8206163.37 78 7 225 28392 2548 81900
328500.0 16561 1.3308672099368E11 8228706.69 6021508 2.427486636106818E13 8228706.69 78 7 225 28470 2555 82125
329400.0 16524 1.333028224466E11 8251250.25 6038032 2.440816918351478E13 8251250.25 78 7 225 28548 2562 82350
330300.0 16452 1.3337032037157E11 8273793.91 6054484 2.454153950388635E13 8273793.91 78 7 225 28626 2569 82575
331200.0 16452 1.3373417407626E11 8296337.23 6070936 2.467527367796261E13 8296337.23 78 7 225 28704 2576 82800
332100.0 16560 1.3454733688766E11 8318880.55 6087496 2.480982101485027E13 8318880.55 78 7 225 28782 2583 83025
333000.0 16524 1.3476166179868E11 8341423.88 6104020 2.494458267664895E13 8341423.88 78 7 225 28860 2590 83250
333900.0 16452 1.3482590039732E11 8363967.2 6120472 2.507940857704627E13 8363967.2 78 7 225 28938 2597 83475
334800.0 16452 1.351897512776E11 8386510.52 6136924 2.521459832832386E13 8386510.52 78 7 225 29016 2604 83700
335700.0 16560 1.3600762338205E11 8409053.84 6153484 2.535060595170591E13 8409053.84 78 7 225 29094 2611 83925
336600.0 16524 1.3622047697578E11 8431597.17 6170008 2.548682642868168E13 8431597.17 78 7 225 29172 2618 84150
337500.0 16452 1.3628147759866E11 8454140.49 6186460 2.562310790628034E13 8454140.49 78 7 225 29250 2625 84375
338400.0 16452 1.3664532847894E11 8476683.81 6202912 2.575975323475928E13 8476683.81 78 7 225 29328 2632 84600
339300.0 16560 1.3746806993189E11 8499227.13 6219472 2.589722130469117E13 8499227.13 78 7 225 29406 2639 84825
340200.0 16524 1.3767930866908E11 8521770.45 6235996 2.603490061336025E13 8521770.45 78 7 225 29484 2646 85050
341100.0 16452 1.3773705480005E11 8544313.77 6252448 2.61726376681603E13 8544313.77 78 7 225 29562 2653 85275
342000.0 16452 1.3810090568033E11 8566857.09 6268900 2.631073857384063E13 8566857.09 78 7 225 29640 2660 85500
342900.0 16560 1.3892867657325E11 8589400.41 6285460 2.644966725041389E13 8589400.41 78 7 225 29718 2667 85725
343800.0 16524 1.3913812385524E11 8611943.74 6301984 2.658880537426913E13 8611943.74 78 7 225 29796 2674 85950
344700.0 16452 1.3919263200144E11 8634487.06 6318436 2.672799800627057E13 8634487.06 78 7 225 29874 2681 86175
345600.0 16452 1.3955648288172E11 8657030.38 6334888 2.686755448915229E13 8657030.38 78 7 225 29952 2688 86400

