# seed = 1, gamma = 0.75, beta = 0.75, dee = 10.0, dcc = 50.0, dec = 150.0, dsc = 200.0, dLocalhost = 0.015, hostBroker = CLOUD, numOfCloud = 1, numOfEdge = 1, numOfSmartphone = 225 
#
# The columns have the following meaning: 
# instant[SECONDS] delayCountPartial delaySumPartial[SECONDS] delayMaxPartial[SECONDS] delayCountTot delaySumTot[SECONDS] delayMaxTot[SECONDS] runOnCloudPartial runOnEdgePartial runOnSmartphonePartial runOnCloudTot runOnEdgeTot runOnSmartphoneTot
0.0 0 0.0 0.0 0 0.0 0.0 0 0 0 0 0 0
900.0 16561 1.922708198E7 2422.5 16561 1.922708198E7 2422.5 78 7 225 78 7 225
1800.0 16524 4.553874857E7 4053.66 33085 6.476583055E7 4053.66 78 7 225 156 14 450
2700.0 16460 7.178889839E7 5684.58 49545 1.3655472894E8 5684.58 78 7 225 234 21 675
3600.0 16452 9.811660883E7 7316.06 65997 2.3467133777E8 7316.06 78 7 225 312 28 900
4500.0 16560 1.2491782618E8 8946.99 82557 3.5958916395E8 8946.99 78 7 225 390 35 1125
5400.0 16525 1.5109066849E8 10577.92 99082 5.1067983245E8 10577.92 78 7 225 468 42 1350
6300.0 16452 1.7710827476E8 12209.41 115534 6.877881072E8 12209.41 78 7 225 546 49 1575
7200.0 16452 2.0343575526E8 13840.33 131986 8.9122386246E8 13840.33 78 7 225 624 56 1800
8100.0 16560 2.3056755852E8 15471.25 148546 1.12179142098E9 15471.25 78 7 225 702 63 2025
9000.0 16524 2.5664405163E8 17102.75 165070 1.37843547261E9 17102.75 78 7 225 780 70 2250
9900.0 16452 2.8242742432E8 18733.68 181522 1.66086289693E9 18733.68 78 7 225 858 77 2475
10800.0 16452 3.0875038282E8 20364.6 197974 1.96961327974E9 20364.6 78 7 225 936 84 2700
11700.0 16560 3.3625649104E8 21996.08 214534 2.30586977078E9 21996.08 78 7 225 1014 91 2925
12600.0 16524 3.6219896218E8 23627.02 231058 2.66806873296E9 23627.02 78 7 225 1092 98 3150
13500.0 16461 3.8774225731E8 25257.96 247519 3.05581099027E9 25257.96 78 7 225 1170 105 3375
14400.0 16452 4.140699095E8 26889.42 263971 3.46988089977E9 26889.42 78 7 225 1248 112 3600
15300.0 16561 4.4191071963E8 28520.35 280532 3.91179161939E9 28520.35 78 7 225 1326 119 3825
16200.0 16524 4.67752338E8 30151.84 297056 4.37954395739E9 30151.84 78 7 225 1404 126 4050
17100.0 16452 4.9306594321E8 31782.77 313508 4.8726099006E9 31782.77 78 7 225 1482 133 4275
18000.0 16452 5.193889017E8 33413.69 329960 5.3919988023E9 33413.69 78 7 225 1560 140 4500
18900.0 16560 5.4758242613E8 35045.18 346520 5.93958122843E9 35045.18 78 7 225 1638 147 4725
19800.0 16524 5.7330636417E8 36676.11 363044 6.51288759259E9 36676.11 78 7 225 1716 154 4950
20700.0 16452 5.9838057077E8 38307.03 379496 7.11126816336E9 38307.03 78 7 225 1794 161 5175
21600.0 16453 6.2470828121E8 39938.52 395949 7.73597644457E9 39938.52 78 7 225 1872 168 5400
22500.0 16560 6.5325388807E8 41569.45 412509 8.38923033265E9 41569.45 78 7 225 1950 175 5625
23400.0 16532 6.7885587414E8 43200.38 429041 9.06808620679E9 43200.38 78 7 225 2028 182 5850
24300.0 16452 7.0369994741E8 44831.86 445493 9.77178615419E9 44831.86 78 7 225 2106 189 6075
25200.0 16452 7.300274279E8 46462.79 461945 1.05018135821E10 46462.79 78 7 225 2184 196 6300
26100.0 16561 7.5893808482E8 48093.71 478506 1.126075166692E10 48093.71 78 7 225 2262 203 6525
27000.0 16524 7.8441013299E8 49725.2 495030 1.204516179991E10 49725.2 78 7 225 2340 210 6750
27900.0 16452 8.0901909729E8 51356.13 511482 1.28541808972E10 51356.13 78 7 225 2418 217 6975
28800.0 16452 8.353465387E8 52987.61 527934 1.36895274359E10 52987.61 78 7 225 2496 224 7200
29700.0 16560 8.6459708263E8 54618.54 544494 1.455412451853E10 54618.54 78 7 225 2574 231 7425
30600.0 16524 8.8996415965E8 56249.47 561018 1.544408867818E10 56249.47 78 7 225 2652 238 7650
31500.0 16452 9.1433847442E8 57880.96 577470 1.63584271526E10 57880.96 78 7 225 2730 245 7875
32400.0 16452 9.4066595492E8 59511.89 593922 1.729909310752E10 59511.89 78 7 225 2808 252 8100
33300.0 16569 9.7026401306E8 61142.81 610491 1.826935712058E10 61142.81 78 7 225 2886 259 8325
34200.0 16524 9.9551842772E8 62774.3 627015 1.926487554829E10 62774.3 78 7 225 2964 266 8550
35100.0 16452 1.01965762452E9 64405.23 643467 2.028453317282E10 64405.23 78 7 225 3042 273 8775
36000.0 16453 1.04598058302E9 66036.15 659920 2.133051375584E10 66036.15 78 7 225 3120 280 9000
36900.0 16560 1.07593572005E9 67667.63 676480 2.240644947589E10 67667.63 78 7 225 3198 287 9225
37800.0 16524 1.10107246348E9 69298.57 693004 2.350752193937E10 69298.57 78 7 225 3276 294 9450
38700.0 16452 1.12497225273E9 70929.49 709456 2.46324941921E10 70929.49 78 7 225 3354 301 9675
39600.0 16452 1.15129996318E9 72560.97 725908 2.578379415528E10 72560.97 78 7 225 3432 308 9900
40500.0 16560 1.1816071917E9 74191.9 742468 2.696540134698E10 74191.9 78 7 225 3510 315 10125
41400.0 16525 1.20662467473E9 75823.18 758993 2.817202602171E10 75823.18 78 7 225 3588 322 10350
42300.0 16452 1.2302946164E9 77454.32 775445 2.94023206381E10 77454.32 78 7 225 3666 329 10575
43200.0 16460 1.25661906017E9 79085.24 791905 3.065893969828E10 79085.24 78 7 225 3744 336 10800
44100.0 16560 1.28727883929E9 80716.73 808465 3.194621853757E10 80716.73 78 7 225 3822 343 11025
45000.0 16524 1.31218070803E9 82347.66 824989 3.325839924559E10 82347.66 78 7 225 3900 350 11250
45900.0 16453 1.33561072994E9 83978.58 841442 3.459400997553E10 83978.58 78 7 225 3978 357 11475
46800.0 16452 1.36193844039E9 85610.07 857894 3.595594841592E10 85610.07 78 7 225 4056 364 11700
47700.0 16560 1.39296757001E9 87241.0 874454 3.734891598594E10 87241.0 78 7 225 4134 371 11925
48600.0 16524 1.41773020081E9 88871.93 890978 3.876664618674E10 88871.93 78 7 225 4212 378 12150
49500.0 16452 1.44093010739E9 90503.41 907430 4.020757629413E10 90503.41 78 7 225 4290 385 12375
50400.0 16452 1.46725758788E9 92134.34 923882 4.167483388201E10 92134.34 78 7 225 4368 392 12600
51300.0 16561 1.49861725847E9 93765.26 940443 4.317345114048E10 93765.26 78 7 225 4446 399 12825
52200.0 16524 1.52328446914E9 95396.75 956967 4.469673560962E10 95396.75 78 7 225 4524 406 13050
53100.0 16452 1.54624925775E9 97027.68 973419 4.624298486736E10 97027.68 78 7 225 4602 413 13275
54000.0 16460 1.57257246196E9 98658.63 989879 4.781555732932E10 98658.63 78 7 225 4680 420 13500
54900.0 16560 1.6042892252E9 100290.09 1006439 4.941984655452E10 100290.09 78 7 225 4758 427 13725
55800.0 16525 1.62883849436E9 101921.02 1022964 5.104868504888E10 101921.02 78 7 225 4836 434 13950
56700.0 16452 1.65156862446E9 103552.51 1039416 5.270025367334E10 103552.51 78 7 225 4914 441 14175
57600.0 16452 1.67789610496E9 105183.44 1055868 5.43781497783E10 105183.44 78 7 225 4992 448 14400
58500.0 16560 1.70996042676E9 106814.35 1072428 5.608811020506E10 106814.35 78 7 225 5070 455 14625
59400.0 16524 1.73439275363E9 108445.85 1088952 5.782250295869E10 108445.85 78 7 225 5148 462 14850
60300.0 16452 1.75688777477E9 110076.78 1105404 5.957939073346E10 110076.78 78 7 225 5226 469 15075
61200.0 16452 1.78321073326E9 111707.7 1121856 6.136260146672E10 111707.7 78 7 225 5304 476 15300
62100.0 16561 1.81563213396E9 113339.18 1138417 6.317823360067E10 113339.18 78 7 225 5382 483 15525
63000.0 16524 1.83994678955E9 114970.12 1154941 6.501818039023E10 114970.12 78 7 225 5460 490 15750
63900.0 16460 1.86220240307E9 116601.04 1171401 6.68803827933E10 116601.04 78 7 225 5538 497 15975
64800.0 16452 1.88853011352E9 118232.52 1187853 6.876891290682E10 118232.52 78 7 225 5616 504 16200
65700.0 16560 1.92132085573E9 119863.45 1204413 7.069023376254E10 119863.45 78 7 225 5694 511 16425
66600.0 16525 1.94549629127E9 121494.38 1220938 7.263573005381E10 121494.38 78 7 225 5772 518 16650
67500.0 16452 1.96752178046E9 123125.87 1237390 7.460325183427E10 123125.87 78 7 225 5850 525 16875
68400.0 16452 1.99384926095E9 124756.79 1253842 7.659710109522E10 124756.79 78 7 225 5928 532 17100
69300.0 16560 2.02697503459E9 126388.27 1270402 7.862407612982E10 126388.27 78 7 225 6006 539 17325
70200.0 16524 2.05105507444E9 128019.22 1286926 8.067513120425E10 128019.22 78 7 225 6084 546 17550
71100.0 16452 2.07284093076E9 129650.14 1303378 8.274797213502E10 129650.14 78 7 225 6162 553 17775
72000.0 16452 2.09916864121E9 131281.62 1319830 8.484714077623E10 131281.62 78 7 225 6240 560 18000
72900.0 16560 2.13264678464E9 132912.55 1336390 8.697978756087E10 132912.55 78 7 225 6318 567 18225
73800.0 16533 2.15660458646E9 134543.48 1352923 8.913639214733E10 134543.48 78 7 225 6396 574 18450
74700.0 16452 2.17816030815E9 136174.96 1369375 9.131455245548E10 136174.96 78 7 225 6474 581 18675
75600.0 16452 2.20448778865E9 137805.89 1385827 9.351904024413E10 137805.89 78 7 225 6552 588 18900
76500.0 16561 2.23833096409E9 139436.81 1402388 9.575737120822E10 139436.81 78 7 225 6630 595 19125
77400.0 16524 2.26215884574E9 141068.3 1418912 9.801953005396E10 141068.3 78 7 225 6708 602 19350
78300.0 16452 2.28347945846E9 142699.23 1435364 1.0030300951242E11 142699.23 78 7 225 6786 609 19575
79200.0 16452 2.30980241695E9 144330.15 1451816 1.0261281192937E11 144330.15 78 7 225 6864 616 19800
80100.0 16560 2.34398542127E9 145961.64 1468376 1.0495679735063E11 145961.64 78 7 225 6942 623 20025
81000.0 16524 2.36771375703E9 147592.58 1484900 1.0732451110767E11 147592.58 78 7 225 7020 630 20250
81900.0 16453 2.38879683374E9 149223.85 1501353 1.0971330794141E11 149223.85 78 7 225 7098 637 20475
82800.0 16452 2.41512486685E9 150854.98 1517805 1.1212843280825E11 150854.98 78 7 225 7176 644 20700
83700.0 16568 2.4496741008E9 152485.91 1534373 1.1457810690906E11 152485.91 78 7 225 7254 651 20925
84600.0 16524 2.47326708975E9 154117.4 1550897 1.1705137399881E11 154117.4 78 7 225 7332 658 21150
85500.0 16452 2.49411793503E9 155748.33 1567349 1.1954549193384E11 155748.33 78 7 225 7410 665 21375
86400.0 16453 2.52044089352E9 157379.25 1583802 1.2206593282736E11 157379.25 78 7 225 7488 672 21600
87300.0 16560 2.55532853992E9 159010.73 1600362 1.2462126136728E11 159010.73 78 7 225 7566 679 21825
88200.0 16524 2.57882199199E9 160641.67 1616886 1.2720008335927E11 160641.67 78 7 225 7644 686 22050
89100.0 16452 2.59943256328E9 162272.59 1633338 1.2979951592256E11 162272.59 78 7 225 7722 693 22275
90000.0 16452 2.62576027373E9 163904.07 1649790 1.3242527619628E11 163904.07 78 7 225 7800 700 22500
90900.0 16560 2.66101727064E9 165535.0 1666350 1.3508629346692E11 165535.0 78 7 225 7878 707 22725
91800.0 16525 2.68437061833E9 167165.93 1682875 1.3777066408525E11 167165.93 78 7 225 7956 714 22950
92700.0 16452 2.70475194067E9 168797.42 1699327 1.4047541602591E11 168797.42 78 7 225 8034 721 23175
93600.0 16452 2.73107942116E9 170428.34 1715779 1.4320649544708E11 170428.34 78 7 225 8112 728 23400
94500.0 16568 2.76666733287E9 172059.31 1732347 1.4597316277994E11 172059.31 78 7 225 8190 735 23625
95400.0 16524 2.78992611112E9 173690.76 1748871 1.4876308889106E11 173690.76 78 7 225 8268 742 23850
96300.0 16453 2.81007107553E9 175321.69 1765324 1.515731599666E11 175321.69 78 7 225 8346 749 24075
97200.0 16452 2.83639878598E9 176953.17 1781776 1.5440955875257E11 176953.17 78 7 225 8424 756 24300
98100.0 16560 2.87234318406E9 178584.1 1798336 1.5728190193663E11 178584.1 78 7 225 8502 763 24525
99000.0 16524 2.89547889805E9 180215.03 1814860 1.6017738083468E11 180215.03 78 7 225 8580 770 24750
99900.0 16452 2.91539045292E9 181846.51 1831312 1.630927712876E11 181846.51 78 7 225 8658 777 24975
100800.0 16452 2.94171793342E9 183477.44 1847764 1.6603448922102E11 183477.44 78 7 225 8736 784 25200
101700.0 16560 2.97801012248E9 185108.36 1864324 1.690124993435E11 185108.36 78 7 225 8814 791 25425
102600.0 16525 3.00103316633E9 186739.85 1880849 1.7201353250983E11 186739.85 78 7 225 8892 798 25650
103500.0 16452 3.02070960323E9 188370.78 1897301 1.7503424211306E11 188370.78 78 7 225 8970 805 25875
104400.0 16460 3.04703256172E9 190001.7 1913761 1.7808127467478E11 190001.7 78 7 225 9048 812 26100
105300.0 16560 3.08368183869E9 191633.19 1930321 1.8116495651347E11 191633.19 78 7 225 9126 819 26325
106200.0 16524 3.10658719325E9 193264.12 1946845 1.8427154370672E11 193264.12 78 7 225 9204 826 26550
107100.0 16453 3.12602423296E9 194895.04 1963298 1.8739756793968E11 194895.04 78 7 225 9282 833 26775
108000.0 16452 3.15235194198E9 196526.53 1979750 1.9054991988166E11 196526.53 78 7 225 9360 840 27000
108900.0 16560 3.18935330143E9 198157.46 1996310 1.9373927318309E11 198157.46 78 7 225 9438 847 27225
109800.0 16524 3.21214126427E9 199788.94 2012834 1.9695141444736E11 199788.94 78 7 225 9516 854 27450
110700.0 16452 3.23134812805E9 201419.88 2029286 2.0018276257541E11 201419.88 78 7 225 9594 861 27675
111600.0 16452 3.25767108953E9 203050.8 2045738 2.0344043366493E11 203050.8 78 7 225 9672 868 27900
112500.0 16561 3.29502501774E9 204682.28 2062299 2.0673545868267E11 204682.28 78 7 225 9750 875 28125
113400.0 16524 3.31769548861E9 206313.22 2078823 2.1005315417128E11 206313.22 78 7 225 9828 882 28350
114300.0 16460 3.33666275945E9 207944.14 2095283 2.1338981693073E11 207944.14 78 7 225 9906 889 28575
115200.0 16452 3.36299046989E9 209575.63 2111735 2.1675280740062E11 209575.63 78 7 225 9984 896 28800
116100.0 16560 3.4006964716E9 211206.55 2128295 2.2015350387222E11 211206.55 78 7 225 10062 903 29025
117000.0 16525 3.42324499943E9 212837.48 2144820 2.2357674887165E11 212837.48 78 7 225 10140 910 29250
117900.0 16452 3.44198213694E9 214468.97 2161272 2.2701873100859E11 214468.97 78 7 225 10218 917 29475
118800.0 16452 3.46830961744E9 216099.9 2177724 2.3048704062603E11 216099.9 78 7 225 10296 924 29700
119700.0 16560 3.50636343713E9 217730.82 2194284 2.3399340406316E11 217730.82 78 7 225 10374 931 29925
120600.0 16524 3.52879924982E9 219362.31 2210808 2.3752220331297E11 219362.31 78 7 225 10452 938 30150
121500.0 16452 3.54730128736E9 220993.24 2227260 2.4106950460033E11 220993.24 78 7 225 10530 945 30375
122400.0 16453 3.57362696827E9 222624.51 2243713 2.4464313156861E11 222624.51 78 7 225 10608 952 30600
123300.0 16560 3.61203814052E9 224255.65 2260273 2.4825516970912E11 224255.65 78 7 225 10686 959 30825
124200.0 16532 3.63435325004E9 225886.58 2276805 2.5188952295917E11 225886.58 78 7 225 10764 966 31050
125100.0 16452 3.65262062015E9 227518.06 2293257 2.5554214357932E11 227518.06 78 7 225 10842 973 31275
126000.0 16452 3.67894810065E9 229148.99 2309709 2.5922109167996E11 229148.99 78 7 225 10920 980 31500
126900.0 16561 3.71770656244E9 230779.91 2326270 2.629387982424E11 230779.91 78 7 225 10998 987 31725
127800.0 16524 3.73990750943E9 232411.4 2342794 2.6667870575183E11 232411.4 78 7 225 11076 994 31950
128700.0 16452 3.75793977057E9 234042.33 2359246 2.7043664552239E11 234042.33 78 7 225 11154 1001 32175
129600.0 16452 3.78426272906E9 235673.25 2375698 2.7422090825145E11 235673.25 78 7 225 11232 1008 32400
130500.0 16560 3.82337827875E9 237304.74 2392258 2.780442865302E11 237304.74 78 7 225 11310 1015 32625
131400.0 16524 3.84546153646E9 238935.67 2408782 2.8188974806666E11 238935.67 78 7 225 11388 1022 32850
132300.0 16452 3.86325439898E9 240566.6 2425234 2.8575300246564E11 240566.6 78 7 225 11466 1029 33075
133200.0 16452 3.88958210943E9 242198.08 2441686 2.8964258457507E11 242198.08 78 7 225 11544 1036 33300
134100.0 16560 3.9290497416E9 243829.01 2458246 2.9357163431667E11 243829.01 78 7 225 11622 1043 33525
135000.0 16533 3.95101156645E9 245460.0 2474779 2.9752264588312E11 245460.0 78 7 225 11700 1050 33750
135900.0 16452 3.96857433335E9 247091.42 2491231 3.0149122021646E11 247091.42 78 7 225 11778 1057 33975
136800.0 16453 3.99490123387E9 248722.35 2507684 3.0548612145033E11 248722.35 78 7 225 11856 1064 34200
137700.0 16560 4.03472141674E9 250353.83 2524244 3.0952084286707E11 250353.83 78 7 225 11934 1071 34425
138600.0 16524 4.05656980872E9 251984.77 2540768 3.1357741267579E11 251984.77 78 7 225 12012 1078 34650
139500.0 16452 4.07389290379E9 253615.69 2557220 3.1765130557958E11 253615.69 78 7 225 12090 1085 34875
140400.0 16452 4.10022061424E9 255247.18 2573672 3.2175152619382E11 255247.18 78 7 225 12168 1092 35100
141300.0 16560 4.14039289759E9 256878.1 2590232 3.2589191909141E11 256878.1 78 7 225 12246 1099 35325
142200.0 16524 4.16211931954E9 258509.03 2606756 3.3005403841095E11 258509.03 78 7 225 12324 1106 35550
143100.0 16453 4.17921228129E9 260140.52 2623209 3.3423325069224E11 260140.52 78 7 225 12402 1113 35775
144000.0 16452 4.20553976178E9 261771.45 2639661 3.3843879045402E11 261771.45 78 7 225 12480 1120 36000
144900.0 16568 4.24605983612E9 263402.36 2656229 3.4268485029014E11 263402.36 78 7 225 12558 1127 36225
145800.0 16524 4.26767356993E9 265033.86 2672753 3.4695252386007E11 265033.86 78 7 225 12636 1134 36450
146700.0 16452 4.2845314317E9 266664.79 2689205 3.5123705529177E11 266664.79 78 7 225 12714 1141 36675
147600.0 16453 4.31085439343E9 268295.71 2705658 3.5554790968521E11 268295.71 78 7 225 12792 1148 36900
148500.0 16560 4.35173154343E9 269927.19 2722218 3.5989964122864E11 269927.19 78 7 225 12870 1155 37125
149400.0 16524 4.37322761496E9 271558.13 2738742 3.642728688436E11 271558.13 78 7 225 12948 1162 37350
150300.0 16452 4.38985054016E9 273189.61 2755194 3.6866271938376E11 273189.61 78 7 225 13026 1169 37575
151200.0 16452 4.41617828844E9 274820.54 2771646 3.730788976722E11 274820.54 78 7 225 13104 1176 37800
152100.0 16560 4.45740300629E9 276451.46 2788206 3.7753630067848E11 276451.46 78 7 225 13182 1183 38025
153000.0 16525 4.4787818654E9 278082.96 2804731 3.8201508254388E11 278082.96 78 7 225 13260 1190 38250
153900.0 16452 4.49516995967E9 279713.89 2821183 3.8651025250355E11 279713.89 78 7 225 13338 1197 38475
154800.0 16460 4.52149291816E9 281344.8 2837643 3.9103174542171E11 281344.8 78 7 225 13416 1204 38700
155700.0 16560 4.56307472265E9 282976.29 2854203 3.9559482014436E11 282976.29 78 7 225 13494 1211 38925
156600.0 16524 4.58433591048E9 284607.23 2870727 4.0017915605484E11 284607.23 78 7 225 13572 1218 39150
157500.0 16453 4.60048458808E9 286238.15 2887180 4.0477964064293E11 286238.15 78 7 225 13650 1225 39375
158400.0 16452 4.62681229853E9 287869.63 2903632 4.0940645294146E11 287869.63 78 7 225 13728 1232 39600
159300.0 16560 4.66876343553E9 289500.56 2920192 4.1407521637699E11 289500.56 78 7 225 13806 1239 39825
160200.0 16524 4.6898854033E9 291131.49 2936716 4.1876510178029E11 291131.49 78 7 225 13884 1246 40050
161100.0 16452 4.70580396558E9 292762.97 2953168 4.2347090574587E11 292762.97 78 7 225 13962 1253 40275
162000.0 16452 4.73213144608E9 294393.9 2969620 4.2820303719195E11 294393.9 78 7 225 14040 1260 40500
162900.0 16561 4.77441609448E9 296025.2 2986181 4.3297745328643E11 296025.2 78 7 225 14118 1267 40725
163800.0 16524 4.7954438121E9 297656.32 3002705 4.3777289709853E11 297656.32 78 7 225 14196 1274 40950
164700.0 16460 4.81112306248E9 299287.24 3019165 4.4258402016101E11 299287.24 78 7 225 14274 1281 41175
165600.0 16452 4.83745077292E9 300918.73 3035617 4.4742147093393E11 300918.73 78 7 225 14352 1288 41400
166500.0 16560 4.88010656099E9 302549.65 3052177 4.5230157749492E11 302549.65 78 7 225 14430 1295 41625
167400.0 16525 4.90099365397E9 304180.58 3068702 4.5720257114889E11 304180.58 78 7 225 14508 1302 41850
168300.0 16452 4.91644243986E9 305812.07 3085154 4.6211901358876E11 305812.07 78 7 225 14586 1309 42075
169200.0 16452 4.94276992036E9 307443.0 3101606 4.6706178350911E11 307443.0 78 7 225 14664 1316 42300
170100.0 16560 4.98575624939E9 309073.91 3118166 4.7204753975851E11 309073.91 78 7 225 14742 1323 42525
171000.0 16524 5.00654878884E9 310705.41 3134690 4.7705408854735E11 310705.41 78 7 225 14820 1330 42750
171900.0 16452 5.02176159017E9 312336.34 3151142 4.8207585013752E11 312336.34 78 7 225 14898 1337 42975
172800.0 16453 5.04808454866E9 313967.26 3167595 4.8712393468618E11 313967.26 78 7 225 14976 1344 43200
173700.0 16560 5.09142795659E9 315598.74 3184155 4.9221536264278E11 315598.74 78 7 225 15054 1351 43425
174600.0 16524 5.11210194917E9 317229.68 3200679 4.9732746459195E11 317229.68 78 7 225 15132 1358 43650
175500.0 16460 5.12707682591E9 318860.67 3217139 5.0245454141786E11 318860.67 78 7 225 15210 1365 43875
176400.0 16452 5.15340453804E9 320492.08 3233591 5.076079459559E11 320492.08 78 7 225 15288 1372 44100
177300.0 16561 5.19709941363E9 322123.01 3250152 5.1280504536953E11 322123.01 78 7 225 15366 1379 44325
178200.0 16524 5.21765618476E9 323754.5 3266676 5.1802270155429E11 323754.5 78 7 225 15444 1386 44550
179100.0 16452 5.23240009424E9 325385.43 3283128 5.2325510164853E11 325385.43 78 7 225 15522 1393 44775
180000.0 16452 5.25872305273E9 327016.35 3299580 5.2851382470126E11 327016.35 78 7 225 15600 1400 45000
180900.0 16560 5.30277112983E9 328647.84 3316140 5.3381659583109E11 328647.84 78 7 225 15678 1407 45225
181800.0 16524 5.32321022063E9 330278.78 3332664 5.3913980605172E11 330278.78 78 7 225 15756 1414 45450
182700.0 16452 5.33771472249E9 331909.7 3349116 5.4447752077421E11 331909.7 78 7 225 15834 1421 45675
183600.0 16452 5.36404243294E9 333541.18 3365568 5.4984156320714E11 333541.18 78 7 225 15912 1428 45900
184500.0 16560 5.40844257452E9 335172.11 3382128 5.5525000578167E11 335172.11 78 7 225 15990 1435 46125
185400.0 16533 5.42875972229E9 336803.04 3398661 5.6067876550396E11 336803.04 78 7 225 16068 1442 46350
186300.0 16452 5.44303409982E9 338434.52 3415113 5.6612179960378E11 338434.52 78 7 225 16146 1449 46575
187200.0 16452 5.46936158032E9 340065.45 3431565 5.715911611841E11 340065.45 78 7 225 16224 1456 46800
188100.0 16561 5.51410954551E9 341696.37 3448126 5.7710527072961E11 341696.37 78 7 225 16302 1463 47025
189000.0 16524 5.53431398151E9 343327.86 3464650 5.8263958471113E11 343327.86 78 7 225 16380 1470 47250
189900.0 16452 5.54835325008E9 344958.79 3481102 5.8818793796121E11 344958.79 78 7 225 16458 1477 47475
190800.0 16452 5.57468069149E9 346590.27 3497554 5.9376261865269E11 346590.27 78 7 225 16536 1484 47700
191700.0 16560 5.61978577011E9 348221.21 3514114 5.993824044228E11 348221.21 78 7 225 16614 1491 47925
192600.0 16524 5.6398680174E9 349852.13 3530638 6.050222724402E11 349852.13 78 7 225 16692 1498 48150
193500.0 16453 5.65367262744E9 351483.62 3547091 6.1067594506764E11 351483.62 78 7 225 16770 1505 48375
194400.0 16452 5.68000010795E9 353114.55 3563543 6.1635594517559E11 353114.55 78 7 225 16848 1512 48600
195300.0 16568 5.72545270079E9 354745.47 3580111 6.2208139787638E11 354745.47 78 7 225 16926 1519 48825
196200.0 16524 5.74542227667E9 356376.96 3596635 6.2782682015304E11 356376.96 78 7 225 17004 1526 49050
197100.0 16452 5.75899177774E9 358007.89 3613087 6.3358581193078E11 358007.89 78 7 225 17082 1533 49275
198000.0 16453 5.78531473624E9 359638.81 3629540 6.3937112666702E11 359638.81 78 7 225 17160 1540 49500
198900.0 16560 5.83112441698E9 361270.29 3646100 6.45202251084E11 361270.29 78 7 225 17238 1547 49725
199800.0 16524 5.85097631257E9 362901.23 3662624 6.5105322739657E11 362901.23 78 7 225 17316 1554 49950
200700.0 16452 5.86430640604E9 364532.15 3679076 6.5691753380261E11 364532.15 78 7 225 17394 1561 50175
201600.0 16452 5.89063411649E9 366163.64 3695528 6.628081679191E11 366163.64 78 7 225 17472 1568 50400
202500.0 16560 5.93679589771E9 367794.56 3712088 6.687449638168E11 367794.56 78 7 225 17550 1575 50625
203400.0 16525 5.95652886626E9 369425.88 3728613 6.7470149268307E11 369425.88 78 7 225 17628 1582 50850
204300.0 16452 5.96962911884E9 371056.98 3745065 6.8067112180191E11 371056.98 78 7 225 17706 1589 51075
205200.0 16460 5.9959532126E9 372687.9 3761525 6.8666707501451E11 372687.9 78 7 225 17784 1596 51300
206100.0 16560 6.04246752641E9 374319.39 3778085 6.9270954254092E11 374319.39 78 7 225 17862 1603 51525
207000.0 16524 6.06208455621E9 375950.33 3794609 6.9877162709713E11 375950.33 78 7 225 17940 1610 51750
207900.0 16453 6.07494488229E9 377581.25 3811062 7.0484657197942E11 377581.25 78 7 225 18018 1617 51975
208800.0 16452 6.10127259274E9 379212.73 3827514 7.1094784457216E11 379212.73 78 7 225 18096 1624 52200
209700.0 16560 6.14813902504E9 380843.66 3844074 7.170959835972E11 380843.66 78 7 225 18174 1631 52425
210600.0 16524 6.16763405771E9 382474.59 3860598 7.232636176549E11 382474.59 78 7 225 18252 1638 52650
211500.0 16452 6.18026425944E9 384106.07 3877050 7.2944388191435E11 384106.07 78 7 225 18330 1645 52875
212400.0 16452 6.20659173995E9 385737.0 3893502 7.356504736543E11 385737.0 78 7 225 18408 1652 53100
213300.0 16560 6.25380593624E9 387367.92 3910062 7.4190427959053E11 387367.92 78 7 225 18486 1659 53325
214200.0 16524 6.27318831675E9 388999.41 3926586 7.4817746790728E11 388999.41 78 7 225 18564 1666 53550
215100.0 16452 6.28558340952E9 390630.34 3943038 7.5446305131681E11 390630.34 78 7 225 18642 1673 53775
216000.0 16461 6.31190702463E9 392261.34 3959499 7.6077495834144E11 392261.34 78 7 225 18720 1680 54000
216900.0 16560 6.35947833796E9 393892.75 3976059 7.671344366794E11 393892.75 78 7 225 18798 1687 54225
217800.0 16525 6.37874232506E9 395523.68 3992584 7.7351317900446E11 395523.68 78 7 225 18876 1694 54450
218700.0 16452 6.39090275936E9 397155.17 4009036 7.7990408176382E11 397155.17 78 7 225 18954 1701 54675
219600.0 16452 6.41723023986E9 398786.1 4025488 7.8632131200368E11 398786.1 78 7 225 19032 1708 54900
220500.0 16560 6.46514909631E9 400417.01 4042048 7.9278646109999E11 400417.01 78 7 225 19110 1715 55125
221400.0 16524 6.4842965841E9 402048.51 4058572 7.9927075768409E11 402048.51 78 7 225 19188 1722 55350
222300.0 16452 6.49622190938E9 403679.44 4075024 8.0576697959348E11 403679.44 78 7 225 19266 1729 55575
223200.0 16452 6.52254486789E9 405310.36 4091476 8.1228952446137E11 405310.36 78 7 225 19344 1736 55800
224100.0 16561 6.57082081223E9 406941.84 4108037 8.1886034527359E11 406941.84 78 7 225 19422 1743 56025
225000.0 16524 6.58985061974E9 408572.78 4124561 8.2545019589334E11 408572.78 78 7 225 19500 1750 56250
225900.0 16460 6.60153653741E9 410203.7 4141021 8.3205173243075E11 410203.7 78 7 225 19578 1757 56475
226800.0 16452 6.62786424787E9 411835.18 4157473 8.3867959667862E11 411835.18 78 7 225 19656 1764 56700
227700.0 16560 6.67649227469E9 413466.11 4174033 8.453560889533E11 413466.11 78 7 225 19734 1771 56925
228600.0 16525 6.69540012861E9 415097.04 4190558 8.5205148908191E11 415097.04 78 7 225 19812 1778 57150
229500.0 16452 6.70685591452E9 416728.53 4207010 8.5875834499642E11 416728.53 78 7 225 19890 1785 57375
230400.0 16452 6.73318339502E9 418359.45 4223462 8.6549152839144E11 418359.45 78 7 225 19968 1792 57600
231300.0 16560 6.78216387025E9 419990.93 4240022 8.722736922617E11 419990.93 78 7 225 20046 1799 57825
232200.0 16524 6.80095891274E9 421621.88 4256546 8.7907465117444E11 421621.88 78 7 225 20124 1806 58050
233100.0 16452 6.81217506454E9 423252.8 4272998 8.8588682623898E11 423252.8 78 7 225 20202 1813 58275
234000.0 16452 6.838502775E9 424884.28 4289450 8.9272532901398E11 424884.28 78 7 225 20280 1820 58500
234900.0 16560 6.88783545307E9 426515.21 4306010 8.9961316446704E11 426515.21 78 7 225 20358 1827 58725
235800.0 16533 6.90650841581E9 428146.14 4322543 9.0651967288285E11 428146.14 78 7 225 20436 1834 58950
236700.0 16452 6.91749444165E9 429777.62 4338995 9.134371673245E11 429777.62 78 7 225 20514 1841 59175
237600.0 16452 6.94382192215E9 431408.55 4355447 9.2038098924665E11 431408.55 78 7 225 20592 1848 59400
238500.0 16561 6.99350240021E9 433039.47 4372008 9.2737449164686E11 433039.47 78 7 225 20670 1855 59625
239400.0 16524 7.0120626748E9 434670.96 4388532 9.3438655432167E11 434670.96 78 7 225 20748 1862 59850
240300.0 16452 7.02281359167E9 436301.89 4404984 9.4140936791334E11 436301.89 78 7 225 20826 1869 60075
241200.0 16452 7.04913655018E9 437932.81 4421436 9.4845850446352E11 437932.81 78 7 225 20904 1876 60300
242100.0 16560 7.09917409813E9 439564.3 4437996 9.5555767856165E11 439564.3 78 7 225 20982 1883 60525
243000.0 16524 7.11761671044E9 441195.24 4454520 9.6267529527209E11 441195.24 78 7 225 21060 1890 60750
243900.0 16453 7.12813120522E9 442826.54 4470973 9.6980342647731E11 442826.54 78 7 225 21138 1897 60975
244800.0 16452 7.15445921908E9 444457.64 4487425 9.769578856964E11 444457.64 78 7 225 21216 1904 61200
245700.0 16568 7.20484553836E9 446088.57 4503993 9.8416273123475E11 446088.57 78 7 225 21294 1911 61425
246600.0 16524 7.22317092924E9 447720.06 4520517 9.91385902164E11 447720.06 78 7 225 21372 1918 61650
247500.0 16452 7.2334520787E9 449350.99 4536969 9.986193542427E11 449350.99 78 7 225 21450 1925 61875
248400.0 16453 7.25977503721E9 450981.91 4553422 1.00587912927991E12 450981.91 78 7 225 21528 1932 62100
249300.0 16560 7.31051724528E9 452613.39 4569982 1.01318964652519E12 452613.39 78 7 225 21606 1939 62325
250200.0 16524 7.32872496483E9 454244.33 4586506 1.02051837149001E12 454244.33 78 7 225 21684 1946 62550
251100.0 16452 7.33876670668E9 455875.25 4602958 1.02785713819669E12 455875.25 78 7 225 21762 1953 62775
252000.0 16452 7.36509441713E9 457506.73 4619410 1.03522223261382E12 457506.73 78 7 225 21840 1960 63000
252900.0 16560 7.41618870764E9 459137.66 4635970 1.04263842132146E12 459137.66 78 7 225 21918 1967 63225
253800.0 16524 7.43427446627E9 460768.59 4652494 1.05007269578773E12 460768.59 78 7 225 21996 1974 63450
254700.0 16452 7.44408608378E9 462400.08 4668946 1.05751678187151E12 462400.08 78 7 225 22074 1981 63675
255600.0 16452 7.47041356429E9 464031.0 4685398 1.06498719543579E12 464031.0 78 7 225 22152 1988 63900
256500.0 16569 7.52185644628E9 465662.02 4701967 1.07250905188207E12 465662.02 78 7 225 22230 1995 64125
257400.0 16524 7.53982953042E9 467293.42 4718491 1.0800488814125E12 467293.42 78 7 225 22308 2002 64350
258300.0 16453 7.54940520733E9 468924.35 4734944 1.08759828661983E12 468924.35 78 7 225 22386 2009 64575
259200.0 16452 7.57573291779E9 470555.83 4751396 1.09517401953762E12 470555.83 78 7 225 22464 2016 64800
260100.0 16560 7.62753185946E9 472186.76 4767956 1.10280155139708E12 472186.76 78 7 225 22542 2023 65025
261000.0 16524 7.64538273426E9 473817.69 4784480 1.11044693413134E12 473817.69 78 7 225 22620 2030 65250
261900.0 16452 7.65472458433E9 475449.17 4800932 1.11810165871567E12 475449.17 78 7 225 22698 2037 65475
262800.0 16452 7.68105206484E9 477080.1 4817384 1.12578271078051E12 477080.1 78 7 225 22776 2044 65700
263700.0 16560 7.73321605656E9 478711.02 4833944 1.13351592683707E12 478711.02 78 7 225 22854 2051 65925
264600.0 16525 7.7509369932E9 480342.51 4850469 1.14126686383027E12 480342.51 78 7 225 22932 2058 66150
265500.0 16452 7.7600437343E9 481973.44 4866921 1.14902690756457E12 481973.44 78 7 225 23010 2065 66375
266400.0 16460 7.78636669281E9 483604.36 4883381 1.15681327425738E12 483604.36 78 7 225 23088 2072 66600
267300.0 16560 7.83887050441E9 485235.85 4899941 1.16465214476179E12 485235.85 78 7 225 23166 2079 66825
268200.0 16524 7.85649191332E9 486866.78 4916465 1.17250863667511E12 486866.78 78 7 225 23244 2086 67050
269100.0 16453 7.86535837167E9 488497.7 4932918 1.18037399504678E12 488497.7 78 7 225 23322 2093 67275
270000.0 16452 7.89168607289E9 490129.19 4949370 1.18826568111968E12 490129.19 78 7 225 23400 2100 67500
270900.0 16560 7.944559244E9 491760.12 4965930 1.19621024036367E12 491760.12 78 7 225 23478 2107 67725
271800.0 16524 7.96204519003E9 493391.61 4982454 1.2041722855537E12 493391.61 78 7 225 23556 2114 67950
272700.0 16452 7.97068226007E9 495022.54 4998906 1.21214296781377E12 495022.54 78 7 225 23634 2121 68175
273600.0 16452 7.99700522016E9 496653.46 5015358 1.22013997303393E12 496653.46 78 7 225 23712 2128 68400
274500.0 16561 8.050213674E9 498284.94 5031919 1.22819018670793E12 498284.94 78 7 225 23790 2135 68625
275400.0 16524 8.06760020816E9 499915.88 5048443 1.23625778691609E12 499915.88 78 7 225 23868 2142 68850
276300.0 16460 8.07599688979E9 501546.8 5064903 1.24433378380588E12 501546.8 78 7 225 23946 2149 69075
277200.0 16452 8.10232460024E9 503178.29 5081355 1.25243610840612E12 503178.29 78 7 225 24024 2156 69300
278100.0 16560 8.15588517253E9 504809.21 5097915 1.26059199357864E12 504809.21 78 7 225 24102 2163 69525
279000.0 16525 8.17314881633E9 506440.14 5114440 1.26876514239498E12 506440.14 78 7 225 24180 2170 69750
279900.0 16452 8.181316267E9 508071.63 5130892 1.27694645866197E12 508071.63 78 7 225 24258 2177 69975
280800.0 16452 8.2076437475E9 509702.56 5147344 1.28515410240948E12 509702.56 78 7 225 24336 2184 70200
281700.0 16560 8.26156934285E9 511333.48 5163904 1.29341567175232E12 511333.48 78 7 225 24414 2191 70425
282600.0 16524 8.27870308443E9 512964.97 5180428 1.30169437483676E12 512964.97 78 7 225 24492 2198 70650
283500.0 16452 8.28663541713E9 514595.9 5196880 1.30998101025389E12 514595.9 78 7 225 24570 2205 70875
284400.0 16453 8.31296159224E9 516227.23 5213333 1.31829397184613E12 516227.23 78 7 225 24648 2212 71100
285300.0 16560 8.36722704113E9 517858.31 5229893 1.32666119888726E12 517858.31 78 7 225 24726 2219 71325
286200.0 16532 8.38425794777E9 519489.24 5246425 1.33504545683503E12 519489.24 78 7 225 24804 2226 71550
287100.0 16452 8.39195474666E9 521120.72 5262877 1.34343741158169E12 521120.72 78 7 225 24882 2233 71775
288000.0 16452 8.41828222717E9 522751.65 5279329 1.35185569380886E12 522751.65 78 7 225 24960 2240 72000
288900.0 16561 8.47291249161E9 524382.57 5295890 1.36032860630047E12 524382.57 78 7 225 25038 2247 72225
289800.0 16524 8.4898113316E9 526014.06 5312414 1.36881841763207E12 526014.06 78 7 225 25116 2254 72450
290700.0 16452 8.49727389691E9 527644.99 5328866 1.37731569152898E12 527644.99 78 7 225 25194 2261 72675
291600.0 16452 8.52359685541E9 529275.91 5345318 1.38583928838439E12 529275.91 78 7 225 25272 2268 72900
292500.0 16560 8.57856693972E9 530907.4 5361878 1.39441785532411E12 530907.4 78 7 225 25350 2275 73125
293400.0 16524 8.59536625183E9 532538.33 5378402 1.40301322157594E12 532538.33 78 7 225 25428 2282 73350
294300.0 16453 8.60258852515E9 534169.25 5394855 1.41161581010109E12 534169.25 78 7 225 25506 2289 73575
295200.0 16452 8.62891623561E9 535800.74 5411307 1.4202447263367E12 535800.74 78 7 225 25584 2296 73800
296100.0 16560 8.68423840235E9 537431.67 5427867 1.42892896473905E12 537431.67 78 7 225 25662 2303 74025
297000.0 16532 8.70091568076E9 539062.7 5444399 1.43762988041981E12 539062.7 78 7 225 25740 2310 74250
297900.0 16452 8.70790880515E9 540694.08 5460851 1.44633778922496E12 540694.08 78 7 225 25818 2317 74475
298800.0 16453 8.73423535518E9 542325.01 5477304 1.45507202458014E12 542325.01 78 7 225 25896 2324 74700
299700.0 16560 8.78991009064E9 543956.49 5493864 1.46386193467078E12 543956.49 78 7 225 25974 2331 74925
300600.0 16524 8.80647363466E9 545587.43 5510388 1.47266840830543E12 545587.43 78 7 225 26052 2338 75150
301500.0 16452 8.81322702491E9 547218.35 5526840 1.48148163533035E12 547218.35 78 7 225 26130 2345 75375
302400.0 16452 8.83955473537E9 548849.83 5543292 1.49032119006571E12 548849.83 78 7 225 26208 2352 75600
303300.0 16560 8.89558154431E9 550480.76 5559852 1.49921677161003E12 550480.76 78 7 225 26286 2359 75825
304200.0 16524 8.91202312737E9 552111.69 5576376 1.50812879473739E12 552111.69 78 7 225 26364 2366 76050
305100.0 16453 8.91854640229E9 553743.18 5592829 1.51704734113968E12 553743.18 78 7 225 26442 2373 76275
306000.0 16452 8.94487388279E9 555374.1 5609281 1.52599221502247E12 555374.1 78 7 225 26520 2380 76500
306900.0 16568 9.00124850073E9 557005.02 5625849 1.5349934635232E12 557005.02 78 7 225 26598 2387 76725
307800.0 16524 9.01757739568E9 558636.52 5642373 1.54401104091889E12 558636.52 78 7 225 26676 2394 76950
308700.0 16452 9.02386555264E9 560267.45 5658825 1.55303490647153E12 560267.45 78 7 225 26754 2401 77175
309600.0 16453 9.0501885222E9 561898.37 5675278 1.56208509499372E12 561898.37 78 7 225 26832 2408 77400
310500.0 16560 9.10692020802E9 563529.85 5691838 1.57119201520174E12 563529.85 78 7 225 26910 2415 77625
311400.0 16524 9.1231314227E9 565160.79 5708362 1.58031514662444E12 565160.79 78 7 225 26988 2422 77850
312300.0 16452 9.12918487265E9 566792.27 5724814 1.58944433149709E12 566792.27 78 7 225 27066 2429 78075
313200.0 16452 9.15551240974E9 568423.2 5741266 1.59859984390683E12 568423.2 78 7 225 27144 2436 78300
314100.0 16560 9.2125916616E9 570054.12 5757826 1.60781243556843E12 570054.12 78 7 225 27222 2443 78525
315000.0 16525 9.22868569107E9 571685.62 5774351 1.6170411212595E12 571685.62 78 7 225 27300 2450 78750
315900.0 16452 9.23450408053E9 573316.54 5790803 1.62627562534002E12 573316.54 78 7 225 27378 2457 78975
316800.0 16460 9.26082703903E9 574947.46 5807263 1.63553645237906E12 574947.46 78 7 225 27456 2464 79200
317700.0 16560 9.31826338716E9 576578.95 5823823 1.64485471576621E12 576578.95 78 7 225 27534 2471 79425
318600.0 16524 9.33424060252E9 578209.89 5840347 1.65418895636873E12 578209.89 78 7 225 27612 2478 79650
319500.0 16453 9.33981870899E9 579840.81 5856800 1.66352877507772E12 579840.81 78 7 225 27690 2485 79875
320400.0 16452 9.36614641944E9 581472.29 5873252 1.67289492149716E12 581472.29 78 7 225 27768 2492 80100
321300.0 16560 9.42393484079E9 583103.22 5889812 1.68231885633795E12 583103.22 78 7 225 27846 2499 80325
322200.0 16524 9.43978922902E9 584734.15 5906336 1.69175864556696E12 584734.15 78 7 225 27924 2506 80550
323100.0 16452 9.44513808652E9 586365.63 5922788 1.70120378365348E12 586365.63 78 7 225 28002 2513 80775
324000.0 16452 9.47146556703E9 587996.56 5939240 1.71067524922051E12 587996.56 78 7 225 28080 2520 81000
324900.0 16561 9.52960505485E9 589627.9 5955801 1.72020485427536E12 589627.9 78 7 225 28158 2527 81225
325800.0 16524 9.54534701132E9 591258.98 5972325 1.72975020128668E12 591258.98 78 7 225 28236 2534 81450
326700.0 16460 9.55045719032E9 592889.9 5988785 1.739300658477E12 592889.9 78 7 225 28314 2541 81675
327600.0 16452 9.57678490077E9 594521.38 6005237 1.74887744337777E12 594521.38 78 7 225 28392 2548 81900
328500.0 16560 9.63527796422E9 596152.31 6021797 1.75851272134199E12 596152.31 78 7 225 28470 2555 82125
329400.0 16525 9.6508974688E9 597783.24 6038322 1.76816361881079E12 597783.24 78 7 225 28548 2562 82350
330300.0 16452 9.65577656791E9 599414.73 6054774 1.7778193953787E12 599414.73 78 7 225 28626 2569 82575
331200.0 16452 9.68210404841E9 601045.66 6071226 1.78750149942711E12 601045.66 78 7 225 28704 2576 82800
332100.0 16560 9.74096218009E9 602676.57 6087786 1.7972424616072E12 602676.57 78 7 225 28782 2583 83025
333000.0 16524 9.75645261287E9 604308.07 6104310 1.80699891422007E12 604308.07 78 7 225 28860 2590 83250
333900.0 16452 9.76109571842E9 605939.0 6120762 1.81676000993849E12 605939.0 78 7 225 28938 2597 83475
334800.0 16453 9.78741867693E9 607569.92 6137215 1.82654742861542E12 607569.92 78 7 225 29016 2604 83700
335700.0 16560 9.84661662852E9 609201.4 6153775 1.83639404524394E12 609201.4 78 7 225 29094 2611 83925
336600.0 16524 9.8620057734E9 610832.34 6170299 1.84625605101734E12 610832.34 78 7 225 29172 2618 84150
337500.0 16460 9.8664112392E9 612463.38 6186759 1.85612246225654E12 612463.38 78 7 225 29250 2625 84375
338400.0 16452 9.89273906108E9 614094.74 6203211 1.86601520131762E12 614094.74 78 7 225 29328 2632 84600
339300.0 16561 9.95228805522E9 615725.67 6219772 1.87596748937284E12 615725.67 78 7 225 29406 2639 84825
340200.0 16524 9.96756086358E9 617357.16 6236296 1.88593505023642E12 617357.16 78 7 225 29484 2646 85050
341100.0 16452 9.97173421071E9 618988.09 6252748 1.89590678444713E12 618988.09 78 7 225 29562 2653 85275
342000.0 16452 9.99805716922E9 620619.01 6269200 1.90590484161635E12 620619.01 78 7 225 29640 2660 85500
342900.0 16560 1.005797704293E10 622250.5 6285760 1.91596281865927E12 622250.5 78 7 225 29718 2667 85725
343800.0 16524 1.007311403317E10 623881.43 6302284 1.92603593269244E12 623881.43 78 7 225 29796 2674 85950
344700.0 16452 1.007704883928E10 625512.35 6318736 1.93611298153172E12 625512.35 78 7 225 29874 2681 86175
345600.0 16453 1.010337654973E10 627143.84 6335189 1.94621635808145E12 627143.84 78 7 225 29952 2688 86400

