# seed = 1, gamma = 0.75, beta = 0.75, dee = 10.0, dcc = 200.0, dec = 15.0, dsc = 1000.0, dLocalhost = 0.015, hostBroker = CLOUD, numOfCloud = 1, numOfEdge = 1, numOfSmartphone = 225 
#
# The columns have the following meaning: 
# instant[SECONDS] delayCountPartial delaySumPartial[SECONDS] delayMaxPartial[SECONDS] delayCountTot delaySumTot[SECONDS] delayMaxTot[SECONDS] runOnCloudPartial runOnEdgePartial runOnSmartphonePartial runOnCloudTot runOnEdgeTot runOnSmartphoneTot
0.0 0 0.0 0.0 0 0.0 0.0 0 0 0 0 0 0
900.0 16560 9.817062178E7 12133.79 16560 9.817062178E7 12133.79 78 7 225 78 7 225
1800.0 16524 2.8430210708E8 23667.85 33084 3.8247272886E8 23667.85 78 7 225 156 14 450
2700.0 16452 4.6996445395E8 35201.43 49536 8.5243718282E8 35201.43 78 7 225 234 21 675
3600.0 16453 6.5612152805E8 46735.0 65989 1.50855871086E9 46735.0 78 7 225 312 28 900
4500.0 16560 8.4545485844E8 58268.57 82549 2.3540135693E9 58268.57 78 7 225 390 35 1125
5400.0 16524 1.03067014012E9 69802.15 99073 3.38468370942E9 69802.15 78 7 225 468 42 1350
6300.0 16452 1.21466411536E9 81335.72 115525 4.59934782478E9 81335.72 78 7 225 546 49 1575
7200.0 16452 1.40082118945E9 92869.29 131977 6.00016901424E9 92869.29 78 7 225 624 56 1800
8100.0 16560 1.59256095016E9 104402.86 148537 7.5927299644E9 104402.86 78 7 225 702 63 2025
9000.0 16524 1.7770262629E9 115936.44 165061 9.36975622729E9 115936.44 78 7 225 780 70 2250
9900.0 16452 1.95936377704E9 127470.0 181513 1.132912000433E10 127470.0 78 7 225 858 77 2475
10800.0 16452 2.14552085113E9 139003.57 197965 1.347464085546E10 139003.57 78 7 225 936 84 2700
11700.0 16560 2.33983670252E9 150537.14 214525 1.581447755798E10 150537.14 78 7 225 1014 91 2925
12600.0 16530 2.52339113213E9 162070.72 231055 1.833786869011E10 162070.72 78 7 225 1092 98 3150
13500.0 16454 2.70406557527E9 173604.56 247509 2.104193426538E10 173604.56 78 7 225 1170 105 3375
14400.0 16452 2.89022729293E9 185138.43 263961 2.393216155831E10 185138.43 78 7 225 1248 112 3600
15300.0 16560 3.08695201542E9 196672.0 280521 2.701911357373E10 196672.0 78 7 225 1326 119 3825
16200.0 16524 3.26975649254E9 208205.58 297045 3.028887006627E10 208205.58 78 7 225 1404 126 4050
17100.0 16452 3.44877231745E9 219739.15 313497 3.373764238372E10 219739.15 78 7 225 1482 133 4275
18000.0 16452 3.63492939155E9 231272.72 329949 3.737257177527E10 231272.72 78 7 225 1560 140 4500
18900.0 16560 3.83414292859E9 242806.29 346509 4.120671470385E10 242806.29 78 7 225 1638 147 4725
19800.0 16524 4.01611697954E9 254339.87 363033 4.522283168339E10 254339.87 78 7 225 1716 154 4950
20700.0 16452 4.19347197912E9 265873.44 379485 4.941630366251E10 265873.44 78 7 225 1794 161 5175
21600.0 16452 4.37962905321E9 277407.01 395937 5.379593271571E10 277407.01 78 7 225 1872 168 5400
22500.0 16560 4.58133383275E9 288940.58 412497 5.837726654846E10 288940.58 78 7 225 1950 175 5625
23400.0 16524 4.76247748453E9 300474.15 429021 6.3139744033E10 300474.15 78 7 225 2028 182 5850
24300.0 16452 4.93817164078E9 312007.72 445473 6.807791567378E10 312007.72 78 7 225 2106 189 6075
25200.0 16453 5.12432871487E9 323541.29 461926 7.320224438865E10 323541.29 78 7 225 2184 196 6300
26100.0 16560 5.32861338002E9 335075.31 478486 7.853085776867E10 335075.31 78 7 225 2262 203 6525
27000.0 16524 5.50884618468E9 346609.01 495010 8.403970395335E10 346609.01 78 7 225 2340 210 6750
27900.0 16452 5.68288053194E9 358142.58 511462 8.972258448528E10 358142.58 78 7 225 2418 217 6975
28800.0 16452 5.86903760603E9 369676.15 527914 9.559162209131E10 369676.15 78 7 225 2496 224 7200
29700.0 16560 6.07572493749E9 381209.72 544474 1.016673470288E11 381209.72 78 7 225 2574 231 7425
30600.0 16524 6.25520771809E9 392743.3 560998 1.0792255474689E11 392743.3 78 7 225 2652 238 7650
31500.0 16452 6.42758019408E9 404276.87 577450 1.1435013494097E11 404276.87 78 7 225 2730 245 7875
32400.0 16452 6.61373726818E9 415810.44 593902 1.2096387220915E11 415810.44 78 7 225 2808 252 8100
33300.0 16560 6.82291584214E9 427344.01 610462 1.2778678805129E11 427344.01 78 7 225 2886 259 8325
34200.0 16524 7.00156822363E9 438877.59 626986 1.3478835627492E11 438877.59 78 7 225 2964 266 8550
35100.0 16452 7.17227985629E9 450411.16 643438 1.4196063613121E11 450411.16 78 7 225 3042 273 8775
36000.0 16452 7.35843693038E9 461944.73 659890 1.4931907306159E11 461944.73 78 7 225 3120 280 9000
36900.0 16560 7.57010675585E9 473478.3 676450 1.5688917981744E11 473478.3 78 7 225 3198 287 9225
37800.0 16524 7.74792872022E9 485011.87 692974 1.6463710853766E11 485011.87 78 7 225 3276 294 9450
38700.0 16452 7.91698515403E9 496546.01 709426 1.7255409369169E11 496546.01 78 7 225 3354 301 9675
39600.0 16452 8.10314586378E9 508079.59 725878 1.8065723955547E11 508079.59 78 7 225 3432 308 9900
40500.0 16560 8.31730697178E9 519613.16 742438 1.8897454652726E11 519613.16 78 7 225 3510 315 10125
41400.0 16524 8.49429850866E9 531146.74 758962 1.9746884503592E11 531146.74 78 7 225 3588 322 10350
42300.0 16452 8.66168845205E9 542680.31 775414 2.0613053348797E11 542680.31 78 7 225 3666 329 10575
43200.0 16452 8.84784552615E9 554213.87 791866 2.1497837901412E11 554213.87 78 7 225 3744 336 10800
44100.0 16560 9.06449787666E9 565747.44 808426 2.2404287689078E11 565747.44 78 7 225 3822 343 11025
45000.0 16524 9.24065900537E9 577281.02 824950 2.3328353589615E11 577281.02 78 7 225 3900 350 11250
45900.0 16452 9.40638811447E9 588814.59 841402 2.4268992401062E11 588814.59 78 7 225 3978 357 11475
46800.0 16452 9.59254518858E9 600348.16 857854 2.522824691992E11 600348.16 78 7 225 4056 364 11700
47700.0 16560 9.81177366573E9 611881.73 874414 2.6209424286493E11 611881.73 78 7 225 4134 371 11925
48600.0 16524 9.98701949324E9 623415.31 890938 2.7208126235817E11 623415.31 78 7 225 4212 378 12150
49500.0 16452 1.015108777701E10 634948.88 907390 2.8223235013518E11 634948.88 78 7 225 4290 385 12375
50400.0 16452 1.033724485111E10 646482.45 923842 2.9256959498629E11 646482.45 78 7 225 4368 392 12600
51300.0 16560 1.055888525737E10 658016.58 940402 3.0312848024366E11 658016.58 78 7 225 4446 399 12825
52200.0 16524 1.073338929086E10 669550.17 956926 3.1386186953452E11 669550.17 78 7 225 4524 406 13050
53100.0 16452 1.089579671061E10 681083.74 973378 3.2475766624513E11 681083.74 78 7 225 4602 413 13275
54000.0 16452 1.108195378472E10 692617.31 989830 3.3583962002985E11 692617.31 78 7 225 4680 420 13500
54900.0 16560 1.130607992975E10 704150.88 1006390 3.471456999596E11 704150.88 78 7 225 4758 427 13725
55800.0 16524 1.147974978767E10 715684.46 1022914 3.5862544974727E11 715684.46 78 7 225 4836 434 13950
56700.0 16452 1.164049637309E10 727218.03 1039366 3.7026594612037E11 727218.03 78 7 225 4914 441 14175
57600.0 16452 1.18266534472E10 738751.6 1055818 3.8209259956757E11 738751.6 78 7 225 4992 448 14400
58500.0 16560 1.205327084373E10 750285.17 1072378 3.941458704113E11 750285.17 78 7 225 5070 455 14625
59400.0 16524 1.222611028449E10 761818.75 1088902 4.0637198069578E11 761818.75 78 7 225 5148 462 14850
60300.0 16452 1.238519603557E10 773352.32 1105354 4.1875717673136E11 773352.32 78 7 225 5226 469 15075
61200.0 16452 1.257135310968E10 784885.88 1121806 4.3132852984103E11 784885.88 78 7 225 5304 476 15300
62100.0 16560 1.280046175772E10 796419.45 1138366 4.4412899159875E11 796419.45 78 7 225 5382 483 15525
63000.0 16533 1.297247209867E10 807953.03 1154899 4.5710146369742E11 807953.03 78 7 225 5460 490 15750
63900.0 16452 1.312990133348E10 819487.17 1171351 4.702313650309E11 819487.17 78 7 225 5538 497 15975
64800.0 16452 1.331606204323E10 831020.75 1187803 4.8354742707413E11 831020.75 78 7 225 5616 504 16200
65700.0 16560 1.354774683993E10 842554.32 1204363 4.9709517391406E11 842554.32 78 7 225 5694 511 16425
66600.0 16524 1.371884056987E10 854087.89 1220887 5.1081401448393E11 854087.89 78 7 225 5772 518 16650
67500.0 16452 1.38746046316E10 865621.46 1237339 5.2468861911553E11 865621.46 78 7 225 5850 525 16875
68400.0 16452 1.406076170571E10 877155.03 1253791 5.3874938082124E11 877155.03 78 7 225 5928 532 17100
69300.0 16560 1.429485287877E10 888688.6 1270351 5.5304423370001E11 888688.6 78 7 225 6006 539 17325
70200.0 16524 1.446520105768E10 900222.18 1286875 5.6750943475769E11 900222.18 78 7 225 6084 546 17550
71100.0 16452 1.461930429408E10 911755.75 1303327 5.8212873905177E11 911755.75 78 7 225 6162 553 17775
72000.0 16452 1.480546136819E10 923289.32 1319779 5.9693420041996E11 923289.32 78 7 225 6240 560 18000
72900.0 16560 1.504204380175E10 934822.89 1336339 6.1197624422171E11 934822.89 78 7 225 6318 567 18225
73800.0 16524 1.52115615635E10 946356.47 1352863 6.2718780578521E11 946356.47 78 7 225 6396 574 18450
74700.0 16453 1.536400395656E10 957890.04 1369316 6.4255180974177E11 957890.04 78 7 225 6474 581 18675
75600.0 16452 1.555016256942E10 969423.8 1385768 6.5810197231119E11 969423.8 78 7 225 6552 588 18900
76500.0 16560 1.57893257017E10 980957.74 1402328 6.7389129801289E11 980957.74 78 7 225 6630 595 19125
77400.0 16524 1.59579313184E10 992491.33 1418852 6.8984922933129E11 992491.33 78 7 225 6708 602 19350
78300.0 16452 1.610871285652E10 1004024.9 1435304 7.0595794218781E11 1004024.9 78 7 225 6786 609 19575
79200.0 16452 1.629486993063E10 1015558.47 1451756 7.2225281211845E11 1015558.47 78 7 225 6864 616 19800
80100.0 16560 1.653643488911E10 1027092.04 1468316 7.3878924700755E11 1027092.04 78 7 225 6942 623 20025
81000.0 16524 1.670429618844E10 1038625.62 1484840 7.55493543196E11 1038625.62 78 7 225 7020 630 20250
81900.0 16452 1.685341251895E10 1050159.18 1501292 7.7234695571495E11 1050159.18 78 7 225 7098 637 20475
82800.0 16452 1.703956959306E10 1061692.75 1517744 7.8938652530801E11 1061692.75 78 7 225 7176 644 20700
83700.0 16560 1.728371067818E10 1073226.32 1534304 8.066702359862E11 1073226.32 78 7 225 7254 651 20925
84600.0 16524 1.745065231198E10 1084759.9 1550828 8.2412088829818E11 1084759.9 78 7 225 7332 658 21150
85500.0 16452 1.759811218138E10 1096293.47 1567280 8.4171900047956E11 1096293.47 78 7 225 7410 665 21375
86400.0 16452 1.778426925549E10 1107827.04 1583732 8.5950326973505E11 1107827.04 78 7 225 7488 672 21600
87300.0 16560 1.803081670797E10 1119360.61 1600292 8.7753408644303E11 1119360.61 78 7 225 7566 679 21825
88200.0 16524 1.819702027267E10 1130894.57 1616816 8.957311067157E11 1130894.57 78 7 225 7644 686 22050
89100.0 16452 1.834281952936E10 1142428.33 1633268 9.1407392624505E11 1142428.33 78 7 225 7722 693 22275
90000.0 16452 1.85289781372E10 1153961.9 1649720 9.3260290438225E11 1153961.9 78 7 225 7800 700 22500
90900.0 16560 1.877810174717E10 1165495.47 1666280 9.5138100612941E11 1165495.47 78 7 225 7878 707 22725
91800.0 16524 1.89433825364E10 1177029.05 1682804 9.7032438866582E11 1177029.05 78 7 225 7956 714 22950
92700.0 16452 1.908752072557E10 1188562.62 1699256 9.8941190939139E11 1188562.62 78 7 225 8034 721 23175
93600.0 16452 1.927367779968E10 1200096.19 1715708 1.00868558719106E12 1200096.19 78 7 225 8112 728 23400
94500.0 16560 1.952520779501E10 1211629.76 1732268 1.02821079498607E12 1211629.76 78 7 225 8190 735 23625
95400.0 16524 1.968974740645E10 1223163.33 1748792 1.04790054239252E12 1223163.33 78 7 225 8268 742 23850
96300.0 16452 1.983222038805E10 1234696.9 1765244 1.06773276278058E12 1234696.9 78 7 225 8346 749 24075
97200.0 16452 2.001837746216E10 1246230.47 1781696 1.08775114024274E12 1246230.47 78 7 225 8424 756 24300
98100.0 16560 2.0272398709E10 1257764.04 1798256 1.10802353895174E12 1257764.04 78 7 225 8502 763 24525
99000.0 16524 2.043610353004E10 1269297.62 1814780 1.12845964248178E12 1269297.62 78 7 225 8580 770 24750
99900.0 16452 2.057692005054E10 1280831.19 1831232 1.14903656253232E12 1280831.19 78 7 225 8658 777 24975
100800.0 16452 2.076308276294E10 1292365.33 1847684 1.16979964529526E12 1292365.33 78 7 225 8736 784 25200
101700.0 16560 2.101959892507E10 1303898.9 1864244 1.19081924422033E12 1303898.9 78 7 225 8814 791 25425
102600.0 16525 2.118247332761E10 1315432.48 1880769 1.21200171754794E12 1315432.48 78 7 225 8892 798 25650
103500.0 16452 2.132162898409E10 1326966.05 1897221 1.23332334653203E12 1326966.05 78 7 225 8970 805 25875
104400.0 16452 2.15077860582E10 1338499.62 1913673 1.25483113259024E12 1338499.62 78 7 225 9048 812 26100
105300.0 16560 2.176678984806E10 1350033.19 1930233 1.2765979224383E12 1350033.19 78 7 225 9126 819 26325
106200.0 16524 2.192883381543E10 1361566.77 1946757 1.29852675625373E12 1361566.77 78 7 225 9204 826 26550
107100.0 16452 2.206632864658E10 1373100.34 1963209 1.3205930849003E12 1373100.34 78 7 225 9282 833 26775
108000.0 16452 2.225248572069E10 1384633.91 1979661 1.34284557062099E12 1384633.91 78 7 225 9360 840 27000
108900.0 16560 2.251398075305E10 1396167.48 1996221 1.36535955137404E12 1396167.48 78 7 225 9438 847 27225
109800.0 16524 2.26751943213E10 1407701.06 2012745 1.38803474569534E12 1407701.06 78 7 225 9516 854 27450
110700.0 16452 2.281102830917E10 1419234.63 2029197 1.41084577400451E12 1419234.63 78 7 225 9594 861 27675
111600.0 16452 2.299718538328E10 1430768.2 2045649 1.43384295938779E12 1430768.2 78 7 225 9672 868 27900
112500.0 16568 2.326117175491E10 1442301.77 2062217 1.4571041311427E12 1442301.77 78 7 225 9750 875 28125
113400.0 16524 2.34215603997E10 1453835.91 2078741 1.48052569154241E12 1453835.91 78 7 225 9828 882 28350
114300.0 16452 2.355573724284E10 1465369.49 2095193 1.50408142878524E12 1465369.49 78 7 225 9906 889 28575
115200.0 16452 2.374189431694E10 1476903.06 2111645 1.52782332310218E12 1476903.06 78 7 225 9984 896 28800
116100.0 16560 2.400837187433E10 1488436.63 2128205 1.55183169497651E12 1488436.63 78 7 225 10062 903 29025
117000.0 16524 2.416792460691E10 1499970.21 2144729 1.57599961958342E12 1499970.21 78 7 225 10140 910 29250
117900.0 16452 2.430043690543E10 1511503.78 2161181 1.60030005648885E12 1511503.78 78 7 225 10218 917 29475
118800.0 16452 2.448659397954E10 1523037.34 2177633 1.62478665046838E12 1523037.34 78 7 225 10296 924 29700
119700.0 16560 2.475556281542E10 1534570.91 2194193 1.6495422132838E12 1534570.91 78 7 225 10374 931 29925
120600.0 16524 2.491428509484E10 1546104.49 2210717 1.67445649837864E12 1546104.49 78 7 225 10452 938 30150
121500.0 16452 2.504513656802E10 1557638.06 2227169 1.69950163494666E12 1557638.06 78 7 225 10530 945 30375
122400.0 16452 2.523129364213E10 1569171.63 2243621 1.72473292858879E12 1569171.63 78 7 225 10608 952 30600
123300.0 16560 2.550275371152E10 1580705.2 2260181 1.75023568230031E12 1580705.2 78 7 225 10686 959 30825
124200.0 16524 2.566064560076E10 1592238.78 2276705 1.77589632790107E12 1592238.78 78 7 225 10764 966 31050
125100.0 16453 2.57898364476E10 1603772.35 2293158 1.80168616434867E12 1603772.35 78 7 225 10842 973 31275
126000.0 16452 2.597599894302E10 1615306.48 2309610 1.82766216329168E12 1615306.48 78 7 225 10920 980 31500
126900.0 16560 2.62499539367E10 1626840.06 2326170 1.85391211722838E12 1626840.06 78 7 225 10998 987 31725
127800.0 16524 2.640701538944E10 1638373.64 2342694 1.88031913261782E12 1638373.64 78 7 225 11076 994 31950
128700.0 16452 2.653454516428E10 1649907.21 2359146 1.9068536777821E12 1649907.21 78 7 225 11154 1001 32175
129600.0 16452 2.672070223838E10 1661440.78 2375598 1.93357438002048E12 1661440.78 78 7 225 11232 1008 32400
130500.0 16560 2.69971448598E10 1672974.35 2392158 1.96057152488028E12 1672974.35 78 7 225 11310 1015 32625
131400.0 16524 2.715337587737E10 1684507.93 2408682 1.98772490075765E12 1684507.93 78 7 225 11388 1022 32850
132300.0 16452 2.727924482687E10 1696041.5 2425134 2.01500414558452E12 1696041.5 78 7 225 11466 1029 33075
133200.0 16452 2.746540190098E10 1707575.07 2441586 2.0424695474855E12 1707575.07 78 7 225 11544 1036 33300
134100.0 16560 2.774433576489E10 1719108.64 2458146 2.07021388325039E12 1719108.64 78 7 225 11622 1043 33525
135000.0 16524 2.78997363833E10 1730642.22 2474670 2.09811361963369E12 1730642.22 78 7 225 11700 1050 33750
135900.0 16452 2.802394448946E10 1742175.79 2491122 2.12613756412315E12 1742175.79 78 7 225 11778 1057 33975
136800.0 16452 2.821010156357E10 1753709.35 2507574 2.15434766568672E12 1753709.35 78 7 225 11856 1064 34200
137700.0 16560 2.849152755335E10 1765243.03 2524134 2.18283919324007E12 1765243.03 78 7 225 11934 1071 34425
138600.0 16524 2.864610347623E10 1776777.07 2540658 2.2114852967163E12 1776777.07 78 7 225 12012 1078 34650
139500.0 16452 2.876865339532E10 1788310.65 2557110 2.24025395011161E12 1788310.65 78 7 225 12090 1085 34875
140400.0 16452 2.895481046943E10 1799844.21 2573562 2.26920876058104E12 1799844.21 78 7 225 12168 1092 35100
141300.0 16560 2.923872686727E10 1811377.78 2590122 2.29844748744832E12 1811377.78 78 7 225 12246 1099 35325
142200.0 16524 2.939246664103E10 1822911.36 2606646 2.32783995408935E12 1822911.36 78 7 225 12324 1106 35550
143100.0 16452 2.951335305791E10 1834444.93 2623098 2.35735330714726E12 1834444.93 78 7 225 12402 1113 35775
144000.0 16452 2.969951013202E10 1845978.5 2639550 2.38705281727928E12 1845978.5 78 7 225 12480 1120 36000
144900.0 16560 2.998591778137E10 1857512.07 2656110 2.41703873506065E12 1857512.07 78 7 225 12558 1127 36225
145800.0 16524 3.013882712896E10 1869045.65 2672634 2.44717756218961E12 1869045.65 78 7 225 12636 1134 36450
146700.0 16452 3.02580527205E10 1880579.22 2689086 2.47743561491011E12 1880579.22 78 7 225 12714 1141 36675
147600.0 16452 3.044420979461E10 1892112.79 2705538 2.50787982470472E12 1892112.79 78 7 225 12792 1148 36900
148500.0 16560 3.073310869547E10 1903646.36 2722098 2.53861293340019E12 1903646.36 78 7 225 12870 1155 37125
149400.0 16524 3.088518763489E10 1915179.94 2738622 2.56949812103508E12 1915179.94 78 7 225 12948 1162 37350
150300.0 16452 3.100275491315E10 1926713.83 2755074 2.60050087594824E12 1926713.83 78 7 225 13026 1169 37575
151200.0 16452 3.118891668377E10 1938247.64 2771526 2.63168979263201E12 1938247.64 78 7 225 13104 1176 37800
152100.0 16560 3.148030885882E10 1949781.22 2788086 2.66317010149083E12 1949781.22 78 7 225 13182 1183 38025
153000.0 16524 3.163155737084E10 1961314.8 2804610 2.69480165886167E12 1961314.8 78 7 225 13260 1190 38250
153900.0 16452 3.174746127313E10 1972848.37 2821062 2.7265491201348E12 1972848.37 78 7 225 13338 1197 38475
154800.0 16452 3.193361834724E10 1984381.93 2837514 2.75848273848203E12 1984381.93 78 7 225 13416 1204 38700
155700.0 16560 3.222749978197E10 1995915.5 2854074 2.790710238264E12 1995915.5 78 7 225 13494 1211 38925
156600.0 16524 3.237791787677E10 2007449.08 2870598 2.82308815614078E12 2007449.08 78 7 225 13572 1218 39150
157500.0 16452 3.249216093561E10 2018982.65 2887050 2.85558031707639E12 2018982.65 78 7 225 13650 1225 39375
158400.0 16452 3.267831800966E10 2030516.22 2903502 2.88825863508604E12 2030516.22 78 7 225 13728 1232 39600
159300.0 16560 3.297477555298E10 2042049.79 2920062 2.92123341063902E12 2042049.79 78 7 225 13806 1239 39825
160200.0 16524 3.312427836446E10 2053583.37 2936586 2.95435768900348E12 2053583.37 78 7 225 13884 1246 40050
161100.0 16452 3.323686059796E10 2065116.94 2953038 2.98759454960143E12 2065116.94 78 7 225 13962 1253 40275
162000.0 16458 3.3423017672E10 2076650.51 2969496 3.02101756727344E12 2076650.51 78 7 225 14040 1260 40500
162900.0 16563 3.372188695305E10 2088184.56 2986059 3.05473945422649E12 2088184.56 78 7 225 14118 1267 40725
163800.0 16524 3.387065187507E10 2099718.23 3002583 3.08861010610156E12 2099718.23 78 7 225 14196 1274 40950
164700.0 16452 3.398156949519E10 2111251.8 3019035 3.12259167559675E12 2111251.8 78 7 225 14274 1281 41175
165600.0 16452 3.416772656924E10 2122785.37 3035487 3.15675940216598E12 2122785.37 78 7 225 14352 1288 41400
166500.0 16560 3.446916664646E10 2134318.94 3052047 3.19122856881244E12 2134318.94 78 7 225 14430 1295 41625
167400.0 16524 3.461700862219E10 2145852.52 3068571 3.22584557743464E12 2145852.52 78 7 225 14508 1302 41850
168300.0 16452 3.472626915743E10 2157386.09 3085023 3.26057184659206E12 2157386.09 78 7 225 14586 1309 42075
169200.0 16452 3.491242623147E10 2168919.66 3101475 3.29548427282354E12 2168919.66 78 7 225 14664 1316 42300
170100.0 16560 3.521627269405E10 2180453.22 3118035 3.33070054551759E12 2180453.22 78 7 225 14742 1323 42525
171000.0 16524 3.5363373492E10 2191986.8 3134559 3.36606391900959E12 2191986.8 78 7 225 14820 1330 42750
171900.0 16452 3.547096881966E10 2203520.37 3151011 3.40153488782925E12 2203520.37 78 7 225 14898 1337 42975
172800.0 16452 3.565712589371E10 2215053.94 3167463 3.43719201372296E12 2215053.94 78 7 225 14976 1344 43200
173700.0 16560 3.596346360779E10 2226587.51 3184023 3.47315547733076E12 2226587.51 78 7 225 15054 1351 43425
174600.0 16525 3.610972961534E10 2238121.09 3200548 3.5092652069461E12 2238121.09 78 7 225 15132 1358 43650
175500.0 16452 3.621567411735E10 2249655.23 3217000 3.54548088106345E12 2249655.23 78 7 225 15210 1365 43875
176400.0 16452 3.640183482708E10 2261188.8 3233452 3.58188271589053E12 2261188.8 78 7 225 15288 1372 44100
177300.0 16560 3.671066383268E10 2272722.37 3250012 3.6185933797232E12 2272722.37 78 7 225 15366 1379 44325
178200.0 16524 3.685609940372E10 2284255.95 3266536 3.65544947912692E12 2284255.95 78 7 225 15444 1386 44550
179100.0 16452 3.696037741527E10 2295789.52 3282988 3.69240985654219E12 2295789.52 78 7 225 15522 1393 44775
180000.0 16452 3.714653448931E10 2307323.09 3299440 3.7295563910315E12 2307323.09 78 7 225 15600 1400 45000
180900.0 16560 3.745785475542E10 2318856.66 3316000 3.76701424578692E12 2318856.66 78 7 225 15678 1407 45225
181800.0 16524 3.760245990024E10 2330390.24 3332524 3.80461670568715E12 2330390.24 78 7 225 15756 1414 45450
182700.0 16452 3.770507707745E10 2341923.81 3348976 3.8423217827646E12 2341923.81 78 7 225 15834 1421 45675
183600.0 16452 3.78912341515E10 2353457.38 3365428 3.8802130169161E12 2353457.38 78 7 225 15912 1428 45900
184500.0 16560 3.82050456421E10 2364990.95 3381988 3.9184180625582E12 2364990.95 78 7 225 15990 1435 46125
185400.0 16524 3.834882039675E10 2376524.53 3398512 3.95676688295496E12 2376524.53 78 7 225 16068 1442 46350
186300.0 16452 3.844977673963E10 2388058.1 3414964 3.99521665969459E12 2388058.1 78 7 225 16146 1449 46575
187200.0 16452 3.863593381368E10 2399591.66 3431416 4.03385259350828E12 2399591.66 78 7 225 16224 1456 46800
188100.0 16560 3.895224212656E10 2411125.8 3447976 4.07280483563484E12 2411125.8 78 7 225 16302 1463 47025
189000.0 16524 3.909519018508E10 2422659.39 3464500 4.11190002581992E12 2422659.39 78 7 225 16380 1470 47250
189900.0 16452 3.919448567295E10 2434192.96 3480952 4.15109451149286E12 2434192.96 78 7 225 16458 1477 47475
190800.0 16452 3.938064274699E10 2445726.53 3497404 4.19047515423986E12 2445726.53 78 7 225 16536 1484 47700
191700.0 16560 3.969943678962E10 2457260.1 3513964 4.23017459102947E12 2457260.1 78 7 225 16614 1491 47925
192600.0 16524 3.98415506816E10 2468793.67 3530488 4.27001614171107E12 2468793.67 78 7 225 16692 1498 48150
193500.0 16452 3.993918533513E10 2480327.24 3546940 4.3099553270462E12 2480327.24 78 7 225 16770 1505 48375
194400.0 16452 4.012534240918E10 2491860.81 3563392 4.35008066945537E12 2491860.81 78 7 225 16848 1512 48600
195300.0 16560 4.04466276943E10 2503394.38 3579952 4.39052729714968E12 2503394.38 78 7 225 16926 1519 48825
196200.0 16524 4.058791117811E10 2514927.96 3596476 4.43111520832779E12 2514927.96 78 7 225 17004 1526 49050
197100.0 16452 4.068388499731E10 2526461.53 3612928 4.4717990933251E12 2526461.53 78 7 225 17082 1533 49275
198000.0 16452 4.087004207136E10 2537995.1 3629380 4.51266913539646E12 2537995.1 78 7 225 17160 1540 49500
198900.0 16560 4.119381861699E10 2549528.67 3645940 4.55386295401345E12 2549528.67 78 7 225 17238 1547 49725
199800.0 16524 4.133427204323E10 2561062.27 3662464 4.59519722605668E12 2561062.27 78 7 225 17316 1554 49950
200700.0 16452 4.142859044462E10 2572596.38 3678916 4.6366258165013E12 2572596.38 78 7 225 17394 1561 50175
201600.0 16452 4.161475099736E10 2584129.96 3695368 4.67824056749866E12 2584129.96 78 7 225 17472 1568 50400
202500.0 16561 4.194101883448E10 2595663.53 3711929 4.72018158633314E12 2595663.53 78 7 225 17550 1575 50625
203400.0 16524 4.208064145563E10 2607197.11 3728453 4.76226222778876E12 2607197.11 78 7 225 17628 1582 50850
204300.0 16452 4.217329358549E10 2618730.68 3744905 4.80443552137426E12 2618730.68 78 7 225 17706 1589 51075
205200.0 16452 4.235945065954E10 2630264.25 3761357 4.8467949720338E12 2630264.25 78 7 225 17784 1596 51300
206100.0 16560 4.268820972117E10 2641797.82 3777917 4.88948318175496E12 2641797.82 78 7 225 17862 1603 51525
207000.0 16524 4.282700195204E10 2653331.4 3794441 4.932310183707E12 2653331.4 78 7 225 17940 1610 51750
207900.0 16452 4.291799324757E10 2664864.97 3810893 4.97522817695457E12 2664864.97 78 7 225 18018 1617 51975
208800.0 16452 4.310415032162E10 2676398.54 3827345 5.01833232727619E12 2676398.54 78 7 225 18096 1624 52200
209700.0 16560 4.343540066174E10 2687932.11 3843905 5.06176772793793E12 2687932.11 78 7 225 18174 1631 52425
210600.0 16524 4.357336244834E10 2699465.68 3860429 5.10534109038627E12 2699465.68 78 7 225 18252 1638 52650
211500.0 16458 4.366269290954E10 2710999.25 3876887 5.14900378329581E12 2710999.25 78 7 225 18330 1645 52875
212400.0 16454 4.384885174658E10 2722533.05 3893341 5.19285263504239E12 2722533.05 78 7 225 18408 1652 53100
213300.0 16560 4.418259782989E10 2734066.96 3909901 5.23703523287228E12 2734066.96 78 7 225 18486 1659 53325
214200.0 16524 4.43197321947E10 2745600.54 3926425 5.28135496506698E12 2745600.54 78 7 225 18564 1666 53550
215100.0 16452 4.440740180098E10 2757134.11 3942877 5.32576236686796E12 2757134.11 78 7 225 18642 1673 53775
216000.0 16452 4.459355887503E10 2768667.68 3959329 5.37035592574299E12 2768667.68 78 7 225 18720 1680 54000
216900.0 16560 4.492979174903E10 2780201.25 3975889 5.41528571749202E12 2780201.25 78 7 225 18798 1687 54225
217800.0 16524 4.506609269101E10 2791734.83 3992413 5.46035181018303E12 2791734.83 78 7 225 18876 1694 54450
218700.0 16452 4.515210146295E10 2803268.4 4008865 5.50550391164598E12 2803268.4 78 7 225 18954 1701 54675
219600.0 16452 4.533825853699E10 2814801.97 4025317 5.55084217018297E12 2814801.97 78 7 225 19032 1708 54900
220500.0 16560 4.56769826445E10 2826335.54 4041877 5.59651915282748E12 2826335.54 78 7 225 19110 1715 55125
221400.0 16524 4.581245318731E10 2837869.12 4058401 5.64233160601478E12 2837869.12 78 7 225 19188 1722 55350
222300.0 16452 4.589680112486E10 2849402.69 4074853 5.68822840713964E12 2849402.69 78 7 225 19266 1729 55575
223200.0 16452 4.608295819891E10 2860936.26 4091305 5.73431136533855E12 2860936.26 78 7 225 19344 1736 55800
224100.0 16561 4.642417356692E10 2872469.83 4107866 5.78073553890547E12 2872469.83 78 7 225 19422 1743 56025
225000.0 16524 4.655881788506E10 2884003.82 4124390 5.82729435679052E12 2884003.82 78 7 225 19500 1750 56250
225900.0 16452 4.664150873021E10 2895537.54 4140842 5.87393586552073E12 2895537.54 78 7 225 19578 1757 56475
226800.0 16452 4.682766708215E10 2907071.11 4157294 5.92076353260288E12 2907071.11 78 7 225 19656 1764 56700
227700.0 16560 4.717137372351E10 2918604.68 4173854 5.9679349063264E12 2918604.68 78 7 225 19734 1771 56925
228600.0 16524 4.73051834217E10 2930138.26 4190378 6.01524008974809E12 2930138.26 78 7 225 19812 1778 57150
229500.0 16452 4.738620967002E10 2941671.83 4206830 6.0626262994181E12 2941671.83 78 7 225 19890 1785 57375
230400.0 16452 4.757236674406E10 2953205.4 4223282 6.11019866616217E12 2953205.4 78 7 225 19968 1792 57600
231300.0 16560 4.791856464593E10 2964738.97 4239842 6.15811723080809E12 2964738.97 78 7 225 20046 1799 57825
232200.0 16524 4.805154391794E10 2976272.55 4256366 6.20616877472604E12 2976272.55 78 7 225 20124 1806 58050
233100.0 16452 4.813090933193E10 2987806.12 4272818 6.25429968405797E12 2987806.12 78 7 225 20202 1813 58275
234000.0 16452 4.831706640598E10 2999339.69 4289270 6.30261675046394E12 2999339.69 78 7 225 20280 1820 58500
234900.0 16560 4.866575555034E10 3010873.26 4305830 6.35128250601428E12 3010873.26 78 7 225 20358 1827 58725
235800.0 16524 4.879790441419E10 3022406.84 4322354 6.40008041042848E12 3022406.84 78 7 225 20436 1834 58950
236700.0 16452 4.887560899384E10 3033940.41 4338806 6.44895601942231E12 3033940.41 78 7 225 20514 1841 59175
237600.0 16452 4.906177170621E10 3045474.54 4355258 6.49801779112853E12 3045474.54 78 7 225 20592 1848 59400
238500.0 16560 4.94129557749E10 3057008.12 4371818 6.54743074690342E12 3057008.12 78 7 225 20670 1855 59625
239400.0 16524 4.954427420224E10 3068541.7 4388342 6.59697502110567E12 3068541.7 78 7 225 20748 1862 59850
240300.0 16452 4.962031792688E10 3080075.27 4404794 6.64659533903255E12 3080075.27 78 7 225 20826 1869 60075
241200.0 16452 4.980647500093E10 3091608.84 4421246 6.69640181403348E12 3091608.84 78 7 225 20904 1876 60300
242100.0 16560 5.016014667931E10 3103142.41 4437806 6.74656196071279E12 3103142.41 78 7 225 20982 1883 60525
243000.0 16524 5.029063469849E10 3114675.98 4454330 6.79685259541128E12 3114675.98 78 7 225 21060 1890 60750
243900.0 16452 5.03650175888E10 3126209.55 4470782 6.84721761300008E12 3126209.55 78 7 225 21138 1897 60975
244800.0 16452 5.055117466284E10 3137743.12 4487234 6.89776878766292E12 3137743.12 78 7 225 21216 1904 61200
245700.0 16560 5.090733760173E10 3149276.69 4503794 6.94867612526465E12 3149276.69 78 7 225 21294 1911 61425
246600.0 16524 5.103699519474E10 3160810.27 4520318 6.99971312045939E12 3160810.27 78 7 225 21372 1918 61650
247500.0 16452 5.110971725071E10 3172343.84 4536770 7.0508228377101E12 3172343.84 78 7 225 21450 1925 61875
248400.0 16452 5.129587432476E10 3183877.41 4553222 7.10211871203485E12 3183877.41 78 7 225 21528 1932 62100
249300.0 16560 5.16545285151E10 3195410.98 4569782 7.15377324054995E12 3195410.98 78 7 225 21606 1939 62325
250200.0 16524 5.178336128143E10 3206945.12 4586306 7.20555660183138E12 3206945.12 78 7 225 21684 1946 62550
251100.0 16452 5.18544261837E10 3218478.7 4602758 7.25741102801508E12 3218478.7 78 7 225 21762 1953 62775
252000.0 16453 5.204058325774E10 3230012.27 4619211 7.30945161127282E12 3230012.27 78 7 225 21840 1960 63000
252900.0 16560 5.24017287216E10 3241545.84 4635771 7.36185333999442E12 3241545.84 78 7 225 21918 1967 63225
253800.0 16524 5.252972547898E10 3253079.42 4652295 7.41438306547341E12 3253079.42 78 7 225 21996 1974 63450
254700.0 16452 5.259912584561E10 3264612.99 4668747 7.46698219131902E12 3264612.99 78 7 225 22074 1981 63675
255600.0 16452 5.278528291966E10 3276146.56 4685199 7.51976747423867E12 3276146.56 78 7 225 22152 1988 63900
256500.0 16560 5.314891964402E10 3287680.13 4701759 7.57291639388269E12 3287680.13 78 7 225 22230 1995 64125
257400.0 16524 5.327608597523E10 3299213.71 4718283 7.62619247985792E12 3299213.71 78 7 225 22308 2002 64350
258300.0 16452 5.334382550752E10 3310747.28 4734735 7.67953630536544E12 3310747.28 78 7 225 22386 2009 64575
259200.0 16452 5.352998258157E10 3322280.85 4751187 7.73306628794701E12 3322280.85 78 7 225 22464 2016 64800
260100.0 16560 5.389611054843E10 3333814.42 4767747 7.78696239849544E12 3333814.42 78 7 225 22542 2023 65025
261000.0 16524 5.402244647138E10 3345347.99 4784271 7.84098484496682E12 3345347.99 78 7 225 22620 2030 65250
261900.0 16460 5.408852637239E10 3356881.56 4800731 7.89507337133921E12 3356881.56 78 7 225 22698 2037 65475
262800.0 16452 5.42746878817E10 3368415.7 4817183 7.94934805922091E12 3368415.7 78 7 225 22776 2044 65700
263700.0 16560 5.464339563907E10 3379949.28 4833743 8.00399145485998E12 3379949.28 78 7 225 22854 2051 65925
264600.0 16524 5.476881625937E10 3391482.86 4850267 8.05876027111935E12 3391482.86 78 7 225 22932 2058 66150
265500.0 16452 5.483323410231E10 3403016.43 4866719 8.11359350522166E12 3403016.43 78 7 225 23010 2065 66375
266400.0 16452 5.501939117636E10 3414549.99 4883171 8.16861289639802E12 3414549.99 78 7 225 23088 2072 66600
267300.0 16560 5.539050167724E10 3426083.56 4899731 8.22400339807527E12 3426083.56 78 7 225 23166 2079 66825
268200.0 16524 5.551518113795E10 3437617.14 4916255 8.27951857921322E12 3437617.14 78 7 225 23244 2086 67050
269100.0 16452 5.557793376433E10 3449150.71 4932707 8.33509651297755E12 3449150.71 78 7 225 23322 2093 67275
270000.0 16452 5.576409083838E10 3460684.28 4949159 8.39086060381593E12 3460684.28 78 7 225 23400 2100 67500
270900.0 16560 5.613777747495E10 3472217.85 4965719 8.44699838129089E12 3472217.85 78 7 225 23478 2107 67725
271800.0 16524 5.626153724308E10 3483751.43 4982243 8.50325991853397E12 3483751.43 78 7 225 23556 2114 67950
272700.0 16452 5.632263342636E10 3495285.0 4998695 8.55958255196032E12 3495285.0 78 7 225 23634 2121 68175
273600.0 16453 5.65087905004E10 3506818.57 5015148 8.61609134246072E12 3506818.57 78 7 225 23712 2128 68400
274500.0 16560 5.688488429885E10 3518352.29 5031708 8.67297622675958E12 3518352.29 78 7 225 23790 2135 68625
275400.0 16524 5.700790767812E10 3529886.28 5048232 8.72998413443769E12 3529886.28 78 7 225 23868 2142 68850
276300.0 16452 5.706734232869E10 3541419.86 5064684 8.78705147676638E12 3541419.86 78 7 225 23946 2149 69075
277200.0 16452 5.725349940274E10 3552953.43 5081136 8.84430497616912E12 3552953.43 78 7 225 24024 2156 69300
278100.0 16560 5.763208370704E10 3564487.0 5097696 8.90193705987616E12 3564487.0 78 7 225 24102 2163 69525
279000.0 16524 5.775426749671E10 3576020.58 5114220 8.95969132737287E12 3576020.58 78 7 225 24180 2170 69750
279900.0 16452 5.781204199071E10 3587554.15 5130672 9.01750336936358E12 3587554.15 78 7 225 24258 2177 69975
280800.0 16452 5.799819906476E10 3599087.72 5147124 9.07550156842834E12 3599087.72 78 7 225 24336 2184 70200
281700.0 16560 5.837935946875E10 3610621.29 5163684 9.13388092789708E12 3610621.29 78 7 225 24414 2191 70425
282600.0 16524 5.850062800207E10 3622154.86 5180208 9.19238155589915E12 3622154.86 78 7 225 24492 2198 70650
283500.0 16452 5.855674165273E10 3633688.43 5196660 9.25093829755188E12 3633688.43 78 7 225 24570 2205 70875
284400.0 16452 5.874289872678E10 3645222.0 5213112 9.30968119627866E12 3645222.0 78 7 225 24648 2212 71100
285300.0 16560 5.912646552509E10 3656755.57 5229672 9.36880766180375E12 3656755.57 78 7 225 24726 2219 71325
286200.0 16524 5.924699287171E10 3668289.15 5246196 9.42805465467545E12 3668289.15 78 7 225 24804 2226 71550
287100.0 16452 5.930144419063E10 3679823.07 5262648 9.48735609886609E12 3679823.07 78 7 225 24882 2233 71775
288000.0 16452 5.948760581032E10 3691356.86 5279100 9.5468437046764E12 3691356.86 78 7 225 24960 2240 72000
288900.0 16560 5.987375056449E10 3702890.43 5295660 9.60671745524089E12 3702890.43 78 7 225 25038 2247 72225
289800.0 16524 5.99933582353E10 3714424.01 5312184 9.66671081347619E12 3714424.01 78 7 225 25116 2254 72450
290700.0 16452 6.004615019673E10 3725957.58 5328636 9.72675696367292E12 3725957.58 78 7 225 25194 2261 72675
291600.0 16452 6.023230727078E10 3737491.15 5345088 9.78698927094369E12 3737491.15 78 7 225 25272 2268 72900
292500.0 16560 6.062085660293E10 3749024.72 5361648 9.84761012754662E12 3749024.72 78 7 225 25350 2275 73125
293400.0 16524 6.073972311399E10 3760558.3 5378172 9.90834985066062E12 3760558.3 78 7 225 25428 2282 73350
294300.0 16452 6.079084985886E10 3772091.87 5394624 9.96914070051948E12 3772091.87 78 7 225 25506 2289 73575
295200.0 16452 6.097700693291E10 3783625.44 5411076 1.003011770745238E13 3783625.44 78 7 225 25584 2296 73800
296100.0 16560 6.136804750756E10 3795159.0 5427636 1.009148575495994E13 3795159.0 78 7 225 25662 2303 74025
297000.0 16524 6.148607921922E10 3806692.58 5444160 1.015297183417917E13 3806692.58 78 7 225 25740 2310 74250
297900.0 16452 6.153554952099E10 3818226.15 5460612 1.021450738370016E13 3818226.15 78 7 225 25818 2317 74475
298800.0 16452 6.172170659504E10 3829759.72 5477064 1.02762290902952E13 3829759.72 78 7 225 25896 2324 74700
299700.0 16560 6.211524364767E10 3841293.8 5493624 1.033834433394286E13 3841293.8 78 7 225 25974 2331 74925
300600.0 16524 6.223244844602E10 3852827.44 5510148 1.040057678238888E13 3852827.44 78 7 225 26052 2338 75150
301500.0 16453 6.228025843201E10 3864361.01 5526601 1.04628570408209E13 3864361.01 78 7 225 26130 2345 75375
302400.0 16452 6.246641550606E10 3875894.58 5543053 1.052532345632696E13 3875894.58 78 7 225 26208 2352 75600
303300.0 16560 6.286243860571E10 3887428.15 5559613 1.058818589493266E13 3887428.15 78 7 225 26286 2359 75825
304200.0 16524 6.297880948173E10 3898961.73 5576137 1.06511647044144E13 3898961.73 78 7 225 26364 2366 76050
305100.0 16452 6.30249580942E10 3910495.3 5592589 1.071418966250859E13 3910495.3 78 7 225 26442 2373 76275
306000.0 16452 6.321111516824E10 3922028.87 5609041 1.077740077767684E13 3922028.87 78 7 225 26520 2380 76500
306900.0 16560 6.360962953739E10 3933562.44 5625601 1.084101040721423E13 3933562.44 78 7 225 26598 2387 76725
307800.0 16524 6.37251699873E10 3945096.02 5642125 1.090473557720153E13 3945096.02 78 7 225 26676 2394 76950
308700.0 16452 6.376965775643E10 3956629.59 5658577 1.096850523495796E13 3956629.59 78 7 225 26754 2401 77175
309600.0 16452 6.395581483048E10 3968163.16 5675029 1.103246104978845E13 3968163.16 78 7 225 26832 2408 77400
310500.0 16560 6.435682045092E10 3979696.73 5691589 1.109681787023936E13 3979696.73 78 7 225 26910 2415 77625
311400.0 16532 6.447153047517E10 3991230.3 5708121 1.116128940071454E13 3991230.3 78 7 225 26988 2422 77850
312300.0 16452 6.451436305418E10 4002764.44 5724573 1.122580376376872E13 4002764.44 78 7 225 27066 2429 78075
313200.0 16452 6.470052376391E10 4014298.02 5741025 1.129050428753263E13 4014298.02 78 7 225 27144 2436 78300
314100.0 16560 6.510402064887E10 4025831.59 5757585 1.13556083081815E13 4025831.59 78 7 225 27222 2443 78525
315000.0 16524 6.521790027238E10 4037365.17 5774109 1.142082620845388E13 4037365.17 78 7 225 27300 2450 78750
315900.0 16452 6.525906635217E10 4048898.74 5790561 1.148608527480604E13 4048898.74 78 7 225 27378 2457 78975
316800.0 16452 6.544522342622E10 4060432.3 5807013 1.155153049823226E13 4060432.3 78 7 225 27456 2464 79200
317700.0 16560 6.585121158068E10 4071965.87 5823573 1.161738170981293E13 4071965.87 78 7 225 27534 2471 79425
318600.0 16524 6.59642651423E10 4083499.45 5840097 1.168334597495523E13 4083499.45 78 7 225 27612 2478 79650
319500.0 16452 6.600376601452E10 4095033.02 5856549 1.174934974096976E13 4095033.02 78 7 225 27690 2485 79875
320400.0 16452 6.618992308857E10 4106566.59 5873001 1.181553966405833E13 4106566.59 78 7 225 27768 2492 80100
321300.0 16560 6.659840247654E10 4118100.16 5889561 1.188213806653487E13 4118100.16 78 7 225 27846 2499 80325
322200.0 16524 6.671062126577E10 4129633.74 5906085 1.194884868780063E13 4129633.74 78 7 225 27924 2506 80550
323100.0 16452 6.674846567688E10 4141167.31 5922537 1.201559715347752E13 4141167.31 78 7 225 28002 2513 80775
324000.0 16453 6.69346229302E10 4152700.88 5938990 1.208253177640772E13 4152700.88 78 7 225 28080 2520 81000
324900.0 16560 6.734559895244E10 4164235.01 5955550 1.214987737536015E13 4164235.01 78 7 225 28158 2527 81225
325800.0 16524 6.745699104532E10 4175768.6 5972074 1.221733436640547E13 4175768.6 78 7 225 28236 2534 81450
326700.0 16452 6.749317461043E10 4187302.17 5988526 1.22848275410159E13 4187302.17 78 7 225 28314 2541 81675
327600.0 16452 6.767933168448E10 4198835.74 6004978 1.235250687270037E13 4198835.74 78 7 225 28392 2548 81900
328500.0 16560 6.809279359746E10 4210369.31 6021538 1.242059966629784E13 4210369.31 78 7 225 28470 2555 82125
329400.0 16524 6.820335154207E10 4221902.89 6038062 1.248880301783991E13 4221902.89 78 7 225 28548 2562 82350
330300.0 16452 6.823787427284E10 4233436.46 6054514 1.255704089211275E13 4233436.46 78 7 225 28626 2569 82575
331200.0 16452 6.842403134689E10 4244970.03 6070966 1.262546492345964E13 4244970.03 78 7 225 28704 2576 82800
332100.0 16560 6.884006940474E10 4256503.6 6087526 1.269430499286438E13 4256503.6 78 7 225 28782 2583 83025
333000.0 16524 6.894971642105E10 4268037.18 6104050 1.276325470928542E13 4268037.18 78 7 225 28860 2590 83250
333900.0 16452 6.898257393525E10 4279570.75 6120502 1.283223728322067E13 4279570.75 78 7 225 28938 2597 83475
334800.0 16452 6.91687310093E10 4291104.31 6136954 1.290140601422998E13 4291104.31 78 7 225 29016 2604 83700
335700.0 16560 6.958717544329E10 4302637.88 6153514 1.297099318967327E13 4302637.88 78 7 225 29094 2611 83925
336600.0 16524 6.969607313427E10 4314171.53 6170038 1.304068926280754E13 4314171.53 78 7 225 29172 2618 84150
337500.0 16452 6.972727980065E10 4325705.6 6186490 1.311041654260819E13 4325705.6 78 7 225 29250 2625 84375
338400.0 16452 6.991343991956E10 4337239.17 6202942 1.318032998252774E13 4337239.17 78 7 225 29328 2632 84600
339300.0 16560 7.033437562699E10 4348772.74 6219502 1.325066435815474E13 4348772.74 78 7 225 29406 2639 84825
340200.0 16524 7.044244667407E10 4360306.32 6236026 1.33211068048288E13 4360306.32 78 7 225 29484 2646 85050
341100.0 16452 7.047198250798E10 4371839.89 6252478 1.339157878733678E13 4371839.89 78 7 225 29562 2653 85275
342000.0 16452 7.065813958203E10 4383373.46 6268930 1.346223692691881E13 4383373.46 78 7 225 29640 2660 85500
342900.0 16560 7.108165143432E10 4394907.03 6285490 1.353331857835313E13 4394907.03 78 7 225 29718 2667 85725
343800.0 16524 7.118880280664E10 4406440.61 6302014 1.360450738115978E13 4406440.61 78 7 225 29796 2674 85950
344700.0 16452 7.121668217044E10 4417974.18 6318466 1.367572406333022E13 4417974.18 78 7 225 29874 2681 86175
345600.0 16452 7.140283924449E10 4429507.75 6334918 1.374712690257472E13 4429507.75 78 7 225 29952 2688 86400

