# seed = 1, gamma = 1.0, beta = 0.75, dee = 10.0, dcc = 50.0, dec = 15.0, dsc = 200.0, dLocalhost = 0.015, hostBroker = CLOUD, numOfCloud = 1, numOfEdge = 1, numOfSmartphone = 225 
#
# The columns have the following meaning: 
# instant[SECONDS] delayCountPartial delaySumPartial[SECONDS] delayMaxPartial[SECONDS] delayCountTot delaySumTot[SECONDS] delayMaxTot[SECONDS] runOnCloudPartial runOnEdgePartial runOnSmartphonePartial runOnCloudTot runOnEdgeTot runOnSmartphoneTot
0.0 0 0.0 0.0 0 0.0 0.0 0 0 0 0 0 0
900.0 16561 1.915967852E7 2414.25 16561 1.915967852E7 2414.25 75 10 225 75 10 225
1800.0 16524 4.533873488E7 4037.21 33085 6.44984134E7 4037.21 75 10 225 150 20 450
2700.0 16460 7.145719869E7 5659.94 49545 1.3595561209E8 5659.94 75 10 225 225 30 675
3600.0 16452 9.765230328E7 7283.22 65997 2.3360791536E8 7283.22 75 10 225 300 40 900
4500.0 16560 1.2431926121E8 8905.95 82557 3.5792717657E8 8905.95 75 10 225 375 50 1125
5400.0 16525 1.5036035906E8 10528.69 99082 5.0828753563E8 10528.69 75 10 225 450 60 1350
6300.0 16452 1.7624707155E8 12151.97 115534 6.8453460718E8 12151.97 75 10 225 525 70 1575
7200.0 16452 2.0244235567E8 13774.7 131986 8.8697696286E8 13774.7 75 10 225 600 80 1800
8100.0 16560 2.2943798035E8 15397.43 148546 1.11641494321E9 15397.43 75 10 225 675 90 2025
9000.0 16524 2.5538307076E8 17020.72 165070 1.37179801397E9 17020.72 75 10 225 750 100 2250
9900.0 16452 2.8103712709E8 18643.45 181522 1.65283514106E9 18643.45 75 10 225 825 110 2475
10800.0 16452 3.0722768447E8 20266.17 197974 1.96006282553E9 20266.17 75 10 225 900 120 2700
11700.0 16560 3.3459558252E8 21889.46 214534 2.29465840805E9 21889.46 75 10 225 975 130 2925
12600.0 16524 3.6040769433E8 23512.2 231058 2.65506610238E9 23512.2 75 10 225 1050 140 3150
13500.0 16461 3.8582438001E8 25135.18 247519 3.04089048239E9 25135.18 75 10 225 1125 150 3375
14400.0 16452 4.1201976897E8 26758.21 263971 3.45291025136E9 26758.21 75 10 225 1200 160 3600
15300.0 16561 4.3971895679E8 28380.94 280532 3.89262920815E9 28380.94 75 10 225 1275 170 3825
16200.0 16524 4.6543035296E8 30004.24 297056 4.35805956111E9 30004.24 75 10 225 1350 180 4050
17100.0 16452 4.9061700281E8 31626.97 313508 4.84867656392E9 31626.97 75 10 225 1425 190 4275
18000.0 16452 5.1680756018E8 33249.69 329960 5.3654841241E9 33249.69 75 10 225 1500 200 4500
18900.0 16560 5.4485938917E8 34872.98 346520 5.91034351327E9 34872.98 75 10 225 1575 210 4725
19800.0 16524 5.7045410466E8 36495.72 363044 6.48079761793E9 36495.72 75 10 225 1650 220 4950
20700.0 16452 5.954023316E8 38118.44 379496 7.07619994954E9 38118.44 75 10 225 1725 230 5175
21600.0 16453 6.2159745804E8 39741.72 395949 7.69779740758E9 39741.72 75 10 225 1800 240 5400
22500.0 16560 6.4999998638E8 41364.46 412509 8.34779739396E9 41364.46 75 10 225 1875 250 5625
23400.0 16532 6.7547313542E8 42987.19 429041 9.02327052939E9 42987.19 75 10 225 1950 260 5850
24300.0 16452 7.0019220474E8 44610.47 445493 9.72346273413E9 44610.47 75 10 225 2025 270 6075
25200.0 16452 7.2638748886E8 46233.21 461945 1.044985022299E10 46233.21 75 10 225 2100 280 6300
26100.0 16561 7.5515443114E8 47856.11 478506 1.120500465413E10 47856.11 75 10 225 2175 290 6525
27000.0 16524 7.8049828907E8 49479.22 495030 1.198550294319E10 49479.22 75 10 225 2250 300 6750
27900.0 16452 8.0498222867E8 51101.95 511482 1.279048517186E10 51101.95 75 10 225 2325 310 6975
28800.0 16452 8.3117733326E8 52725.24 527934 1.362166250512E10 52725.24 75 10 225 2400 320 7200
29700.0 16560 8.6028101129E8 54347.97 544494 1.448194351641E10 54347.97 75 10 225 2475 330 7425
30600.0 16524 8.8552043051E8 55970.7 561018 1.536746394692E10 55970.7 75 10 225 2550 340 7650
31500.0 16452 9.0977210229E8 57593.99 577470 1.627723604922E10 57593.99 75 10 225 2625 350 7875
32400.0 16452 9.3596738641E8 59216.72 593922 1.721320343563E10 59216.72 75 10 225 2700 360 8100
33300.0 16569 9.6541687102E8 60839.44 610491 1.817862030665E10 60839.44 75 10 225 2775 370 8325
34200.0 16524 9.9054401463E8 62462.74 627015 1.916916432129E10 62462.74 75 10 225 2850 380 8550
35100.0 16452 1.01456215837E9 64085.47 643467 2.018372647966E10 64085.47 75 10 225 2925 390 8775
36000.0 16453 1.04075271575E9 65708.19 659920 2.122447919541E10 65708.19 75 10 225 3000 400 9000
36900.0 16560 1.0705573039E9 67331.48 676480 2.229503649931E10 67331.48 75 10 225 3075 410 9225
37800.0 16524 1.09556777593E9 68954.22 693004 2.339060427524E10 68954.22 75 10 225 3150 420 9450
38700.0 16452 1.11934818724E9 70577.03 709456 2.450995246248E10 70577.03 75 10 225 3225 430 9675
39600.0 16452 1.14554334252E9 72200.23 725908 2.5655495805E10 72200.23 75 10 225 3300 440 9900
40500.0 16560 1.17569788186E9 73822.96 742468 2.683119368686E10 73822.96 75 10 225 3375 450 10125
41400.0 16525 1.20059132225E9 75446.25 758993 2.803178500911E10 75446.25 75 10 225 3450 460 10350
42300.0 16452 1.2241420595E9 77068.98 775445 2.925592706861E10 77068.98 75 10 225 3525 470 10575
43200.0 16460 1.25033261688E9 78691.71 791905 3.050625968548E10 78691.71 75 10 225 3600 480 10800
44100.0 16560 1.28083830584E9 80314.99 808465 3.178709799133E10 80314.99 75 10 225 3675 490 11025
45000.0 16524 1.3056150836E9 81937.73 824989 3.309271307493E10 81937.73 75 10 225 3750 500 11250
45900.0 16453 1.328927389E9 83560.46 841442 3.442164046393E10 83560.46 75 10 225 3825 510 11475
46800.0 16452 1.35512249359E9 85183.74 857894 3.577676295751E10 85183.74 75 10 225 3900 520 11700
47700.0 16560 1.38599611559E9 86806.47 874454 3.716275907311E10 86806.47 75 10 225 3975 530 11925
48600.0 16524 1.41063409717E9 88429.2 890978 3.857339317028E10 88429.2 75 10 225 4050 540 12150
49500.0 16452 1.43371726294E9 90052.49 907430 4.000711043322E10 90052.49 75 10 225 4125 550 12375
50400.0 16452 1.45991254706E9 91675.22 923882 4.146702298029E10 91675.22 75 10 225 4200 560 12600
51300.0 16561 1.49111488053E9 93297.95 940443 4.295813786082E10 93297.95 75 10 225 4275 570 12825
52200.0 16524 1.51565771582E9 94921.24 956967 4.447379557664E10 94921.24 75 10 225 4350 580 13050
53100.0 16460 1.5385073169E9 96543.97 973427 4.601230289354E10 96543.97 75 10 225 4425 590 13275
54000.0 16452 1.56470242148E9 98167.26 989879 4.757700531503E10 98167.26 75 10 225 4500 600 13500
54900.0 16560 1.5962599596E9 99789.99 1006439 4.917326527463E10 99789.99 75 10 225 4575 610 13725
55800.0 16525 1.62068144061E9 101412.72 1022964 5.079394671524E10 101412.72 75 10 225 4650 620 13950
56700.0 16452 1.64329719078E9 103036.01 1039416 5.243724390602E10 103036.01 75 10 225 4725 630 14175
57600.0 16452 1.6694924749E9 104658.74 1055868 5.410673638092E10 104658.74 75 10 225 4800 640 14400
58500.0 16560 1.70139582859E9 106281.46 1072428 5.580813220951E10 106281.46 75 10 225 4875 650 14625
59400.0 16524 1.72570501594E9 107904.76 1088952 5.753383722545E10 107904.76 75 10 225 4950 660 14850
60300.0 16452 1.74808724707E9 109527.49 1105404 5.928192447251E10 109527.49 75 10 225 5025 670 15075
61200.0 16453 1.77427780444E9 111150.21 1121857 6.105620227695E10 111150.21 75 10 225 5100 680 15300
62100.0 16560 1.80653626167E9 112773.5 1138417 6.286273853862E10 112773.5 75 10 225 5175 690 15525
63000.0 16524 1.83072877739E9 114396.24 1154941 6.469346731601E10 114396.24 75 10 225 5250 700 15750
63900.0 16460 1.85287278985E9 116018.96 1171401 6.654634010586E10 116018.96 75 10 225 5325 710 15975
64800.0 16452 1.87906768119E9 117642.25 1187853 6.842540778705E10 117642.25 75 10 225 5400 720 16200
65700.0 16561 1.91169406247E9 119264.98 1204414 7.033710184952E10 119264.98 75 10 225 5475 730 16425
66600.0 16524 1.93575235272E9 120888.28 1220938 7.227285420223E10 120888.28 75 10 225 5550 740 16650
67500.0 16452 1.95766717723E9 122511.01 1237390 7.423052137946E10 122511.01 75 10 225 5625 750 16875
68400.0 16452 1.98385773461E9 124133.73 1253842 7.621437911407E10 124133.73 75 10 225 5700 760 17100
69300.0 16560 2.01681729275E9 125757.02 1270402 7.823119640682E10 125757.02 75 10 225 5775 770 17325
70200.0 16524 2.04077610516E9 127379.76 1286926 8.027197251199E10 127379.76 75 10 225 5850 780 17550
71100.0 16452 2.06245250677E9 129002.48 1303378 8.233442501876E10 129002.48 75 10 225 5925 790 17775
72000.0 16452 2.08864761136E9 130625.77 1319830 8.442307263012E10 130625.77 75 10 225 6000 800 18000
72900.0 16560 2.12195790875E9 132248.5 1336390 8.654503053887E10 132248.5 75 10 225 6075 810 18225
73800.0 16533 2.14579513667E9 133871.23 1352923 8.869082567554E10 133871.23 75 10 225 6150 820 18450
74700.0 16452 2.16724238066E9 135494.51 1369375 9.08580680562E10 135494.51 75 10 225 6225 830 18675
75600.0 16452 2.19343766477E9 137117.25 1385827 9.305150572097E10 137117.25 75 10 225 6300 840 18900
76500.0 16561 2.22711098331E9 138739.97 1402388 9.527861670428E10 138739.97 75 10 225 6375 850 19125
77400.0 16524 2.250818712E9 140363.26 1418912 9.752943541628E10 140363.26 75 10 225 6450 860 19350
78300.0 16452 2.27203243694E9 141986.0 1435364 9.980146785322E10 141986.0 75 10 225 6525 870 19575
79200.0 16452 2.29822754153E9 143609.28 1451816 1.0209969539474E11 143609.28 75 10 225 6600 880 19800
80100.0 16560 2.33223893983E9 145232.01 1468376 1.0443193433458E11 145232.01 75 10 225 6675 890 20025
81000.0 16524 2.35584333631E9 146854.74 1484900 1.0678777767089E11 146854.74 75 10 225 6750 900 20250
81900.0 16453 2.37682231077E9 148478.03 1501353 1.0916459998166E11 148478.03 75 10 225 6825 910 20475
82800.0 16452 2.40301759489E9 150100.76 1517805 1.1156761757655E11 150100.76 75 10 225 6900 920 20700
83700.0 16568 2.43739201156E9 151723.48 1534373 1.1400500958811E11 151723.48 75 10 225 6975 930 20925
84600.0 16524 2.46086604872E9 153346.78 1550897 1.1646587563683E11 153346.78 75 10 225 7050 940 21150
85500.0 16452 2.481612367E9 154969.51 1567349 1.1894748800383E11 154969.51 75 10 225 7125 950 21375
86400.0 16453 2.50780292437E9 156592.23 1583802 1.214552909282E11 156592.23 75 10 225 7200 960 21600
87300.0 16560 2.54251523279E9 158215.52 1600362 1.23997806161E11 158215.52 75 10 225 7275 970 21825
88200.0 16524 2.56589066398E9 159838.26 1616886 1.2656369682498E11 159838.26 75 10 225 7350 980 22050
89100.0 16452 2.58639769649E9 161460.98 1633338 1.2915009452147E11 161460.98 75 10 225 7425 990 22275
90000.0 16452 2.61259280107E9 163084.27 1649790 1.3176268732254E11 163084.27 75 10 225 7500 1000 22500
90900.0 16560 2.64767304254E9 164707.0 1666350 1.3441036036507E11 164707.0 75 10 225 7575 1010 22725
91800.0 16525 2.6709132874E9 166330.29 1682875 1.3708127365248E11 166330.29 75 10 225 7650 1020 22950
92700.0 16452 2.6911922954E9 167953.03 1699327 1.3977246594788E11 167953.03 75 10 225 7725 1030 23175
93600.0 16460 2.71738285449E9 169575.75 1715787 1.4248984880236E11 169575.75 75 10 225 7800 1040 23400
94500.0 16560 2.75279628182E9 171199.04 1732347 1.4524264508418E11 171199.04 75 10 225 7875 1050 23625
95400.0 16524 2.77593800076E9 172821.78 1748871 1.4801858308494E11 172821.78 75 10 225 7950 1060 23850
96300.0 16453 2.79597762665E9 174444.5 1765324 1.5081456071159E11 174444.5 75 10 225 8025 1070 24075
97200.0 16452 2.82217273124E9 176067.79 1781776 1.5363673344283E11 176067.79 75 10 225 8100 1080 24300
98100.0 16560 2.85793688882E9 177690.52 1798336 1.5649467033166E11 177690.52 75 10 225 8175 1090 24525
99000.0 16524 2.8809561604E9 179313.25 1814860 1.5937562649206E11 179313.25 75 10 225 8250 1100 24750
99900.0 16452 2.90076750054E9 180936.54 1831312 1.6227639399259E11 180936.54 75 10 225 8325 1110 24975
100800.0 16452 2.92696278466E9 182559.27 1847764 1.6520335677725E11 182559.27 75 10 225 8400 1120 25200
101700.0 16561 2.96307275782E9 184181.99 1864325 1.6816642953506E11 184181.99 75 10 225 8475 1130 25425
102600.0 16524 2.98597974473E9 185805.29 1880849 1.7115240927979E11 185805.29 75 10 225 8550 1140 25650
103500.0 16458 3.00555755682E9 187428.02 1897307 1.7415796683662E11 187428.02 75 10 225 8625 1150 25875
104400.0 16454 3.03175255061E9 189051.3 1913761 1.7718971938723E11 189051.3 75 10 225 8700 1160 26100
105300.0 16560 3.06821793585E9 190674.03 1930321 1.8025793732308E11 190674.03 75 10 225 8775 1170 26325
106200.0 16525 3.09100349718E9 192296.77 1946846 1.8334894082026E11 192296.77 75 10 225 8850 1180 26550
107100.0 16452 3.11034743071E9 193920.05 1963298 1.8645928825096E11 193920.05 75 10 225 8925 1190 26775
108000.0 16452 3.13654271483E9 195542.78 1979750 1.8959583096579E11 195542.78 75 10 225 9000 1200 27000
108900.0 16560 3.1733537979E9 197165.51 1996310 1.9276918476369E11 197165.51 75 10 225 9075 1210 27225
109800.0 16524 3.19602708156E9 198788.8 2012834 1.9596521184525E11 198788.8 75 10 225 9150 1220 27450
110700.0 16452 3.2151374871E9 200411.53 2029286 1.9918034933235E11 200411.53 75 10 225 9225 1230 27675
111600.0 16452 3.24132804448E9 202034.26 2045738 2.0242167737683E11 202034.26 75 10 225 9300 1240 27900
112500.0 16561 3.27849424009E9 203657.54 2062299 2.0570017161692E11 203657.54 75 10 225 9375 1250 28125
113400.0 16524 3.30105083412E9 205280.28 2078823 2.0900122245104E11 205280.28 75 10 225 9450 1260 28350
114300.0 16460 3.31992281675E9 206903.01 2095283 2.123211452678E11 206903.01 75 10 225 9525 1270 28575
115200.0 16452 3.34611792134E9 208526.29 2111735 2.1566726318914E11 208526.29 75 10 225 9600 1280 28800
116100.0 16561 3.3836348292E9 210149.02 2128296 2.1905089801834E11 210149.02 75 10 225 9675 1290 29025
117000.0 16524 3.40607423046E9 211772.31 2144820 2.224569722488E11 211772.31 75 10 225 9750 1300 29250
117900.0 16452 3.42471741403E9 213395.05 2161272 2.2588168966282E11 213395.05 75 10 225 9825 1310 29475
118800.0 16452 3.45090797486E9 215017.77 2177724 2.2933259763769E11 215017.77 75 10 225 9900 1320 29700
119700.0 16560 3.48877528939E9 216641.06 2194284 2.3282137292708E11 216641.06 75 10 225 9975 1330 29925
120600.0 16524 3.51109817112E9 218263.8 2210808 2.3633247109819E11 218263.8 75 10 225 10050 1340 30150
121500.0 16452 3.52950274714E9 219886.52 2227260 2.3986197384533E11 219886.52 75 10 225 10125 1350 30375
122400.0 16453 3.55569785173E9 221509.81 2243713 2.4341767169706E11 221509.81 75 10 225 10200 1360 30600
123300.0 16560 3.5939158785E9 223132.54 2260273 2.4701158757556E11 223132.54 75 10 225 10275 1370 30825
124200.0 16532 3.61611720274E9 224755.27 2276805 2.506277047783E11 224755.27 75 10 225 10350 1380 31050
125100.0 16452 3.63429262113E9 226378.56 2293257 2.5426199739943E11 226378.56 75 10 225 10425 1390 31275
126000.0 16452 3.66048790525E9 228001.29 2309709 2.5792248530468E11 228001.29 75 10 225 10500 1400 31500
126900.0 16561 3.6990517566E9 229624.01 2326270 2.6162153706128E11 229624.01 75 10 225 10575 1410 31725
127800.0 16524 3.72114077817E9 231247.31 2342794 2.6534267783946E11 231247.31 75 10 225 10650 1420 31950
128700.0 16452 3.73908267753E9 232870.04 2359246 2.6908176051698E11 232870.04 75 10 225 10725 1430 32175
129600.0 16452 3.7652772025E9 234493.26 2375698 2.7284703771948E11 234493.26 75 10 225 10800 1440 32400
130500.0 16560 3.80419643398E9 236116.05 2392258 2.7665123415346E11 236116.05 75 10 225 10875 1450 32625
131400.0 16524 3.82616450636E9 237738.79 2408782 2.8047739865982E11 237738.79 75 10 225 10950 1460 32850
132300.0 16452 3.8438725272E9 239362.07 2425234 2.8432127118702E11 239362.07 75 10 225 11025 1470 33075
133200.0 16452 3.87006781132E9 240984.8 2441686 2.8819133899833E11 240984.8 75 10 225 11100 1480 33300
134100.0 16569 3.9093327725E9 242607.53 2458255 2.9210067177084E11 242607.53 75 10 225 11175 1490 33525
135000.0 16524 3.9311880908E9 244230.82 2474779 2.9603185986163E11 244230.82 75 10 225 11250 1500 33750
135900.0 16452 3.94866258359E9 245853.55 2491231 2.9998052244523E11 245853.55 75 10 225 11325 1510 33975
136800.0 16453 3.97485314097E9 247476.28 2507684 3.0395537558619E11 247476.28 75 10 225 11400 1520 34200
137700.0 16560 4.01447319669E9 249099.56 2524244 3.0796984878289E11 249099.56 75 10 225 11475 1530 34425
138600.0 16524 4.03621184335E9 250722.3 2540768 3.1200606062624E11 250722.3 75 10 225 11550 1540 34650
139500.0 16452 4.05344791324E9 252345.03 2557220 3.1605950853949E11 252345.03 75 10 225 11625 1550 34875
140400.0 16452 4.07964301783E9 253968.31 2573672 3.2013915155732E11 253968.31 75 10 225 11700 1560 35100
141300.0 16560 4.1196138128E9 255591.04 2590232 3.2425876537012E11 255591.04 75 10 225 11775 1570 35325
142200.0 16525 4.14123414403E9 257214.19 2606757 3.2839999951415E11 257214.19 75 10 225 11850 1580 35550
143100.0 16452 4.15824137481E9 258837.07 2623209 3.3255824088896E11 258837.07 75 10 225 11925 1590 35775
144000.0 16460 4.18443303444E9 260459.79 2639669 3.367426739234E11 260459.79 75 10 225 12000 1600 36000
144900.0 16560 4.22475420896E9 262083.08 2656229 3.4096742813236E11 262083.08 75 10 225 12075 1610 36225
145800.0 16524 4.24625914335E9 263705.82 2672753 3.4521368727571E11 263705.82 75 10 225 12150 1620 36450
146700.0 16453 4.26302780672E9 265328.54 2689206 3.4947671508243E11 265328.54 75 10 225 12225 1630 36675
147600.0 16452 4.2892229113E9 266951.83 2705658 3.5376593799373E11 266951.83 75 10 225 12300 1640 36900
148500.0 16560 4.32989481607E9 268574.56 2722218 3.580958328098E11 268574.56 75 10 225 12375 1650 37125
149400.0 16524 4.35127817497E9 270197.29 2738742 3.6244711098477E11 270197.29 75 10 225 12450 1660 37350
150300.0 16452 4.36781768071E9 271820.58 2755194 3.6681492866547E11 271820.58 75 10 225 12525 1670 37575
151200.0 16452 4.39401296483E9 273443.31 2771646 3.712089416303E11 273443.31 75 10 225 12600 1680 37800
152100.0 16561 4.43503067617E9 275066.03 2788207 3.7564397230647E11 275066.03 75 10 225 12675 1690 38025
153000.0 16524 4.45630174146E9 276689.33 2804731 3.8010027404793E11 276689.33 75 10 225 12750 1700 38250
153900.0 16458 4.47260773716E9 278312.06 2821189 3.8457288178509E11 278312.06 75 10 225 12825 1710 38475
154800.0 16454 4.49880103187E9 279935.13 2837643 3.8907168281696E11 279935.13 75 10 225 12900 1720 38700
155700.0 16560 4.54017406865E9 281558.07 2854203 3.9361185688561E11 281558.07 75 10 225 12975 1730 38925
156600.0 16525 4.56132546022E9 283180.8 2870728 3.9817318234582E11 283180.8 75 10 225 13050 1740 39150
157500.0 16452 4.5773975594E9 284804.09 2887180 4.0275057990523E11 284804.09 75 10 225 13125 1750 39375
158400.0 16452 4.60359284352E9 286426.82 2903632 4.0735417274875E11 286426.82 75 10 225 13200 1760 39600
159300.0 16560 4.6453288584E9 288049.54 2920192 4.1199950160715E11 288049.54 75 10 225 13275 1770 39825
160200.0 16524 4.66634902666E9 289672.84 2936716 4.1666585063381E11 289672.84 75 10 225 13350 1780 40050
161100.0 16452 4.6821876158E9 291295.57 2953168 4.2134803824961E11 291295.57 75 10 225 13425 1790 40275
162000.0 16452 4.70837817317E9 292918.29 2969620 4.2605641642278E11 292918.29 75 10 225 13500 1800 40500
162900.0 16561 4.75045213561E9 294541.58 2986181 4.308068685584E11 294541.58 75 10 225 13575 1810 40725
163800.0 16524 4.77137366898E9 296164.32 3002705 4.3557824222737E11 296164.32 75 10 225 13650 1820 40950
164700.0 16460 4.78697294534E9 297787.04 3019165 4.4036521517271E11 297787.04 75 10 225 13725 1830 41175
165600.0 16452 4.81316804993E9 299410.33 3035617 4.4517838322264E11 299410.33 75 10 225 13800 1840 41400
166500.0 16560 4.85560989859E9 301033.06 3052177 4.5003399312124E11 301033.06 75 10 225 13875 1850 41625
167400.0 16525 4.87639378725E9 302656.05 3068702 4.5491038690848E11 302656.05 75 10 225 13950 1860 41850
168300.0 16452 4.89176507168E9 304279.08 3085154 4.5980215198017E11 304279.08 75 10 225 14025 1870 42075
169200.0 16452 4.91795804849E9 305901.81 3101606 4.6472011002866E11 305901.81 75 10 225 14100 1880 42300
170100.0 16560 4.96073308284E9 307525.09 3118166 4.696808431115E11 307525.09 75 10 225 14175 1890 42525
171000.0 16524 4.98142094178E9 309147.83 3134690 4.7466226405328E11 309147.83 75 10 225 14250 1900 42750
171900.0 16452 4.99655282066E9 310770.56 3151142 4.7965881687393E11 310770.56 75 10 225 14325 1910 42975
172800.0 16453 5.02274792524E9 312393.84 3167595 4.8468156479918E11 312393.84 75 10 225 14400 1920 43200
173700.0 16560 5.06587368985E9 314016.57 3184155 4.8974743848902E11 314016.57 75 10 225 14475 1930 43425
174600.0 16532 5.08643910142E9 315639.3 3200687 4.9483387759044E11 315639.3 75 10 225 14550 1940 43650
175500.0 16452 5.10134269454E9 317262.59 3217139 4.9993522028498E11 317262.59 75 10 225 14625 1950 43875
176400.0 16452 5.12753797866E9 318885.32 3233591 5.0506275826364E11 318885.32 75 10 225 14700 1960 44100
177300.0 16561 5.17100956784E9 320508.04 3250152 5.1023376783148E11 320508.04 75 10 225 14775 1970 44325
178200.0 16524 5.19146267675E9 322131.34 3266676 5.1542523050823E11 322131.34 75 10 225 14850 1980 44550
179100.0 16452 5.20613275083E9 323754.07 3283128 5.2063136325906E11 323754.07 75 10 225 14925 1990 44775
180000.0 16452 5.232324739E9 325376.98 3299580 5.2586368799806E11 325376.98 75 10 225 15000 2000 45000
180900.0 16560 5.27615168628E9 327000.08 3316140 5.3113983968434E11 327000.08 75 10 225 15075 2010 45225
181800.0 16524 5.29648640409E9 328622.82 3332664 5.3643632608843E11 328622.82 75 10 225 15150 2020 45450
182700.0 16452 5.31092259068E9 330246.11 3349116 5.4174724867912E11 330246.11 75 10 225 15225 2030 45675
183600.0 16452 5.3371178748E9 331868.84 3365568 5.4708436655392E11 331868.84 75 10 225 15300 2040 45900
184500.0 16569 5.38129055578E9 333491.56 3382137 5.5246565710969E11 333491.56 75 10 225 15375 2050 46125
185400.0 16524 5.40150997937E9 335114.86 3398661 5.5786716708906E11 335114.86 75 10 225 15450 2060 46350
186300.0 16452 5.41571264691E9 336737.59 3415113 5.6328287973597E11 336737.59 75 10 225 15525 2070 46575
187200.0 16453 5.44190320429E9 338360.31 3431566 5.6872478294026E11 338360.31 75 10 225 15600 2080 46800
188100.0 16560 5.4864310158E9 339983.6 3448126 5.7421121395607E11 339983.6 75 10 225 15675 2090 47025
189000.0 16524 5.50653374076E9 341606.34 3464650 5.7971774769683E11 341606.34 75 10 225 15750 2100 47250
189900.0 16452 5.5204979764E9 343229.06 3481102 5.8523824567323E11 343229.06 75 10 225 15825 2110 47475
190800.0 16452 5.54669308099E9 344852.35 3497554 5.9078493875422E11 344852.35 75 10 225 15900 2120 47700
191700.0 16560 5.59157161375E9 346475.08 3514114 5.9637651036797E11 346475.08 75 10 225 15975 2130 47925
192600.0 16525 5.61155350474E9 348097.9 3530639 6.0198806387272E11 348097.9 75 10 225 16050 2140 48150
193500.0 16452 5.62528866471E9 349721.1 3547091 6.0761335253743E11 349721.1 75 10 225 16125 2150 48375
194400.0 16460 5.6514831032E9 351343.82 3563551 6.1326483564063E11 351343.82 75 10 225 16200 2160 48600
195300.0 16560 5.69671200653E9 352967.11 3580111 6.1896154764716E11 352967.11 75 10 225 16275 2170 48825
196200.0 16524 5.71658104623E9 354589.85 3596635 6.2467812869339E11 354589.85 75 10 225 16350 2180 49050
197100.0 16453 5.73007787534E9 356212.57 3613088 6.3040820656873E11 356212.57 75 10 225 16425 2190 49275
198000.0 16452 5.75627297994E9 357835.86 3629540 6.3616447954867E11 357835.86 75 10 225 16500 2200 49500
198900.0 16560 5.80185262252E9 359458.59 3646100 6.4196633217119E11 359458.59 75 10 225 16575 2210 49725
199800.0 16524 5.82160006873E9 361081.32 3662624 6.4778793223992E11 361081.32 75 10 225 16650 2220 49950
200700.0 16452 5.83486774921E9 362704.61 3679076 6.5362279998914E11 362704.61 75 10 225 16725 2230 50175
201600.0 16452 5.86106303334E9 364327.34 3695528 6.5948386302248E11 364327.34 75 10 225 16800 2240 50400
202500.0 16561 5.90698850051E9 365950.06 3712089 6.6539085152299E11 365950.06 75 10 225 16875 2250 50625
203400.0 16524 5.92662364405E9 367573.36 3728613 6.7131747516704E11 367573.36 75 10 225 16950 2260 50850
204300.0 16452 5.93965780549E9 369196.09 3745065 6.7725713297252E11 369196.09 75 10 225 17025 2270 51075
205200.0 16460 5.96584850418E9 370818.83 3761525 6.8322298147671E11 370818.83 75 10 225 17100 2280 51300
206100.0 16560 6.01212898198E9 372442.1 3778085 6.8923511045868E11 372442.1 75 10 225 17175 2290 51525
207000.0 16525 6.03164740085E9 374064.84 3794610 6.9526675785954E11 374064.84 75 10 225 17250 2300 51750
207900.0 16452 6.04444767473E9 375688.13 3811062 7.0131120553427E11 375688.13 75 10 225 17325 2310 51975
208800.0 16452 6.07064295886E9 377310.86 3827514 7.0738184849313E11 377310.86 75 10 225 17400 2320 52200
209700.0 16560 6.11726953592E9 378933.58 3844074 7.1349911802906E11 378933.58 75 10 225 17475 2330 52425
210600.0 16524 6.13667097595E9 380556.88 3860598 7.1963578900501E11 380556.88 75 10 225 17550 2340 52650
211500.0 16452 6.14923773079E9 382179.61 3877050 7.257850267358E11 382179.61 75 10 225 17625 2350 52875
212400.0 16452 6.17542828818E9 383802.33 3893502 7.3196045502398E11 383802.33 75 10 225 17700 2360 53100
213300.0 16560 6.22240994178E9 385425.62 3910062 7.3818286496576E11 385425.62 75 10 225 17775 2370 53325
214200.0 16524 6.24169473717E9 387048.36 3926586 7.4442455970293E11 387048.36 75 10 225 17850 2380 53550
215100.0 16461 6.25402306011E9 388671.08 3943047 7.5067858276304E11 388671.08 75 10 225 17925 2390 53775
216000.0 16452 6.28021816471E9 390294.37 3959499 7.5695880092775E11 390294.37 75 10 225 18000 2400 54000
216900.0 16560 6.32755057555E9 391917.1 3976059 7.632863515033E11 391917.1 75 10 225 18075 2410 54225
217800.0 16525 6.34671379618E9 393539.83 3992584 7.6963306529948E11 393539.83 75 10 225 18150 2420 54450
218700.0 16452 6.35881293377E9 395163.12 4009036 7.7599187823325E11 395163.12 75 10 225 18225 2430 54675
219600.0 16452 6.38500821789E9 396785.85 4025488 7.8237688645114E11 396785.85 75 10 225 18300 2440 54900
220500.0 16560 6.4326909904E9 398409.13 4042048 7.8880957744154E11 398409.13 75 10 225 18375 2450 55125
221400.0 16524 6.45174207349E9 400031.87 4058572 7.9526131951504E11 400031.87 75 10 225 18450 2460 55350
222300.0 16452 6.46360298977E9 401654.6 4075024 8.0172492250481E11 401654.6 75 10 225 18525 2470 55575
223200.0 16453 6.48979809437E9 403277.88 4091477 8.0821472059917E11 403277.88 75 10 225 18600 2480 55800
224100.0 16560 6.53783160612E9 404900.61 4108037 8.1475255220529E11 404900.61 75 10 225 18675 2490 56025
225000.0 16532 6.55676109573E9 406523.34 4124569 8.2130931330102E11 406523.34 75 10 225 18750 2500 56250
225900.0 16452 6.56839286337E9 408146.63 4141021 8.2787770616439E11 408146.63 75 10 225 18825 2510 56475
226800.0 16452 6.5945881475E9 409769.36 4157473 8.3447229431188E11 409769.36 75 10 225 18900 2520 56700
227700.0 16561 6.64296746583E9 411392.08 4174034 8.4111526177772E11 411392.08 75 10 225 18975 2530 56925
228600.0 16524 6.66178467077E9 413015.38 4190558 8.4777704644849E11 413015.38 75 10 225 19050 2540 57150
229500.0 16452 6.67318291937E9 414638.11 4207010 8.5445022936786E11 414638.11 75 10 225 19125 2550 57375
230400.0 16452 6.69937347676E9 416260.83 4223462 8.6114960284463E11 416260.83 75 10 225 19200 2560 57600
231300.0 16560 6.74810790763E9 417884.12 4240022 8.6789771075226E11 417884.12 75 10 225 19275 2570 57825
232200.0 16524 6.76680843194E9 419506.86 4256546 8.7466451918419E11 419506.86 75 10 225 19350 2580 58050
233100.0 16452 6.77797279297E9 421130.15 4272998 8.8144249197717E11 421130.15 75 10 225 19425 2590 58275
234000.0 16452 6.8041680771E9 422752.88 4289450 8.8824666005427E11 422752.88 75 10 225 19500 2600 58500
234900.0 16569 6.85324850535E9 424375.6 4306019 8.9509990855962E11 424375.6 75 10 225 19575 2610 58725
235800.0 16524 6.87183200698E9 425998.9 4322543 9.019717405666E11 425998.9 75 10 225 19650 2620 58950
236700.0 16452 6.88276284898E9 427621.63 4338995 9.0885450341558E11 427621.63 75 10 225 19725 2630 59175
237600.0 16453 6.90895340637E9 429244.35 4355448 9.1576345682195E11 429244.35 75 10 225 19800 2640 59400
238500.0 16560 6.95838894715E9 430867.64 4372008 9.227218457691E11 430867.64 75 10 225 19875 2650 59625
239400.0 16524 6.97685576815E9 432490.38 4388532 9.2969870153725E11 432490.38 75 10 225 19950 2660 59850
240300.0 16452 6.98754817824E9 434113.1 4404984 9.3668624971549E11 434113.1 75 10 225 20025 2670 60075
241200.0 16452 7.01374328284E9 435736.39 4421436 9.4369999299833E11 435736.39 75 10 225 20100 2680 60300
242100.0 16560 7.06352954487E9 437359.12 4437996 9.507635225432E11 437359.12 75 10 225 20175 2690 60525
243000.0 16525 7.08187479038E9 438981.85 4454521 9.5784539733358E11 438981.85 75 10 225 20250 2700 60750
243900.0 16452 7.09233805184E9 440605.14 4470973 9.6493773538542E11 440605.14 75 10 225 20325 2710 60975
244800.0 16457 7.11853333597E9 442227.87 4487430 9.7205626872139E11 442227.87 75 10 225 20400 2720 61200
245700.0 16563 7.16866992889E9 443851.15 4503993 9.7922493865028E11 443851.15 75 10 225 20475 2730 61425
246600.0 16524 7.18690310331E9 445473.9 4520517 9.8641184175359E11 445473.9 75 10 225 20550 2740 61650
247500.0 16453 7.19712810785E9 447096.62 4536970 9.9360896986144E11 447096.62 75 10 225 20625 2750 61875
248400.0 16452 7.22332321244E9 448719.9 4553422 1.00083229307388E12 448719.9 75 10 225 20700 2760 62100
249300.0 16560 7.27381059334E9 450342.64 4569982 1.00810610366722E12 450342.64 75 10 225 20775 2770 62325
250200.0 16524 7.29192212654E9 451965.37 4586506 1.01539802579376E12 451965.37 75 10 225 20850 2780 62550
251100.0 16452 7.30191798139E9 453588.65 4602958 1.02269994377516E12 453588.65 75 10 225 20925 2790 62775
252000.0 16452 7.32811326552E9 455211.38 4619410 1.03002805704068E12 455211.38 75 10 225 21000 2800 63000
252900.0 16560 7.378946453E9 456834.11 4635970 1.03740700349368E12 456834.11 75 10 225 21075 2810 63225
253800.0 16524 7.39694570158E9 458457.4 4652494 1.04480394919526E12 458457.4 75 10 225 21150 2820 63450
254700.0 16452 7.4067080374E9 460080.13 4668946 1.05221065723266E12 460080.13 75 10 225 21225 2830 63675
255600.0 16461 7.43289859605E9 461702.86 4685407 1.05964355582871E12 461702.86 75 10 225 21300 2840 63900
256500.0 16560 7.48408689484E9 463326.14 4701967 1.06712764272355E12 463326.14 75 10 225 21375 2850 64125
257400.0 16525 7.50196946275E9 464948.88 4718492 1.0746296121863E12 464948.88 75 10 225 21450 2860 64350
258300.0 16452 7.5114978002E9 466572.16 4734944 1.0821411099865E12 466572.16 75 10 225 21525 2870 64575
259200.0 16452 7.53769319307E9 468194.9 4751396 1.08967880317957E12 468194.9 75 10 225 21600 2880 64800
260100.0 16560 7.58922749252E9 469817.62 4767956 1.09726803067209E12 469817.62 75 10 225 21675 2890 65025
261000.0 16524 7.60699303769E9 471440.92 4784480 1.10487502370978E12 471440.92 75 10 225 21750 2900 65250
261900.0 16452 7.61628796689E9 473063.65 4800932 1.11249131167667E12 473063.65 75 10 225 21825 2910 65475
262800.0 16452 7.64247852428E9 474686.37 4817384 1.12013379020096E12 474686.37 75 10 225 21900 2920 65700
263700.0 16561 7.69438513104E9 476309.66 4833945 1.127828175332E12 476309.66 75 10 225 21975 2930 65925
264600.0 16524 7.7120167988E9 477932.4 4850469 1.1355401921308E12 477932.4 75 10 225 22050 2940 66150
265500.0 16460 7.72107329611E9 479555.12 4866929 1.14326126542691E12 479555.12 75 10 225 22125 2950 66375
266400.0 16452 7.7472684007E9 481178.41 4883381 1.15100853382761E12 481178.41 75 10 225 22200 2960 66600
267300.0 16560 7.79950853187E9 482801.14 4899941 1.15880804235948E12 482801.14 75 10 225 22275 2970 66825
268200.0 16525 7.81703669301E9 484423.87 4916466 1.16662507905249E12 484423.87 75 10 225 22350 2980 67050
269100.0 16452 7.82586316981E9 486047.16 4932918 1.1744509422223E12 486047.16 75 10 225 22425 2990 67275
270000.0 16452 7.85205845394E9 487669.89 4949370 1.18230300067624E12 487669.89 75 10 225 22500 3000 67500
270900.0 16560 7.90466599119E9 489293.17 4965930 1.19020766666743E12 489293.17 75 10 225 22575 3010 67725
271800.0 16524 7.92206412266E9 490915.92 4982454 1.19812973079009E12 490915.92 75 10 225 22650 3020 67950
272700.0 16452 7.93065322593E9 492538.64 4998906 1.20606038401602E12 492538.64 75 10 225 22725 3030 68175
273600.0 16453 7.95684833052E9 494161.93 5015359 1.21401723234654E12 494161.93 75 10 225 22800 3040 68400
274500.0 16560 8.0097895626E9 495784.66 5031919 1.22202702190914E12 495784.66 75 10 225 22875 3050 68625
275400.0 16532 8.02708402944E9 497407.39 5048451 1.23005410593858E12 497407.39 75 10 225 22950 3060 68850
276300.0 16452 8.03544309963E9 499030.68 5064903 1.23808954903821E12 499030.68 75 10 225 23025 3070 69075
277200.0 16452 8.06163838376E9 500653.41 5081355 1.24615118742198E12 500653.41 75 10 225 23100 3080 69300
278100.0 16561 8.11492545843E9 502276.13 5097916 1.2542661128804E12 502276.13 75 10 225 23175 3090 69525
279000.0 16524 8.13210672372E9 503899.42 5114440 1.26239821960412E12 503899.42 75 10 225 23250 3100 69750
279900.0 16452 8.14023315575E9 505522.16 5130892 1.27053845275987E12 505522.16 75 10 225 23325 3110 69975
280800.0 16452 8.16642371314E9 507144.88 5147344 1.278704876473E12 507144.88 75 10 225 23400 3120 70200
281700.0 16560 8.22008307017E9 508768.17 5163904 1.28692495954317E12 508768.17 75 10 225 23475 3130 70425
282600.0 16524 8.23713049399E9 510390.91 5180428 1.29516209003716E12 510390.91 75 10 225 23550 3140 70650
283500.0 16453 8.24502247928E9 512014.13 5196881 1.30340711251644E12 512014.13 75 10 225 23625 3150 70875
284400.0 16452 8.27121785907E9 513636.92 5213333 1.31167833037551E12 513636.92 75 10 225 23700 3160 71100
285300.0 16568 8.32520646721E9 515259.64 5229901 1.32000353684272E12 515259.64 75 10 225 23775 3170 71325
286200.0 16524 8.34215491036E9 516882.94 5246425 1.32834569175307E12 516882.94 75 10 225 23850 3180 71550
287100.0 16452 8.34981306374E9 518505.67 5262877 1.33669550481681E12 518505.67 75 10 225 23925 3190 71775
288000.0 16453 8.37600362113E9 520128.39 5279330 1.34507150843794E12 520128.39 75 10 225 24000 3200 72000
288900.0 16560 8.430364106E9 521751.68 5295890 1.35350187254394E12 521751.68 75 10 225 24075 3210 72225
289800.0 16524 8.44717780865E9 523374.42 5312414 1.3619490503526E12 523374.42 75 10 225 24150 3220 72450
290700.0 16452 8.45459839322E9 524997.14 5328866 1.37040364874582E12 524997.14 75 10 225 24225 3230 72675
291600.0 16452 8.48079349782E9 526620.43 5345318 1.37888444224364E12 526620.43 75 10 225 24300 3240 72900
292500.0 16560 8.5354875071E9 528243.16 5361878 1.38741992975074E12 528243.16 75 10 225 24375 3250 73125
293400.0 16525 8.55219770297E9 529865.89 5378403 1.39597212745371E12 529865.89 75 10 225 24450 3260 73350
294300.0 16452 8.55938826704E9 531489.18 5394855 1.40453151572075E12 531489.18 75 10 225 24525 3270 73575
295200.0 16458 8.58558355117E9 533111.91 5411313 1.41311709927192E12 533111.91 75 10 225 24600 3280 73800
296100.0 16562 8.64062672352E9 534735.06 5427875 1.42175772599543E12 534735.06 75 10 225 24675 3290 74025
297000.0 16524 8.65722404273E9 536357.93 5444399 1.43041495003816E12 536357.93 75 10 225 24750 3300 74250
297900.0 16453 8.66417828664E9 537980.66 5460852 1.43907912832481E12 537980.66 75 10 225 24825 3310 74475
298800.0 16452 8.69037339124E9 539603.94 5477304 1.44776950171605E12 539603.94 75 10 225 24900 3320 74700
299700.0 16560 8.74576851031E9 541226.68 5493864 1.45651527022636E12 541226.68 75 10 225 24975 3330 74925
300600.0 16524 8.76224413105E9 542849.41 5510388 1.46527751435741E12 542849.41 75 10 225 25050 3340 75150
301500.0 16452 8.76896816046E9 544472.69 5526840 1.47404648251787E12 544472.69 75 10 225 25125 3350 75375
302400.0 16452 8.79516344459E9 546095.43 5543292 1.48284164596246E12 546095.43 75 10 225 25200 3360 75600
303300.0 16560 8.85090436129E9 547718.15 5559852 1.49169255032375E12 547718.15 75 10 225 25275 3370 75825
304200.0 16525 8.86726769737E9 549341.44 5576377 1.50055981802112E12 549341.44 75 10 225 25350 3380 76050
305100.0 16452 8.87375821673E9 550964.17 5592829 1.50943357623785E12 550964.17 75 10 225 25425 3390 76275
306000.0 16460 8.89994877413E9 552586.9 5609289 1.51833352501198E12 552586.9 75 10 225 25500 3400 76500
306900.0 16560 8.95604481236E9 554210.18 5625849 1.52728956982433E12 554210.18 75 10 225 25575 3410 76725
307800.0 16525 8.97229146786E9 555832.92 5642374 1.53626186129219E12 555832.92 75 10 225 25650 3420 76950
308700.0 16452 8.97854628585E9 557456.0 5658826 1.54524040757804E12 557456.0 75 10 225 25725 3430 77175
309600.0 16452 9.00474166977E9 559078.94 5675278 1.55424514924781E12 559078.94 75 10 225 25800 3440 77400
310500.0 16560 9.06118536726E9 560701.66 5691838 1.56330633461508E12 560701.66 75 10 225 25875 3450 77625
311400.0 16524 9.07731498242E9 562324.96 5708362 1.5723836495975E12 562324.96 75 10 225 25950 3460 77850
312300.0 16452 9.0833380953E9 563947.69 5724814 1.5814669876928E12 563947.69 75 10 225 26025 3470 78075
313200.0 16452 9.10952865269E9 565570.41 5741266 1.59057651634548E12 565570.41 75 10 225 26100 3480 78300
314100.0 16561 9.1663257827E9 567193.7 5757827 1.59974284212818E12 567193.7 75 10 225 26175 3490 78525
315000.0 16524 9.18233875297E9 568816.44 5774351 1.60892518088115E12 568816.44 75 10 225 26250 3500 78750
315900.0 16460 9.18812342494E9 570439.16 5790811 1.61811330430609E12 570439.16 75 10 225 26325 3510 78975
316800.0 16452 9.21431852954E9 572062.45 5807263 1.62732762283563E12 572062.45 75 10 225 26400 3520 79200
317700.0 16560 9.27146640754E9 573685.18 5823823 1.63659908924317E12 573685.18 75 10 225 26475 3530 79425
318600.0 16525 9.2873586385E9 575307.91 5840348 1.64588644788167E12 575307.91 75 10 225 26550 3540 79650
319500.0 16452 9.29291329897E9 576931.2 5856800 1.65517936118064E12 576931.2 75 10 225 26625 3550 79875
320400.0 16452 9.3191085831E9 578553.93 5873252 1.66449846976374E12 578553.93 75 10 225 26700 3560 80100
321300.0 16560 9.37660429242E9 580176.92 5889812 1.67387507405616E12 580176.92 75 10 225 26775 3570 80325
322200.0 16524 9.39238369374E9 581799.95 5906336 1.6832674577499E12 581799.95 75 10 225 26850 3580 80550
323100.0 16452 9.39770329832E9 583422.67 5922788 1.69266516104822E12 583422.67 75 10 225 26925 3590 80775
324000.0 16453 9.42389840291E9 585045.96 5939241 1.70208905945113E12 585045.96 75 10 225 27000 3600 81000
324900.0 16560 9.48174739064E9 586668.69 5955801 1.71157080684177E12 586668.69 75 10 225 27075 3610 81225
325800.0 16532 9.49740504655E9 588291.42 5972333 1.72106821188832E12 588291.42 75 10 225 27150 3620 81450
326700.0 16452 9.5024931724E9 589914.71 5988785 1.73057070506072E12 589914.71 75 10 225 27225 3630 81675
327600.0 16452 9.52868845653E9 591537.44 6005237 1.74009939351725E12 591537.44 75 10 225 27300 3640 81900
328500.0 16561 9.58688323284E9 593160.16 6021798 1.74968627675009E12 593160.16 75 10 225 27375 3650 82125
329400.0 16524 9.60242862208E9 594783.46 6038322 1.75928870537217E12 594783.46 75 10 225 27450 3660 82350
330300.0 16452 9.60728322889E9 596406.19 6054774 1.76889598860107E12 596406.19 75 10 225 27525 3670 82575
331200.0 16452 9.63347378628E9 598028.91 6071226 1.77852946238735E12 598028.91 75 10 225 27600 3680 82800
332100.0 16560 9.69204089014E9 599652.2 6087786 1.78822150327749E12 599652.2 75 10 225 27675 3690 83025
333000.0 16524 9.7074532556E9 601274.94 6104310 1.79792895653309E12 601274.94 75 10 225 27750 3700 83250
333900.0 16453 9.71207002887E9 602897.86 6120763 1.80764102656196E12 602897.86 75 10 225 27825 3710 83475
334800.0 16452 9.73826535402E9 604520.95 6137215 1.81737929191597E12 604520.95 75 10 225 27900 3720 83700
335700.0 16568 9.79716425595E9 606143.68 6153783 1.82717645617192E12 606143.68 75 10 225 27975 3730 83925
336600.0 16524 9.81247593292E9 607766.97 6170307 1.83698893210484E12 607766.97 75 10 225 28050 3740 84150
337500.0 16452 9.8168631242E9 609389.71 6186759 1.84680579522904E12 609389.71 75 10 225 28125 3750 84375
338400.0 16453 9.84305368159E9 611012.43 6203212 1.85664884891062E12 611012.43 75 10 225 28200 3760 84600
339300.0 16560 9.90230468049E9 612635.71 6219772 1.86655115359111E12 612635.71 75 10 225 28275 3770 84825
340200.0 16524 9.91750054849E9 614258.45 6236296 1.8764686541396E12 614258.45 75 10 225 28350 3780 85050
341100.0 16452 9.921648454E9 615881.18 6252748 1.88639030259361E12 615881.18 75 10 225 28425 3790 85275
342000.0 16452 9.9478435586E9 617504.46 6269200 1.89633814615221E12 617504.46 75 10 225 28500 3800 85500
342900.0 16560 1.00074625085E10 619127.19 6285760 1.90634560866071E12 619127.19 75 10 225 28575 3810 85725
343800.0 16525 1.00225187174E10 620749.93 6302285 1.91636812737811E12 620749.93 75 10 225 28650 3820 85950
344700.0 16452 1.002643832815E10 622373.21 6318737 1.92639456570625E12 622373.21 75 10 225 28725 3830 86175
345600.0 16452 1.005263361227E10 623995.94 6335189 1.93644719931853E12 623995.94 75 10 225 28800 3840 86400

