# seed = 1, gamma = 0.75, beta = 0.5, dee = 100.0, dcc = 200.0, dec = 600.0, dsc = 1000.0, dLocalhost = 0.015, hostBroker = EDGE, numOfCloud = 1, numOfEdge = 1, numOfSmartphone = 150 
#
# The columns have the following meaning: 
# instant[SECONDS] delayCountPartial delaySumPartial[SECONDS] delayMaxPartial[SECONDS] delayCountTot delaySumTot[SECONDS] delayMaxTot[SECONDS] runOnCloudPartial runOnEdgePartial runOnSmartphonePartial runOnCloudTot runOnEdgeTot runOnSmartphoneTot
0.0 0 0.0 0.0 0 0.0 0.0 0 0 0 0 0 0
900.0 16560 1.3649712283E8 16829.96 16560 1.3649712283E8 16829.96 153 7 150 153 7 150
1800.0 16524 3.998670533E8 33149.85 33084 5.3636417613E8 33149.85 153 7 150 306 14 300
2700.0 16452 6.6257026949E8 49469.23 49536 1.19893444562E9 49469.23 153 7 150 459 21 450
3600.0 16452 9.2597233778E8 65788.6 65988 2.1249067834E9 65788.6 153 7 150 612 28 600
4500.0 16561 1.1938575766E9 82107.97 82549 3.31876436E9 82107.97 153 7 150 765 35 750
5400.0 16524 1.45593487937E9 98427.35 99073 4.77469923937E9 98427.35 153 7 150 918 42 900
6300.0 16452 1.7162794653E9 114746.72 115525 6.49097870467E9 114746.72 153 7 150 1071 49 1050
7200.0 16452 1.97968153359E9 131066.09 131977 8.47066023826E9 131066.09 153 7 150 1224 56 1200
8100.0 16560 2.25097444792E9 147385.46 148537 1.072163468618E10 147385.46 153 7 150 1377 63 1350
9000.0 16524 2.51198854424E9 163704.84 165061 1.323362323042E10 163704.84 153 7 150 1530 70 1500
9900.0 16452 2.76998866136E9 180024.21 181513 1.600361189179E10 180024.21 153 7 150 1683 77 1650
10800.0 16452 3.03339072966E9 196343.57 197965 1.903700262144E10 196343.57 153 7 150 1836 84 1800
11700.0 16560 3.30832595507E9 212662.94 214525 2.234532857651E10 212662.94 153 7 150 1989 91 1950
12600.0 16524 3.56805325056E9 228982.32 231049 2.591338182707E10 228982.32 153 7 150 2142 98 2100
13500.0 16452 3.82369785743E9 245301.69 247501 2.97370796845E10 245301.69 153 7 150 2295 105 2250
14400.0 16452 4.08709992572E9 261621.06 263953 3.382417961022E10 261621.06 153 7 150 2448 112 2400
15300.0 16560 4.36544279965E9 277940.43 280513 3.818962240987E10 277940.43 153 7 150 2601 119 2550
16200.0 16524 4.62410691544E9 294259.81 297037 4.28137293253E10 294259.81 153 7 150 2754 126 2700
17100.0 16452 4.87740705349E9 310579.18 313489 4.769113637879E10 310579.18 153 7 150 2907 133 2850
18000.0 16460 5.14081080023E9 326898.55 329949 5.283194717902E10 326898.55 153 7 150 3060 140 3000
18900.0 16560 5.42268251921E9 343218.48 346509 5.825462969824E10 343218.48 153 7 150 3213 147 3150
19800.0 16524 5.68017538379E9 359537.87 363033 6.393480508203E10 359537.87 153 7 150 3366 154 3300
20700.0 16452 5.93112552064E9 375857.24 379485 6.986593060267E10 375857.24 153 7 150 3519 161 3450
21600.0 16452 6.19452758893E9 392176.61 395937 7.60604581916E10 392176.61 153 7 150 3672 168 3600
22500.0 16560 6.47992045348E9 408495.98 412497 8.254037864508E10 408495.98 153 7 150 3825 175 3750
23400.0 16524 6.73623457839E9 424815.36 429021 8.927661322347E10 424815.36 153 7 150 3978 182 3900
24300.0 16452 6.9848347167E9 441134.73 445473 9.626144794017E10 441134.73 153 7 150 4131 189 4050
25200.0 16452 7.24823678499E9 457454.1 461925 1.0350968472516E11 457454.1 153 7 150 4284 196 4200
26100.0 16560 7.53727199663E9 473773.47 478485 1.1104695672179E11 473773.47 153 7 150 4437 203 4350
27000.0 16524 7.79229376431E9 490092.85 495009 1.188392504861E11 490092.85 153 7 150 4590 210 4500
27900.0 16452 8.03854391309E9 506412.21 511461 1.2687779439919E11 506412.21 153 7 150 4743 217 4650
28800.0 16452 8.30194598139E9 522731.58 527913 1.3517974038058E11 522731.58 153 7 150 4896 224 4800
29700.0 16560 8.59438883259E9 539050.95 544473 1.4377412921317E11 539050.95 153 7 150 5049 231 4950
30600.0 16524 8.84835294143E9 555370.33 560997 1.526224821546E11 555370.33 153 7 150 5202 238 5100
31500.0 16452 9.09225310969E9 571689.7 577449 1.6171473526429E11 571689.7 153 7 150 5355 245 5250
32400.0 16452 9.355655178E9 588009.07 593901 1.7107039044229E11 588009.07 153 7 150 5508 252 5400
33300.0 16560 9.6516230045E9 604328.44 610461 1.8072201344679E11 604328.44 153 7 150 5661 259 5550
34200.0 16524 9.90441213663E9 620647.82 626985 1.9062642558342E11 620647.82 153 7 150 5814 266 5700
35100.0 16453 1.014596253171E10 636967.19 643438 2.0077238811514E11 636967.19 153 7 150 5967 273 5850
36000.0 16452 1.040937006136E10 653287.12 659890 2.1118175817649E11 653287.12 153 7 150 6120 280 6000
36900.0 16560 1.070886648756E10 669606.5 676450 2.2189062466405E11 669606.5 153 7 150 6273 287 6150
37800.0 16524 1.096048061463E10 685925.88 692974 2.3285110527868E11 685925.88 153 7 150 6426 294 6300
38700.0 16452 1.11996807742E10 702245.25 709426 2.4405078605288E11 702245.25 153 7 150 6579 301 6450
39600.0 16452 1.14630828425E10 718564.62 725878 2.5551386889538E11 718564.62 153 7 150 6732 308 6600
40500.0 16560 1.176610066863E10 734883.99 742438 2.6727996956401E11 734883.99 153 7 150 6885 315 6750
41400.0 16524 1.201653980094E10 751203.37 758962 2.7929650936495E11 751203.37 153 7 150 7038 322 6900
42300.0 16452 1.225338997097E10 767522.74 775414 2.9154989933592E11 767522.74 153 7 150 7191 329 7050
43200.0 16452 1.251679203927E10 783842.11 791866 3.0406669137519E11 783842.11 153 7 150 7344 336 7200
44100.0 16560 1.282333484071E10 800161.48 808426 3.168900262159E11 800161.48 153 7 150 7497 343 7350
45000.0 16524 1.307259898724E10 816480.86 824950 3.2996262520314E11 816480.86 153 7 150 7650 350 7500
45900.0 16452 1.330709916779E10 832800.22 841402 3.4326972437094E11 832800.22 153 7 150 7803 357 7650
46800.0 16452 1.35705012361E10 849119.59 857854 3.5684022560704E11 849119.59 153 7 150 7956 364 7800
47700.0 16560 1.388068638458E10 865438.96 874414 3.7072091199162E11 865438.96 153 7 150 8109 371 7950
48600.0 16524 1.412865816471E10 881758.34 890938 3.8484957015633E11 881758.34 153 7 150 8262 378 8100
49500.0 16452 1.436080836473E10 898077.71 907390 3.9921037852105E11 898077.71 153 7 150 8415 385 8250
50400.0 16452 1.462421043303E10 914397.08 923842 4.1383458895409E11 914397.08 153 7 150 8568 392 8400
51300.0 16560 1.493780321207E10 930716.45 940402 4.2877239216616E11 930716.45 153 7 150 8721 399 8550
52200.0 16524 1.518471736018E10 947035.83 956926 4.4395710952634E11 947035.83 153 7 150 8874 406 8700
53100.0 16452 1.541452265861E10 963355.69 973378 4.5937163218495E11 963355.69 153 7 150 9027 413 8850
54000.0 16452 1.567792823092E10 979675.14 989830 4.7504956041586E11 979675.14 153 7 150 9180 420 9000
54900.0 16560 1.599504666241E10 995994.51 1006390 4.9104460707827E11 995994.51 153 7 150 9333 427 9150
55800.0 16524 1.624078580539E10 1012313.89 1022914 5.0728539288367E11 1012313.89 153 7 150 9486 434 9300
56700.0 16452 1.646823599673E10 1028633.26 1039366 5.237536288804E11 1028633.26 153 7 150 9639 441 9450
57600.0 16452 1.673163806504E10 1044952.63 1055818 5.4048526694544E11 1044952.63 153 7 150 9792 448 9600
58500.0 16560 1.70522808436E10 1061272.0 1072378 5.5753754778904E11 1061272.0 153 7 150 9945 455 9750
59400.0 16524 1.729684499181E10 1077591.38 1088902 5.7483439278085E11 1077591.38 153 7 150 10098 462 9900
60300.0 16452 1.752194519362E10 1093910.75 1105354 5.9235633797447E11 1093910.75 153 7 150 10251 469 10050
61200.0 16452 1.778534726193E10 1110230.11 1121806 6.1014168523639E11 1110230.11 153 7 150 10404 476 10200
62100.0 16560 1.810951502478E10 1126549.48 1138366 6.2825120026118E11 1126549.48 153 7 150 10557 483 10350
63000.0 16524 1.835290417823E10 1142868.86 1154890 6.4660410443941E11 1142868.86 153 7 150 10710 490 10500
63900.0 16452 1.85756543905E10 1159188.23 1171342 6.6517975882991E11 1159188.23 153 7 150 10863 497 10650
64800.0 16452 1.883905645881E10 1175507.6 1187794 6.8401881528872E11 1175507.6 153 7 150 11016 504 10800
65700.0 16560 1.916686655972E10 1191826.97 1204354 7.0318568184843E11 1191826.97 153 7 150 11169 511 10950
66600.0 16524 1.940896336465E10 1208146.35 1220878 7.2259464521309E11 1208146.35 153 7 150 11322 518 11100
67500.0 16452 1.962936358738E10 1224465.72 1237330 7.4222400880047E11 1224465.72 153 7 150 11475 525 11250
68400.0 16452 1.989276565569E10 1240785.09 1253782 7.6211677445616E11 1240785.09 153 7 150 11628 532 11400
69300.0 16560 2.022398337816E10 1257104.46 1270342 7.8234075783432E11 1257104.46 153 7 150 11781 539 11550
70200.0 16524 2.046502711923E10 1273424.24 1286866 8.0280578495356E11 1273424.24 153 7 150 11934 546 11700
71100.0 16452 2.068308064351E10 1289743.78 1303318 8.2348886559706E11 1289743.78 153 7 150 12087 553 11850
72000.0 16452 2.094648407167E10 1306063.15 1319770 8.4443534966873E11 1306063.15 153 7 150 12240 560 12000
72900.0 16560 2.128122681828E10 1322382.52 1336330 8.6571657648701E11 1322382.52 153 7 150 12393 567 12150
73800.0 16524 2.152109097715E10 1338701.9 1352854 8.8723766746416E11 1338701.9 153 7 150 12546 574 12300
74700.0 16452 2.173679120025E10 1355021.27 1369306 9.0897445866441E11 1355021.27 153 7 150 12699 581 12450
75600.0 16452 2.200019326856E10 1371340.63 1385758 9.3097465193296E11 1371340.63 153 7 150 12852 588 12600
76500.0 16560 2.233857834421E10 1387660.0 1402318 9.5331323027717E11 1387660.0 153 7 150 13005 595 12750
77400.0 16524 2.257715016357E10 1403979.38 1418842 9.7589038044074E11 1403979.38 153 7 150 13158 602 12900
78300.0 16452 2.279050039713E10 1420298.75 1435294 9.9868088083787E11 1420298.75 153 7 150 13311 609 13050
79200.0 16452 2.305390246544E10 1436618.12 1451746 1.02173478330331E12 1436618.12 153 7 150 13464 616 13200
80100.0 16560 2.339569517166E10 1452937.49 1468306 1.04513047847497E12 1452937.49 153 7 150 13617 623 13350
81000.0 16524 2.363321487071E10 1469256.87 1484830 1.06876369334567E12 1469256.87 153 7 150 13770 630 13500
81900.0 16452 2.384420959396E10 1485576.24 1501282 1.09260790293963E12 1485576.24 153 7 150 13923 637 13650
82800.0 16452 2.410761166227E10 1501895.61 1517734 1.1167155146019E12 1501895.61 153 7 150 14076 644 13800
83700.0 16560 2.445304671553E10 1518214.98 1534294 1.14116856131744E12 1518214.98 153 7 150 14229 651 13950
84600.0 16524 2.468926853635E10 1534534.36 1550818 1.16585782985379E12 1534534.36 153 7 150 14382 658 14100
85500.0 16452 2.489791879079E10 1550853.73 1567270 1.19075574864458E12 1550853.73 153 7 150 14535 665 14250
86400.0 16458 2.51613208591E10 1567173.1 1583728 1.21591706950368E12 1567173.1 153 7 150 14688 672 14400
87300.0 16563 2.551016610914E10 1583492.79 1600291 1.24142723561282E12 1583492.79 153 7 150 14841 679 14550
88200.0 16524 2.574534054333E10 1599812.41 1616815 1.26717257615615E12 1599812.41 153 7 150 14994 686 14700
89100.0 16452 2.595163721563E10 1616131.79 1633267 1.29312421337178E12 1616131.79 153 7 150 15147 693 14850
90000.0 16452 2.621503928394E10 1632451.15 1649719 1.31933925265571E12 1632451.15 153 7 150 15300 700 15000
90900.0 16560 2.656752432768E10 1648770.52 1666279 1.34590677698339E12 1648770.52 153 7 150 15453 707 15150
91800.0 16524 2.680139614872E10 1665089.9 1682803 1.37270817313211E12 1665089.9 153 7 150 15606 714 15300
92700.0 16452 2.700534641251E10 1681409.27 1699255 1.39971351954462E12 1681409.27 153 7 150 15759 721 15450
93600.0 16452 2.726874848082E10 1697728.64 1715707 1.42698226802544E12 1697728.64 153 7 150 15912 728 15600
94500.0 16560 2.762464115512E10 1714048.01 1732267 1.45460690918057E12 1714048.01 153 7 150 16065 735 15750
95400.0 16524 2.785746085587E10 1730367.39 1748791 1.48246437003643E12 1730367.39 153 7 150 16218 742 15900
96300.0 16452 2.805905560939E10 1746686.76 1765243 1.51052342564583E12 1746686.76 153 7 150 16371 749 16050
97200.0 16452 2.83224576777E10 1763006.13 1781695 1.53884588332353E12 1763006.13 153 7 150 16524 756 16200
98100.0 16560 2.868187533631E10 1779325.5 1798255 1.56752775865984E12 1779325.5 153 7 150 16677 763 16350
99000.0 16524 2.891351452156E10 1795644.88 1814779 1.5964412731814E12 1795644.88 153 7 150 16830 770 16500
99900.0 16452 2.911276480628E10 1811964.25 1831231 1.62555403798768E12 1811964.25 153 7 150 16983 777 16650
100800.0 16452 2.937616687459E10 1828283.62 1847683 1.65493020486227E12 1828283.62 153 7 150 17136 784 16800
101700.0 16560 2.97391095175E10 1844602.99 1864243 1.68466931437977E12 1844602.99 153 7 150 17289 791 16950
102600.0 16524 2.996957371698E10 1860922.36 1880767 1.71463888809675E12 1860922.36 153 7 150 17442 798 17100
103500.0 16453 3.016647400316E10 1877241.73 1897220 1.74480536209991E12 1877241.73 153 7 150 17595 805 17250
104400.0 16452 3.042987769029E10 1893561.31 1913672 1.77523523979021E12 1893561.31 153 7 150 17748 812 17400
105300.0 16560 3.079634997996E10 1909881.04 1930232 1.80603158977017E12 1909881.04 153 7 150 17901 819 17550
106200.0 16524 3.102564215079E10 1926200.42 1946756 1.83705723192096E12 1926200.42 153 7 150 18054 826 17700
107100.0 16452 3.122019243584E10 1942519.79 1963208 1.8682774243568E12 1942519.79 153 7 150 18207 833 17850
108000.0 16452 3.148359450415E10 1958839.16 1979660 1.89976101886094E12 1958839.16 153 7 150 18360 840 18000
108900.0 16560 3.185358714656E10 1975158.53 1996220 1.9316146060075E12 1975158.53 153 7 150 18513 847 18150
109800.0 16524 3.208170134626E10 1991477.91 2012744 1.96369630735377E12 1991477.91 153 7 150 18666 854 18300
110700.0 16452 3.227390163283E10 2007797.28 2029196 1.9959702089866E12 2007797.28 153 7 150 18819 861 18450
111600.0 16452 3.253730370114E10 2024116.65 2045648 2.02850751268773E12 2024116.65 153 7 150 18972 868 18600
112500.0 16560 3.291082133685E10 2040436.02 2062208 2.06141833402459E12 2040436.02 153 7 150 19125 875 18750
113400.0 16524 3.313776052374E10 2056755.4 2078732 2.09455609454833E12 2056755.4 153 7 150 19278 882 18900
114300.0 16452 3.332761082971E10 2073074.77 2095184 2.12788370537804E12 2073074.77 153 7 150 19431 889 19050
115200.0 16452 3.359101289796E10 2089394.14 2111636 2.161474718276E12 2089394.14 153 7 150 19584 896 19200
116100.0 16560 3.396805549992E10 2105713.51 2128196 2.19544277377592E12 2105713.51 153 7 150 19737 903 19350
117000.0 16524 3.419381971903E10 2122032.88 2144720 2.22963659349495E12 2122032.88 153 7 150 19890 910 19500
117900.0 16452 3.438132002646E10 2138352.25 2161172 2.2640179135214E12 2138352.25 153 7 150 20043 917 19650
118800.0 16452 3.46447220947E10 2154671.62 2177624 2.29866263561611E12 2154671.62 153 7 150 20196 924 19800
119700.0 16560 3.502528970797E10 2170990.99 2194184 2.33368792532407E12 2170990.99 153 7 150 20349 931 19950
120600.0 16524 3.524987889631E10 2187310.37 2210708 2.36893780422038E12 2187310.37 153 7 150 20502 938 20100
121500.0 16452 3.543503005626E10 2203629.84 2227160 2.40437283427664E12 2203629.84 153 7 150 20655 945 20250
122400.0 16452 3.569843778329E10 2219949.68 2243612 2.44007127205993E12 2219949.68 153 7 150 20808 952 20400
123300.0 16560 3.608253314633E10 2236269.05 2260172 2.47615380520626E12 2236269.05 153 7 150 20961 959 20550
124200.0 16524 3.630594735659E10 2252588.43 2276696 2.51245975256285E12 2252588.43 153 7 150 21114 966 20700
125100.0 16452 3.648874766433E10 2268907.8 2293148 2.54894850022718E12 2268907.8 153 7 150 21267 973 20850
126000.0 16452 3.675214973258E10 2285227.17 2309600 2.58570064995976E12 2285227.17 153 7 150 21420 980 21000
126900.0 16560 3.713976733638E10 2301546.54 2326160 2.62284041729614E12 2301546.54 153 7 150 21573 987 21150
127800.0 16524 3.736200654287E10 2317865.92 2342684 2.66020242383901E12 2317865.92 153 7 150 21726 994 21300
128700.0 16452 3.754245686108E10 2334185.29 2359136 2.69774488070009E12 2334185.29 153 7 150 21879 1001 21450
129600.0 16452 3.780585892933E10 2350504.66 2375588 2.73555073962941E12 2350504.66 153 7 150 22032 1008 21600
130500.0 16560 3.819700152642E10 2366824.03 2392148 2.77374774115584E12 2366824.03 153 7 150 22185 1015 21750
131400.0 16524 3.841806572015E10 2383143.41 2408672 2.81216580687599E12 2383143.41 153 7 150 22338 1022 21900
132300.0 16452 3.859616605782E10 2399462.78 2425124 2.85076197293381E12 2399462.78 153 7 150 22491 1029 22050
133200.0 16452 3.885956812607E10 2415782.14 2441576 2.88962154105988E12 2415782.14 153 7 150 22644 1036 22200
134100.0 16560 3.925423569847E10 2432101.51 2458136 2.92887577675836E12 2432101.51 153 7 150 22797 1043 22350
135000.0 16524 3.947412491543E10 2448420.89 2474660 2.96834990167379E12 2448420.89 153 7 150 22950 1050 22500
135900.0 16452 3.964987525457E10 2464740.26 2491112 3.00799977692836E12 2464740.26 153 7 150 23103 1057 22650
136800.0 16452 3.991327732282E10 2481059.63 2507564 3.04791305425117E12 2481059.63 153 7 150 23256 1064 22800
137700.0 16560 4.031146987052E10 2497379.0 2524124 3.0882245241217E12 2497379.0 153 7 150 23409 1071 22950
138600.0 16524 4.053018411643E10 2513698.38 2540648 3.12875470823812E12 2513698.38 153 7 150 23562 1078 23100
139500.0 16452 4.070359014645E10 2530018.31 2557100 3.16945829838457E12 2530018.31 153 7 150 23715 1085 23250
140400.0 16452 4.096699578989E10 2546337.69 2573552 3.21042529417446E12 2546337.69 153 7 150 23868 1092 23400
141300.0 16560 4.136871336191E10 2562657.06 2590112 3.25179400753638E12 2562657.06 153 7 150 24021 1099 23550
142200.0 16525 4.1586252579E10 2578976.44 2606637 3.29338026011538E12 2578976.44 153 7 150 24174 1106 23700
143100.0 16452 4.175730291839E10 2595295.81 2623089 3.33513756303377E12 2595295.81 153 7 150 24327 1113 23850
144000.0 16452 4.202070498664E10 2611615.18 2639541 3.3771582680204E12 2611615.18 153 7 150 24480 1120 24000
144900.0 16560 4.242594754296E10 2627934.55 2656101 3.41958421556336E12 2627934.55 153 7 150 24633 1127 24150
145800.0 16524 4.264231175628E10 2644253.93 2672625 3.46222652731964E12 2644253.93 153 7 150 24786 1134 24300
146700.0 16452 4.281101211514E10 2660573.3 2689077 3.50503753943478E12 2660573.3 153 7 150 24939 1141 24450
147600.0 16452 4.307441418338E10 2676892.67 2705529 3.54811195361816E12 2676892.67 153 7 150 25092 1148 24600
148500.0 16560 4.348318172401E10 2693212.04 2722089 3.59159513534217E12 2693212.04 153 7 150 25245 1155 24750
149400.0 16524 4.369837095156E10 2709531.42 2738613 3.63529350629373E12 2709531.42 153 7 150 25398 1162 24900
150300.0 16452 4.386472131188E10 2725850.79 2755065 3.67915822760561E12 2725850.79 153 7 150 25551 1169 25050
151200.0 16452 4.412812338013E10 2742170.15 2771517 3.72328635098574E12 2742170.15 153 7 150 25704 1176 25200
152100.0 16560 4.454041589606E10 2758489.52 2788077 3.7678267668818E12 2758489.52 153 7 150 25857 1183 25350
153000.0 16524 4.47544301289E10 2774808.9 2804601 3.8125811970107E12 2774808.9 153 7 150 26010 1190 25500
153900.0 16452 4.491843050868E10 2791128.27 2821053 3.85749962751938E12 2791128.27 153 7 150 26163 1197 25650
154800.0 16452 4.518183257693E10 2807447.64 2837505 3.90268146009631E12 2807447.64 153 7 150 26316 1204 25800
155700.0 16568 4.559765154804E10 2823767.01 2854073 3.94827911164435E12 2823767.01 153 7 150 26469 1211 25950
156600.0 16524 4.581049494133E10 2840086.95 2870597 3.99408960658568E12 2840086.95 153 7 150 26622 1218 26100
157500.0 16452 4.597214897655E10 2856406.33 2887049 4.04006175556223E12 2856406.33 153 7 150 26775 1225 26250
158400.0 16452 4.62355510448E10 2872725.7 2903501 4.08629730660703E12 2872725.7 153 7 150 26928 1232 26400
159300.0 16560 4.66550109141E10 2889045.07 2920061 4.13295231752113E12 2889045.07 153 7 150 27081 1239 26550
160200.0 16524 4.686655779332E10 2905364.45 2936585 4.17981887531445E12 2905364.45 153 7 150 27234 1246 26700
161100.0 16452 4.70258581733E10 2921683.82 2953037 4.22684473348775E12 2921683.82 153 7 150 27387 1253 26850
162000.0 16452 4.728926024155E10 2938003.19 2969489 4.27413399372929E12 2938003.19 153 7 150 27540 1260 27000
162900.0 16560 4.77121277414E10 2954322.56 2986049 4.3218461214707E12 2954322.56 153 7 150 27693 1267 27150
163800.0 16524 4.792262251821E10 2970641.94 3002573 4.36976874398891E12 2970641.94 153 7 150 27846 1274 27300
164700.0 16452 4.807956736994E10 2986961.31 3019025 4.41784831135885E12 2986961.31 153 7 150 27999 1281 27450
165600.0 16452 4.834296943818E10 3003280.68 3035477 4.46619128079703E12 3003280.68 153 7 150 28152 1288 27600
166500.0 16560 4.876947927609E10 3019600.05 3052037 4.51496076007312E12 3019600.05 153 7 150 28305 1295 27750
167400.0 16524 4.897867617466E10 3035919.43 3068561 4.56393943624778E12 3035919.43 153 7 150 28458 1302 27900
168300.0 16452 4.913327656657E10 3052238.79 3085013 4.61307271281436E12 3052238.79 153 7 150 28611 1309 28050
169200.0 16452 4.939667863482E10 3068558.16 3101465 4.66246939144918E12 3068558.16 153 7 150 28764 1316 28200
170100.0 16560 4.982659610328E10 3084877.53 3118025 4.71229598755246E12 3084877.53 153 7 150 28917 1323 28350
171000.0 16524 5.003474088156E10 3101196.91 3134549 4.76233072843402E12 3101196.91 153 7 150 29070 1330 28500
171900.0 16452 5.018698576321E10 3117516.28 3151001 4.81251771419723E12 3117516.28 153 7 150 29223 1337 28650
172800.0 16453 5.045038800184E10 3133835.65 3167454 4.86296810219907E12 3133835.65 153 7 150 29376 1344 28800
173700.0 16560 5.08838352877E10 3150155.55 3184014 4.91385193748677E12 3150155.55 153 7 150 29529 1351 28950
174600.0 16524 5.109080318633E10 3166474.97 3200538 4.96494274067311E12 3166474.97 153 7 150 29682 1358 29100
175500.0 16452 5.124070421677E10 3182794.34 3216990 5.01618344488988E12 3182794.34 153 7 150 29835 1365 29250
176400.0 16452 5.150410628502E10 3199113.71 3233442 5.0676875511749E12 3199113.71 153 7 150 29988 1372 29400
177300.0 16560 5.194107376205E10 3215433.08 3250002 5.11962862493695E12 3215433.08 153 7 150 30141 1379 29550
178200.0 16524 5.214686301075E10 3231752.46 3266526 5.1717754879477E12 3231752.46 153 7 150 30294 1386 29700
179100.0 16452 5.229441341341E10 3248071.83 3282978 5.22406990136111E12 3248071.83 153 7 150 30447 1393 29850
180000.0 16452 5.255781548166E10 3264391.2 3299430 5.27662771684276E12 3264391.2 153 7 150 30600 1400 30000
180900.0 16560 5.299830795199E10 3280710.57 3315990 5.32962602479476E12 3280710.57 153 7 150 30753 1407 30150
181800.0 16524 5.320292219687E10 3297029.95 3332514 5.38282894699163E12 3297029.95 153 7 150 30906 1414 30300
182700.0 16452 5.334812260999E10 3313349.32 3348966 5.43617706960162E12 3313349.32 153 7 150 31059 1421 30450
183600.0 16452 5.361152467824E10 3329668.69 3365418 5.48978859427986E12 3329668.69 153 7 150 31212 1428 30600
184500.0 16560 5.405554210588E10 3345988.06 3381978 5.54384413638574E12 3345988.06 153 7 150 31365 1435 30750
185400.0 16524 5.425898138299E10 3362307.43 3398502 5.59810311776872E12 3362307.43 153 7 150 31518 1442 30900
186300.0 16452 5.440183180658E10 3378626.8 3414954 5.6525049495753E12 3378626.8 153 7 150 31671 1449 31050
187200.0 16452 5.466523387482E10 3394946.17 3431406 5.70717018345012E12 3394946.17 153 7 150 31824 1456 31200
188100.0 16560 5.511277631377E10 3411265.54 3447966 5.76228295976389E12 3411265.54 153 7 150 31977 1463 31350
189000.0 16524 5.531504056911E10 3427584.92 3464490 5.81759800033299E12 3427584.92 153 7 150 32130 1470 31500
189900.0 16452 5.545554100316E10 3443904.29 3480942 5.87305354133615E12 3443904.29 153 7 150 32283 1477 31650
190800.0 16452 5.571894781629E10 3460224.11 3497394 5.92877248915244E12 3460224.11 153 7 150 32436 1484 31800
191700.0 16560 5.617001837672E10 3476543.6 3513954 5.98494250752916E12 3476543.6 153 7 150 32589 1491 31950
192600.0 16524 5.637110900432E10 3492862.98 3530478 6.04131361653348E12 3492862.98 153 7 150 32742 1498 32100
193500.0 16452 5.650925942826E10 3509182.35 3546930 6.09782287596174E12 3509182.35 153 7 150 32895 1505 32250
194400.0 16452 5.677266149651E10 3525501.72 3563382 6.15459553745825E12 3525501.72 153 7 150 33048 1512 32400
195300.0 16560 5.722725391693E10 3541821.09 3579942 6.21182279137518E12 3541821.09 153 7 150 33201 1519 32550
196200.0 16524 5.742716819044E10 3558140.47 3596466 6.26924995956562E12 3558140.47 153 7 150 33354 1526 32700
197100.0 16452 5.756296862484E10 3574459.84 3612918 6.32681292819047E12 3574459.84 153 7 150 33507 1533 32850
198000.0 16452 5.782637069309E10 3590779.21 3629370 6.38463929888356E12 3590779.21 153 7 150 33660 1540 33000
198900.0 16560 5.828448810682E10 3607098.58 3645930 6.44292378699037E12 3607098.58 153 7 150 33813 1547 33150
199800.0 16524 5.848322737656E10 3623417.95 3662454 6.50140701436694E12 3623417.95 153 7 150 33966 1554 33300
200700.0 16452 5.861667782143E10 3639737.32 3678906 6.56002369218836E12 3639737.32 153 7 150 34119 1561 33450
201600.0 16452 5.888007988967E10 3656056.69 3695358 6.61890377207804E12 3656056.69 153 7 150 34272 1568 33600
202500.0 16560 5.93417222967E10 3672376.06 3711918 6.67824549437474E12 3672376.06 153 7 150 34425 1575 33750
203400.0 16524 5.953928656268E10 3688695.44 3728442 6.73778478093742E12 3688695.44 153 7 150 34578 1582 33900
204300.0 16452 5.967038701801E10 3705014.81 3744894 6.79745516795542E12 3705014.81 153 7 150 34731 1589 34050
205200.0 16452 5.993378908626E10 3721334.18 3761346 6.85738895704168E12 3721334.18 153 7 150 34884 1596 34200
206100.0 16560 6.039895645059E10 3737653.55 3777906 6.91778791349227E12 3737653.55 153 7 150 35037 1603 34350
207000.0 16524 6.059534574869E10 3753972.93 3794430 6.97838325924096E12 3753972.93 153 7 150 35190 1610 34500
207900.0 16452 6.072409914087E10 3770292.65 3810882 7.03910735838184E12 3770292.65 153 7 150 35343 1617 34650
208800.0 16452 6.098750577099E10 3786612.24 3827334 7.10009486415283E12 3786612.24 153 7 150 35496 1624 34800
209700.0 16560 6.14561999093E10 3802931.61 3843894 7.16155106406213E12 3802931.61 153 7 150 35649 1631 34950
210600.0 16524 6.165141417525E10 3819250.99 3860418 7.22320247823738E12 3819250.99 153 7 150 35802 1638 35100
211500.0 16452 6.177781463095E10 3835570.36 3876870 7.28498029286833E12 3835570.36 153 7 150 35955 1645 35250
212400.0 16452 6.204121669919E10 3851889.73 3893322 7.34702150956752E12 3851889.73 153 7 150 36108 1652 35400
213300.0 16560 6.251343406297E10 3868209.09 3909882 7.4095349436305E12 3868209.09 153 7 150 36261 1659 35550
214200.0 16524 6.270747336115E10 3884528.47 3926406 7.47224241699165E12 3884528.47 153 7 150 36414 1666 35700
215100.0 16452 6.283152382731E10 3900847.84 3942858 7.53507394081896E12 3900847.84 153 7 150 36567 1673 35850
216000.0 16452 6.309492589556E10 3917167.21 3959310 7.59816886671453E12 3917167.21 153 7 150 36720 1680 36000
216900.0 16560 6.357066827064E10 3933486.58 3975870 7.66173953498517E12 3933486.58 153 7 150 36873 1687 36150
217800.0 16524 6.376353254705E10 3949805.96 3992394 7.72550306753222E12 3949805.96 153 7 150 37026 1694 36300
218700.0 16452 6.388523302368E10 3966125.33 4008846 7.78938830055591E12 3966125.33 153 7 150 37179 1701 36450
219600.0 16452 6.414863509193E10 3982444.7 4025298 7.85353693564784E12 3982444.7 153 7 150 37332 1708 36600
220500.0 16560 6.462790243331E10 3998764.07 4041858 7.91816483808115E12 3998764.07 153 7 150 37485 1715 36750
221400.0 16524 6.481959173296E10 4015083.45 4058382 7.9829844298141E12 4015083.45 153 7 150 37638 1722 36900
222300.0 16452 6.493894222E10 4031402.82 4074834 8.0479233720341E12 4031402.82 153 7 150 37791 1729 37050
223200.0 16452 6.520234428824E10 4047722.19 4091286 8.11312571632234E12 4047722.19 153 7 150 37944 1736 37200
224100.0 16566 6.568513662293E10 4064041.56 4107852 8.17881085294527E12 4064041.56 153 7 150 38097 1743 37350
225000.0 16527 6.587565309261E10 4080361.2 4124379 8.24468650603788E12 4080361.2 153 7 150 38250 1750 37500
225900.0 16452 6.599265815205E10 4096680.87 4140831 8.31067916418993E12 4096680.87 153 7 150 38403 1757 37650
226800.0 16452 6.625606270726E10 4113000.25 4157283 8.37693522689719E12 4113000.25 153 7 150 38556 1764 37800
227700.0 16560 6.67423800481E10 4129319.61 4173843 8.44367760694529E12 4129319.61 153 7 150 38709 1771 37950
228600.0 16524 6.693171934793E10 4145638.99 4190367 8.51060932629321E12 4145638.99 153 7 150 38862 1778 38100
229500.0 16452 6.704636983533E10 4161958.36 4206819 8.57765569612854E12 4161958.36 153 7 150 39015 1785 38250
230400.0 16452 6.730977190358E10 4178277.73 4223271 8.64496546803213E12 4178277.73 153 7 150 39168 1792 38400
231300.0 16560 6.779961423773E10 4194597.1 4239831 8.71276508226985E12 4194597.1 153 7 150 39321 1799 38550
232200.0 16524 6.798777853379E10 4210916.48 4256355 8.78075286080364E12 4210916.48 153 7 150 39474 1806 38700
233100.0 16452 6.810007903166E10 4227235.85 4272807 8.8488529398353E12 4227235.85 153 7 150 39627 1813 38850
234000.0 16452 6.836348109991E10 4243555.22 4289259 8.91721642093521E12 4243555.22 153 7 150 39780 1820 39000
234900.0 16560 6.885684840935E10 4259874.59 4305819 8.98607326934456E12 4259874.59 153 7 150 39933 1827 39150
235800.0 16524 6.904383771965E10 4276193.97 4322343 9.05511710706421E12 4276193.97 153 7 150 40086 1834 39300
236700.0 16452 6.915378822798E10 4292513.34 4338795 9.12427089529219E12 4292513.34 153 7 150 40239 1841 39450
237600.0 16452 6.941719029623E10 4308832.71 4355247 9.19368808558843E12 4308832.71 153 7 150 40392 1848 39600
238500.0 16560 6.991408259898E10 4325152.08 4371807 9.26360216818741E12 4325152.08 153 7 150 40545 1855 39750
239400.0 16524 7.009989690551E10 4341471.45 4388331 9.33370206509292E12 4341471.45 153 7 150 40698 1862 39900
240300.0 16452 7.020749742431E10 4357790.82 4404783 9.40390956251723E12 4357790.82 153 7 150 40851 1869 40050
241200.0 16453 7.047089949256E10 4374110.19 4421236 9.47438046200979E12 4374110.19 153 7 150 41004 1876 40200
242100.0 16560 7.097131752709E10 4390429.72 4437796 9.54535177953688E12 4390429.72 153 7 150 41157 1883 40350
243000.0 16524 7.115596331843E10 4406749.51 4454320 9.61650774285532E12 4406749.51 153 7 150 41310 1890 40500
243900.0 16452 7.126121586131E10 4423068.88 4470772 9.68776895871662E12 4423068.88 153 7 150 41463 1897 40650
244800.0 16452 7.152461792956E10 4439388.25 4487224 9.75929357664618E12 4439388.25 153 7 150 41616 1904 40800
245700.0 16560 7.202856023182E10 4455707.62 4503784 9.831322136878E12 4455707.62 153 7 150 41769 1911 40950
246600.0 16524 7.221202453851E10 4472027.0 4520308 9.90353416141652E12 4472027.0 153 7 150 41922 1918 41100
247500.0 16452 7.231492505763E10 4488346.37 4536760 9.97584908647415E12 4488346.37 153 7 150 42075 1925 41250
248400.0 16452 7.257832712588E10 4504665.74 4553212 1.004842741360004E13 4504665.74 153 7 150 42228 1932 41400
249300.0 16560 7.308579441241E10 4520985.11 4569772 1.012151320801244E13 4520985.11 153 7 150 42381 1939 41550
250200.0 16524 7.326808372432E10 4537304.49 4586296 1.019478129173676E13 4537304.49 153 7 150 42534 1946 41700
251100.0 16452 7.336863425391E10 4553623.86 4602748 1.026814992599066E13 4553623.86 153 7 150 42687 1953 41850
252000.0 16452 7.363203632216E10 4569943.23 4619200 1.034178196231282E13 4569943.23 153 7 150 42840 1960 42000
252900.0 16560 7.414302858398E10 4586262.6 4635760 1.041592499089681E13 4586262.6 153 7 150 42993 1967 42150
253800.0 16524 7.432414291018E10 4602581.98 4652284 1.049024913380699E13 4602581.98 153 7 150 43146 1974 42300
254700.0 16452 7.442234345023E10 4618901.35 4668736 1.056467147725722E13 4618901.35 153 7 150 43299 1981 42450
255600.0 16452 7.468574551848E10 4635220.71 4685188 1.06393572227757E13 4635220.71 153 7 150 43452 1988 42600
256500.0 16560 7.520026277361E10 4651540.08 4701748 1.071455748554931E13 4651540.08 153 7 150 43605 1995 42750
257400.0 16524 7.538020209604E10 4667859.46 4718272 1.078993768764535E13 4667859.46 153 7 150 43758 2002 42900
258300.0 16452 7.547605264656E10 4684178.83 4734724 1.086541374029191E13 4684178.83 153 7 150 43911 2009 43050
259200.0 16452 7.573945527196E10 4700498.27 4751176 1.094115319556388E13 4700498.27 153 7 150 44064 2016 43200
260100.0 16560 7.625750289736E10 4716818.14 4767736 1.101741069846124E13 4716818.14 153 7 150 44217 2023 43350
261000.0 16524 7.643627055141E10 4733137.52 4784260 1.109384696901265E13 4733137.52 153 7 150 44370 2030 43500
261900.0 16452 7.652977109176E10 4749456.89 4800712 1.117037674010441E13 4749456.89 153 7 150 44523 2037 43650
262800.0 16452 7.679317316001E10 4765776.26 4817164 1.124716991326442E13 4765776.26 153 7 150 44676 2044 43800
263700.0 16560 7.731485776847E10 4782095.63 4833724 1.132448477103289E13 4782095.63 153 7 150 44829 2051 43950
264600.0 16524 7.749232973721E10 4798415.01 4850248 1.14019771007701E13 4798415.01 153 7 150 44982 2058 44100
265500.0 16452 7.758348028803E10 4814734.38 4866700 1.147956058105814E13 4814734.38 153 7 150 45135 2065 44250
266400.0 16452 7.784688235628E10 4831053.75 4883152 1.155740746341441E13 4831053.75 153 7 150 45288 2072 44400
267300.0 16560 7.837197458626E10 4847373.12 4899712 1.163577943800067E13 4847373.12 153 7 150 45441 2079 44550
268200.0 16524 7.85483944529E10 4863692.5 4916236 1.171432783245357E13 4863692.5 153 7 150 45594 2086 44700
269100.0 16452 7.863718948447E10 4880011.87 4932688 1.179296502193804E13 4880011.87 153 7 150 45747 2093 44850
270000.0 16452 7.890059155272E10 4896331.24 4949140 1.187186561349076E13 4896331.24 153 7 150 45900 2100 45000
270900.0 16560 7.942932613878E10 4912650.6 4965700 1.195129493962954E13 4912650.6 153 7 150 46053 2107 45150
271800.0 16524 7.960444810015E10 4928969.98 4982224 1.203089938772968E13 4928969.98 153 7 150 46206 2114 45300
272700.0 16452 7.96908986809E10 4945289.35 4998676 1.211059028641059E13 4945289.35 153 7 150 46359 2121 45450
273600.0 16452 7.995430074915E10 4961608.72 5015128 1.219054458715974E13 4961608.72 153 7 150 46512 2128 45600
274500.0 16560 8.048644293873E10 4977928.09 5031688 1.227103103009847E13 4977928.09 153 7 150 46665 2135 45750
275400.0 16524 8.066051282484E10 4994247.47 5048212 1.235169154292331E13 4994247.47 153 7 150 46818 2142 45900
276300.0 16452 8.074460787734E10 5010566.84 5064664 1.243243615080064E13 5010566.84 153 7 150 46971 2149 46050
277200.0 16452 8.100801563231E10 5026886.77 5081116 1.251344416643296E13 5026886.77 153 7 150 47124 2156 46200
278100.0 16560 8.154368644861E10 5043206.15 5097676 1.259498785288157E13 5043206.15 153 7 150 47277 2163 46350
279000.0 16524 8.171657576389E10 5059525.53 5114200 1.267670442864546E13 5059525.53 153 7 150 47430 2170 46500
279900.0 16453 8.17983263449E10 5075844.9 5130653 1.275850275499036E13 5075844.9 153 7 150 47583 2177 46650
280800.0 16452 8.206172841315E10 5092164.27 5147105 1.284056448340351E13 5092164.27 153 7 150 47736 2184 46800
281700.0 16560 8.260103796514E10 5108483.64 5163665 1.292316552136865E13 5108483.64 153 7 150 47889 2191 46950
282600.0 16524 8.277263495886E10 5124803.02 5180189 1.300593815632751E13 5124803.02 153 7 150 48042 2198 47100
283500.0 16452 8.285203554134E10 5141122.39 5196641 1.308879019186885E13 5141122.39 153 7 150 48195 2205 47250
284400.0 16452 8.311543760959E10 5157441.76 5213093 1.317190562947843E13 5157441.76 153 7 150 48348 2212 47400
285300.0 16560 8.365815480109E10 5173761.13 5229653 1.325556378427952E13 5173761.13 153 7 150 48501 2219 47550
286200.0 16524 8.382869966561E10 5190080.51 5246177 1.333939248394513E13 5190080.51 153 7 150 48654 2226 47700
287100.0 16452 8.390574473782E10 5206399.88 5262629 1.342329822868295E13 5206399.88 153 7 150 48807 2233 47850
288000.0 16452 8.416914680607E10 5222719.25 5279081 1.350746737548902E13 5222719.25 153 7 150 48960 2240 48000
288900.0 16560 8.471550634466E10 5239038.61 5295641 1.359218288183369E13 5239038.61 153 7 150 49113 2247 48150
289800.0 16524 8.488475333096E10 5255357.99 5312165 1.367706763516465E13 5255357.99 153 7 150 49266 2254 48300
290700.0 16452 8.495945393437E10 5271677.36 5328617 1.376202708909901E13 5271677.36 153 7 150 49419 2261 48450
291600.0 16452 8.522285600262E10 5287996.73 5345069 1.384724994510163E13 5287996.73 153 7 150 49572 2268 48600
292500.0 16560 8.577262316272E10 5304316.1 5361629 1.393302256826435E13 5304316.1 153 7 150 49725 2275 48750
293400.0 16530 8.594081913759E10 5320635.48 5378159 1.401896338740194E13 5320635.48 153 7 150 49878 2282 48900
294300.0 16454 8.601316881476E10 5336955.42 5394613 1.41049765562167E13 5336955.42 153 7 150 50031 2289 49050
295200.0 16452 8.627657447029E10 5353274.79 5411065 1.419125313068699E13 5353274.79 153 7 150 50184 2296 49200
296100.0 16560 8.682986663671E10 5369594.16 5427625 1.427808299732371E13 5369594.16 153 7 150 50337 2303 49350
297000.0 16524 8.699688098592E10 5385913.54 5444149 1.436507987830963E13 5385913.54 153 7 150 50490 2310 49500
297900.0 16452 8.706688159858E10 5402232.91 5460601 1.445214675990821E13 5402232.91 153 7 150 50643 2317 49650
298800.0 16452 8.733028366683E10 5418552.28 5477053 1.453947704357505E13 5418552.28 153 7 150 50796 2324 49800
299700.0 16560 8.788710082656E10 5434871.65 5493613 1.462736414440161E13 5434871.65 153 7 150 50949 2331 49950
300600.0 16524 8.8052940181E10 5451191.03 5510137 1.471541708458261E13 5451191.03 153 7 150 51102 2338 50100
301500.0 16452 8.812059079513E10 5467510.4 5526589 1.480353767537773E13 5467510.4 153 7 150 51255 2345 50250
302400.0 16452 8.838399286338E10 5483829.77 5543041 1.489192166824111E13 5483829.77 153 7 150 51408 2352 50400
303300.0 16560 8.894433498945E10 5500149.14 5559601 1.498086600323056E13 5500149.14 153 7 150 51561 2359 50550
304200.0 16524 8.910899935813E10 5516468.52 5576125 1.506997500258869E13 5516468.52 153 7 150 51714 2366 50700
305100.0 16452 8.917429999172E10 5532787.89 5592577 1.515914930258041E13 5532787.89 153 7 150 51867 2373 50850
306000.0 16452 8.943770205997E10 5549107.25 5609029 1.524858700464038E13 5549107.25 153 7 150 52020 2380 51000
306900.0 16560 9.000156918835E10 5565426.62 5625589 1.533858857382873E13 5565426.62 153 7 150 52173 2387 51150
307800.0 16524 9.016505855332E10 5581746.0 5642113 1.542875363238205E13 5581746.0 153 7 150 52326 2394 51300
308700.0 16452 9.022800918837E10 5598065.37 5658565 1.551898164157042E13 5598065.37 153 7 150 52479 2401 51450
309600.0 16452 9.049141125662E10 5614384.74 5675017 1.560947305282705E13 5614384.74 153 7 150 52632 2408 51600
310500.0 16561 9.10588034845E10 5630704.11 5691578 1.570053185631154E13 5630704.11 153 7 150 52785 2415 51750
311400.0 16524 9.12211228137E10 5647023.99 5708102 1.579175297912524E13 5647023.99 153 7 150 52938 2422 51900
312300.0 16452 9.128172702826E10 5663343.43 5724554 1.588303470615351E13 5663343.43 153 7 150 53091 2429 52050
313200.0 16452 9.154512969418E10 5679662.8 5741006 1.597457983584769E13 5679662.8 153 7 150 53244 2436 52200
314100.0 16560 9.211604680386E10 5695982.17 5757566 1.606669588265155E13 5695982.17 153 7 150 53397 2443 52350
315000.0 16524 9.227718618726E10 5712301.55 5774090 1.615897306883881E13 5712301.55 153 7 150 53550 2450 52500
315900.0 16452 9.233543682264E10 5728620.92 5790542 1.625130850566145E13 5728620.92 153 7 150 53703 2457 52650
316800.0 16452 9.259883889089E10 5744940.29 5806994 1.634390734455233E13 5744940.29 153 7 150 53856 2464 52800
317700.0 16560 9.317328100287E10 5761259.66 5823554 1.64370806255552E13 5761259.66 153 7 150 54009 2471 52950
318600.0 16524 9.333325089428E10 5777579.04 5840078 1.653041387644948E13 5777579.04 153 7 150 54162 2478 53100
319500.0 16452 9.33891460194E10 5793898.41 5856530 1.662380302246887E13 5793898.41 153 7 150 54315 2485 53250
320400.0 16452 9.365254808765E10 5810217.78 5872982 1.671745557055652E13 5810217.78 153 7 150 54468 2492 53400
321300.0 16560 9.423051516593E10 5826537.15 5889542 1.681168608572245E13 5826537.15 153 7 150 54621 2499 53550
322200.0 16524 9.438930455985E10 5842856.52 5906066 1.69060753902823E13 5842856.52 153 7 150 54774 2506 53700
323100.0 16452 9.444285521615E10 5859175.89 5922518 1.700051824549845E13 5859175.89 153 7 150 54927 2513 53850
324000.0 16452 9.47062572844E10 5875495.26 5938970 1.709522450278286E13 5875495.26 153 7 150 55080 2520 54000
324900.0 16560 9.528774936499E10 5891814.63 5955530 1.719051225214785E13 5891814.63 153 7 150 55233 2527 54150
325800.0 16524 9.54453637372E10 5908134.01 5972054 1.728595761588505E13 5908134.01 153 7 150 55386 2534 54300
326700.0 16452 9.549656441297E10 5924453.38 5988506 1.738145418029802E13 5924453.38 153 7 150 55539 2541 54450
327600.0 16452 9.575996648122E10 5940772.75 6004958 1.747721414677923E13 5940772.75 153 7 150 55692 2548 54600
328500.0 16560 9.634498717971E10 5957092.53 6021518 1.757355913395894E13 5957092.53 153 7 150 55845 2555 54750
329400.0 16524 9.650143053804E10 5973412.07 6038042 1.767006056449698E13 5973412.07 153 7 150 55998 2562 54900
330300.0 16452 9.655028282992E10 5989731.44 6054494 1.776661084732691E13 5989731.44 153 7 150 56151 2569 55050
331200.0 16452 9.681368489817E10 6006050.81 6070946 1.786342453222507E13 6006050.81 153 7 150 56304 2576 55200
332100.0 16560 9.740234433217E10 6022370.18 6087506 1.796082687655724E13 6022370.18 153 7 150 56457 2583 55350
333000.0 16524 9.755749688032E10 6038689.56 6104030 1.805838437343756E13 6038689.56 153 7 150 56610 2590 55500
333900.0 16452 9.760399202673E10 6055008.93 6120482 1.81559883654643E13 6055008.93 153 7 150 56763 2597 55650
334800.0 16452 9.786739409498E10 6071328.3 6136934 1.825385575955928E13 6071328.3 153 7 150 56916 2604 55800
335700.0 16560 9.845946115032E10 6087647.66 6153494 1.83523152207096E13 6087647.66 153 7 150 57069 2611 55950
336600.0 16524 9.861355054595E10 6103967.04 6170018 1.845092877125555E13 6103967.04 153 7 150 57222 2618 56100
337500.0 16452 9.865770122355E10 6120286.41 6186470 1.85495864724791E13 6120286.41 153 7 150 57375 2625 56250
338400.0 16452 9.89211032918E10 6136605.78 6202922 1.864850757577089E13 6136605.78 153 7 150 57528 2632 56400
339300.0 16560 9.951669532244E10 6152925.15 6219482 1.874802427109333E13 6152925.15 153 7 150 57681 2639 56550
340200.0 16524 9.966961524407E10 6169244.53 6236006 1.884769388633741E13 6169244.53 153 7 150 57834 2646 56700
341100.0 16452 9.971141042041E10 6185563.9 6252458 1.894740529675782E13 6185563.9 153 7 150 57987 2653 56850
342000.0 16452 9.997481248866E10 6201883.27 6268910 1.904738010924648E13 6201883.27 153 7 150 58140 2660 57000
342900.0 16560 1.0057404688457E11 6218202.64 6285470 1.914795415613106E13 6218202.64 153 7 150 58293 2667 57150
343800.0 16524 1.0072566891875E11 6234522.02 6301994 1.92486798250498E13 6234522.02 153 7 150 58446 2674 57300
344700.0 16452 1.0076511961728E11 6250841.39 6318446 1.934944494466709E13 6250841.39 153 7 150 58599 2681 57450
345600.0 16452 1.0102852403125E11 6267161.05 6334898 1.945047346869833E13 6267161.05 153 7 150 58752 2688 57600

