# seed = 1, gamma = 0.25, beta = 0.0, dee = 10.0, dcc = 5.0, dec = 150.0, dsc = 1000.0, dLocalhost = 0.015, hostBroker = EDGE, numOfCloud = 1, numOfEdge = 1, numOfSmartphone = 0 
#
# The columns have the following meaning: 
# instant[SECONDS] delayCountPartial delaySumPartial[SECONDS] delayMaxPartial[SECONDS] delayCountTot delaySumTot[SECONDS] delayMaxTot[SECONDS] runOnCloudPartial runOnEdgePartial runOnSmartphonePartial runOnCloudTot runOnEdgeTot runOnSmartphoneTot
0.0 0 0.0 0.0 0 0.0 0.0 0 0 0 0 0 0
900.0 16561 1.821889414E7 2298.66 16561 1.821889414E7 2298.66 308 2 0 308 2 0
1800.0 16524 4.247244607E7 3802.1 33085 6.069134021E7 3802.1 308 2 0 616 4 0
2700.0 16460 6.666374103E7 5305.31 49545 1.2735508124E8 5305.31 308 2 0 924 6 0
3600.0 16452 9.093316652E7 6809.09 65997 2.1828824776E8 6809.09 308 2 0 1232 8 0
4500.0 16560 1.1563537419E8 8312.32 82557 3.3392362195E8 8312.32 308 2 0 1540 10 0
5400.0 16525 1.3976035863E8 9815.54 99082 4.7368398058E8 9815.54 308 2 0 1848 12 0
6300.0 16452 1.637372482E8 11319.32 115534 6.3742122878E8 11319.32 308 2 0 2156 14 0
7200.0 16452 1.8800689896E8 12822.55 131986 8.2542812775E8 12822.55 308 2 0 2464 16 0
8100.0 16560 2.13014996E8 14326.05 148546 1.03844312375E9 14326.05 308 2 0 2772 18 0
9000.0 16524 2.370521086E8 15829.55 165070 1.27549523234E9 15829.55 308 2 0 3080 20 0
9900.0 16452 2.6081092941E8 17332.77 181522 1.53630616175E9 17332.77 308 2 0 3388 22 0
10800.0 16452 2.8508035489E8 18836.55 197974 1.82138651664E9 18836.55 308 2 0 3696 24 0
11700.0 16560 3.1043206316E8 20339.77 214534 2.1318185798E9 20339.77 308 2 0 4004 26 0
12600.0 16533 3.3434053567E8 21843.0 231067 2.46615911547E9 21843.0 308 2 0 4312 28 0
13500.0 16452 3.5788443684E8 23346.78 247519 2.82404355231E9 23346.78 308 2 0 4620 30 0
14400.0 16452 3.8215408761E8 24850.0 263971 3.20619763992E9 24850.0 308 2 0 4928 32 0
15300.0 16561 4.0781124331E8 26353.46 280532 3.61400888323E9 26353.46 308 2 0 5236 34 0
16200.0 16524 4.3163181616E8 27857.01 297056 4.04564069939E9 27857.01 308 2 0 5544 36 0
17100.0 16452 4.549581252E8 29360.23 313508 4.50059882459E9 29360.23 308 2 0 5852 38 0
18000.0 16452 4.7922755069E8 30864.01 329960 4.97982637527E9 30864.01 308 2 0 6160 40 0
18900.0 16560 5.052124022E8 32367.23 346520 5.48503877747E9 32367.23 308 2 0 6468 42 0
19800.0 16524 5.2891987007E8 33870.45 363044 6.01395864754E9 33870.45 308 2 0 6776 44 0
20700.0 16453 5.5203163264E8 35374.23 379497 6.56599028018E9 35374.23 308 2 0 7084 46 0
21600.0 16452 5.763012834E8 36877.46 395949 7.14229156358E9 36877.46 308 2 0 7392 48 0
22500.0 16568 6.0260744194E8 38380.85 412517 7.74489900553E9 38380.85 308 2 0 7700 50 0
23400.0 16524 6.2621147347E8 39884.46 429041 8.371110479E9 39884.46 308 2 0 8008 52 0
24300.0 16453 6.4910533629E8 41387.68 445494 9.02021581529E9 41387.68 308 2 0 8316 54 0
25200.0 16452 6.7337476177E8 42891.46 461946 9.69359057706E9 42891.46 308 2 0 8624 56 0
26100.0 16560 7.0002545335E8 44394.69 478506 1.039361603041E10 44394.69 308 2 0 8932 58 0
27000.0 16524 7.2350007893E8 45897.91 495030 1.111711610935E10 45897.91 308 2 0 9240 60 0
27900.0 16452 7.4617884405E8 47401.69 511482 1.18632949534E10 47401.69 308 2 0 9548 62 0
28800.0 16452 7.7044849481E8 48904.91 527934 1.263374344821E10 48904.91 308 2 0 9856 64 0
29700.0 16560 7.9740379369E8 50408.25 544494 1.34311472419E10 50408.25 308 2 0 10164 66 0
30600.0 16524 8.207911637E8 51911.92 561018 1.42519384056E10 51911.92 308 2 0 10472 68 0
31500.0 16461 8.4325255128E8 53415.14 577479 1.509519095688E10 53415.14 308 2 0 10780 70 0
32400.0 16452 8.6752197676E8 54918.92 593931 1.596271293364E10 54918.92 308 2 0 11088 72 0
33300.0 16560 8.9480579369E8 56422.14 610491 1.685751872733E10 56422.14 308 2 0 11396 74 0
34200.0 16525 9.180802826E8 57925.37 627016 1.777559900993E10 57925.37 308 2 0 11704 76 0
35100.0 16452 9.4032605925E8 59429.15 643468 1.871592506918E10 59429.15 308 2 0 12012 78 0
36000.0 16452 9.6459571002E8 60932.37 659920 1.968052077919E10 60932.37 308 2 0 12320 80 0
36900.0 16560 9.9219997916E8 62435.64 676480 2.067272075835E10 62435.64 308 2 0 12628 82 0
37800.0 16524 1.01537078237E9 63939.38 693004 2.168809154072E10 63939.38 308 2 0 12936 84 0
38700.0 16452 1.03739977537E9 65442.6 709456 2.272549131609E10 65442.6 308 2 0 13244 86 0
39600.0 16453 1.06166920085E9 66946.38 725909 2.378716051694E10 66946.38 308 2 0 13552 88 0
40500.0 16560 1.0896025005E9 68449.6 742469 2.487676301744E10 68449.6 308 2 0 13860 90 0
41400.0 16532 1.11266049523E9 69952.83 759001 2.598942351266E10 69952.83 308 2 0 14168 92 0
42300.0 16452 1.13447328345E9 71456.61 775453 2.712389679612E10 71456.61 308 2 0 14476 94 0
43200.0 16452 1.15874293422E9 72959.83 791905 2.828263973033E10 72959.83 308 2 0 14784 96 0
44100.0 16561 1.186996247E9 74463.04 808466 2.946963597733E10 74463.04 308 2 0 15092 98 0
45000.0 16524 1.2099505211E9 75966.83 824990 3.067958649843E10 75966.83 308 2 0 15400 100 0
45900.0 16452 1.23154701974E9 77470.06 841442 3.191113351817E10 77470.06 308 2 0 15708 102 0
46800.0 16452 1.25581644523E9 78973.84 857894 3.31669499634E10 78973.84 308 2 0 16016 104 0
47700.0 16560 1.28441558501E9 80477.06 874454 3.445136554841E10 80477.06 308 2 0 16324 106 0
48600.0 16524 1.30724071923E9 81980.28 890978 3.575860626764E10 81980.28 308 2 0 16632 108 0
49500.0 16453 1.32862052799E9 83484.07 907431 3.708722679563E10 83484.07 308 2 0 16940 110 0
50400.0 16452 1.35289017875E9 84987.29 923883 3.844011697439E10 84987.29 308 2 0 17248 112 0
51300.0 16568 1.38179313694E9 86490.5 940451 3.982191011133E10 86490.5 308 2 0 17556 114 0
52200.0 16524 1.40453075426E9 87994.29 956975 4.122644086559E10 87994.29 308 2 0 17864 116 0
53100.0 16453 1.42569426438E9 89497.52 973428 4.265213512997E10 89497.52 308 2 0 18172 118 0
54000.0 16452 1.44996368986E9 91001.3 989880 4.410209881983E10 91001.3 308 2 0 18480 120 0
54900.0 16560 1.47919595509E9 92504.52 1006440 4.558129477492E10 92504.52 308 2 0 18788 122 0
55800.0 16524 1.50182096133E9 94007.74 1022964 4.708311573626E10 94007.74 308 2 0 19096 124 0
56700.0 16452 1.52276777256E9 95511.52 1039416 4.860588350882E10 95511.52 308 2 0 19404 126 0
57600.0 16452 1.54703742332E9 97014.75 1055868 5.015292093214E10 97014.75 308 2 0 19712 128 0
58500.0 16561 1.57658966769E9 98517.96 1072429 5.172951059984E10 98517.96 308 2 0 20020 130 0
59400.0 16524 1.59911098731E9 100021.75 1088953 5.332862158714E10 100021.75 308 2 0 20328 132 0
60300.0 16460 1.6198415089E9 101524.98 1105413 5.494846309604E10 101524.98 308 2 0 20636 134 0
61200.0 16452 1.64411093438E9 103028.76 1121865 5.659257403042E10 103028.76 308 2 0 20944 136 0
62100.0 16560 1.67399268239E9 104531.98 1138425 5.826656671281E10 104531.98 308 2 0 21252 138 0
63000.0 16525 1.69640119438E9 106035.2 1154950 5.996296790719E10 106035.2 308 2 0 21560 140 0
63900.0 16452 1.71691501708E9 107538.98 1171402 6.167988292426E10 107538.98 308 2 0 21868 142 0
64800.0 16452 1.74118466784E9 109042.21 1187854 6.34210675921E10 109042.21 308 2 0 22176 144 0
65700.0 16560 1.77140275234E9 110545.42 1204414 6.519247034444E10 110545.42 308 2 0 22484 146 0
66600.0 16524 1.79369122035E9 112049.21 1220938 6.698616156479E10 112049.21 308 2 0 22792 148 0
67500.0 16452 1.81398875341E9 113552.43 1237390 6.88001503182E10 113552.43 308 2 0 23100 150 0
68400.0 16452 1.83825817889E9 115056.21 1253842 7.063840849709E10 115056.21 308 2 0 23408 152 0
69300.0 16560 1.8687894007E9 116559.44 1270402 7.250719789779E10 116559.44 308 2 0 23716 154 0
70200.0 16533 1.89098141842E9 118062.66 1286935 7.439817931621E10 118062.66 308 2 0 24024 156 0
71100.0 16452 1.91106226159E9 119566.44 1303387 7.63092415778E10 119566.44 308 2 0 24332 158 0
72000.0 16452 1.93533191235E9 121069.67 1319839 7.824457349015E10 121069.67 308 2 0 24640 160 0
72900.0 16561 1.96618312439E9 122572.88 1336400 8.021075661455E10 122572.88 308 2 0 24948 162 0
73800.0 16524 1.98827145339E9 124076.67 1352924 8.219902806793E10 124076.67 308 2 0 25256 164 0
74700.0 16452 2.00813599792E9 125579.89 1369376 8.420716406586E10 125579.89 308 2 0 25564 166 0
75600.0 16452 2.03240542341E9 127083.67 1385828 8.623956948926E10 127083.67 308 2 0 25872 168 0
76500.0 16560 2.06360248535E9 128586.9 1402388 8.830317197461E10 128586.9 308 2 0 26180 170 0
77400.0 16524 2.08556166046E9 130090.12 1418912 9.038873363507E10 130090.12 308 2 0 26488 172 0
78300.0 16453 2.10520951656E9 131593.9 1435365 9.249394315163E10 131593.9 308 2 0 26796 174 0
79200.0 16452 2.12947915687E9 133097.12 1451817 9.46234223085E10 133097.12 308 2 0 27104 176 0
80100.0 16568 2.16097984061E9 134600.34 1468385 9.678440214911E10 134600.34 308 2 0 27412 178 0
81000.0 16524 2.18285243897E9 136104.13 1484909 9.896725458808E10 136104.13 308 2 0 27720 180 0
81900.0 16453 2.20228324238E9 137607.35 1501362 1.0116953783046E11 137607.35 308 2 0 28028 182 0
82800.0 16452 2.22655266787E9 139111.13 1517814 1.0339609049833E11 139111.13 308 2 0 28336 184 0
83700.0 16560 2.2583992216E9 140614.36 1534374 1.0565448971993E11 140614.36 308 2 0 28644 186 0
84600.0 16524 2.28014189345E9 142117.58 1550898 1.0793463161337E11 142117.58 308 2 0 28952 188 0
85500.0 16452 2.29935675051E9 143621.36 1567350 1.1023398836389E11 143621.36 308 2 0 29260 190 0
86400.0 16452 2.32362640127E9 145124.58 1583802 1.1255761476516E11 145124.58 308 2 0 29568 192 0
87300.0 16561 2.3557765588E9 146627.8 1600363 1.1491339132396E11 146627.8 308 2 0 29876 194 0
88200.0 16524 2.3774326629E9 148131.59 1616887 1.1729082398687E11 148131.59 308 2 0 30184 196 0
89100.0 16460 2.39643048679E9 149634.81 1633347 1.1968725447366E11 149634.81 308 2 0 30492 198 0
90000.0 16452 2.42069991227E9 151138.59 1649799 1.2210795438593E11 151138.59 308 2 0 30800 200 0
90900.0 16560 2.4531959398E9 152641.82 1666359 1.2456115032573E11 152641.82 308 2 0 31108 202 0
91800.0 16525 2.47472211743E9 154145.04 1682884 1.2703587244316E11 154145.04 308 2 0 31416 204 0
92700.0 16452 2.49350399497E9 155648.82 1699336 1.2952937643813E11 155648.82 308 2 0 31724 206 0
93600.0 16452 2.51777364573E9 157152.04 1715788 1.3204715008387E11 157152.04 308 2 0 32032 208 0
94500.0 16560 2.55057329505E9 158655.26 1732348 1.3459772337892E11 158655.26 308 2 0 32340 210 0
95400.0 16524 2.57201289594E9 160159.05 1748872 1.3716973627487E11 160159.05 308 2 0 32648 212 0
96300.0 16452 2.59057773131E9 161662.27 1765324 1.3976031400617E11 161662.27 308 2 0 32956 214 0
97200.0 16453 2.61484715679E9 163166.05 1781777 1.4237516116296E11 163166.05 308 2 0 33264 216 0
98100.0 16560 2.64797630976E9 164669.27 1798337 1.4502313747271E11 164669.27 308 2 0 33572 218 0
99000.0 16532 2.66930235048E9 166172.5 1814869 1.4769243982319E11 166172.5 308 2 0 33880 220 0
99900.0 16452 2.68765123949E9 167676.28 1831321 1.5038009106268E11 167676.28 308 2 0 34188 222 0
100800.0 16452 2.71192089025E9 169179.5 1847773 1.5309201195292E11 169179.5 308 2 0 34496 224 0
101700.0 16561 2.74537002236E9 170682.72 1864334 1.5583738197528E11 170682.72 308 2 0 34804 226 0
102600.0 16524 2.76659238545E9 172186.51 1880858 1.5860397436073E11 172186.51 308 2 0 35112 228 0
103500.0 16452 2.78472497582E9 173689.73 1897310 1.6138869933655E11 173689.73 308 2 0 35420 230 0
104400.0 16452 2.8089944013E9 175193.51 1913762 1.6419769373785E11 175193.51 308 2 0 35728 232 0
105300.0 16560 2.84277304606E9 176696.73 1930322 1.6704046678392E11 176696.73 308 2 0 36036 234 0
106200.0 16524 2.86388258352E9 178199.96 1946846 1.6990434936744E11 178199.96 308 2 0 36344 236 0
107100.0 16453 2.881798484E9 179703.74 1963299 1.7278614785144E11 179703.74 308 2 0 36652 238 0
108000.0 16452 2.90606813477E9 181206.96 1979751 1.7569221598621E11 181206.96 308 2 0 36960 240 0
108900.0 16568 2.94016674967E9 182710.18 1996319 1.7863238273588E11 182710.18 308 2 0 37268 242 0
109800.0 16524 2.96117261855E9 184213.96 2012843 1.8159355535442E11 184213.96 308 2 0 37576 244 0
110700.0 16453 2.97887222045E9 185717.19 2029296 1.8457242757487E11 185717.19 308 2 0 37884 246 0
111600.0 16452 3.00314164593E9 187220.97 2045748 1.875755692208E11 187220.97 308 2 0 38192 248 0
112500.0 16560 3.03756977348E9 188724.19 2062308 1.9061313899428E11 188724.19 308 2 0 38500 250 0
113400.0 16524 3.05846281673E9 190227.42 2078832 1.93671601811E11 190227.42 308 2 0 38808 252 0
114300.0 16452 3.07594572874E9 191731.2 2095284 1.9674754753974E11 191731.2 308 2 0 39116 254 0
115200.0 16452 3.1002153795E9 193234.42 2111736 1.9984776291924E11 193234.42 308 2 0 39424 256 0
116100.0 16561 3.13496346819E9 194737.63 2128297 2.0298272638744E11 194737.63 308 2 0 39732 258 0
117000.0 16524 3.15575285181E9 196241.42 2144821 2.0613847923924E11 196241.42 308 2 0 40040 260 0
117900.0 16460 3.17301946518E9 197744.65 2161281 2.0931149870443E11 197744.65 308 2 0 40348 262 0
118800.0 16452 3.19728889066E9 199248.43 2177733 2.1250878759509E11 199248.43 308 2 0 40656 264 0
119700.0 16560 3.23236651001E9 200751.65 2194293 2.157411541051E11 200751.65 308 2 0 40964 266 0
120600.0 16525 3.25304304999E9 202254.88 2210818 2.1899419715508E11 202254.88 308 2 0 41272 268 0
121500.0 16452 3.27009297347E9 203758.66 2227270 2.2226429012856E11 203758.66 308 2 0 41580 270 0
122400.0 16452 3.29436262423E9 205261.88 2243722 2.2555865275279E11 205261.88 308 2 0 41888 272 0
123300.0 16560 3.32976020472E9 206765.09 2260282 2.2888841295751E11 206765.09 308 2 0 42196 274 0
124200.0 16524 3.35033308507E9 208268.88 2276806 2.3223874604258E11 208268.88 308 2 0 42504 276 0
125100.0 16452 3.36716670992E9 209772.11 2293258 2.356059127525E11 209772.11 308 2 0 42812 278 0
126000.0 16452 3.3914361354E9 211275.89 2309710 2.3899734888789E11 211275.89 308 2 0 43120 280 0
126900.0 16560 3.42716322853E9 212779.11 2326270 2.4242451211642E11 212779.11 308 2 0 43428 282 0
127800.0 16533 3.44762329225E9 214282.33 2342803 2.4587213540868E11 214282.33 308 2 0 43736 284 0
128700.0 16452 3.46424021821E9 215786.12 2359255 2.4933637562688E11 215786.12 308 2 0 44044 286 0
129600.0 16452 3.48850986897E9 217289.34 2375707 2.5282488549585E11 217289.34 308 2 0 44352 288 0
130500.0 16561 3.52455695024E9 218792.55 2392268 2.563494424461E11 218792.55 308 2 0 44660 290 0
131400.0 16524 3.54491330933E9 220296.34 2408792 2.5989435575543E11 220296.34 308 2 0 44968 292 0
132300.0 16452 3.56131395465E9 221799.57 2425244 2.6345566971008E11 221799.57 308 2 0 45276 294 0
133200.0 16452 3.58558338013E9 223303.35 2441696 2.6704125309021E11 223303.35 308 2 0 45584 296 0
134100.0 16560 3.62195995606E9 224806.57 2458256 2.7066321304627E11 224806.57 308 2 0 45892 298 0
135000.0 16524 3.64220352551E9 226309.79 2474780 2.7430541657178E11 226309.79 308 2 0 46200 300 0
135900.0 16453 3.65838746294E9 227813.57 2491233 2.7796380403472E11 227813.57 308 2 0 46508 302 0
136800.0 16452 3.6826571137E9 229316.8 2507685 2.8164646114842E11 229316.8 308 2 0 46816 304 0
137700.0 16568 3.71935365977E9 230820.01 2524253 2.853658148082E11 230820.01 308 2 0 47124 306 0
138600.0 16524 3.73949354259E9 232323.8 2540777 2.8910530835079E11 232323.8 308 2 0 47432 308 0
139500.0 16453 3.75546119938E9 233827.03 2557230 2.9286076955017E11 233827.03 308 2 0 47740 310 0
140400.0 16452 3.77973062487E9 235330.81 2573682 2.9664050017504E11 235330.81 308 2 0 48048 312 0
141300.0 16560 3.81675668358E9 236834.03 2590242 3.0045725685862E11 236834.03 308 2 0 48356 314 0
142200.0 16524 3.83678375877E9 238337.25 2606766 3.0429404061739E11 238337.25 308 2 0 48664 316 0
143100.0 16452 3.85253470768E9 239841.03 2623218 3.0814657532507E11 239841.03 308 2 0 48972 318 0
144000.0 16452 3.87680435844E9 241344.26 2639670 3.1202337968351E11 241344.26 308 2 0 49280 320 0
144900.0 16561 3.9141503963E9 242847.47 2656231 3.159375300798E11 242847.47 308 2 0 49588 322 0
145800.0 16524 3.93407377585E9 244351.26 2672755 3.1987160385566E11 244351.26 308 2 0 49896 324 0
146700.0 16458 3.94960844412E9 245854.48 2689213 3.2382121229978E11 245854.48 308 2 0 50204 326 0
147600.0 16454 3.9738778696E9 247358.26 2705667 3.2779509016938E11 247358.26 308 2 0 50512 328 0
148500.0 16560 4.01155341111E9 248861.49 2722227 3.3180664358049E11 248861.49 308 2 0 50820 330 0
149400.0 16525 4.03136399204E9 250364.71 2738752 3.3583800757252E11 250364.71 308 2 0 51128 332 0
150300.0 16452 4.04668195241E9 251868.49 2755204 3.3988468952493E11 251868.49 308 2 0 51436 334 0
151200.0 16452 4.07095160317E9 253371.72 2771656 3.439556411281E11 253371.72 308 2 0 51744 336 0
152100.0 16560 4.10894711482E9 254874.93 2788216 3.4806458824293E11 254874.93 308 2 0 52052 338 0
153000.0 16524 4.12865400917E9 256378.72 2804740 3.521932422521E11 256378.72 308 2 0 52360 340 0
153900.0 16452 4.14375568891E9 257881.94 2821192 3.56336997941E11 257881.94 308 2 0 52668 342 0
154800.0 16453 4.16802508308E9 259385.72 2837645 3.6050502302408E11 259385.72 308 2 0 52976 344 0
155700.0 16560 4.20635012531E9 260888.95 2854205 3.647113731494E11 260888.95 308 2 0 53284 346 0
156600.0 16532 4.22594422541E9 262392.17 2870737 3.689373173748E11 262392.17 308 2 0 53592 348 0
157500.0 16452 4.2408291972E9 263895.95 2887189 3.73178146572E11 263895.95 308 2 0 53900 350 0
158400.0 16452 4.26509884796E9 265399.17 2903641 3.7744324541996E11 265399.17 308 2 0 54208 352 0
159300.0 16561 4.30376019975E9 266902.39 2920202 3.8174700561971E11 266902.39 308 2 0 54516 354 0
160200.0 16524 4.32323424249E9 268406.18 2936726 3.860702398622E11 268406.18 308 2 0 54824 356 0
161100.0 16452 4.33790293364E9 269909.4 2953178 3.9040814279584E11 269909.4 308 2 0 55132 358 0
162000.0 16452 4.3621722703E9 271413.18 2969630 3.9477031506614E11 271413.18 308 2 0 55440 360 0
162900.0 16560 4.40114684282E9 272916.41 2986190 3.9917146190896E11 272916.41 308 2 0 55748 362 0
163800.0 16524 4.42052530837E9 274419.63 3002714 4.0359198721733E11 274419.63 308 2 0 56056 364 0
164700.0 16453 4.43497644183E9 275923.41 3019167 4.0802696365915E11 275923.41 308 2 0 56364 366 0
165600.0 16452 4.45924609259E9 277426.63 3035619 4.1248620975174E11 277426.63 308 2 0 56672 368 0
166500.0 16568 4.49855692716E9 278929.85 3052187 4.169847666789E11 278929.85 308 2 0 56980 370 0
167400.0 16524 4.51781448453E9 280433.64 3068711 4.2150258116344E11 280433.64 308 2 0 57288 372 0
168300.0 16453 4.53205017816E9 281936.86 3085164 4.260346313416E11 281936.86 308 2 0 57596 374 0
169200.0 16452 4.5563194929E9 283440.63 3101616 4.305909508345E11 283440.63 308 2 0 57904 376 0
170100.0 16560 4.59594356978E9 284943.87 3118176 4.3518689440428E11 284943.87 308 2 0 58212 378 0
171000.0 16524 4.61510553242E9 286447.09 3134700 4.398019999367E11 286447.09 308 2 0 58520 380 0
171900.0 16452 4.62912368634E9 287950.87 3151152 4.4443112362304E11 287950.87 308 2 0 58828 382 0
172800.0 16452 4.65339333711E9 289454.09 3167604 4.4908451696015E11 289454.09 308 2 0 59136 384 0
173700.0 16560 4.69333729713E9 290957.31 3184164 4.5377785425727E11 290957.31 308 2 0 59444 386 0
174600.0 16524 4.71239471758E9 292461.1 3200688 4.5849024897485E11 292461.1 308 2 0 59752 388 0
175500.0 16459 4.72619742268E9 293964.32 3217147 4.6321644639753E11 293964.32 308 2 0 60060 390 0
176400.0 16454 4.75046673742E9 295468.09 3233601 4.6796691313495E11 295468.09 308 2 0 60368 392 0
177300.0 16560 4.79074030609E9 296971.32 3250161 4.7275765344104E11 296971.32 308 2 0 60676 394 0
178200.0 16525 4.80968492465E9 298474.55 3266686 4.775673383657E11 298474.55 308 2 0 60984 396 0
179100.0 16452 4.82327093086E9 299978.33 3283138 4.8239060929656E11 299978.33 308 2 0 61292 398 0
180000.0 16452 4.84754058162E9 301481.55 3299590 4.8723814987818E11 301481.55 308 2 0 61600 400 0
180900.0 16560 4.88813404244E9 302984.77 3316150 4.9212628392062E11 302984.77 308 2 0 61908 402 0
181800.0 16524 4.90697495057E9 304488.56 3332674 4.9703325887119E11 304488.56 308 2 0 62216 404 0
182700.0 16452 4.92034466714E9 305991.78 3349126 5.0195360353833E11 305991.78 308 2 0 62524 406 0
183600.0 16453 4.94461390164E9 307495.55 3365579 5.0689821743997E11 307495.55 308 2 0 62832 408 0
184500.0 16560 4.98553701356E9 308998.78 3382139 5.1188375445353E11 308998.78 308 2 0 63140 410 0
185400.0 16532 5.00426515759E9 310502.01 3398671 5.1688801961112E11 310502.01 308 2 0 63448 412 0
186300.0 16452 5.01741817527E9 312005.79 3415123 5.2190543778639E11 312005.79 308 2 0 63756 414 0
187200.0 16452 5.04168782603E9 313509.01 3431575 5.2694712561242E11 313509.01 308 2 0 64064 416 0
188100.0 16561 5.08293076964E9 315012.23 3448136 5.3203005638206E11 315012.23 308 2 0 64372 418 0
189000.0 16524 5.10155518351E9 316516.01 3464660 5.3713161156556E11 316516.01 308 2 0 64680 420 0
189900.0 16452 5.11449191155E9 318019.24 3481112 5.4224610347711E11 318019.24 308 2 0 64988 422 0
190800.0 16452 5.13876084509E9 319522.97 3497564 5.4738486432221E11 319522.97 308 2 0 65296 424 0
191700.0 16560 5.18033353273E9 321026.24 3514124 5.5256519785494E11 321026.24 308 2 0 65604 426 0
192600.0 16524 5.19884538068E9 322529.47 3530648 5.5776404323562E11 322529.47 308 2 0 65912 428 0
193500.0 16453 5.21156540986E9 324033.25 3547101 5.6297560864548E11 324033.25 308 2 0 66220 430 0
194400.0 16452 5.23583506062E9 325536.47 3563553 5.6821144370611E11 325536.47 308 2 0 66528 432 0
195300.0 16568 5.27772746898E9 327039.68 3580121 5.7348917117509E11 327039.68 308 2 0 66836 434 0
196200.0 16524 5.2961354066E9 328543.47 3596645 5.7878530658169E11 328543.47 308 2 0 67144 436 0
197100.0 16453 5.30863914614E9 330046.7 3613098 5.8409394572783E11 330046.7 308 2 0 67452 438 0
198000.0 16452 5.33290758166E9 331550.37 3629550 5.8942685330949E11 331550.37 308 2 0 67760 440 0
198900.0 16560 5.37512973219E9 333053.7 3646110 5.9480198304169E11 333053.7 308 2 0 68068 442 0
199800.0 16524 5.39342558553E9 334556.92 3662634 6.0019540862722E11 334556.92 308 2 0 68376 444 0
200700.0 16452 5.40571262625E9 336060.7 3679086 6.0560112125346E11 336060.7 308 2 0 68684 446 0
201600.0 16452 5.42998227701E9 337563.93 3695538 6.1103110353047E11 337563.93 308 2 0 68992 448 0
202500.0 16560 5.47252418608E9 339067.14 3712098 6.1650362771655E11 339067.14 308 2 0 69300 450 0
203400.0 16524 5.49071561148E9 340570.93 3728622 6.2199434332803E11 340570.93 308 2 0 69608 452 0
204300.0 16459 5.50278636256E9 342074.16 3745081 6.2749712969059E11 342074.16 308 2 0 69916 454 0
205200.0 16454 5.52705441504E9 343577.77 3761535 6.3302418410563E11 343577.77 308 2 0 70224 456 0
206100.0 16560 5.56992580753E9 345081.15 3778095 6.3859410991316E11 345081.15 308 2 0 70532 458 0
207000.0 16525 5.58800577595E9 346584.38 3794620 6.4418211568911E11 346584.38 308 2 0 70840 460 0
207900.0 16452 5.59985982824E9 348088.16 3811072 6.4978197551735E11 348088.16 308 2 0 71148 462 0
208800.0 16452 5.62412947901E9 349591.38 3827524 6.5540610499635E11 349591.38 308 2 0 71456 464 0
209700.0 16560 5.66732087073E9 351094.6 3844084 6.6107342586708E11 351094.6 308 2 0 71764 466 0
210600.0 16524 5.68529580169E9 352598.39 3860608 6.6675872166877E11 352598.39 308 2 0 72072 468 0
211500.0 16452 5.69693356434E9 354101.61 3877060 6.7245565523311E11 354101.61 308 2 0 72380 470 0
212400.0 16453 5.72120114353E9 355605.17 3893513 6.7817685637664E11 355605.17 308 2 0 72688 472 0
213300.0 16560 5.76472207256E9 357108.61 3910073 6.839415784492E11 357108.61 308 2 0 72996 474 0
214200.0 16532 5.78258595667E9 358611.84 3926605 6.8972416440587E11 358611.84 308 2 0 73304 476 0
215100.0 16452 5.79400702055E9 360115.62 3943057 6.9551817142642E11 360115.62 308 2 0 73612 478 0
216000.0 16452 5.81827667132E9 361618.84 3959509 7.0133644809775E11 361618.84 308 2 0 73920 480 0
216900.0 16561 5.86211754566E9 363122.05 3976070 7.071985656434E11 363122.05 308 2 0 74228 482 0
217800.0 16524 5.87987598242E9 364625.84 3992594 7.1307844162582E11 364625.84 308 2 0 74536 484 0
218700.0 16452 5.89108075666E9 366129.07 4009046 7.1896952238247E11 366129.07 308 2 0 74844 486 0
219600.0 16452 5.91534778415E9 367632.56 4025498 7.2488487016663E11 367632.56 308 2 0 75152 488 0
220500.0 16560 5.95951821838E9 369136.06 4042058 7.30844388385E11 369136.06 308 2 0 75460 490 0
221400.0 16524 5.97716613278E9 370639.29 4058582 7.3682155451778E11 370639.29 308 2 0 75768 492 0
222300.0 16452 5.9881542082E9 372143.07 4075034 7.4280970872598E11 372143.07 308 2 0 76076 494 0
223200.0 16452 6.01242385897E9 373646.29 4091486 7.4882213258496E11 373646.29 308 2 0 76384 496 0
224100.0 16569 6.05691420691E9 375149.51 4108055 7.5487904679187E11 375149.51 308 2 0 76692 498 0
225000.0 16524 6.07445615847E9 376653.3 4124579 7.6095350295033E11 376653.3 308 2 0 77000 500 0
225900.0 16452 6.08522794425E9 378156.52 4141031 7.6703873089459E11 378156.52 308 2 0 77308 502 0
226800.0 16453 6.10949458511E9 379659.97 4157484 7.7314822547969E11 379659.97 308 2 0 77616 504 0
227700.0 16560 6.15431446076E9 381163.52 4174044 7.7930253994045E11 381163.52 308 2 0 77924 506 0
228600.0 16524 6.17174632029E9 382666.75 4190568 7.8547428626074E11 382666.75 308 2 0 78232 508 0
229500.0 16452 6.18230140728E9 384170.53 4207020 7.9165658766802E11 384170.53 308 2 0 78540 510 0
230400.0 16452 6.20657105805E9 385673.75 4223472 7.9786315872608E11 385673.75 308 2 0 78848 512 0
231300.0 16560 6.25171088863E9 387176.97 4240032 8.0411486961471E11 387176.97 308 2 0 79156 514 0
232200.0 16525 6.26903634598E9 388680.75 4256557 8.1038390596068E11 388680.75 308 2 0 79464 516 0
233100.0 16452 6.27937514334E9 390183.98 4273009 8.1666328110402E11 390183.98 308 2 0 79772 518 0
234000.0 16460 6.30364132797E9 391687.36 4289469 8.2296692243199E11 391687.36 308 2 0 80080 520 0
234900.0 16560 6.3491106223E9 393190.97 4306029 8.2931603305429E11 393190.97 308 2 0 80388 522 0
235800.0 16525 6.36632652046E9 394694.2 4322554 8.3568235957475E11 394694.2 308 2 0 80696 524 0
236700.0 16452 6.37644861901E9 396197.98 4339006 8.4205880819376E11 396197.98 308 2 0 81004 526 0
237600.0 16452 6.40071826978E9 397701.21 4355458 8.4845952646354E11 397701.21 308 2 0 81312 528 0
238500.0 16560 6.44650758303E9 399204.42 4372018 8.5490603404658E11 399204.42 308 2 0 81620 530 0
239400.0 16524 6.46361654615E9 400708.21 4388542 8.6136965059273E11 400708.21 308 2 0 81928 532 0
240300.0 16452 6.47352235506E9 402211.44 4404994 8.6784317294779E11 402211.44 308 2 0 82236 534 0
241200.0 16452 6.4977881163E9 403714.76 4421446 8.7434096106409E11 403714.76 308 2 0 82544 536 0
242100.0 16560 6.54390672266E9 405218.43 4438006 8.8088486778675E11 405218.43 308 2 0 82852 538 0
243000.0 16533 6.56090672465E9 406721.66 4454539 8.874457745114E11 406721.66 308 2 0 83160 540 0
243900.0 16452 6.57059583473E9 408225.44 4470991 8.9401637034613E11 408225.44 308 2 0 83468 542 0
244800.0 16452 6.5948654855E9 409728.67 4487443 9.0061123583163E11 409728.67 308 2 0 83776 544 0
245700.0 16561 6.64130428145E9 411231.88 4504004 9.0725254011308E11 411231.88 308 2 0 84084 546 0
246600.0 16524 6.65819675034E9 412735.67 4520528 9.1391073686342E11 412735.67 308 2 0 84392 548 0
247500.0 16452 6.66766957078E9 414238.89 4536980 9.205784064342E11 414238.89 308 2 0 84700 550 0
248400.0 16452 6.6919348168E9 415742.15 4553432 9.27270341251E11 415742.15 308 2 0 85008 552 0
249300.0 16560 6.73870287606E9 417245.89 4569992 9.3400904412706E11 417245.89 308 2 0 85316 554 0
250200.0 16524 6.75548694203E9 418749.12 4586516 9.4076453106909E11 418749.12 308 2 0 85624 556 0
251100.0 16453 6.76474306362E9 420252.9 4602969 9.475292741327E11 420252.9 308 2 0 85932 558 0
252000.0 16452 6.78901271439E9 421756.12 4619421 9.5431828684709E11 421756.12 308 2 0 86240 560 0
252900.0 16568 6.83610098403E9 423259.34 4635989 9.6115438783112E11 423259.34 308 2 0 86548 562 0
253800.0 16524 6.85277696772E9 424763.13 4652513 9.6800716479884E11 424763.13 308 2 0 86856 564 0
254700.0 16452 6.86181679967E9 426266.35 4668965 9.7486898159851E11 426266.35 308 2 0 87164 566 0
255600.0 16453 6.88608174177E9 427769.57 4685418 9.8175506334028E11 427769.57 308 2 0 87472 568 0
256500.0 16560 6.93349924656E9 429273.35 4701978 9.8868856258684E11 429273.35 308 2 0 87780 570 0
257400.0 16524 6.9500671745E9 430776.58 4718502 9.9563862976135E11 430776.58 308 2 0 88088 572 0
258300.0 16452 6.95889030757E9 432280.36 4734954 1.00259752006892E12 432280.36 308 2 0 88396 574 0
259200.0 16452 6.98315995834E9 433783.58 4751406 1.00958068002725E12 433783.58 308 2 0 88704 576 0
260100.0 16560 7.03089771077E9 435286.8 4767966 1.01661157773803E12 435286.8 308 2 0 89012 578 0
261000.0 16525 7.04735720009E9 436790.59 4784491 1.02365893493812E12 436790.59 308 2 0 89320 580 0
261900.0 16452 7.05596404351E9 438293.81 4800943 1.03071489898163E12 438293.81 308 2 0 89628 582 0
262800.0 16460 7.080229129E9 439797.03 4817403 1.03779512811063E12 439797.03 308 2 0 89936 584 0
263700.0 16560 7.12831233389E9 441300.81 4833963 1.04492344044452E12 441300.81 308 2 0 90244 586 0
264600.0 16525 7.14464740682E9 442804.04 4850488 1.05206808785134E12 442804.04 308 2 0 90552 588 0
265500.0 16452 7.15303755136E9 444307.82 4866940 1.0592211254027E12 444307.82 308 2 0 90860 590 0
266400.0 16452 7.17730720213E9 445811.04 4883392 1.06639843260483E12 445811.04 308 2 0 91168 592 0
267300.0 16560 7.22569443735E9 447314.26 4899952 1.07362412704218E12 447314.26 308 2 0 91476 594 0
268200.0 16524 7.24193819416E9 448818.05 4916476 1.08086606523634E12 448818.05 308 2 0 91784 596 0
269100.0 16452 7.25011128752E9 450321.27 4932928 1.08811617652386E12 450321.27 308 2 0 92092 598 0
270000.0 16453 7.27437618868E9 451824.48 4949381 1.09539055271253E12 451824.48 308 2 0 92400 600 0
270900.0 16560 7.32310906968E9 453328.26 4965941 1.10271366178222E12 453328.26 308 2 0 92708 602 0
271800.0 16532 7.33922763051E9 454831.5 4982473 1.11005288941273E12 454831.5 308 2 0 93016 604 0
272700.0 16452 7.34718479553E9 456335.28 4998925 1.11740007420826E12 456335.28 308 2 0 93324 606 0
273600.0 16452 7.3714544463E9 457838.5 5015377 1.12477152865455E12 457838.5 308 2 0 93632 608 0
274500.0 16561 7.42049115531E9 459341.72 5031938 1.13219201980986E12 459341.72 308 2 0 93940 610 0
275400.0 16524 7.43651842685E9 460845.5 5048462 1.13962853823671E12 460845.5 308 2 0 94248 612 0
276300.0 16452 7.44425853169E9 462348.73 5064914 1.1470727967684E12 462348.73 308 2 0 94556 614 0
277200.0 16452 7.46852343284E9 463851.94 5081366 1.15454132020124E12 463851.94 308 2 0 94864 616 0
278100.0 16560 7.51788943595E9 465355.72 5097926 1.16205920963719E12 465355.72 308 2 0 95172 618 0
279000.0 16524 7.53380786321E9 466858.96 5114450 1.1695930175004E12 466858.96 308 2 0 95480 620 0
279900.0 16453 7.54133203969E9 468362.74 5130903 1.17713434954009E12 468362.74 308 2 0 95788 622 0
280800.0 16452 7.56560169047E9 469865.96 5147355 1.18469995123056E12 469865.96 308 2 0 96096 624 0
281700.0 16568 7.61530424865E9 471369.17 5163923 1.19231525547921E12 471369.17 308 2 0 96404 626 0
282600.0 16524 7.631097898E9 472872.96 5180447 1.19994635337721E12 472872.96 308 2 0 96712 628 0
283500.0 16452 7.63840577585E9 474376.19 5196899 1.20758475915307E12 474376.19 308 2 0 97020 630 0
284400.0 16453 7.66267067705E9 475879.4 5213352 1.21524742983012E12 475879.4 308 2 0 97328 632 0
285300.0 16560 7.71268615391E9 477383.18 5229912 1.22296011598403E12 477383.18 308 2 0 97636 634 0
286200.0 16524 7.72838894576E9 478886.41 5246436 1.23068850492979E12 478886.41 308 2 0 97944 636 0
287100.0 16452 7.73547928392E9 480390.2 5262888 1.23842398421371E12 480390.2 308 2 0 98252 638 0
288000.0 16452 7.75974893469E9 481893.42 5279340 1.2461837331484E12 481893.42 308 2 0 98560 640 0
288900.0 16560 7.81010099366E9 483396.63 5295900 1.25399383414206E12 483396.63 308 2 0 98868 642 0
289800.0 16525 7.82567814695E9 484900.42 5312425 1.26181951228902E12 484900.42 308 2 0 99176 644 0
290700.0 16452 7.83255302018E9 486403.65 5328877 1.2696520653092E12 486403.65 308 2 0 99484 646 0
291600.0 16460 7.85681792134E9 487906.86 5345337 1.27750888323054E12 487906.86 308 2 0 99792 648 0
292500.0 16560 7.90748288103E9 489410.64 5361897 1.28541636611157E12 489410.64 308 2 0 100100 650 0
293400.0 16525 7.92296918767E9 490913.87 5378422 1.29333933529924E12 490913.87 308 2 0 100408 652 0
294300.0 16452 7.9296265283E9 492417.65 5394874 1.30126896182755E12 492417.65 308 2 0 100716 654 0
295200.0 16452 7.95389617907E9 493920.88 5411326 1.30922285800662E12 493920.88 308 2 0 101024 656 0
296100.0 16560 8.00488134545E9 495424.09 5427886 1.31722773935207E12 495424.09 308 2 0 101332 658 0
297000.0 16524 8.02025835477E9 496927.88 5444410 1.32524799770684E12 496927.88 308 2 0 101640 660 0
297900.0 16452 8.02670026457E9 498431.11 5460862 1.33327469797141E12 498431.11 308 2 0 101948 662 0
298800.0 16453 8.05096516573E9 499934.32 5477315 1.34132566313713E12 499934.32 308 2 0 102256 664 0
299700.0 16560 8.1022796082E9 501438.1 5493875 1.34942794274533E12 501438.1 308 2 0 102564 666 0
300600.0 16532 8.11754857078E9 502941.33 5510407 1.35754549131611E12 502941.33 308 2 0 102872 668 0
301500.0 16452 8.12377377269E9 504445.11 5526859 1.3656692650888E12 504445.11 308 2 0 103180 670 0
302400.0 16452 8.14804342346E9 505948.34 5543311 1.37381730851225E12 505948.34 308 2 0 103488 672 0
303300.0 16561 8.19967806367E9 507451.55 5559872 1.38201698657592E12 507451.55 308 2 0 103796 674 0
304200.0 16524 8.21483858773E9 508955.34 5576396 1.39023182516365E12 508955.34 308 2 0 104104 676 0
305100.0 16452 8.22084750901E9 510458.57 5592848 1.39845267267266E12 510458.57 308 2 0 104412 678 0
306000.0 16452 8.24511241017E9 511961.78 5609300 1.40669778508283E12 511961.78 308 2 0 104720 680 0
306900.0 16560 8.29707633542E9 513465.56 5625860 1.41499486141825E12 513465.56 308 2 0 105028 682 0
307800.0 16524 8.31212880385E9 514968.79 5642384 1.4233069902221E12 514968.79 308 2 0 105336 684 0
308700.0 16453 8.31792101723E9 516472.57 5658837 1.43162491123933E12 516472.57 308 2 0 105644 686 0
309600.0 16452 8.342190668E9 517975.8 5675289 1.43996710190733E12 517975.8 308 2 0 105952 688 0
310500.0 16568 8.39447480879E9 519479.01 5691857 1.44836157671612E12 519479.01 308 2 0 106260 690 0
311400.0 16524 8.40941882092E9 520982.8 5708381 1.45677099553704E12 520982.8 308 2 0 106568 692 0
312300.0 16452 8.41499475366E9 522486.02 5724833 1.4651859902907E12 522486.02 308 2 0 106876 694 0
313200.0 16453 8.43925965482E9 523989.24 5741286 1.47362524994552E12 523989.24 308 2 0 107184 696 0
314100.0 16560 8.49187304491E9 525493.02 5757846 1.48211712299043E12 525493.02 308 2 0 107492 698 0
315000.0 16524 8.50670903708E9 526996.25 5774370 1.49062383202752E12 526996.25 308 2 0 107800 700 0
315900.0 16452 8.51206826194E9 528500.03 5790822 1.49913590028946E12 528500.03 308 2 0 108108 702 0
316800.0 16452 8.53633791271E9 530003.26 5807274 1.50767223820217E12 530003.26 308 2 0 108416 704 0
317700.0 16560 8.58927153629E9 531506.47 5823834 1.51626150973846E12 531506.47 308 2 0 108724 706 0
318600.0 16525 8.60399981575E9 533010.26 5840359 1.5248655095542E12 533010.26 308 2 0 109032 708 0
319500.0 16452 8.60914199842E9 534513.48 5856811 1.53347465155263E12 534513.48 308 2 0 109340 710 0
320400.0 16460 8.63340689958E9 536016.7 5873271 1.54210805845221E12 536016.7 308 2 0 109648 712 0
321300.0 16560 8.68666977247E9 537520.48 5889831 1.55079472822468E12 537520.48 308 2 0 109956 714 0
322200.0 16525 8.70128927043E9 539023.71 5906356 1.55949601749511E12 539023.71 308 2 0 110264 716 0
323100.0 16452 8.70621550676E9 540527.49 5922808 1.56820223300186E12 540527.49 308 2 0 110572 718 0
324000.0 16452 8.73048515753E9 542030.71 5939260 1.57693271815939E12 542030.71 308 2 0 110880 720 0
324900.0 16560 8.7840682639E9 543533.93 5955820 1.58571678642329E12 543533.93 308 2 0 111188 722 0
325800.0 16524 8.79857928761E9 545037.72 5972344 1.59451536571089E12 545037.72 308 2 0 111496 724 0
326700.0 16452 8.8032892433E9 546540.94 5988796 1.60331865495419E12 546540.94 308 2 0 111804 726 0
327600.0 16453 8.82755414445E9 548044.16 6005249 1.61214620909864E12 548044.16 308 2 0 112112 728 0
328500.0 16560 8.88146649113E9 549547.94 6021809 1.62102767558977E12 549547.94 308 2 0 112420 730 0
329400.0 16532 8.89586949488E9 551051.17 6038341 1.62992354508465E12 551051.17 308 2 0 112728 732 0
330300.0 16452 8.90036275168E9 552554.95 6054793 1.63882390783634E12 552554.95 308 2 0 113036 734 0
331200.0 16452 8.92463240245E9 554058.17 6071245 1.64774854023879E12 554058.17 308 2 0 113344 736 0
332100.0 16561 8.97888134918E9 555561.39 6087806 1.65672742158796E12 555561.39 308 2 0 113652 738 0
333000.0 16524 8.9931602826E9 557065.18 6104330 1.66572058187056E12 557065.18 308 2 0 113960 740 0
333900.0 16452 8.99743648822E9 558568.4 6120782 1.67471801835878E12 558568.4 308 2 0 114268 742 0
334800.0 16452 9.02170138938E9 560071.62 6137234 1.68373971974816E12 560071.62 308 2 0 114576 744 0
335700.0 16560 9.07626323685E9 561575.4 6153794 1.692815982985E12 561575.4 308 2 0 114884 746 0
336600.0 16524 9.09044973733E9 563078.63 6170318 1.70190643272234E12 563078.63 308 2 0 115192 748 0
337500.0 16453 9.09450999661E9 564582.41 6186771 1.71100094271895E12 564582.41 308 2 0 115500 750 0
338400.0 16452 9.11877964738E9 566085.63 6203223 1.72011972236632E12 566085.63 308 2 0 115808 752 0
339300.0 16568 9.17366170133E9 567588.85 6219791 1.72929338406766E12 567588.85 308 2 0 116116 754 0
340200.0 16524 9.1877405071E9 569092.64 6236315 1.73848112457476E12 569092.64 308 2 0 116424 756 0
341100.0 16452 9.1915837332E9 570595.86 6252767 1.74767270830796E12 570595.86 308 2 0 116732 758 0
342000.0 16453 9.21584863436E9 572099.07 6269220 1.75688855694232E12 572099.07 308 2 0 117040 760 0
342900.0 16560 9.27107634327E9 573602.86 6285780 1.76615963328559E12 573602.86 308 2 0 117348 762 0
343800.0 16524 9.2850299709E9 575106.09 6302304 1.77544466325648E12 575106.09 308 2 0 117656 764 0
344700.0 16452 9.28865724164E9 576609.87 6318756 1.78473332049812E12 576609.87 308 2 0 117964 766 0
345600.0 16452 9.31292689241E9 578113.09 6335208 1.79404624739053E12 578113.09 308 2 0 118272 768 0

