# seed = 1, gamma = 1.0, beta = 1.0, dee = 10.0, dcc = 50.0, dec = 150.0, dsc = 1000.0, dLocalhost = 0.015, hostBroker = EDGE, numOfCloud = 1, numOfEdge = 1, numOfSmartphone = 300 
#
# The columns have the following meaning: 
# instant[SECONDS] delayCountPartial delaySumPartial[SECONDS] delayMaxPartial[SECONDS] delayCountTot delaySumTot[SECONDS] delayMaxTot[SECONDS] runOnCloudPartial runOnEdgePartial runOnSmartphonePartial runOnCloudTot runOnEdgeTot runOnSmartphoneTot
0.0 0 0.0 0.0 0 0.0 0.0 0 0 0 0 0 0
900.0 16560 1.4118420171E8 17434.92 16560 1.4118420171E8 17434.92 0 10 300 0 10 300
1800.0 16524 4.1459226807E8 34375.36 33084 5.5577646978E8 34375.36 0 10 300 0 20 600
2700.0 16452 6.8726191831E8 51315.29 49536 1.24303838808E9 51315.29 0 10 300 0 30 900
3600.0 16452 9.6070435738E8 68255.21 65988 2.20374274547E9 68255.21 0 10 300 0 40 1200
4500.0 16561 1.23875065644E9 85195.13 82549 3.44249340191E9 85195.13 0 10 300 0 50 1500
5400.0 16524 1.51081911706E9 102135.06 99073 4.95331251896E9 102135.06 0 10 300 0 60 1800
6300.0 16452 1.78103894535E9 119074.99 115525 6.73435146432E9 119074.99 0 10 300 0 70 2100
7200.0 16452 2.05448138443E9 136014.91 131977 8.78883284874E9 136014.91 0 10 300 0 80 2400
8100.0 16560 2.33606507621E9 152954.83 148537 1.112489792496E10 152954.83 0 10 300 0 90 2700
9000.0 16524 2.60702927742E9 169894.76 165061 1.373192720238E10 169894.76 0 10 300 0 100 3000
9900.0 16452 2.87481597265E9 186834.68 181513 1.660674317503E10 186834.68 0 10 300 0 110 3300
10800.0 16452 3.14825841173E9 203774.6 197965 1.975500158676E10 203774.6 0 10 300 0 120 3600
11700.0 16560 3.43362277605E9 220714.53 214525 2.318862436281E10 220714.53 0 10 300 0 130 3900
12600.0 16524 3.70325186983E9 237654.46 231049 2.689187623264E10 237654.46 0 10 300 0 140 4200
13500.0 16452 3.96859299995E9 254594.38 247501 3.086046923259E10 254594.38 0 10 300 0 150 4500
14400.0 16452 4.24203543903E9 271534.3 263953 3.510250467162E10 271534.3 0 10 300 0 160 4800
15300.0 16560 4.53093716908E9 288474.22 280513 3.96334418407E10 288474.22 0 10 300 0 170 5100
16200.0 16524 4.7994620302E9 305414.15 297037 4.44329038709E10 305414.15 0 10 300 0 180 5400
17100.0 16452 5.06237002726E9 322354.08 313489 4.949527389815E10 322354.08 0 10 300 0 190 5700
18000.0 16458 5.33581246633E9 339294.0 329947 5.483108636448E10 339294.0 0 10 300 0 200 6000
18900.0 16562 5.6283744655E9 356234.11 346509 6.045946082999E10 356234.11 0 10 300 0 210 6300
19800.0 16524 5.89568447354E9 373174.42 363033 6.635514530353E10 373174.42 0 10 300 0 220 6600
20700.0 16452 6.15615629252E9 390114.35 379485 7.251130159605E10 390114.35 0 10 300 0 230 6900
21600.0 16452 6.42959873159E9 407054.27 395937 7.894090032764E10 407054.27 0 10 300 0 240 7200
22500.0 16560 6.72581853081E9 423994.19 412497 8.566671885845E10 423994.19 0 10 300 0 250 7500
23400.0 16524 6.99190404154E9 440934.12 429021 9.265862289999E10 440934.12 0 10 300 0 260 7800
24300.0 16452 7.24993331982E9 457874.04 445473 9.99085562198E10 457874.04 0 10 300 0 270 8100
25200.0 16452 7.52337575889E9 474813.96 461925 1.074319319787E11 474813.96 0 10 300 0 280 8400
26100.0 16560 7.82337626664E9 491753.89 478485 1.1525530824534E11 491753.89 0 10 300 0 290 8700
27000.0 16524 8.08812041825E9 508693.82 495009 1.2334342866359E11 508693.82 0 10 300 0 300 9000
27900.0 16452 8.34371034745E9 525633.74 511461 1.3168713901104E11 525633.74 0 10 300 0 310 9300
28800.0 16452 8.61715278654E9 542573.66 527913 1.4030429179758E11 542573.66 0 10 300 0 320 9600
29700.0 16560 8.92069065108E9 559513.58 544473 1.4922498244865E11 559513.58 0 10 300 0 330 9900
30600.0 16524 9.18433678618E9 576453.51 560997 1.5840931923483E11 576453.51 0 10 300 0 340 10200
31500.0 16452 9.43748737529E9 593393.44 577449 1.6784680661012E11 593393.44 0 10 300 0 350 10500
32400.0 16452 9.71092981438E9 610333.36 593901 1.7755773642451E11 610333.36 0 10 300 0 360 10800
33300.0 16560 1.001812669356E10 627273.28 610461 1.8757586311807E11 627273.28 0 10 300 0 370 11100
34200.0 16524 1.028055317217E10 644213.21 626985 1.9785641629023E11 644213.21 0 10 300 0 380 11400
35100.0 16452 1.053126440319E10 661153.13 643437 2.0838768069343E11 661153.13 0 10 300 0 390 11700
36000.0 16453 1.080470684228E10 678093.05 659890 2.1919238753571E11 678093.05 0 10 300 0 400 12000
36900.0 16560 1.111556520669E10 695033.29 676450 2.303079527424E11 695033.29 0 10 300 0 410 12300
37800.0 16524 1.137677666348E10 711973.47 692974 2.4168472940588E11 711973.47 0 10 300 0 420 12600
38700.0 16452 1.162505064879E10 728913.4 709426 2.5330978005467E11 728913.4 0 10 300 0 430 12900
39600.0 16452 1.189849308788E10 745853.32 725878 2.6520827314256E11 745853.32 0 10 300 0 440 13200
40500.0 16560 1.221300804516E10 762793.24 742438 2.7742128118772E11 762793.24 0 10 300 0 450 13500
41400.0 16524 1.247299516446E10 779733.18 758962 2.8989427635217E11 779733.18 0 10 300 0 460 13800
42300.0 16452 1.27188276768E10 796673.1 775414 3.0261310402898E11 796673.1 0 10 300 0 470 14100
43200.0 16452 1.299227011589E10 813613.02 791866 3.1560537414487E11 813613.02 0 10 300 0 480 14400
44100.0 16560 1.33104440878E10 830552.94 808426 3.2891581823267E11 830552.94 0 10 300 0 490 14700
45000.0 16524 1.356921154156E10 847492.87 824950 3.4248502977423E11 847492.87 0 10 300 0 500 15000
45900.0 16452 1.381260470487E10 864432.79 841402 3.5629763447909E11 864432.79 0 10 300 0 510 15300
46800.0 16452 1.408604714396E10 881372.72 857854 3.7038368162305E11 881372.72 0 10 300 0 520 15600
47700.0 16560 1.440800182436E10 898312.64 874414 3.8479168344741E11 898312.64 0 10 300 0 530 15900
48600.0 16524 1.466542790981E10 915252.57 890938 3.9945711135723E11 915252.57 0 10 300 0 540 16200
49500.0 16452 1.490638173304E10 932192.49 907390 4.1436349309026E11 932192.49 0 10 300 0 550 16500
50400.0 16452 1.517982417213E10 949132.41 923842 4.2954331726239E11 949132.41 0 10 300 0 560 16800
51300.0 16560 1.550531620031E10 966072.34 940402 4.450486334627E11 966072.34 0 10 300 0 570 17100
52200.0 16524 1.576164429607E10 983012.27 956926 4.6081027775877E11 983012.27 0 10 300 0 580 17400
53100.0 16452 1.600015876121E10 999952.19 973378 4.7681043651998E11 999952.19 0 10 300 0 590 17700
54000.0 16452 1.62736012003E10 1016892.11 989830 4.9308403772027E11 1016892.11 0 10 300 0 600 18000
54900.0 16560 1.66027555024E10 1033832.47 1006390 5.0968679322267E11 1033832.47 0 10 300 0 610 18300
55800.0 16524 1.68578687884E10 1050772.53 1022914 5.2654466201107E11 1050772.53 0 10 300 0 620 18600
56700.0 16452 1.709394502377E10 1067712.46 1039366 5.4363860703484E11 1067712.46 0 10 300 0 630 18900
57600.0 16452 1.736738746286E10 1084652.38 1055818 5.6100599449769E11 1084652.38 0 10 300 0 640 19200
58500.0 16560 1.77001975692E10 1101592.3 1072378 5.787061920669E11 1101592.3 0 10 300 0 650 19500
59400.0 16524 1.795408630553E10 1118532.23 1088902 5.9666027837243E11 1118532.23 0 10 300 0 660 19800
60300.0 16452 1.818772205189E10 1135472.15 1105354 6.1484800042431E11 1135472.15 0 10 300 0 670 20100
61200.0 16452 1.846116449098E10 1152412.08 1121806 6.3330916491529E11 1152412.08 0 10 300 0 680 20400
62100.0 16560 1.879763362096E10 1169352.0 1138366 6.5210679853625E11 1169352.0 0 10 300 0 690 20700
63000.0 16524 1.905030268274E10 1186291.93 1154890 6.71157101219E11 1186291.93 0 10 300 0 700 21000
63900.0 16452 1.928149908001E10 1203231.85 1171342 6.9043860029901E11 1203231.85 0 10 300 0 710 21300
64800.0 16452 1.95549415191E10 1220171.77 1187794 7.0999354181811E11 1220171.77 0 10 300 0 720 21600
65700.0 16560 1.989519134858E10 1237111.7 1204354 7.2988873316669E11 1237111.7 0 10 300 0 730 21900
66600.0 16524 2.014651905995E10 1254051.63 1220878 7.5003525222664E11 1254051.63 0 10 300 0 740 22200
67500.0 16452 2.037527610813E10 1270991.55 1237330 7.7041052833477E11 1270991.55 0 10 300 0 750 22500
68400.0 16452 2.064871854722E10 1287931.47 1253782 7.91059246882E11 1287931.47 0 10 300 0 760 22800
69300.0 16560 2.099250571548E10 1304871.39 1270342 8.1205175259747E11 1304871.39 0 10 300 0 770 23100
70200.0 16524 2.124273542817E10 1321811.32 1286866 8.3329448802564E11 1321811.32 0 10 300 0 780 23400
71100.0 16452 2.146905313625E10 1338751.25 1303318 8.5476354116189E11 1338751.25 0 10 300 0 790 23700
72000.0 16452 2.174249557535E10 1355691.17 1319770 8.7650603673724E11 1355691.17 0 10 300 0 800 24000
72900.0 16560 2.208994616869E10 1372631.65 1336330 8.9859598290592E11 1372631.65 0 10 300 0 810 24300
73800.0 16524 2.233896109543E10 1389571.59 1352854 9.2093494400136E11 1389571.59 0 10 300 0 820 24600
74700.0 16452 2.256283943504E10 1406511.52 1369306 9.434977834364E11 1406511.52 0 10 300 0 830 24900
75600.0 16452 2.283628187413E10 1423451.44 1385758 9.6633406531053E11 1423451.44 0 10 300 0 840 25200
76500.0 16560 2.318750879653E10 1440391.36 1402318 9.8952157410706E11 1440391.36 0 10 300 0 850 25500
77400.0 16524 2.343517748293E10 1457331.29 1418842 1.01295675158999E12 1457331.29 0 10 300 0 860 25800
78300.0 16452 2.365661646316E10 1474271.21 1435294 1.03661336805315E12 1474271.21 0 10 300 0 870 26100
79200.0 16452 2.393005890225E10 1491211.14 1451746 1.06054342695541E12 1491211.14 0 10 300 0 880 26400
80100.0 16560 2.428482317242E10 1508151.06 1468306 1.08482825012783E12 1508151.06 0 10 300 0 890 26700
81000.0 16524 2.453140007616E10 1525090.99 1484830 1.10935965020399E12 1525090.99 0 10 300 0 900 27000
81900.0 16452 2.475039349123E10 1542030.91 1501282 1.13411004369522E12 1542030.91 0 10 300 0 910 27300
82800.0 16452 2.502383593032E10 1558970.83 1517734 1.15913387962555E12 1558970.83 0 10 300 0 920 27600
83700.0 16560 2.538238090899E10 1575910.75 1534294 1.18451626053454E12 1575910.75 0 10 300 0 930 27900
84600.0 16524 2.56276102373E10 1592850.69 1550818 1.21014387077184E12 1592850.69 0 10 300 0 940 28200
85500.0 16452 2.58441705193E10 1609790.61 1567270 1.23598804129114E12 1609790.61 0 10 300 0 950 28500
86400.0 16452 2.611761295839E10 1626730.53 1583722 1.26210565424953E12 1626730.53 0 10 300 0 960 28800
87300.0 16560 2.647969526683E10 1643670.45 1600282 1.28858534951636E12 1643670.45 0 10 300 0 970 29100
88200.0 16524 2.672383282148E10 1660610.38 1616806 1.31530918233784E12 1660610.38 0 10 300 0 980 29400
89100.0 16452 2.693794754737E10 1677550.3 1633258 1.34224712988521E12 1677550.3 0 10 300 0 990 29700
90000.0 16461 2.721139151079E10 1694490.23 1649719 1.36945852139599E12 1694490.23 0 10 300 0 1000 30000
90900.0 16560 2.757725752008E10 1711430.71 1666279 1.39703577891607E12 1711430.71 0 10 300 0 1010 30300
91800.0 16524 2.782005227442E10 1728370.65 1682803 1.42485583119049E12 1728370.65 0 10 300 0 1020 30600
92700.0 16452 2.803173384656E10 1745310.58 1699255 1.45288756503706E12 1745310.58 0 10 300 0 1030 30900
93600.0 16452 2.830517628565E10 1762250.5 1715707 1.48119274132271E12 1762250.5 0 10 300 0 1040 31200
94500.0 16560 2.867457668138E10 1779190.42 1732267 1.50986731800409E12 1779190.42 0 10 300 0 1050 31500
95400.0 16524 2.891627486765E10 1796130.35 1748791 1.53878359287174E12 1796130.35 0 10 300 0 1060 31800
96300.0 16452 2.912551087469E10 1813070.27 1765243 1.56790910374642E12 1813070.27 0 10 300 0 1070 32100
97200.0 16452 2.939895331378E10 1830010.19 1781695 1.5973080570602E12 1830010.19 0 10 300 0 1080 32400
98100.0 16560 2.977201273314E10 1846950.12 1798255 1.62708006979334E12 1846950.12 0 10 300 0 1090 32700
99000.0 16524 3.001248502885E10 1863890.05 1814779 1.65709255482218E12 1863890.05 0 10 300 0 1100 33000
99900.0 16452 3.021928790281E10 1880829.97 1831231 1.68731184272499E12 1880829.97 0 10 300 0 1110 33300
100800.0 16452 3.04927303419E10 1897769.89 1847683 1.71780457306689E12 1897769.89 0 10 300 0 1120 33600
101700.0 16560 3.086944878489E10 1914709.81 1864243 1.74867402185178E12 1914709.81 0 10 300 0 1130 33900
102600.0 16524 3.110870141506E10 1931649.74 1880767 1.77978272326684E12 1931649.74 0 10 300 0 1140 34200
103500.0 16452 3.131306493093E10 1948589.67 1897219 1.81109578819777E12 1948589.67 0 10 300 0 1150 34500
104400.0 16452 3.158650737002E10 1965529.59 1913671 1.84268229556779E12 1965529.59 0 10 300 0 1160 34800
105300.0 16560 3.196688484565E10 1982469.51 1930231 1.87464918041344E12 1982469.51 0 10 300 0 1170 35100
106200.0 16524 3.220491778327E10 1999409.44 1946755 1.90685409819671E12 1999409.44 0 10 300 0 1180 35400
107100.0 16453 3.240684195905E10 2016349.36 1963208 1.93926094015577E12 2016349.36 0 10 300 0 1190 35700
108000.0 16452 3.268028523558E10 2033289.39 1979660 1.97194122539135E12 2033289.39 0 10 300 0 1200 36000
108900.0 16560 3.306432614552E10 2050229.77 1996220 2.00500555153687E12 2050229.77 0 10 300 0 1210 36300
109800.0 16524 3.330114342999E10 2067169.71 2012744 2.03830669496686E12 2067169.71 0 10 300 0 1220 36600
110700.0 16452 3.350062822707E10 2084109.63 2029196 2.07180732319392E12 2084109.63 0 10 300 0 1230 36900
111600.0 16452 3.377407066609E10 2101049.55 2045648 2.10558139386002E12 2101049.55 0 10 300 0 1240 37200
112500.0 16560 3.416176621984E10 2117989.48 2062208 2.13974316007986E12 2117989.48 0 10 300 0 1250 37500
113400.0 16524 3.439735979806E10 2134929.41 2078732 2.17414051987792E12 2134929.41 0 10 300 0 1260 37800
114300.0 16452 3.459440525505E10 2151869.33 2095184 2.20873492513297E12 2151869.33 0 10 300 0 1270 38100
115200.0 16452 3.486784769408E10 2168809.25 2111636 2.24360277282704E12 2168809.25 0 10 300 0 1280 38400
116100.0 16560 3.525920225346E10 2185749.17 2128196 2.2788619750805E12 2185749.17 0 10 300 0 1290 38700
117000.0 16524 3.549357618413E10 2202689.1 2144720 2.31435555126463E12 2202689.1 0 10 300 0 1300 39000
117900.0 16452 3.568818228303E10 2219629.03 2161172 2.35004373354766E12 2219629.03 0 10 300 0 1310 39300
118800.0 16452 3.596162472206E10 2236568.95 2177624 2.38600535826972E12 2236568.95 0 10 300 0 1320 39600
119700.0 16560 3.635663833207E10 2253508.87 2194184 2.42236199660179E12 2253508.87 0 10 300 0 1330 39900
120600.0 16524 3.65897925522E10 2270448.8 2210708 2.458951789154E12 2270448.8 0 10 300 0 1340 40200
121500.0 16452 3.678195931101E10 2287388.72 2227160 2.49573374846501E12 2287388.72 0 10 300 0 1350 40500
122400.0 16452 3.705540175004E10 2304328.65 2243612 2.53278915021504E12 2304328.65 0 10 300 0 1360 40800
123300.0 16560 3.745407436569E10 2321268.57 2260172 2.57024322458074E12 2321268.57 0 10 300 0 1370 41100
124200.0 16524 3.768600893827E10 2338208.5 2276696 2.60792923351901E12 2338208.5 0 10 300 0 1380 41400
125100.0 16452 3.787573633899E10 2355148.42 2293148 2.645804969858E12 2355148.42 0 10 300 0 1390 41700
126000.0 16452 3.814918071118E10 2372088.58 2309600 2.68395415056918E12 2372088.58 0 10 300 0 1400 42000
126900.0 16560 3.855151718231E10 2389028.83 2326160 2.72250566775149E12 2389028.83 0 10 300 0 1410 42300
127800.0 16524 3.878223456178E10 2405968.77 2342684 2.76128790231326E12 2405968.77 0 10 300 0 1420 42600
128700.0 16452 3.896952259283E10 2422908.69 2359136 2.80025742490609E12 2422908.69 0 10 300 0 1430 42900
129600.0 16452 3.924296503186E10 2439848.61 2375588 2.83950038993795E12 2439848.61 0 10 300 0 1440 43200
130500.0 16560 3.964895574364E10 2456788.53 2392148 2.87914934568159E12 2456788.53 0 10 300 0 1450 43500
131400.0 16524 3.987845092985E10 2473728.46 2408672 2.91902779661144E12 2473728.46 0 10 300 0 1460 43800
132300.0 16452 4.006329962081E10 2490668.39 2425124 2.95909109623225E12 2490668.39 0 10 300 0 1470 44100
133200.0 16452 4.033674205984E10 2507608.31 2441576 2.99942783829209E12 2507608.31 0 10 300 0 1480 44400
134100.0 16560 4.074639178626E10 2524548.23 2458136 3.04017423007834E12 2524548.23 0 10 300 0 1490 44700
135000.0 16524 4.097466731592E10 2541488.16 2474660 3.08114889739426E12 2541488.16 0 10 300 0 1500 45000
135900.0 16452 4.115707664879E10 2558428.08 2491112 3.12230597404305E12 2558428.08 0 10 300 0 1510 45300
136800.0 16452 4.143051908782E10 2575368.0 2507564 3.16373649313087E12 2575368.0 0 10 300 0 1520 45600
137700.0 16560 4.184382782887E10 2592307.93 2524124 3.20558032095975E12 2592307.93 0 10 300 0 1530 45900
138600.0 16524 4.207088368399E10 2609247.86 2540648 3.24765120464374E12 2609247.86 0 10 300 0 1540 46200
139500.0 16452 4.225085367677E10 2626187.78 2557100 3.28990205832051E12 2626187.78 0 10 300 0 1550 46500
140400.0 16452 4.25242961158E10 2643127.7 2573552 3.33242635443631E12 2643127.7 0 10 300 0 1560 46800
141300.0 16560 4.294126388949E10 2660067.62 2590112 3.3753676183258E12 2660067.62 0 10 300 0 1570 47100
142200.0 16524 4.316710007006E10 2677007.55 2606636 3.41853471839586E12 2677007.55 0 10 300 0 1580 47400
143100.0 16452 4.334463070475E10 2693947.48 2623088 3.46187934910062E12 2693947.48 0 10 300 0 1590 47700
144000.0 16452 4.361807613692E10 2710887.77 2639540 3.50549742523753E12 2710887.77 0 10 300 0 1600 48000
144900.0 16560 4.403870739005E10 2727827.89 2656100 3.54953613262758E12 2727827.89 0 10 300 0 1610 48300
145800.0 16524 4.426332567788E10 2744767.82 2672624 3.59379945830546E12 2744767.82 0 10 300 0 1620 48600
146700.0 16452 4.443841695192E10 2761707.74 2689076 3.63823787525738E12 2761707.74 0 10 300 0 1630 48900
147600.0 16453 4.471185950154E10 2778647.67 2705529 3.68294973475893E12 2778647.67 0 10 300 0 1640 49200
148500.0 16560 4.513614524275E10 2795587.59 2722089 3.72808588000168E12 2795587.59 0 10 300 0 1650 49500
149400.0 16524 4.535954206395E10 2812527.52 2738613 3.77344542206563E12 2812527.52 0 10 300 0 1660 49800
150300.0 16452 4.55321939799E10 2829467.44 2755065 3.81897761604554E12 2829467.44 0 10 300 0 1670 50100
151200.0 16452 4.580563641893E10 2846407.36 2771517 3.86478325246447E12 2846407.36 0 10 300 0 1680 50400
152100.0 16560 4.623358128537E10 2863347.29 2788077 3.91101683374984E12 2863347.29 0 10 300 0 1690 50700
153000.0 16524 4.645575843208E10 2880287.22 2804601 3.95747259218192E12 2880287.22 0 10 300 0 1700 51000
153900.0 16452 4.662597100794E10 2897227.14 2821053 4.00409856318986E12 2897227.14 0 10 300 0 1710 51300
154800.0 16452 4.689941344697E10 2914167.06 2837505 4.05099797663682E12 2914167.06 0 10 300 0 1720 51600
155700.0 16560 4.733101734604E10 2931106.98 2854065 4.09832899398286E12 2931106.98 0 10 300 0 1730 51900
156600.0 16524 4.75519748182E10 2948046.91 2870589 4.14588096880107E12 2948046.91 0 10 300 0 1740 52200
157500.0 16452 4.771974803592E10 2964986.84 2887041 4.19360071683699E12 2964986.84 0 10 300 0 1750 52500
158400.0 16452 4.799319047495E10 2981926.76 2903493 4.24159390731194E12 2981926.76 0 10 300 0 1760 52800
159300.0 16560 4.842857506452E10 2998866.68 2920053 4.29002248237645E12 2998866.68 0 10 300 0 1770 53100
160200.0 16524 4.864819118627E10 3015806.61 2936577 4.33867067356273E12 3015806.61 0 10 300 0 1780 53400
161100.0 16458 4.881352539357E10 3032746.53 2953035 4.3874841989563E12 3032746.53 0 10 300 0 1790 53700
162000.0 16454 4.908697187219E10 3049686.94 2969489 4.43657117082849E12 3049686.94 0 10 300 0 1800 54000
162900.0 16560 4.952589818983E10 3066626.95 2986049 4.48609706901832E12 3066626.95 0 10 300 0 1810 54300
163800.0 16524 4.974442305465E10 3083566.88 3002573 4.53584149207296E12 3083566.88 0 10 300 0 1820 54600
164700.0 16452 4.990731132857E10 3100506.8 3019025 4.58574880340153E12 3100506.8 0 10 300 0 1830 54900
165600.0 16452 5.01807537676E10 3117446.72 3035477 4.63592955716913E12 3117446.72 0 10 300 0 1840 55200
166500.0 16560 5.062345643533E10 3134386.65 3052037 4.68655301360446E12 3134386.65 0 10 300 0 1850 55500
167400.0 16524 5.084063320659E10 3151326.58 3068561 4.73739364681105E12 3151326.58 0 10 300 0 1860 55800
168300.0 16452 5.100108835644E10 3168266.5 3085013 4.78839473516749E12 3168266.5 0 10 300 0 1870 56100
169200.0 16452 5.127453079547E10 3185206.42 3101465 4.83966926596296E12 3185206.42 0 10 300 0 1880 56400
170100.0 16560 5.172077081098E10 3202146.34 3118025 4.89139003677394E12 3202146.34 0 10 300 0 1890 56700
171000.0 16524 5.193685579957E10 3219086.27 3134549 4.94332689257352E12 3219086.27 0 10 300 0 1900 57000
171900.0 16452 5.209486538431E10 3236026.2 3151001 4.99542175795783E12 3236026.2 0 10 300 0 1910 57300
172800.0 16452 5.236830782334E10 3252966.12 3167453 5.04779006578117E12 3252966.12 0 10 300 0 1920 57600
173700.0 16560 5.281820686248E10 3269906.04 3184013 5.10060827264366E12 3269906.04 0 10 300 0 1930 57900
174600.0 16524 5.303306596052E10 3286845.97 3200537 5.15364133860418E12 3286845.97 0 10 300 0 1940 58200
175500.0 16452 5.318864241219E10 3303785.89 3216989 5.20682998101636E12 3303785.89 0 10 300 0 1950 58500
176400.0 16452 5.346208485122E10 3320725.81 3233441 5.26029206586758E12 3320725.81 0 10 300 0 1960 58800
177300.0 16560 5.391564292299E10 3337665.74 3250001 5.31420770879057E12 3337665.74 0 10 300 0 1970 59100
178200.0 16524 5.412928233748E10 3354605.67 3266525 5.36833699112806E12 3354605.67 0 10 300 0 1980 59400
179100.0 16453 5.428241972122E10 3371545.59 3282978 5.42261941084928E12 3371545.59 0 10 300 0 1990 59700
180000.0 16452 5.455586642632E10 3388486.08 3299430 5.4771752772756E12 3388486.08 0 10 300 0 2000 60000
180900.0 16560 5.501308828564E10 3405426.01 3315990 5.53218836556124E12 3405426.01 0 10 300 0 2010 60300
181800.0 16524 5.522550800619E10 3422365.94 3332514 5.58741387356743E12 3422365.94 0 10 300 0 2020 60600
182700.0 16452 5.537620573901E10 3439305.86 3348966 5.64279007930644E12 3439305.86 0 10 300 0 2030 60900
183600.0 16452 5.564964817804E10 3456245.78 3365418 5.69843972748448E12 3456245.78 0 10 300 0 2040 61200
184500.0 16560 5.61105243101E10 3473185.7 3381978 5.75455025179458E12 3473185.7 0 10 300 0 2050 61500
185400.0 16524 5.63217243831E10 3490125.64 3398502 5.81087197617768E12 3490125.64 0 10 300 0 2060 61800
186300.0 16452 5.646998276683E10 3507065.56 3414954 5.86734195894451E12 3507065.56 0 10 300 0 2070 62100
187200.0 16452 5.674342520586E10 3524005.48 3431406 5.92408538415036E12 3524005.48 0 10 300 0 2080 62400
188100.0 16560 5.720796038855E10 3540945.4 3447966 5.98129334453891E12 3540945.4 0 10 300 0 2090 62700
189000.0 16524 5.741794076001E10 3557885.33 3464490 6.03871128529892E12 3557885.33 0 10 300 0 2100 63000
189900.0 16452 5.756375979465E10 3574825.25 3480942 6.09627504509357E12 3574825.25 0 10 300 0 2110 63300
190800.0 16452 5.783720223368E10 3591765.18 3497394 6.15411224732724E12 3591765.18 0 10 300 0 2120 63600
191700.0 16560 5.8305396431E10 3608705.1 3513954 6.21241764375825E12 3608705.1 0 10 300 0 2130 63900
192600.0 16524 5.851415713692E10 3625645.03 3530478 6.27093180089517E12 3625645.03 0 10 300 0 2140 64200
193500.0 16452 5.865753682247E10 3642584.95 3546930 6.32958933771763E12 3642584.95 0 10 300 0 2150 64500
194400.0 16452 5.893097926149E10 3659524.87 3563382 6.38852031697913E12 3659524.87 0 10 300 0 2160 64800
195300.0 16560 5.940283247346E10 3676464.8 3579942 6.44792314945259E12 3676464.8 0 10 300 0 2170 65100
196200.0 16524 5.961037351383E10 3693404.73 3596466 6.50753352296642E12 3693404.73 0 10 300 0 2180 65400
197100.0 16452 5.975131403001E10 3710344.67 3612918 6.56728483699643E12 3710344.67 0 10 300 0 2190 65700
198000.0 16452 6.00247609374E10 3727285.14 3629370 6.62730959793383E12 3727285.14 0 10 300 0 2200 66000
198900.0 16560 6.050027783037E10 3744225.07 3645930 6.6878098757642E12 3744225.07 0 10 300 0 2210 66300
199800.0 16524 6.070659917687E10 3761165.0 3662454 6.74851647494107E12 3761165.0 0 10 300 0 2220 66600
200700.0 16452 6.084510014357E10 3778104.92 3678906 6.80936157508464E12 3778104.92 0 10 300 0 2230 66900
201600.0 16452 6.11185425826E10 3795044.84 3695358 6.87048011766724E12 3795044.84 0 10 300 0 2240 67200
202500.0 16560 6.159771389082E10 3811984.76 3711918 6.93207783155806E12 3811984.76 0 10 300 0 2250 67500
203400.0 16524 6.180281555378E10 3828924.69 3728442 6.99388064711184E12 3828924.69 0 10 300 0 2260 67800
204300.0 16452 6.193887717139E10 3845864.62 3744894 7.05581952428323E12 3845864.62 0 10 300 0 2270 68100
205200.0 16452 6.221231961042E10 3862804.54 3761346 7.11803184389364E12 3862804.54 0 10 300 0 2280 68400
206100.0 16560 6.269514991528E10 3879744.46 3777906 7.18072699380892E12 3879744.46 0 10 300 0 2290 68700
207000.0 16524 6.289903193058E10 3896684.39 3794430 7.2436260257395E12 3896684.39 0 10 300 0 2300 69000
207900.0 16452 6.30326541991E10 3913624.31 3810882 7.3066586799386E12 3913624.31 0 10 300 0 2310 69300
208800.0 16452 6.330609663813E10 3930564.23 3827334 7.36996477657673E12 3930564.23 0 10 300 0 2320 69600
209700.0 16560 6.379258599362E10 3947504.16 3843894 7.43375736257035E12 3947504.16 0 10 300 0 2330 69900
210600.0 16524 6.399524830727E10 3964444.09 3860418 7.49775261087762E12 3964444.09 0 10 300 0 2340 70200
211500.0 16452 6.41264312267E10 3981384.01 3876870 7.56187904210432E12 3981384.01 0 10 300 0 2350 70500
212400.0 16452 6.439987366573E10 3998323.93 3893322 7.62627891577006E12 3998323.93 0 10 300 0 2360 70800
213300.0 16560 6.489002201786E10 4015263.85 3909882 7.69116893778792E12 4015263.85 0 10 300 0 2370 71100
214200.0 16524 6.509146468396E10 4032203.78 3926406 7.75626040247188E12 4032203.78 0 10 300 0 2380 71400
215100.0 16452 6.522020948878E10 4049143.86 3942858 7.82148061196066E12 4049143.86 0 10 300 0 2390 71700
216000.0 16452 6.549365649929E10 4066084.19 3959310 7.88697426845994E12 4066084.19 0 10 300 0 2400 72000
216900.0 16560 6.598746736449E10 4083024.12 3975870 7.95296173582443E12 4083024.12 0 10 300 0 2410 72300
217800.0 16524 6.618769031876E10 4099964.05 3992394 8.01914942614319E12 4099964.05 0 10 300 0 2420 72600
218700.0 16452 6.631399451941E10 4116903.98 4008846 8.0854634206626E12 4116903.98 0 10 300 0 2430 72900
219600.0 16452 6.658743695845E10 4133843.9 4025298 8.15205085762105E12 4133843.9 0 10 300 0 2440 73200
220500.0 16560 6.708490339775E10 4150783.82 4041858 8.2191357610188E12 4150783.82 0 10 300 0 2450 73500
221400.0 16524 6.728390669547E10 4167723.75 4058382 8.28641966771426E12 4167723.75 0 10 300 0 2460 73800
222300.0 16452 6.740777154698E10 4184663.67 4074834 8.35382743926124E12 4184663.67 0 10 300 0 2470 74100
223200.0 16452 6.768121398601E10 4201603.59 4091286 8.42150865324726E12 4201603.59 0 10 300 0 2480 74400
224100.0 16560 6.818233945795E10 4218543.52 4107846 8.4896909927052E12 4218543.52 0 10 300 0 2490 74700
225000.0 16524 6.838012307212E10 4235483.45 4124370 8.55807111577733E12 4235483.45 0 10 300 0 2500 75000
225900.0 16452 6.850154857455E10 4252423.37 4140822 8.62657266435188E12 4252423.37 0 10 300 0 2510 75300
226800.0 16452 6.877499101358E10 4269363.29 4157274 8.69534765536546E12 4269363.29 0 10 300 0 2520 75600
227700.0 16560 6.927977550015E10 4286303.21 4173834 8.7646274308656E12 4286303.21 0 10 300 0 2530 75900
228600.0 16524 6.947633944878E10 4303243.14 4190358 8.83410377031438E12 4303243.14 0 10 300 0 2540 76200
229500.0 16452 6.959532560212E10 4320183.07 4206810 8.9036990959165E12 4320183.07 0 10 300 0 2550 76500
230400.0 16452 6.986876804115E10 4337122.99 4223262 8.97356786395765E12 4337122.99 0 10 300 0 2560 76800
231300.0 16560 7.037721156035E10 4354062.91 4239822 9.04394507551799E12 4354062.91 0 10 300 0 2570 77100
232200.0 16530 7.057255582544E10 4371002.84 4256352 9.11451763134343E12 4371002.84 0 10 300 0 2580 77400
233100.0 16455 7.068910483911E10 4387943.04 4272807 9.18520673618254E12 4387943.04 0 10 300 0 2590 77700
234000.0 16452 7.096255194435E10 4404883.25 4289259 9.25616928812689E12 4404883.25 0 10 300 0 2600 78000
234900.0 16560 7.147465684718E10 4421823.18 4305819 9.32764394497407E12 4421823.18 0 10 300 0 2610 78300
235800.0 16524 7.166878143645E10 4438763.11 4322343 9.39931272641052E12 4438763.11 0 10 300 0 2620 78600
236700.0 16452 7.178288887106E10 4455703.03 4338795 9.47109561528158E12 4455703.03 0 10 300 0 2630 78900
237600.0 16452 7.205633131009E10 4472642.95 4355247 9.54315194659168E12 4472642.95 0 10 300 0 2640 79200
238500.0 16560 7.257209290738E10 4489582.88 4371807 9.61572403949906E12 4489582.88 0 10 300 0 2650 79500
239400.0 16524 7.276499781311E10 4506522.81 4388331 9.68848903731217E12 4506522.81 0 10 300 0 2660 79800
240300.0 16452 7.287666589863E10 4523462.73 4404783 9.7613657032108E12 4523462.73 0 10 300 0 2670 80100
241200.0 16452 7.315010833766E10 4540402.65 4421235 9.83451581154846E12 4540402.65 0 10 300 0 2680 80400
242100.0 16560 7.366952894958E10 4557342.57 4437795 9.90818534049804E12 4557342.57 0 10 300 0 2690 80700
243000.0 16524 7.386121418976E10 4574282.5 4454319 9.9820465546878E12 4574282.5 0 10 300 0 2700 81000
243900.0 16452 7.39704429262E10 4591222.43 4470771 1.0056016997614E13 4591222.43 0 10 300 0 2710 81300
244800.0 16452 7.424388536523E10 4608162.35 4487223 1.013026088297923E13 4608162.35 0 10 300 0 2720 81600
245700.0 16560 7.476696500979E10 4625102.27 4503783 1.020502784798902E13 4625102.27 0 10 300 0 2730 81900
246600.0 16524 7.495743056642E10 4642042.2 4520307 1.027998527855544E13 4642042.2 0 10 300 0 2740 82200
247500.0 16452 7.506421995376E10 4658982.12 4536759 1.03550494985092E13 4658982.12 0 10 300 0 2750 82500
248400.0 16452 7.53376623928E10 4675922.04 4553211 1.0430387160902E13 4675922.04 0 10 300 0 2760 82800
249300.0 16560 7.586440106094E10 4692861.97 4569771 1.050625156196294E13 4692861.97 0 10 300 0 2770 83100
250200.0 16525 7.605364696448E10 4709801.9 4586296 1.058230520892743E13 4709801.9 0 10 300 0 2780 83400
251100.0 16452 7.615800030532E10 4726742.23 4602748 1.065846320923274E13 4726742.23 0 10 300 0 2790 83700
252000.0 16452 7.643144735028E10 4743682.31 4619200 1.073489465658302E13 4743682.31 0 10 300 0 2800 84000
252900.0 16560 7.696184636183E10 4760622.23 4635760 1.081185650294485E13 4760622.23 0 10 300 0 2810 84300
253800.0 16524 7.714987256813E10 4777562.17 4652284 1.088900637551298E13 4777562.17 0 10 300 0 2820 84600
254700.0 16452 7.725178323671E10 4794502.09 4668736 1.09662581587497E13 4794502.09 0 10 300 0 2830 84900
255600.0 16452 7.752522567575E10 4811442.01 4685188 1.104378338442544E13 4811442.01 0 10 300 0 2840 85200
256500.0 16560 7.805928242203E10 4828381.93 4701748 1.112184266684748E13 4828381.93 0 10 300 0 2850 85500
257400.0 16524 7.824608894478E10 4845321.86 4718272 1.120008875579226E13 4845321.86 0 10 300 0 2860 85800
258300.0 16452 7.834556026428E10 4862261.78 4734724 1.127843431605654E13 4862261.78 0 10 300 0 2870 86100
259200.0 16452 7.861900270332E10 4879201.71 4751176 1.135705331875986E13 4879201.71 0 10 300 0 2880 86400
260100.0 16560 7.915671846423E10 4896141.63 4767736 1.143621003722409E13 4896141.63 0 10 300 0 2890 86700
261000.0 16524 7.934230532134E10 4913081.56 4784260 1.151555234254543E13 4913081.56 0 10 300 0 2900 87000
261900.0 16452 7.943933729174E10 4930021.48 4800712 1.159499167983717E13 4930021.48 0 10 300 0 2910 87300
262800.0 16452 7.971277973077E10 4946961.4 4817164 1.167470445956795E13 4946961.4 0 10 300 0 2920 87600
263700.0 16560 8.025427620023E10 4963901.33 4833724 1.175495873576817E13 4963901.33 0 10 300 0 2930 87900
264600.0 16524 8.043852169794E10 4980841.26 4850248 1.183539725746611E13 4980841.26 0 10 300 0 2940 88200
265500.0 16452 8.053311431925E10 4997781.18 4866700 1.191593037178537E13 4997781.18 0 10 300 0 2950 88500
266400.0 16452 8.080655675829E10 5014721.1 4883152 1.199673692854366E13 5014721.1 0 10 300 0 2960 88800
267300.0 16560 8.135159056647E10 5031661.02 4899712 1.207808851911013E13 5031661.02 0 10 300 0 2970 89100
268200.0 16524 8.153474429972E10 5048600.95 4916236 1.215962326340984E13 5048600.95 0 10 300 0 2980 89400
269100.0 16452 8.162689558428E10 5065541.41 4932688 1.224125015899412E13 5065541.41 0 10 300 0 2990 89700
270000.0 16452 8.190034276824E10 5082481.37 4949140 1.232315050176237E13 5082481.37 0 10 300 0 3000 90000
270900.0 16560 8.244915759912E10 5099421.29 4965700 1.240559965936149E13 5099421.29 0 10 300 0 3010 90300
271800.0 16524 8.263096371958E10 5116361.22 4982224 1.248823062308107E13 5116361.22 0 10 300 0 3020 90600
272700.0 16452 8.272067763108E10 5133301.15 4998676 1.257095130071215E13 5133301.15 0 10 300 0 3030 90900
273600.0 16452 8.299412007011E10 5150241.07 5015128 1.265394542078227E13 5150241.07 0 10 300 0 3040 91200
274500.0 16560 8.354647194753E10 5167180.99 5031688 1.27374918927298E13 5167180.99 0 10 300 0 3050 91500
275400.0 16524 8.372718633037E10 5184120.92 5048212 1.282121907906016E13 5184120.92 0 10 300 0 3060 91800
276300.0 16452 8.381445465876E10 5201060.84 5064664 1.290503353371892E13 5201060.84 0 10 300 0 3070 92100
277200.0 16452 8.408789709779E10 5218000.76 5081116 1.298912143081671E13 5218000.76 0 10 300 0 3080 92400
278100.0 16560 8.464390802584E10 5234940.69 5097676 1.307376533884255E13 5234940.69 0 10 300 0 3090 92700
279000.0 16524 8.482339647311E10 5251880.62 5114200 1.315858873531566E13 5251880.62 0 10 300 0 3100 93000
279900.0 16452 8.490823168643E10 5268820.54 5130652 1.324349696700209E13 5268820.54 0 10 300 0 3110 93300
280800.0 16452 8.518167412546E10 5285760.46 5147104 1.332867864112756E13 5285760.46 0 10 300 0 3120 93600
281700.0 16560 8.574146573505E10 5302700.38 5163664 1.34144201068626E13 5302700.38 0 10 300 0 3130 93900
282600.0 16524 8.591961285887E10 5319640.31 5180188 1.350033971972148E13 5319640.31 0 10 300 0 3140 94200
283500.0 16452 8.600200871411E10 5336580.24 5196640 1.358634172843559E13 5336580.24 0 10 300 0 3150 94500
284400.0 16452 8.627545115314E10 5353520.16 5213092 1.367261717958873E13 5353520.16 0 10 300 0 3160 94800
285300.0 16560 8.683878011946E10 5370460.08 5229652 1.375945595970819E13 5370460.08 0 10 300 0 3170 95100
286200.0 16524 8.701583545171E10 5387400.01 5246176 1.38464717951599E13 5387400.01 0 10 300 0 3180 95400
287100.0 16452 8.70957902862E10 5404340.5 5262628 1.39335675854461E13 5404340.5 0 10 300 0 3190 95700
288000.0 16452 8.7369237452E10 5421280.43 5279080 1.40209368228981E13 5421280.43 0 10 300 0 3200 96000
288900.0 16560 8.793634715787E10 5438220.35 5295640 1.410887317005597E13 5438220.35 0 10 300 0 3210 96300
289800.0 16525 8.811205490437E10 5455160.28 5312165 1.419698522496034E13 5455160.28 0 10 300 0 3220 96600
290700.0 16452 8.818957204075E10 5472100.2 5328617 1.428517479700109E13 5472100.2 0 10 300 0 3230 96900
291600.0 16452 8.846301447978E10 5489040.13 5345069 1.437363781148088E13 5489040.13 0 10 300 0 3240 97200
292500.0 16560 8.903366152438E10 5505980.05 5361629 1.446267147300526E13 5505980.05 0 10 300 0 3250 97500
293400.0 16524 8.920827750626E10 5522919.98 5378153 1.455187975051152E13 5522919.98 0 10 300 0 3260 97800
294300.0 16452 8.928334906853E10 5539859.9 5394605 1.464116309958006E13 5539859.9 0 10 300 0 3270 98100
295200.0 16452 8.955679150757E10 5556799.82 5411057 1.473071989108763E13 5556799.82 0 10 300 0 3280 98400
296100.0 16560 9.01310975668E10 5573739.75 5427617 1.482085098865443E13 5573739.75 0 10 300 0 3290 98700
297000.0 16524 9.030448764912E10 5590679.68 5444141 1.491115547630355E13 5590679.68 0 10 300 0 3300 99000
297900.0 16452 9.037712609632E10 5607619.6 5460593 1.500153260239986E13 5607619.6 0 10 300 0 3310 99300
298800.0 16452 9.065056853535E10 5624559.52 5477045 1.509218317093522E13 5624559.52 0 10 300 0 3320 99600
299700.0 16560 9.122853362722E10 5641499.44 5493605 1.518341170456244E13 5641499.44 0 10 300 0 3330 99900
300600.0 16524 9.140070403499E10 5658439.37 5510129 1.527481240859743E13 5658439.37 0 10 300 0 3340 100200
301500.0 16452 9.14709031241E10 5675379.3 5526581 1.536628331172153E13 5675379.3 0 10 300 0 3350 100500
302400.0 16452 9.174434556314E10 5692319.22 5543033 1.545802765728466E13 5692319.22 0 10 300 0 3360 100800
303300.0 16566 9.232596966068E10 5709259.14 5559599 1.555035362694535E13 5709259.14 0 10 300 0 3370 101100
304200.0 16526 9.249692110582E10 5726199.15 5576125 1.564285054805116E13 5726199.15 0 10 300 0 3380 101400
305100.0 16452 9.256468530538E10 5743139.56 5592577 1.573541523335654E13 5743139.56 0 10 300 0 3390 101700
306000.0 16452 9.283813183757E10 5760079.49 5609029 1.582825336519411E13 5760079.49 0 10 300 0 3400 102000
306900.0 16560 9.342341500768E10 5777019.41 5625589 1.59216767802018E13 5777019.41 0 10 300 0 3410 102300
307800.0 16524 9.359314605612E10 5793959.34 5642113 1.601526992625791E13 5793959.34 0 10 300 0 3420 102600
308700.0 16452 9.365846642643E10 5810899.26 5658565 1.610892839268434E13 5810899.26 0 10 300 0 3430 102900
309600.0 16452 9.393190886546E10 5827839.18 5675017 1.620286030154981E13 5827839.18 0 10 300 0 3440 103200
310500.0 16560 9.452085105899E10 5844779.11 5691577 1.62973811526088E13 5844779.11 0 10 300 0 3450 103500
311400.0 16524 9.468936242415E10 5861719.04 5708101 1.639207051503295E13 5861719.04 0 10 300 0 3460 103800
312300.0 16452 9.475224345438E10 5878658.96 5724553 1.648682275848733E13 5878658.96 0 10 300 0 3470 104100
313200.0 16452 9.502568589341E10 5895598.88 5741005 1.658184844438074E13 5895598.88 0 10 300 0 3480 104400
314100.0 16560 9.561828709257E10 5912538.8 5757565 1.667746673147331E13 5912538.8 0 10 300 0 3490 104700
315000.0 16524 9.578557881019E10 5929478.73 5774089 1.67732523102835E13 5929478.73 0 10 300 0 3500 105000
315900.0 16452 9.584602048232E10 5946418.66 5790541 1.686909833076583E13 5946418.66 0 10 300 0 3510 105300
316800.0 16452 9.611946292135E10 5963358.58 5806993 1.696521779368718E13 5963358.58 0 10 300 0 3520 105600
317700.0 16560 9.671572316215E10 5980298.5 5823553 1.706193351684933E13 5980298.5 0 10 300 0 3530 105900
318600.0 16524 9.688180140329E10 5997238.43 5840077 1.715881531825263E13 5997238.43 0 10 300 0 3540 106200
319500.0 16452 9.693979751032E10 6014178.35 5856529 1.725575511576295E13 6014178.35 0 10 300 0 3550 106500
320400.0 16452 9.721323994935E10 6031118.27 5872981 1.73529683557123E13 6031118.27 0 10 300 0 3560 106800
321300.0 16561 9.781315919579E10 6048058.2 5889542 1.745078151490809E13 6048058.2 0 10 300 0 3570 107100
322200.0 16524 9.797801337879E10 6064998.34 5906066 1.754875952828688E13 6064998.34 0 10 300 0 3580 107400
323100.0 16452 9.80335808206E10 6081938.62 5922518 1.764679310910748E13 6081938.62 0 10 300 0 3590 107700
324000.0 16452 9.830702621163E10 6098878.54 5938970 1.77451001353191E13 6098878.54 0 10 300 0 3600 108000
324900.0 16560 9.891060453059E10 6115818.47 5955530 1.784401073984969E13 6115818.47 0 10 300 0 3610 108300
325800.0 16524 9.907423718738E10 6132758.4 5972054 1.794308497703707E13 6132758.4 0 10 300 0 3620 108600
326700.0 16452 9.912736080065E10 6149698.32 5988506 1.804221233783772E13 6149698.32 0 10 300 0 3630 108900
327600.0 16452 9.940080323968E10 6166638.24 6004958 1.81416131410774E13 6166638.24 0 10 300 0 3640 109200
328500.0 16560 1.0000804055527E11 6183578.16 6021518 1.824162118163267E13 6183578.16 0 10 300 0 3650 109500
329400.0 16524 1.0017045356452E11 6200518.09 6038042 1.83417916351972E13 6200518.09 0 10 300 0 3660 109800
330300.0 16452 1.002211378287E11 6217458.02 6054494 1.84420127730259E13 6217458.02 0 10 300 0 3670 110100
331200.0 16452 1.0049458026773E11 6234397.94 6070946 1.854250735329363E13 6234397.94 0 10 300 0 3680 110400
332100.0 16560 1.0110559831004E11 6251337.86 6087506 1.864361295160367E13 6251337.86 0 10 300 0 3690 110700
333000.0 16524 1.0126667616668E11 6268277.79 6104030 1.874487962777035E13 6268277.79 0 10 300 0 3700 111000
333900.0 16452 1.0131491485675E11 6285217.71 6120482 1.88461945426271E13 6285217.71 0 10 300 0 3710 111300
334800.0 16452 1.0158835729579E11 6302157.63 6136934 1.894778289992289E13 6302157.63 0 10 300 0 3720 111600
335700.0 16560 1.0220291267665E11 6319097.56 6153494 1.904998581259954E13 6319097.56 0 10 300 0 3730 111900
336600.0 16524 1.0236288632781E11 6336037.49 6170018 1.915234869892735E13 6336037.49 0 10 300 0 3740 112200
337500.0 16452 1.0240869188481E11 6352977.41 6186470 1.925475739081216E13 6352977.41 0 10 300 0 3750 112500
338400.0 16452 1.0268213432384E11 6369917.33 6202922 1.9357439525136E13 6369917.33 0 10 300 0 3760 112800
339300.0 16560 1.0330034871934E11 6386857.25 6219482 1.946073987385534E13 6386857.25 0 10 300 0 3770 113100
340200.0 16524 1.0345911181056E11 6403797.52 6236006 1.95641989856659E13 6403797.52 0 10 300 0 3780 113400
341100.0 16452 1.03502476254E11 6420737.67 6252458 1.96677014619199E13 6420737.67 0 10 300 0 3790 113700
342000.0 16452 1.0377592057085E11 6437677.6 6268910 1.977147738249075E13 6437677.6 0 10 300 0 3800 114000
342900.0 16560 1.0439791572391E11 6454617.52 6285470 1.987587529821466E13 6454617.52 0 10 300 0 3810 114300
343800.0 16524 1.0455532832167E11 6471557.45 6301994 1.998043062653632E13 6471557.45 0 10 300 0 3820 114600
344700.0 16452 1.0459625515993E11 6488497.38 6318446 2.008502688169626E13 6488497.38 0 10 300 0 3830 114900
345600.0 16452 1.0486969759896E11 6505437.3 6334898 2.018989657929522E13 6505437.3 0 10 300 0 3840 115200

