# seed = 1, gamma = 0.75, beta = 0.75, dee = 100.0, dcc = 200.0, dec = 15.0, dsc = 20.0, dLocalhost = 0.015, hostBroker = EDGE, numOfCloud = 1, numOfEdge = 1, numOfSmartphone = 225 
#
# The columns have the following meaning: 
# instant[SECONDS] delayCountPartial delaySumPartial[SECONDS] delayMaxPartial[SECONDS] delayCountTot delaySumTot[SECONDS] delayMaxTot[SECONDS] runOnCloudPartial runOnEdgePartial runOnSmartphonePartial runOnCloudTot runOnEdgeTot runOnSmartphoneTot
0.0 0 0.0 0.0 0 0.0 0.0 0 0 0 0 0 0
900.0 16566 3462868.15 444.98 16566 3462868.15 444.98 78 7 225 78 7 225
1800.0 16528 3460151.52 444.98 33094 6923019.68 444.98 78 7 225 156 14 450
2700.0 16452 3457587.46 444.98 49546 1.038060714E7 444.98 78 7 225 234 21 675
3600.0 16452 3457144.99 444.98 65998 1.383775213E7 444.98 78 7 225 312 28 900
4500.0 16566 3466061.29 444.98 82564 1.730381342E7 444.98 78 7 225 390 35 1125
5400.0 16528 3460309.67 444.98 99092 2.076412309E7 444.98 78 7 225 468 42 1350
6300.0 16452 3457587.46 444.98 115544 2.422171055E7 444.98 78 7 225 546 49 1575
7200.0 16452 3457144.99 444.98 131996 2.767885554E7 444.98 78 7 225 624 56 1800
8100.0 16566 3462875.65 444.98 148562 3.11417312E7 444.98 78 7 225 702 63 2025
9000.0 16528 3460151.52 444.98 165090 3.460188272E7 444.98 78 7 225 780 70 2250
9900.0 16452 3457587.46 444.98 181542 3.805947018E7 444.98 78 7 225 858 77 2475
10800.0 16452 3457144.99 444.98 197994 4.151661518E7 444.98 78 7 225 936 84 2700
11700.0 16566 3466079.29 444.98 214560 4.498269446E7 444.98 78 7 225 1014 91 2925
12600.0 16528 3460309.67 444.98 231088 4.844300413E7 444.98 78 7 225 1092 98 3150
13500.0 16452 3457587.46 444.98 247540 5.19005916E7 444.98 78 7 225 1170 105 3375
14400.0 16452 3457144.99 444.98 263992 5.535773659E7 444.98 78 7 225 1248 112 3600
15300.0 16566 3462866.65 444.98 280558 5.882060324E7 444.98 78 7 225 1326 119 3825
16200.0 16528 3460151.52 444.98 297086 6.228075477E7 444.98 78 7 225 1404 126 4050
17100.0 16452 3457587.46 444.98 313538 6.573834223E7 444.98 78 7 225 1482 133 4275
18000.0 16452 3457144.99 444.98 329990 6.919548722E7 444.98 78 7 225 1560 140 4500
18900.0 16566 3462875.65 444.98 346556 7.265836287E7 444.98 78 7 225 1638 147 4725
19800.0 16528 3460151.52 444.98 363084 7.61185144E7 444.98 78 7 225 1716 154 4950
20700.0 16452 3457587.46 444.98 379536 7.957610186E7 444.98 78 7 225 1794 161 5175
21600.0 16452 3457144.99 444.98 395988 8.303324685E7 444.98 78 7 225 1872 168 5400
22500.0 16566 3462857.65 444.98 412554 8.649610451E7 444.98 78 7 225 1950 175 5625
23400.0 16528 3460151.52 444.98 429082 8.995625603E7 444.98 78 7 225 2028 182 5850
24300.0 16452 3457587.46 444.98 445534 9.341384349E7 444.98 78 7 225 2106 189 6075
25200.0 16452 3457144.99 444.98 461986 9.687098849E7 444.98 78 7 225 2184 196 6300
26100.0 16566 3466088.29 444.98 478552 1.0033707677E8 444.98 78 7 225 2262 203 6525
27000.0 16528 3460151.52 444.98 495080 1.037972283E8 444.98 78 7 225 2340 210 6750
27900.0 16452 3457587.46 444.98 511532 1.0725481576E8 444.98 78 7 225 2418 217 6975
28800.0 16452 3457144.99 444.98 527984 1.1071196075E8 444.98 78 7 225 2496 224 7200
29700.0 16566 3462875.65 444.98 544550 1.141748364E8 444.98 78 7 225 2574 231 7425
30600.0 16528 3460151.52 444.98 561078 1.1763498793E8 444.98 78 7 225 2652 238 7650
31500.0 16452 3457587.46 444.98 577530 1.2109257539E8 444.98 78 7 225 2730 245 7875
32400.0 16452 3457144.99 444.98 593982 1.2454972038E8 444.98 78 7 225 2808 252 8100
33300.0 16566 3462866.65 444.98 610548 1.2801258703E8 444.98 78 7 225 2886 259 8325
34200.0 16528 3460151.52 444.98 627076 1.3147273856E8 444.98 78 7 225 2964 266 8550
35100.0 16452 3457587.46 444.98 643528 1.3493032602E8 444.98 78 7 225 3042 273 8775
36000.0 16452 3457144.99 444.98 659980 1.3838747101E8 444.98 78 7 225 3120 280 9000
36900.0 16566 3462875.65 444.98 676546 1.4185034666E8 444.98 78 7 225 3198 287 9225
37800.0 16528 3460151.52 444.98 693074 1.4531049819E8 444.98 78 7 225 3276 294 9450
38700.0 16452 3457587.46 444.98 709526 1.4876808565E8 444.98 78 7 225 3354 301 9675
39600.0 16452 3457144.99 444.98 725978 1.5222523064E8 444.98 78 7 225 3432 308 9900
40500.0 16566 3462866.65 444.98 742544 1.5568809729E8 444.98 78 7 225 3510 315 10125
41400.0 16528 3460151.52 444.98 759072 1.5914824882E8 444.98 78 7 225 3588 322 10350
42300.0 16452 3457587.46 444.98 775524 1.6260583628E8 444.98 78 7 225 3666 329 10575
43200.0 16452 3457144.99 444.98 791976 1.6606298127E8 444.98 78 7 225 3744 336 10800
44100.0 16566 3462866.65 444.98 808542 1.6952584792E8 444.98 78 7 225 3822 343 11025
45000.0 16528 3460151.52 444.98 825070 1.7298599944E8 444.98 78 7 225 3900 350 11250
45900.0 16452 3457587.46 444.98 841522 1.7644358691E8 444.98 78 7 225 3978 357 11475
46800.0 16452 3457144.99 444.98 857974 1.799007319E8 444.98 78 7 225 4056 364 11700
47700.0 16566 3466079.29 444.98 874540 1.8336681119E8 444.98 78 7 225 4134 371 11925
48600.0 16528 3460151.52 444.98 891068 1.8682696271E8 444.98 78 7 225 4212 378 12150
49500.0 16452 3457587.46 444.98 907520 1.9028455018E8 444.98 78 7 225 4290 385 12375
50400.0 16452 3457144.99 444.98 923972 1.9374169517E8 444.98 78 7 225 4368 392 12600
51300.0 16566 3462875.65 444.98 940538 1.9720457082E8 444.98 78 7 225 4446 399 12825
52200.0 16528 3460151.52 444.98 957066 2.0066472234E8 444.98 78 7 225 4524 406 13050
53100.0 16452 3457587.46 444.98 973518 2.041223098E8 444.98 78 7 225 4602 413 13275
54000.0 16452 3457144.99 444.98 989970 2.075794548E8 444.98 78 7 225 4680 420 13500
54900.0 16566 3462866.65 444.98 1006536 2.1104232145E8 444.98 78 7 225 4758 427 13725
55800.0 16528 3460151.52 444.98 1023064 2.1450247297E8 444.98 78 7 225 4836 434 13950
56700.0 16452 3457587.46 444.98 1039516 2.1796006043E8 444.98 78 7 225 4914 441 14175
57600.0 16452 3457144.99 444.98 1055968 2.2141720543E8 444.98 78 7 225 4992 448 14400
58500.0 16566 3462875.65 444.98 1072534 2.2488008108E8 444.98 78 7 225 5070 455 14625
59400.0 16528 3460151.52 444.98 1089062 2.283402326E8 444.98 78 7 225 5148 462 14850
60300.0 16452 3457587.46 444.98 1105514 2.3179782006E8 444.98 78 7 225 5226 469 15075
61200.0 16452 3457144.99 444.98 1121966 2.3525496506E8 444.98 78 7 225 5304 476 15300
62100.0 16566 3462866.65 444.98 1138532 2.3871783171E8 444.98 78 7 225 5382 483 15525
63000.0 16528 3460151.52 444.98 1155060 2.4217798323E8 444.98 78 7 225 5460 490 15750
63900.0 16452 3457587.46 444.98 1171512 2.4563557069E8 444.98 78 7 225 5538 497 15975
64800.0 16452 3457144.99 444.98 1187964 2.4909271569E8 444.98 78 7 225 5616 504 16200
65700.0 16566 3466088.29 444.98 1204530 2.5255880397E8 444.98 78 7 225 5694 511 16425
66600.0 16528 3460151.52 444.98 1221058 2.560189555E8 444.98 78 7 225 5772 518 16650
67500.0 16452 3457587.46 444.98 1237510 2.5947654296E8 444.98 78 7 225 5850 525 16875
68400.0 16452 3457144.99 444.98 1253962 2.6293368795E8 444.98 78 7 225 5928 532 17100
69300.0 16566 3462857.65 444.98 1270528 2.663965456E8 444.98 78 7 225 6006 539 17325
70200.0 16528 3460151.52 444.98 1287056 2.6985669713E8 444.98 78 7 225 6084 546 17550
71100.0 16452 3457587.46 444.98 1303508 2.7331428459E8 444.98 78 7 225 6162 553 17775
72000.0 16452 3457144.99 444.98 1319960 2.7677142958E8 444.98 78 7 225 6240 560 18000
72900.0 16566 3462875.65 444.98 1336526 2.8023430523E8 444.98 78 7 225 6318 567 18225
73800.0 16528 3460151.52 444.98 1353054 2.8369445676E8 444.98 78 7 225 6396 574 18450
74700.0 16452 3457587.46 444.98 1369506 2.8715204422E8 444.98 78 7 225 6474 581 18675
75600.0 16452 3457144.99 444.98 1385958 2.9060918921E8 444.98 78 7 225 6552 588 18900
76500.0 16566 3466070.29 444.98 1402524 2.940752595E8 444.98 78 7 225 6630 595 19125
77400.0 16528 3460151.52 444.98 1419052 2.9753541102E8 444.98 78 7 225 6708 602 19350
78300.0 16452 3457587.46 444.98 1435504 3.0099299849E8 444.98 78 7 225 6786 609 19575
79200.0 16452 3457144.99 444.98 1451956 3.0445014348E8 444.98 78 7 225 6864 616 19800
80100.0 16566 3462875.65 444.98 1468522 3.0791301913E8 444.98 78 7 225 6942 623 20025
81000.0 16528 3460309.67 444.98 1485050 3.113733288E8 444.98 78 7 225 7020 630 20250
81900.0 16452 3457587.46 444.98 1501502 3.1483091626E8 444.98 78 7 225 7098 637 20475
82800.0 16452 3457144.99 444.98 1517954 3.1828806125E8 444.98 78 7 225 7176 644 20700
83700.0 16566 3466079.29 444.98 1534520 3.2175414054E8 444.98 78 7 225 7254 651 20925
84600.0 16528 3460151.52 444.98 1551048 3.2521429206E8 444.98 78 7 225 7332 658 21150
85500.0 16452 3457587.46 444.98 1567500 3.2867187953E8 444.98 78 7 225 7410 665 21375
86400.0 16452 3457144.99 444.98 1583952 3.3212902452E8 444.98 78 7 225 7488 672 21600
87300.0 16566 3462866.65 444.98 1600518 3.3559189117E8 444.98 78 7 225 7566 679 21825
88200.0 16528 3460300.67 444.98 1617046 3.3905219184E8 444.98 78 7 225 7644 686 22050
89100.0 16452 3457587.46 444.98 1633498 3.425097793E8 444.98 78 7 225 7722 693 22275
90000.0 16452 3457144.99 444.98 1649950 3.4596692429E8 444.98 78 7 225 7800 700 22500
90900.0 16566 3466070.29 444.98 1666516 3.4943299458E8 444.98 78 7 225 7878 707 22725
91800.0 16528 3460151.52 444.98 1683044 3.5289314611E8 444.98 78 7 225 7956 714 22950
92700.0 16452 3457587.46 444.98 1699496 3.5635073357E8 444.98 78 7 225 8034 721 23175
93600.0 16452 3457144.99 444.98 1715948 3.5980787856E8 444.98 78 7 225 8112 728 23400
94500.0 16566 3462866.65 444.98 1732514 3.6327074521E8 444.98 78 7 225 8190 735 23625
95400.0 16528 3460300.67 444.98 1749042 3.6673104588E8 444.98 78 7 225 8268 742 23850
96300.0 16452 3457587.46 444.98 1765494 3.7018863334E8 444.98 78 7 225 8346 749 24075
97200.0 16452 3457144.99 444.98 1781946 3.7364577834E8 444.98 78 7 225 8424 756 24300
98100.0 16566 3462857.65 444.98 1798512 3.7710863599E8 444.98 78 7 225 8502 763 24525
99000.0 16528 3460151.52 444.98 1815040 3.8056878751E8 444.98 78 7 225 8580 770 24750
99900.0 16452 3457587.46 444.98 1831492 3.8402637497E8 444.98 78 7 225 8658 777 24975
100800.0 16452 3457144.99 444.98 1847944 3.8748351997E8 444.98 78 7 225 8736 784 25200
101700.0 16566 3462866.65 444.98 1864510 3.9094638662E8 444.98 78 7 225 8814 791 25425
102600.0 16528 3460151.52 444.98 1881038 3.9440653814E8 444.98 78 7 225 8892 798 25650
103500.0 16452 3457587.46 444.98 1897490 3.978641256E8 444.98 78 7 225 8970 805 25875
104400.0 16452 3457144.99 444.98 1913942 4.013212706E8 444.98 78 7 225 9048 812 26100
105300.0 16566 3462866.65 444.98 1930508 4.0478413725E8 444.98 78 7 225 9126 819 26325
106200.0 16528 3460151.52 444.98 1947036 4.0824428877E8 444.98 78 7 225 9204 826 26550
107100.0 16452 3457587.46 444.98 1963488 4.1170187623E8 444.98 78 7 225 9282 833 26775
108000.0 16452 3457144.99 444.98 1979940 4.1515902122E8 444.98 78 7 225 9360 840 27000
108900.0 16566 3462866.65 444.98 1996506 4.1862188787E8 444.98 78 7 225 9438 847 27225
109800.0 16528 3460151.52 444.98 2013034 4.220820394E8 444.98 78 7 225 9516 854 27450
110700.0 16452 3457587.46 444.98 2029486 4.2553962686E8 444.98 78 7 225 9594 861 27675
111600.0 16452 3457144.99 444.98 2045938 4.2899677185E8 444.98 78 7 225 9672 868 27900
112500.0 16566 3462866.65 444.98 2062504 4.324596385E8 444.98 78 7 225 9750 875 28125
113400.0 16528 3460151.52 444.98 2079032 4.3591979003E8 444.98 78 7 225 9828 882 28350
114300.0 16452 3457587.46 444.98 2095484 4.3937737749E8 444.98 78 7 225 9906 889 28575
115200.0 16452 3457144.99 444.98 2111936 4.4283452248E8 444.98 78 7 225 9984 896 28800
116100.0 16566 3462857.65 444.98 2128502 4.4629738013E8 444.98 78 7 225 10062 903 29025
117000.0 16528 3460151.52 444.98 2145030 4.4975753166E8 444.98 78 7 225 10140 910 29250
117900.0 16452 3457587.46 444.98 2161482 4.5321511912E8 444.98 78 7 225 10218 917 29475
118800.0 16452 3457144.99 444.98 2177934 4.5667226411E8 444.98 78 7 225 10296 924 29700
119700.0 16566 3462875.65 444.98 2194500 4.6013513976E8 444.98 78 7 225 10374 931 29925
120600.0 16528 3460151.52 444.98 2211028 4.6359529129E8 444.98 78 7 225 10452 938 30150
121500.0 16452 3457587.46 444.98 2227480 4.6705287875E8 444.98 78 7 225 10530 945 30375
122400.0 16452 3457144.99 444.98 2243932 4.7051002374E8 444.98 78 7 225 10608 952 30600
123300.0 16566 3462857.65 444.98 2260498 4.7397288139E8 444.98 78 7 225 10686 959 30825
124200.0 16528 3460151.52 444.98 2277026 4.7743303292E8 444.98 78 7 225 10764 966 31050
125100.0 16452 3457587.46 444.98 2293478 4.8089062038E8 444.98 78 7 225 10842 973 31275
126000.0 16452 3457144.99 444.98 2309930 4.8434776537E8 444.98 78 7 225 10920 980 31500
126900.0 16566 3462875.65 444.98 2326496 4.8781064102E8 444.98 78 7 225 10998 987 31725
127800.0 16528 3460151.52 444.98 2343024 4.9127079255E8 444.98 78 7 225 11076 994 31950
128700.0 16452 3457587.46 444.98 2359476 4.9472838001E8 444.98 78 7 225 11154 1001 32175
129600.0 16452 3457144.99 444.98 2375928 4.98185525E8 444.98 78 7 225 11232 1008 32400
130500.0 16566 3462875.65 444.98 2392494 5.0164840065E8 444.98 78 7 225 11310 1015 32625
131400.0 16528 3460151.52 444.98 2409022 5.0510855218E8 444.98 78 7 225 11388 1022 32850
132300.0 16452 3457587.46 444.98 2425474 5.0856613964E8 444.98 78 7 225 11466 1029 33075
133200.0 16452 3457144.99 444.98 2441926 5.1202328463E8 444.98 78 7 225 11544 1036 33300
134100.0 16566 3462866.65 444.98 2458492 5.1548615128E8 444.98 78 7 225 11622 1043 33525
135000.0 16528 3460151.52 444.98 2475020 5.189463028E8 444.98 78 7 225 11700 1050 33750
135900.0 16452 3457587.46 444.98 2491472 5.2240389027E8 444.98 78 7 225 11778 1057 33975
136800.0 16452 3457144.99 444.98 2507924 5.2586103526E8 444.98 78 7 225 11856 1064 34200
137700.0 16566 3462866.65 444.98 2524490 5.2932390191E8 444.98 78 7 225 11934 1071 34425
138600.0 16528 3460151.52 444.98 2541018 5.3278405343E8 444.98 78 7 225 12012 1078 34650
139500.0 16452 3457587.46 444.98 2557470 5.3624164089E8 444.98 78 7 225 12090 1085 34875
140400.0 16452 3457144.99 444.98 2573922 5.3969878589E8 444.98 78 7 225 12168 1092 35100
141300.0 16566 3462866.65 444.98 2590488 5.4316165254E8 444.98 78 7 225 12246 1099 35325
142200.0 16528 3460151.52 444.98 2607016 5.4662180406E8 444.98 78 7 225 12324 1106 35550
143100.0 16452 3457587.46 444.98 2623468 5.5007939152E8 444.98 78 7 225 12402 1113 35775
144000.0 16452 3457144.99 444.98 2639920 5.5353653651E8 444.98 78 7 225 12480 1120 36000
144900.0 16566 3462866.65 444.98 2656486 5.5699940316E8 444.98 78 7 225 12558 1127 36225
145800.0 16528 3460151.52 444.98 2673014 5.6045955469E8 444.98 78 7 225 12636 1134 36450
146700.0 16452 3457587.46 444.98 2689466 5.6391714215E8 444.98 78 7 225 12714 1141 36675
147600.0 16452 3457144.99 444.98 2705918 5.6737428714E8 444.98 78 7 225 12792 1148 36900
148500.0 16566 3462875.65 444.98 2722484 5.7083716279E8 444.98 78 7 225 12870 1155 37125
149400.0 16528 3460151.52 444.98 2739012 5.7429731431E8 444.98 78 7 225 12948 1162 37350
150300.0 16452 3457587.46 444.98 2755464 5.7775490178E8 444.98 78 7 225 13026 1169 37575
151200.0 16452 3457144.99 444.98 2771916 5.8121204677E8 444.98 78 7 225 13104 1176 37800
152100.0 16566 3462857.65 444.98 2788482 5.8467490442E8 444.98 78 7 225 13182 1183 38025
153000.0 16528 3460151.52 444.98 2805010 5.8813505594E8 444.98 78 7 225 13260 1190 38250
153900.0 16452 3457587.46 444.98 2821462 5.915926434E8 444.98 78 7 225 13338 1197 38475
154800.0 16452 3457144.99 444.98 2837914 5.950497884E8 444.98 78 7 225 13416 1204 38700
155700.0 16566 3462875.65 444.98 2854480 5.9851266404E8 444.98 78 7 225 13494 1211 38925
156600.0 16528 3460151.52 444.98 2871008 6.0197281557E8 444.98 78 7 225 13572 1218 39150
157500.0 16452 3457587.46 444.98 2887460 6.0543040303E8 444.98 78 7 225 13650 1225 39375
158400.0 16452 3457144.99 444.98 2903912 6.0888754802E8 444.98 78 7 225 13728 1232 39600
159300.0 16566 3466070.29 444.98 2920478 6.1235361831E8 444.98 78 7 225 13806 1239 39825
160200.0 16528 3460151.52 444.98 2937006 6.1581376983E8 444.98 78 7 225 13884 1246 40050
161100.0 16452 3457587.46 444.98 2953458 6.192713573E8 444.98 78 7 225 13962 1253 40275
162000.0 16452 3457144.99 444.98 2969910 6.2272850229E8 444.98 78 7 225 14040 1260 40500
162900.0 16566 3462875.65 444.98 2986476 6.2619137794E8 444.98 78 7 225 14118 1267 40725
163800.0 16528 3460309.67 444.98 3003004 6.2965168761E8 444.98 78 7 225 14196 1274 40950
164700.0 16452 3457587.46 444.98 3019456 6.3310927507E8 444.98 78 7 225 14274 1281 41175
165600.0 16452 3457144.99 444.98 3035908 6.3656642006E8 444.98 78 7 225 14352 1288 41400
166500.0 16566 3466070.29 444.98 3052474 6.4003249035E8 444.98 78 7 225 14430 1295 41625
167400.0 16528 3460151.52 444.98 3069002 6.4349264187E8 444.98 78 7 225 14508 1302 41850
168300.0 16452 3457587.46 444.98 3085454 6.4695022933E8 444.98 78 7 225 14586 1309 42075
169200.0 16452 3457144.99 444.98 3101906 6.5040737432E8 444.98 78 7 225 14664 1316 42300
170100.0 16566 3462875.65 444.98 3118472 6.5387024997E8 444.98 78 7 225 14742 1323 42525
171000.0 16528 3460309.67 444.98 3135000 6.5733055964E8 444.98 78 7 225 14820 1330 42750
171900.0 16452 3457587.46 444.98 3151452 6.6078814711E8 444.98 78 7 225 14898 1337 42975
172800.0 16452 3457144.99 444.98 3167904 6.642452921E8 444.98 78 7 225 14976 1344 43200
173700.0 16566 3462857.65 444.98 3184470 6.6770814975E8 444.98 78 7 225 15054 1351 43425
174600.0 16528 3460151.52 444.98 3200998 6.7116830127E8 444.98 78 7 225 15132 1358 43650
175500.0 16452 3457587.46 444.98 3217450 6.7462588873E8 444.98 78 7 225 15210 1365 43875
176400.0 16452 3457144.99 444.98 3233902 6.7808303372E8 444.98 78 7 225 15288 1372 44100
177300.0 16566 3462875.65 444.98 3250468 6.8154590937E8 444.98 78 7 225 15366 1379 44325
178200.0 16528 3460151.52 444.98 3266996 6.850060609E8 444.98 78 7 225 15444 1386 44550
179100.0 16452 3457587.46 444.98 3283448 6.8846364836E8 444.98 78 7 225 15522 1393 44775
180000.0 16452 3457144.99 444.98 3299900 6.9192079335E8 444.98 78 7 225 15600 1400 45000
180900.0 16566 3462875.65 444.98 3316466 6.95383669E8 444.98 78 7 225 15678 1407 45225
181800.0 16528 3460151.52 444.98 3332994 6.9884382052E8 444.98 78 7 225 15756 1414 45450
182700.0 16452 3457587.46 444.98 3349446 7.0230140799E8 444.98 78 7 225 15834 1421 45675
183600.0 16452 3457144.99 444.98 3365898 7.0575855298E8 444.98 78 7 225 15912 1428 45900
184500.0 16566 3462857.65 444.98 3382464 7.0922141063E8 444.98 78 7 225 15990 1435 46125
185400.0 16528 3460151.52 444.98 3398992 7.1268156215E8 444.98 78 7 225 16068 1442 46350
186300.0 16452 3457587.46 444.98 3415444 7.1613914961E8 444.98 78 7 225 16146 1449 46575
187200.0 16452 3457144.99 444.98 3431896 7.1959629461E8 444.98 78 7 225 16224 1456 46800
188100.0 16566 3462875.65 444.98 3448462 7.2305917025E8 444.98 78 7 225 16302 1463 47025
189000.0 16528 3460151.52 444.98 3464990 7.2651932178E8 444.98 78 7 225 16380 1470 47250
189900.0 16452 3457587.46 444.98 3481442 7.2997690924E8 444.98 78 7 225 16458 1477 47475
190800.0 16452 3457144.99 444.98 3497894 7.3343405423E8 444.98 78 7 225 16536 1484 47700
191700.0 16566 3462875.65 444.98 3514460 7.3689692988E8 444.98 78 7 225 16614 1491 47925
192600.0 16528 3460151.52 444.98 3530988 7.4035708141E8 444.98 78 7 225 16692 1498 48150
193500.0 16452 3457587.46 444.98 3547440 7.4381466887E8 444.98 78 7 225 16770 1505 48375
194400.0 16452 3457144.99 444.98 3563892 7.4727181386E8 444.98 78 7 225 16848 1512 48600
195300.0 16566 3462857.65 444.98 3580458 7.5073467151E8 444.98 78 7 225 16926 1519 48825
196200.0 16528 3460151.52 444.98 3596986 7.5419482303E8 444.98 78 7 225 17004 1526 49050
197100.0 16452 3457587.46 444.98 3613438 7.576524105E8 444.98 78 7 225 17082 1533 49275
198000.0 16452 3457144.99 444.98 3629890 7.6110955549E8 444.98 78 7 225 17160 1540 49500
198900.0 16566 3462875.65 444.98 3646456 7.6457243114E8 444.98 78 7 225 17238 1547 49725
199800.0 16528 3460151.52 444.98 3662984 7.6803258266E8 444.98 78 7 225 17316 1554 49950
200700.0 16452 3457587.46 444.98 3679436 7.7149017012E8 444.98 78 7 225 17394 1561 50175
201600.0 16452 3457144.99 444.98 3695888 7.7494731511E8 444.98 78 7 225 17472 1568 50400
202500.0 16566 3462875.65 444.98 3712454 7.7841019076E8 444.98 78 7 225 17550 1575 50625
203400.0 16528 3460151.52 444.98 3728982 7.8187034229E8 444.98 78 7 225 17628 1582 50850
204300.0 16452 3457587.46 444.98 3745434 7.8532792975E8 444.98 78 7 225 17706 1589 51075
205200.0 16452 3457144.99 444.98 3761886 7.8878507474E8 444.98 78 7 225 17784 1596 51300
206100.0 16566 3462857.65 444.98 3778452 7.9224793239E8 444.98 78 7 225 17862 1603 51525
207000.0 16528 3460151.52 444.98 3794980 7.9570808391E8 444.98 78 7 225 17940 1610 51750
207900.0 16452 3457587.46 444.98 3811432 7.9916567138E8 444.98 78 7 225 18018 1617 51975
208800.0 16452 3457144.99 444.98 3827884 8.0262281637E8 444.98 78 7 225 18096 1624 52200
209700.0 16566 3462875.65 444.98 3844450 8.0608569202E8 444.98 78 7 225 18174 1631 52425
210600.0 16528 3460151.52 444.98 3860978 8.0954584354E8 444.98 78 7 225 18252 1638 52650
211500.0 16452 3457587.46 444.98 3877430 8.13003431E8 444.98 78 7 225 18330 1645 52875
212400.0 16452 3457144.99 444.98 3893882 8.16460576E8 444.98 78 7 225 18408 1652 53100
213300.0 16566 3462857.65 444.98 3910448 8.1992343364E8 444.98 78 7 225 18486 1659 53325
214200.0 16528 3460151.52 444.98 3926976 8.2338358517E8 444.98 78 7 225 18564 1666 53550
215100.0 16452 3457587.46 444.98 3943428 8.2684117263E8 444.98 78 7 225 18642 1673 53775
216000.0 16452 3457144.99 444.98 3959880 8.3029831762E8 444.98 78 7 225 18720 1680 54000
216900.0 16566 3462875.65 444.98 3976446 8.3376119327E8 444.98 78 7 225 18798 1687 54225
217800.0 16528 3460151.52 444.98 3992974 8.3722134479E8 444.98 78 7 225 18876 1694 54450
218700.0 16452 3457587.46 444.98 4009426 8.4067893226E8 444.98 78 7 225 18954 1701 54675
219600.0 16452 3457144.99 444.98 4025878 8.4413607725E8 444.98 78 7 225 19032 1708 54900
220500.0 16566 3462857.65 444.98 4042444 8.475989349E8 444.98 78 7 225 19110 1715 55125
221400.0 16528 3460151.52 444.98 4058972 8.5105908642E8 444.98 78 7 225 19188 1722 55350
222300.0 16452 3457587.46 444.98 4075424 8.5451667388E8 444.98 78 7 225 19266 1729 55575
223200.0 16452 3457144.99 444.98 4091876 8.5797381888E8 444.98 78 7 225 19344 1736 55800
224100.0 16566 3462875.65 444.98 4108442 8.6143669453E8 444.98 78 7 225 19422 1743 56025
225000.0 16528 3460151.52 444.98 4124970 8.6489684605E8 444.98 78 7 225 19500 1750 56250
225900.0 16452 3457587.46 444.98 4141422 8.6835443351E8 444.98 78 7 225 19578 1757 56475
226800.0 16452 3457144.99 444.98 4157874 8.718115785E8 444.98 78 7 225 19656 1764 56700
227700.0 16566 3462857.65 444.98 4174440 8.7527443615E8 444.98 78 7 225 19734 1771 56925
228600.0 16528 3460151.52 444.98 4190968 8.7873458768E8 444.98 78 7 225 19812 1778 57150
229500.0 16452 3457587.46 444.98 4207420 8.8219217514E8 444.98 78 7 225 19890 1785 57375
230400.0 16452 3457144.99 444.98 4223872 8.8564932013E8 444.98 78 7 225 19968 1792 57600
231300.0 16566 3462875.65 444.98 4240438 8.8911219578E8 444.98 78 7 225 20046 1799 57825
232200.0 16528 3460151.52 444.98 4256966 8.925723473E8 444.98 78 7 225 20124 1806 58050
233100.0 16452 3457587.46 444.98 4273418 8.9602993477E8 444.98 78 7 225 20202 1813 58275
234000.0 16452 3457144.99 444.98 4289870 8.9948707976E8 444.98 78 7 225 20280 1820 58500
234900.0 16566 3462857.65 444.98 4306436 9.0294993741E8 444.98 78 7 225 20358 1827 58725
235800.0 16528 3460151.52 444.98 4322964 9.0641008893E8 444.98 78 7 225 20436 1834 58950
236700.0 16452 3457587.46 444.98 4339416 9.0986767639E8 444.98 78 7 225 20514 1841 59175
237600.0 16452 3457144.99 444.98 4355868 9.1332482138E8 444.98 78 7 225 20592 1848 59400
238500.0 16566 3462875.65 444.98 4372434 9.1678769703E8 444.98 78 7 225 20670 1855 59625
239400.0 16528 3460151.52 444.98 4388962 9.2024784856E8 444.98 78 7 225 20748 1862 59850
240300.0 16452 3457587.46 444.98 4405414 9.2370543602E8 444.98 78 7 225 20826 1869 60075
241200.0 16452 3457144.99 444.98 4421866 9.2716258101E8 444.98 78 7 225 20904 1876 60300
242100.0 16566 3462857.65 444.98 4438432 9.3062543866E8 444.98 78 7 225 20982 1883 60525
243000.0 16528 3460151.52 444.98 4454960 9.3408559018E8 444.98 78 7 225 21060 1890 60750
243900.0 16452 3457587.46 444.98 4471412 9.3754317765E8 444.98 78 7 225 21138 1897 60975
244800.0 16452 3457144.99 444.98 4487864 9.4100032264E8 444.98 78 7 225 21216 1904 61200
245700.0 16566 3462875.65 444.98 4504430 9.4446319829E8 444.98 78 7 225 21294 1911 61425
246600.0 16528 3460151.52 444.98 4520958 9.4792334981E8 444.98 78 7 225 21372 1918 61650
247500.0 16452 3457587.46 444.98 4537410 9.5138093727E8 444.98 78 7 225 21450 1925 61875
248400.0 16452 3457144.99 444.98 4553862 9.5483808226E8 444.98 78 7 225 21528 1932 62100
249300.0 16566 3462866.65 444.98 4570428 9.5830094892E8 444.98 78 7 225 21606 1939 62325
250200.0 16528 3460151.52 444.98 4586956 9.6176110044E8 444.98 78 7 225 21684 1946 62550
251100.0 16452 3457587.46 444.98 4603408 9.652186879E8 444.98 78 7 225 21762 1953 62775
252000.0 16452 3457144.99 444.98 4619860 9.686758329E8 444.98 78 7 225 21840 1960 63000
252900.0 16566 3462866.65 444.98 4636426 9.7213869955E8 444.98 78 7 225 21918 1967 63225
253800.0 16528 3460151.52 444.98 4652954 9.7559885107E8 444.98 78 7 225 21996 1974 63450
254700.0 16452 3457587.46 444.98 4669406 9.7905643853E8 444.98 78 7 225 22074 1981 63675
255600.0 16452 3457144.99 444.98 4685858 9.8251358353E8 444.98 78 7 225 22152 1988 63900
256500.0 16566 3462866.65 444.98 4702424 9.8597645018E8 444.98 78 7 225 22230 1995 64125
257400.0 16528 3460151.52 444.98 4718952 9.894366017E8 444.98 78 7 225 22308 2002 64350
258300.0 16452 3457587.46 444.98 4735404 9.9289418917E8 444.98 78 7 225 22386 2009 64575
259200.0 16452 3457144.99 444.98 4751856 9.9635133416E8 444.98 78 7 225 22464 2016 64800
260100.0 16566 3462866.65 444.98 4768422 9.9981420081E8 444.98 78 7 225 22542 2023 65025
261000.0 16528 3460151.52 444.98 4784950 1.00327435233E9 444.98 78 7 225 22620 2030 65250
261900.0 16452 3457587.46 444.98 4801402 1.0067319398E9 444.98 78 7 225 22698 2037 65475
262800.0 16452 3457144.99 444.98 4817854 1.01018908479E9 444.98 78 7 225 22776 2044 65700
263700.0 16566 3466079.29 444.98 4834420 1.01365516408E9 444.98 78 7 225 22854 2051 65925
264600.0 16528 3460151.52 444.98 4850948 1.0171153156E9 444.98 78 7 225 22932 2058 66150
265500.0 16452 3457587.46 444.98 4867400 1.02057290306E9 444.98 78 7 225 23010 2065 66375
266400.0 16452 3457144.99 444.98 4883852 1.02403004805E9 444.98 78 7 225 23088 2072 66600
267300.0 16566 3462866.65 444.98 4900418 1.02749291471E9 444.98 78 7 225 23166 2079 66825
268200.0 16528 3460309.67 444.98 4916946 1.03095322438E9 444.98 78 7 225 23244 2086 67050
269100.0 16452 3457587.46 444.98 4933398 1.03441081184E9 444.98 78 7 225 23322 2093 67275
270000.0 16452 3457144.99 444.98 4949850 1.03786795683E9 444.98 78 7 225 23400 2100 67500
270900.0 16566 3466088.29 444.98 4966416 1.04133404512E9 444.98 78 7 225 23478 2107 67725
271800.0 16528 3460151.52 444.98 4982944 1.04479419664E9 444.98 78 7 225 23556 2114 67950
272700.0 16452 3457587.46 444.98 4999396 1.0482517841E9 444.98 78 7 225 23634 2121 68175
273600.0 16452 3457144.99 444.98 5015848 1.0517089291E9 444.98 78 7 225 23712 2128 68400
274500.0 16566 3462857.65 444.98 5032414 1.05517178675E9 444.98 78 7 225 23790 2135 68625
275400.0 16528 3460309.67 444.98 5048942 1.05863209642E9 444.98 78 7 225 23868 2142 68850
276300.0 16452 3457587.46 444.98 5065394 1.06208968388E9 444.98 78 7 225 23946 2149 69075
277200.0 16452 3457144.99 444.98 5081846 1.06554682887E9 444.98 78 7 225 24024 2156 69300
278100.0 16566 3462875.65 444.98 5098412 1.06900970453E9 444.98 78 7 225 24102 2163 69525
279000.0 16528 3460151.52 444.98 5114940 1.07246985605E9 444.98 78 7 225 24180 2170 69750
279900.0 16452 3457587.46 444.98 5131392 1.07592744351E9 444.98 78 7 225 24258 2177 69975
280800.0 16452 3457144.99 444.98 5147844 1.07938458851E9 444.98 78 7 225 24336 2184 70200
281700.0 16566 3466079.29 444.98 5164410 1.08285066779E9 444.98 78 7 225 24414 2191 70425
282600.0 16528 3460151.52 444.98 5180938 1.08631081932E9 444.98 78 7 225 24492 2198 70650
283500.0 16452 3457587.46 444.98 5197390 1.08976840678E9 444.98 78 7 225 24570 2205 70875
284400.0 16452 3457144.99 444.98 5213842 1.09322555177E9 444.98 78 7 225 24648 2212 71100
285300.0 16566 3462866.65 444.98 5230408 1.09668841843E9 444.98 78 7 225 24726 2219 71325
286200.0 16528 3460309.67 444.98 5246936 1.1001487281E9 444.98 78 7 225 24804 2226 71550
287100.0 16452 3457587.46 444.98 5263388 1.10360631556E9 444.98 78 7 225 24882 2233 71775
288000.0 16452 3457144.99 444.98 5279840 1.10706346055E9 444.98 78 7 225 24960 2240 72000
288900.0 16566 3466088.29 444.98 5296406 1.11052954884E9 444.98 78 7 225 25038 2247 72225
289800.0 16528 3460151.52 444.98 5312934 1.11398970036E9 444.98 78 7 225 25116 2254 72450
290700.0 16452 3457587.46 444.98 5329386 1.11744728782E9 444.98 78 7 225 25194 2261 72675
291600.0 16452 3457144.99 444.98 5345838 1.12090443282E9 444.98 78 7 225 25272 2268 72900
292500.0 16566 3462875.65 444.98 5362404 1.12436730847E9 444.98 78 7 225 25350 2275 73125
293400.0 16528 3460309.67 444.98 5378932 1.12782761814E9 444.98 78 7 225 25428 2282 73350
294300.0 16452 3457587.46 444.98 5395384 1.1312852056E9 444.98 78 7 225 25506 2289 73575
295200.0 16452 3457144.99 444.98 5411836 1.13474235059E9 444.98 78 7 225 25584 2296 73800
296100.0 16566 3462857.65 444.98 5428402 1.13820520825E9 444.98 78 7 225 25662 2303 74025
297000.0 16528 3460151.52 444.98 5444930 1.14166535977E9 444.98 78 7 225 25740 2310 74250
297900.0 16452 3457587.46 444.98 5461382 1.14512294724E9 444.98 78 7 225 25818 2317 74475
298800.0 16452 3457144.99 444.98 5477834 1.14858009223E9 444.98 78 7 225 25896 2324 74700
299700.0 16566 3462875.65 444.98 5494400 1.15204296788E9 444.98 78 7 225 25974 2331 74925
300600.0 16528 3460151.52 444.98 5510928 1.15550311941E9 444.98 78 7 225 26052 2338 75150
301500.0 16452 3457587.46 444.98 5527380 1.15896070687E9 444.98 78 7 225 26130 2345 75375
302400.0 16452 3457144.99 444.98 5543832 1.16241785186E9 444.98 78 7 225 26208 2352 75600
303300.0 16566 3462857.65 444.98 5560398 1.16588070951E9 444.98 78 7 225 26286 2359 75825
304200.0 16528 3460151.52 444.98 5576926 1.16934086103E9 444.98 78 7 225 26364 2366 76050
305100.0 16452 3457587.46 444.98 5593378 1.1727984485E9 444.98 78 7 225 26442 2373 76275
306000.0 16452 3457144.99 444.98 5609830 1.17625559349E9 444.98 78 7 225 26520 2380 76500
306900.0 16566 3462875.65 444.98 5626396 1.17971846914E9 444.98 78 7 225 26598 2387 76725
307800.0 16528 3460151.52 444.98 5642924 1.18317862066E9 444.98 78 7 225 26676 2394 76950
308700.0 16452 3457587.46 444.98 5659376 1.18663620812E9 444.98 78 7 225 26754 2401 77175
309600.0 16452 3457144.99 444.98 5675828 1.19009335312E9 444.98 78 7 225 26832 2408 77400
310500.0 16566 3462875.69 444.98 5692394 1.19355622881E9 444.98 78 7 225 26910 2415 77625
311400.0 16528 3460151.52 444.98 5708922 1.19701638033E9 444.98 78 7 225 26988 2422 77850
312300.0 16452 3457587.46 444.98 5725374 1.2004739678E9 444.98 78 7 225 27066 2429 78075
313200.0 16452 3457144.99 444.98 5741826 1.20393111279E9 444.98 78 7 225 27144 2436 78300
314100.0 16566 3462857.69 444.98 5758392 1.20739397048E9 444.98 78 7 225 27222 2443 78525
315000.0 16528 3460151.52 444.98 5774920 1.210854122E9 444.98 78 7 225 27300 2450 78750
315900.0 16452 3457587.46 444.98 5791372 1.21431170947E9 444.98 78 7 225 27378 2457 78975
316800.0 16452 3457144.99 444.98 5807824 1.21776885446E9 444.98 78 7 225 27456 2464 79200
317700.0 16566 3462875.69 444.98 5824390 1.22123173015E9 444.98 78 7 225 27534 2471 79425
318600.0 16528 3460309.67 444.98 5840918 1.22469203982E9 444.98 78 7 225 27612 2478 79650
319500.0 16452 3457587.46 444.98 5857370 1.22814962728E9 444.98 78 7 225 27690 2485 79875
320400.0 16452 3457144.99 444.98 5873822 1.23160677227E9 444.98 78 7 225 27768 2492 80100
321300.0 16566 3462857.69 444.98 5890388 1.23506962997E9 444.98 78 7 225 27846 2499 80325
322200.0 16528 3460151.52 444.98 5906916 1.23852978149E9 444.98 78 7 225 27924 2506 80550
323100.0 16452 3457587.46 444.98 5923368 1.24198736895E9 444.98 78 7 225 28002 2513 80775
324000.0 16452 3457144.99 444.98 5939820 1.24544451394E9 444.98 78 7 225 28080 2520 81000
324900.0 16566 3462875.69 444.98 5956386 1.24890738964E9 444.98 78 7 225 28158 2527 81225
325800.0 16528 3460151.52 444.98 5972914 1.25236754116E9 444.98 78 7 225 28236 2534 81450
326700.0 16452 3457587.46 444.98 5989366 1.25582512862E9 444.98 78 7 225 28314 2541 81675
327600.0 16452 3457144.99 444.98 6005818 1.25928227361E9 444.98 78 7 225 28392 2548 81900
328500.0 16566 3462848.69 444.98 6022384 1.26274512231E9 444.98 78 7 225 28470 2555 82125
329400.0 16528 3460151.52 444.98 6038912 1.26620527383E9 444.98 78 7 225 28548 2562 82350
330300.0 16452 3457587.46 444.98 6055364 1.26966286129E9 444.98 78 7 225 28626 2569 82575
331200.0 16452 3457144.99 444.98 6071816 1.27312000629E9 444.98 78 7 225 28704 2576 82800
332100.0 16566 3466088.29 444.98 6088382 1.27658609457E9 444.98 78 7 225 28782 2583 83025
333000.0 16528 3460309.67 444.98 6104910 1.28004640424E9 444.98 78 7 225 28860 2590 83250
333900.0 16452 3457587.46 444.98 6121362 1.28350399171E9 444.98 78 7 225 28938 2597 83475
334800.0 16452 3457144.99 444.98 6137814 1.2869611367E9 444.98 78 7 225 29016 2604 83700
335700.0 16566 3462866.69 444.98 6154380 1.29042400339E9 444.98 78 7 225 29094 2611 83925
336600.0 16528 3460151.52 444.98 6170908 1.29388415491E9 444.98 78 7 225 29172 2618 84150
337500.0 16452 3457587.46 444.98 6187360 1.29734174238E9 444.98 78 7 225 29250 2625 84375
338400.0 16452 3457144.99 444.98 6203812 1.30079888737E9 444.98 78 7 225 29328 2632 84600
339300.0 16566 3462857.69 444.98 6220378 1.30426174506E9 444.98 78 7 225 29406 2639 84825
340200.0 16528 3460309.67 444.98 6236906 1.30772205473E9 444.98 78 7 225 29484 2646 85050
341100.0 16452 3457587.46 444.98 6253358 1.31117964219E9 444.98 78 7 225 29562 2653 85275
342000.0 16452 3457144.99 444.98 6269810 1.31463678718E9 444.98 78 7 225 29640 2660 85500
342900.0 16566 3466088.29 444.98 6286376 1.31810287547E9 444.98 78 7 225 29718 2667 85725
343800.0 16528 3460151.52 444.98 6302904 1.321563027E9 444.98 78 7 225 29796 2674 85950
344700.0 16452 3457587.46 444.98 6319356 1.32502061446E9 444.98 78 7 225 29874 2681 86175
345600.0 16452 3457144.99 444.98 6335808 1.32847775945E9 444.98 78 7 225 29952 2688 86400

