# seed = 1, gamma = 1.0, beta = 0.75, dee = 100.0, dcc = 50.0, dec = 600.0, dsc = 2000.0, dLocalhost = 0.015, hostBroker = CLOUD, numOfCloud = 1, numOfEdge = 1, numOfSmartphone = 225 
#
# The columns have the following meaning: 
# instant[SECONDS] delayCountPartial delaySumPartial[SECONDS] delayMaxPartial[SECONDS] delayCountTot delaySumTot[SECONDS] delayMaxTot[SECONDS] runOnCloudPartial runOnEdgePartial runOnSmartphonePartial runOnCloudTot runOnEdgeTot runOnSmartphoneTot
0.0 0 0.0 0.0 0 0.0 0.0 0 0 0 0 0 0
900.0 16560 1.8588844302E8 22921.35 16560 1.8588844302E8 22921.35 75 10 225 75 10 225
1800.0 16524 5.4956509085E8 45457.01 33084 7.3545353388E8 45457.01 75 10 225 150 20 450
2700.0 16452 9.1233836345E8 67992.14 49536 1.64779189733E9 67992.14 75 10 225 225 30 675
3600.0 16452 1.27605684243E9 90527.26 65988 2.92384873976E9 90527.26 75 10 225 300 40 900
4500.0 16560 1.64597318842E9 113062.38 82548 4.56982192817E9 113062.38 75 10 225 375 50 1125
5400.0 16524 2.00787037812E9 135597.51 99072 6.57769230629E9 135597.51 75 10 225 450 60 1350
6300.0 16453 2.36738657584E9 158132.64 115525 8.94507888213E9 158132.64 75 10 225 525 70 1575
7200.0 16452 2.73110474307E9 180667.76 131977 1.16761836252E10 180667.76 75 10 225 600 80 1800
8100.0 16560 3.10572872193E9 203202.88 148537 1.478191234713E10 203202.88 75 10 225 675 90 2025
9000.0 16524 3.46615516783E9 225738.01 165061 1.824806751496E10 225738.01 75 10 225 750 100 2250
9900.0 16452 3.82243416499E9 248273.13 181513 2.207050167995E10 248273.13 75 10 225 825 110 2475
10800.0 16452 4.18615264397E9 270808.25 197965 2.625665432392E10 270808.25 75 10 225 900 120 2700
11700.0 16560 4.56580418162E9 293343.38 214525 3.082245850554E10 293343.38 75 10 225 975 130 2925
12600.0 16524 4.92445629569E9 315878.51 231049 3.574691480123E10 315878.51 75 10 225 1050 140 3150
13500.0 16452 5.27748206589E9 338413.63 247501 4.102439686712E10 338413.63 75 10 225 1125 150 3375
14400.0 16452 5.64120054487E9 360948.75 263953 4.666559741199E10 360948.75 75 10 225 1200 160 3600
15300.0 16560 6.0255596884E9 383483.87 280513 5.269115710038E10 383483.87 75 10 225 1275 170 3825
16200.0 16524 6.38274108541E9 406019.0 297037 5.907389818579E10 406019.0 75 10 225 1350 180 4050
17100.0 16452 6.73252996679E9 428554.13 313489 6.580642815258E10 428554.13 75 10 225 1425 190 4275
18000.0 16452 7.09624844577E9 451089.25 329941 7.290267659835E10 451089.25 75 10 225 1500 200 4500
18900.0 16560 7.48547517613E9 473624.37 346501 8.038815177448E10 473624.37 75 10 225 1575 210 4725
19800.0 16524 7.8410340352E9 496159.5 363025 8.822918580968E10 496159.5 75 10 225 1650 220 4950
20700.0 16452 8.18757786769E9 518694.62 379477 9.641676367737E10 518694.62 75 10 225 1725 230 5175
21600.0 16452 8.55129634668E9 541229.75 395929 1.0496806002405E11 541229.75 75 10 225 1800 240 5400
22500.0 16560 8.94539065488E9 563764.87 412489 1.1391345067893E11 563764.87 75 10 225 1875 250 5625
23400.0 16525 9.29932700302E9 586300.0 429014 1.2321277768196E11 586300.0 75 10 225 1950 260 5850
24300.0 16457 9.6426259049E9 608835.13 445471 1.3285540358686E11 608835.13 75 10 225 2025 270 6075
25200.0 16454 1.000634885883E10 631370.81 461925 1.4286175244569E11 631370.81 75 10 225 2100 280 6300
26100.0 16560 1.040547544865E10 653905.94 478485 1.5326722789434E11 653905.94 75 10 225 2175 290 6525
27000.0 16524 1.075762924988E10 676441.07 495009 1.6402485714422E11 676441.07 75 10 225 2250 300 6750
27900.0 16452 1.109768293695E10 698976.19 511461 1.7512254008117E11 698976.19 75 10 225 2325 310 6975
28800.0 16452 1.146140141594E10 721511.31 527913 1.8658394149711E11 721511.31 75 10 225 2400 320 7200
29700.0 16560 1.186523094686E10 744046.43 544473 1.9844917244397E11 744046.43 75 10 225 2475 330 7425
30600.0 16524 1.221592220022E10 766581.57 560997 2.1066509464418E11 766581.57 75 10 225 2550 340 7650
31500.0 16452 1.25527308384E10 789116.69 577449 2.2321782548258E11 789116.69 75 10 225 2625 350 7875
32400.0 16452 1.291644931739E10 811651.81 593901 2.3613427479996E11 811651.81 75 10 225 2700 360 8100
33300.0 16560 1.332514642614E10 834186.93 610461 2.494594212261E11 834186.93 75 10 225 2775 370 8325
34200.0 16524 1.367421516861E10 856722.06 626985 2.6313363639471E11 856722.06 75 10 225 2850 380 8550
35100.0 16452 1.40077787399E10 879257.19 643437 2.771414151346E11 879257.19 75 10 225 2925 390 8775
36000.0 16452 1.437149721889E10 901792.31 659889 2.9151291235349E11 901792.31 75 10 225 3000 400 9000
36900.0 16560 1.478506191447E10 924327.43 676449 3.0629797426796E11 924327.43 75 10 225 3075 410 9225
37800.0 16524 1.513250812805E10 946862.56 692973 3.2143048239601E11 946862.56 75 10 225 3150 420 9450
38700.0 16452 1.54628266415E10 969397.68 709425 3.3689330903751E11 969397.68 75 10 225 3225 430 9675
39600.0 16452 1.582654512049E10 991932.8 725877 3.5271985415801E11 991932.8 75 10 225 3300 440 9900
40500.0 16560 1.624497740291E10 1014467.93 742437 3.6896483156092E11 1014467.93 75 10 225 3375 450 10125
41400.0 16524 1.659080108755E10 1037003.06 758961 3.8555563264847E11 1037003.06 75 10 225 3450 460 10350
42300.0 16452 1.691787454311E10 1059538.18 775413 4.0247350719158E11 1059538.18 75 10 225 3525 470 10575
43200.0 16452 1.728159302211E10 1082073.3 791865 4.1975510021369E11 1082073.3 75 10 225 3600 480 10800
44100.0 16560 1.770489288236E10 1104608.42 808425 4.3745999309605E11 1104608.42 75 10 225 3675 490 11025
45000.0 16524 1.804909404705E10 1127143.55 824949 4.555090871431E11 1127143.55 75 10 225 3750 500 11250
45900.0 16452 1.837292244478E10 1149678.68 841401 4.7388200958788E11 1149678.68 75 10 225 3825 510 11475
46800.0 16452 1.873664092377E10 1172213.8 857853 4.9261865051166E11 1172213.8 75 10 225 3900 520 11700
47700.0 16561 1.916496882176E10 1194748.92 874414 5.1178361933341E11 1194748.92 75 10 225 3975 530 11925
48600.0 16524 1.950739158567E10 1217284.58 890938 5.3129101091908E11 1217284.58 75 10 225 4050 540 12150
49500.0 16452 1.982797931823E10 1239819.75 907390 5.5111899023731E11 1239819.75 75 10 225 4125 550 12375
50400.0 16452 2.019169808103E10 1262354.87 923842 5.7131068831834E11 1262354.87 75 10 225 4200 560 12600
51300.0 16560 2.062473315492E10 1284889.99 940402 5.9193542147326E11 1284889.99 75 10 225 4275 570 12825
52200.0 16524 2.09656892425E10 1307425.12 956926 6.1290111071576E11 1307425.12 75 10 225 4350 580 13050
53100.0 16452 2.128302750382E10 1329960.24 973378 6.3418413821958E11 1329960.24 75 10 225 4425 590 13275
54000.0 16452 2.164674598281E10 1352495.36 989830 6.5583088420239E11 1352495.36 75 10 225 4500 600 13500
54900.0 16560 2.208464864353E10 1375030.49 1006390 6.7791553284592E11 1375030.49 75 10 225 4575 610 13725
55800.0 16524 2.242398220211E10 1397565.62 1022914 7.0033951504803E11 1397565.62 75 10 225 4650 620 13950
56700.0 16452 2.273807540554E10 1420100.74 1039366 7.2307759045357E11 1420100.74 75 10 225 4725 630 14175
57600.0 16452 2.310179388453E10 1442635.86 1055818 7.461793843381E11 1442635.86 75 10 225 4800 640 14400
58500.0 16560 2.354456413209E10 1465170.98 1072378 7.6972394847019E11 1465170.98 75 10 225 4875 650 14625
59400.0 16524 2.388227516173E10 1487706.11 1088902 7.9360622363192E11 1487706.11 75 10 225 4950 660 14850
60300.0 16452 2.419312330726E10 1510241.24 1105354 8.1779934693918E11 1510241.24 75 10 225 5025 670 15075
61200.0 16452 2.455684178625E10 1532776.36 1121806 8.4235618872543E11 1532776.36 75 10 225 5100 680 15300
62100.0 16560 2.500447962065E10 1555311.48 1138366 8.6736066834607E11 1555311.48 75 10 225 5175 690 15525
63000.0 16524 2.534056812134E10 1577846.61 1154890 8.9270123646741E11 1577846.61 75 10 225 5250 700 15750
63900.0 16452 2.564817120898E10 1600381.73 1171342 9.183494076764E11 1600381.73 75 10 225 5325 710 15975
64800.0 16452 2.601188968797E10 1622916.86 1187794 9.4436129736437E11 1622916.86 75 10 225 5400 720 16200
65700.0 16560 2.646455510811E10 1645451.98 1204354 9.7082585247249E11 1645451.98 75 10 225 5475 730 16425
66600.0 16524 2.679886108095E10 1667987.11 1220878 9.9762471355344E11 1667987.11 75 10 225 5550 740 16650
67500.0 16452 2.710321911071E10 1690522.23 1237330 1.02472793266414E12 1690522.23 75 10 225 5625 750 16875
68400.0 16452 2.74669375897E10 1713057.35 1253782 1.05219487025384E12 1713057.35 75 10 225 5700 760 17100
69300.0 16560 2.792431058876E10 1735592.47 1270342 1.0801191808426E12 1735592.47 75 10 225 5775 770 17325
70200.0 16524 2.825715403156E10 1758127.61 1286866 1.10837633487416E12 1758127.61 75 10 225 5850 780 17550
71100.0 16452 2.855826701243E10 1780662.73 1303318 1.13693460188659E12 1780662.73 75 10 225 5925 790 17775
72000.0 16452 2.892198961868E10 1803198.36 1319770 1.16585659150527E12 1803198.36 75 10 225 6000 800 18000
72900.0 16560 2.938423475019E10 1825733.54 1336330 1.19524082625546E12 1825733.54 75 10 225 6075 810 18225
73800.0 16524 2.971545626882E10 1848268.68 1352854 1.22495628252428E12 1848268.68 75 10 225 6150 820 18450
74700.0 16452 3.001332416217E10 1870803.8 1369306 1.25496960668646E12 1870803.8 75 10 225 6225 830 18675
75600.0 16452 3.037704264116E10 1893338.92 1385758 1.28534664932762E12 1893338.92 75 10 225 6300 840 18900
76500.0 16560 3.084431084375E10 1915874.04 1402318 1.31619096017137E12 1915874.04 75 10 225 6375 850 19125
77400.0 16524 3.117374922844E10 1938409.17 1418842 1.3473647093998E12 1938409.17 75 10 225 6450 860 19350
78300.0 16452 3.146837206389E10 1960944.29 1435294 1.3788330814637E12 1960944.29 75 10 225 6525 870 19575
79200.0 16452 3.183209054289E10 1983479.42 1451746 1.41066517200658E12 1983479.42 75 10 225 6600 880 19800
80100.0 16560 3.230406633339E10 2006014.54 1468306 1.44296923833998E12 2006014.54 75 10 225 6675 890 20025
81000.0 16524 3.263205035712E10 2028549.67 1484830 1.4756012886971E12 2028549.67 75 10 225 6750 900 20250
81900.0 16452 3.292341996556E10 2051084.79 1501282 1.50852470866266E12 2051084.79 75 10 225 6825 910 20475
82800.0 16452 3.328713844455E10 2073619.91 1517734 1.54181184710721E12 2073619.91 75 10 225 6900 920 20700
83700.0 16560 3.376414182975E10 2096155.04 1534294 1.57557598893696E12 2096155.04 75 10 225 6975 930 20925
84600.0 16524 3.409033514749E10 2118690.17 1550818 1.60966632408445E12 2118690.17 75 10 225 7050 940 21150
85500.0 16452 3.437846786705E10 2141225.29 1567270 1.64404479195151E12 2141225.29 75 10 225 7125 950 21375
86400.0 16452 3.474218634598E10 2163760.41 1583722 1.67878697829749E12 2163760.41 75 10 225 7200 960 21600
87300.0 16560 3.52238973011E10 2186295.53 1600282 1.71401087559859E12 2186295.53 75 10 225 7275 970 21825
88200.0 16524 3.554863626687E10 2208830.66 1616806 1.74955951186545E12 2208830.66 75 10 225 7350 980 22050
89100.0 16452 3.583351576847E10 2231365.79 1633258 1.78539302763393E12 2231365.79 75 10 225 7425 990 22275
90000.0 16452 3.61972342474E10 2253900.91 1649710 1.82159026188133E12 2253900.91 75 10 225 7500 1000 22500
90900.0 16560 3.668397279726E10 2276436.03 1666270 1.85827423467859E12 2276436.03 75 10 225 7575 1010 22725
91800.0 16524 3.700692105716E10 2298971.16 1682794 1.89528115573575E12 2298971.16 75 10 225 7650 1020 22950
92700.0 16452 3.728856366995E10 2321506.28 1699246 1.9325697194057E12 2321506.28 75 10 225 7725 1030 23175
93600.0 16452 3.765228214888E10 2344041.4 1715698 1.97022200155457E12 2344041.4 75 10 225 7800 1040 23400
94500.0 16560 3.814372828666E10 2366576.53 1732258 2.00836572984123E12 2366576.53 75 10 225 7875 1050 23625
95400.0 16524 3.846522610372E10 2389112.15 1748782 2.04683095594495E12 2389112.15 75 10 225 7950 1060 23850
96300.0 16452 3.874362021447E10 2411647.35 1765234 2.08557457615942E12 2411647.35 75 10 225 8025 1070 24075
97200.0 16452 3.91073392912E10 2434182.47 1781686 2.12468191545062E12 2434182.47 75 10 225 8100 1080 24300
98100.0 16560 3.960365304673E10 2456717.6 1798246 2.16428556849735E12 2456717.6 75 10 225 8175 1090 24525
99000.0 16524 3.992351623735E10 2479252.73 1814770 2.2042090847347E12 2479252.73 75 10 225 8250 1100 24750
99900.0 16452 4.019866871374E10 2501787.85 1831222 2.24440775344844E12 2501787.85 75 10 225 8325 1110 24975
100800.0 16452 4.056238719267E10 2524322.97 1847674 2.28497014064111E12 2524322.97 75 10 225 8400 1120 25200
101700.0 16560 4.106356853504E10 2546858.09 1864234 2.32603370917615E12 2546858.09 75 10 225 8475 1130 25425
102600.0 16524 4.138180920571E10 2569393.22 1880758 2.36741551838186E12 2569393.22 75 10 225 8550 1140 25650
103500.0 16452 4.165371661522E10 2591928.35 1897210 2.40906923499708E12 2591928.35 75 10 225 8625 1150 25875
104400.0 16452 4.201743509415E10 2614463.47 1913662 2.45108667009122E12 2614463.47 75 10 225 8700 1160 26100
105300.0 16560 4.252348403234E10 2636998.59 1930222 2.49361015412357E12 2636998.59 75 10 225 8775 1170 26325
106200.0 16524 4.284010215607E10 2659533.72 1946746 2.53645025627964E12 2659533.72 75 10 225 8850 1180 26550
107100.0 16452 4.310876451669E10 2682068.84 1963198 2.57955902079633E12 2682068.84 75 10 225 8925 1190 26775
108000.0 16452 4.347248299562E10 2704603.96 1979650 2.62303150379195E12 2704603.96 75 10 225 9000 1200 27000
108900.0 16560 4.398339951165E10 2727139.09 1996210 2.6670149033036E12 2727139.09 75 10 225 9075 1210 27225
109800.0 16524 4.429839512449E10 2749674.22 2012734 2.71131329842809E12 2749674.22 75 10 225 9150 1220 27450
110700.0 16452 4.456381241827E10 2772209.34 2029186 2.75587711084636E12 2772209.34 75 10 225 9225 1230 27675
111600.0 16452 4.49275308972E10 2794744.46 2045638 2.80080464174357E12 2794744.46 75 10 225 9300 1240 27900
112500.0 16560 4.544331500907E10 2817279.58 2062198 2.84624795675263E12 2817279.58 75 10 225 9375 1250 28125
113400.0 16524 4.575668807496E10 2839814.71 2078722 2.8920046448276E12 2839814.71 75 10 225 9450 1260 28350
114300.0 16452 4.601886031985E10 2862349.84 2095174 2.93802350514745E12 2862349.84 75 10 225 9525 1270 28575
115200.0 16452 4.638257879878E10 2884884.96 2111626 2.98440608394623E12 2884884.96 75 10 225 9600 1280 28800
116100.0 16560 4.690323047948E10 2907420.08 2128186 3.03130931442572E12 2907420.08 75 10 225 9675 1290 29025
117000.0 16524 4.721498104343E10 2929955.21 2144710 3.07852429546915E12 2929955.21 75 10 225 9750 1300 29250
117900.0 16458 4.747391032379E10 2952490.33 2161168 3.12599820579294E12 2952490.33 75 10 225 9825 1310 29475
118800.0 16455 4.783763141719E10 2975025.92 2177623 3.17383583721013E12 2975025.92 75 10 225 9900 1320 29700
119700.0 16560 4.83631541242E10 2997561.15 2194183 3.22219899133434E12 2997561.15 75 10 225 9975 1330 29925
120600.0 16524 4.867328324967E10 3020096.28 2210707 3.270872274584E12 3020096.28 75 10 225 10050 1340 30150
121500.0 16452 4.892896535818E10 3042631.4 2227159 3.31980123994218E12 3042631.4 75 10 225 10125 1350 30375
122400.0 16452 4.929268383711E10 3065166.52 2243611 3.36909392377929E12 3065166.52 75 10 225 10200 1360 30600
123300.0 16560 4.982307073138E10 3087701.65 2260171 3.41891699451067E12 3087701.65 75 10 225 10275 1370 30825
124200.0 16524 5.013157621814E10 3110236.78 2276695 3.46904857072881E12 3110236.78 75 10 225 10350 1380 31050
125100.0 16452 5.038401325976E10 3132771.9 2293147 3.51943258398857E12 3132771.9 75 10 225 10425 1390 31275
126000.0 16452 5.074773173869E10 3155307.02 2309599 3.57018031572726E12 3155307.02 75 10 225 10500 1400 31500
126900.0 16560 5.128298622879E10 3177842.14 2326159 3.62146330195605E12 3177842.14 75 10 225 10575 1410 31725
127800.0 16524 5.158986917761E10 3200377.27 2342683 3.67305317113366E12 3200377.27 75 10 225 10650 1420 31950
128700.0 16452 5.183906116134E10 3222912.4 2359135 3.724892232295E12 3222912.4 75 10 225 10725 1430 32175
129600.0 16452 5.220277964027E10 3245447.52 2375587 3.77709501193528E12 3245447.52 75 10 225 10800 1440 32400
130500.0 16560 5.274290172621E10 3267982.64 2392147 3.82983791366148E12 3267982.64 75 10 225 10875 1450 32625
131400.0 16524 5.304816212808E10 3290517.77 2408671 3.88288607578956E12 3290517.77 75 10 225 10950 1460 32850
132300.0 16452 5.329410906292E10 3313052.89 2425123 3.93618018485249E12 3313052.89 75 10 225 11025 1470 33075
133200.0 16452 5.365782754185E10 3335588.02 2441575 3.98983801239434E12 3335588.02 75 10 225 11100 1480 33300
134100.0 16560 5.420281720562E10 3358123.14 2458135 4.04404082959997E12 3358123.14 75 10 225 11175 1490 33525
135000.0 16524 5.450645509655E10 3380658.27 2474659 4.09854728469652E12 3380658.27 75 10 225 11250 1500 33750
135900.0 16452 5.474915696451E10 3403193.39 2491111 4.15329644166102E12 3403193.39 75 10 225 11325 1510 33975
136800.0 16452 5.511287544344E10 3425728.51 2507563 4.20840931710446E12 3425728.51 75 10 225 11400 1520 34200
137700.0 16560 5.566273268504E10 3448263.63 2524123 4.2640720497895E12 3448263.63 75 10 225 11475 1530 34425
138600.0 16524 5.596474804702E10 3470798.77 2540647 4.32003679783652E12 3470798.77 75 10 225 11550 1540 34650
139500.0 16452 5.620420486609E10 3493333.89 2557099 4.37624100270261E12 3493333.89 75 10 225 11625 1550 34875
140400.0 16452 5.656792334502E10 3515869.01 2573551 4.43280892604762E12 3515869.01 75 10 225 11700 1560 35100
141300.0 16561 5.712264866242E10 3538404.13 2590112 4.48993157471004E12 3538404.13 75 10 225 11775 1570 35325
142200.0 16524 5.742304484133E10 3560939.71 2606636 4.54735461955138E12 3560939.71 75 10 225 11850 1580 35550
143100.0 16452 5.765926105438E10 3583474.95 2623088 4.60501388060576E12 3583474.95 75 10 225 11925 1590 35775
144000.0 16452 5.802298048182E10 3606010.08 2639540 4.66303686108759E12 3606010.08 75 10 225 12000 1600 36000
144900.0 16560 5.858257293699E10 3628545.2 2656100 4.72161943402458E12 3628545.2 75 10 225 12075 1610 36225
145800.0 16524 5.888134322179E10 3651080.33 2672624 4.78050077724636E12 3651080.33 75 10 225 12150 1620 36450
146700.0 16452 5.911430990448E10 3673615.45 2689076 4.83961508715084E12 3673615.45 75 10 225 12225 1630 36675
147600.0 16452 5.94780283834E10 3696150.57 2705528 4.89909311553424E12 3696150.57 75 10 225 12300 1640 36900
148500.0 16560 6.004248842541E10 3718685.7 2722088 4.95913560395965E12 3718685.7 75 10 225 12375 1650 37125
149400.0 16524 6.033963619026E10 3741220.83 2738612 5.01947524014991E12 3741220.83 75 10 225 12450 1660 37350
150300.0 16452 6.056935780606E10 3763755.95 2755064 5.08004459795597E12 3763755.95 75 10 225 12525 1670 37575
151200.0 16452 6.093307628499E10 3786291.07 2771516 5.14097767424095E12 3786291.07 75 10 225 12600 1680 37800
152100.0 16560 6.150240390482E10 3808826.19 2788076 5.20248007814578E12 3808826.19 75 10 225 12675 1690 38025
153000.0 16524 6.179792914078E10 3831361.33 2804600 5.26427800728656E12 3831361.33 75 10 225 12750 1700 38250
153900.0 16452 6.202440570769E10 3853896.45 2821052 5.32630241299425E12 3853896.45 75 10 225 12825 1710 38475
154800.0 16452 6.238812418662E10 3876431.57 2837504 5.38869053718087E12 3876431.57 75 10 225 12900 1720 38700
155700.0 16560 6.296231940229E10 3898966.69 2854064 5.45165285658317E12 3898966.69 75 10 225 12975 1730 38925
156600.0 16524 6.325622210931E10 3921501.82 2870588 5.51490907869248E12 3921501.82 75 10 225 13050 1740 39150
157500.0 16452 6.347945360927E10 3944036.94 2887040 5.57838853230175E12 3944036.94 75 10 225 13125 1750 39375
158400.0 16452 6.38431720882E10 3966572.07 2903492 5.64223170438995E12 3966572.07 75 10 225 13200 1760 39600
159300.0 16560 6.442239488062E10 3989107.19 2920052 5.70665409927058E12 3989107.19 75 10 225 13275 1770 39825
160200.0 16524 6.471451505978E10 4011642.32 2936576 5.77136861433036E12 4011642.32 75 10 225 13350 1780 40050
161100.0 16452 6.493450151086E10 4034177.44 2953028 5.83630311584121E12 4034177.44 75 10 225 13425 1790 40275
162000.0 16452 6.529821998978E10 4056712.56 2969480 5.90160133583099E12 4056712.56 75 10 225 13500 1800 40500
162900.0 16560 6.588215037013E10 4079247.68 2986040 5.96748348620112E12 4079247.68 75 10 225 13575 1810 40725
163800.0 16524 6.617281620621E10 4101782.82 3002564 6.03365630240733E12 4101782.82 75 10 225 13650 1820 40950
164700.0 16452 6.638954941233E10 4124317.94 3019016 6.10004585181966E12 4124317.94 75 10 225 13725 1830 41175
165600.0 16452 6.675327138113E10 4146853.49 3035468 6.1667991232008E12 4146853.49 75 10 225 13800 1840 41400
166500.0 16560 6.734223397657E10 4169388.75 3052028 6.23414135717737E12 4169388.75 75 10 225 13875 1850 41625
167400.0 16524 6.763111024234E10 4191923.88 3068552 6.30177246741971E12 4191923.88 75 10 225 13950 1860 41850
168300.0 16452 6.784460654805E10 4214459.01 3085004 6.36961707396776E12 4214459.01 75 10 225 14025 1870 42075
169200.0 16452 6.820832502698E10 4236994.13 3101456 6.43782539899474E12 4236994.13 75 10 225 14100 1880 42300
170100.0 16560 6.880199061189E10 4259529.25 3118016 6.50662738960662E12 4259529.25 75 10 225 14175 1890 42525
171000.0 16524 6.908941137079E10 4282064.38 3134540 6.57571680097742E12 4282064.38 75 10 225 14250 1900 42750
171900.0 16452 6.929965444954E10 4304599.5 3150992 6.64501645542695E12 4304599.5 75 10 225 14325 1910 42975
172800.0 16452 6.966337292847E10 4327134.63 3167444 6.71467982835543E12 4327134.63 75 10 225 14400 1920 43200
173700.0 16560 7.026190610021E10 4349669.75 3184004 6.78494173445564E12 4349669.75 75 10 225 14475 1930 43425
174600.0 16524 7.05476961611E10 4372204.88 3200528 6.85548943061674E12 4372204.88 75 10 225 14550 1940 43650
175500.0 16452 7.075470235103E10 4394740.0 3216980 6.92624413296777E12 4394740.0 75 10 225 14625 1950 43875
176400.0 16452 7.111842082996E10 4417275.12 3233432 6.99736255379774E12 4417275.12 75 10 225 14700 1960 44100
177300.0 16560 7.172182159754E10 4439810.24 3249992 7.06908437539528E12 4439810.24 75 10 225 14775 1970 44325
178200.0 16524 7.200598912049E10 4462345.38 3266516 7.14109036451576E12 4462345.38 75 10 225 14850 1980 44550
179100.0 16452 7.220975025252E10 4484880.5 3282968 7.21330011476828E12 4484880.5 75 10 225 14925 1990 44775
180000.0 16452 7.257346873145E10 4507415.62 3299420 7.28587358349974E12 4507415.62 75 10 225 15000 2000 45000
180900.0 16560 7.318173709487E10 4529950.74 3315980 7.3590553205946E12 4529950.74 75 10 225 15075 2010 45225
181800.0 16524 7.346428207981E10 4552485.87 3332504 7.43251960267442E12 4552485.87 75 10 225 15150 2020 45450
182700.0 16452 7.366479815396E10 4575020.99 3348956 7.50618440082838E12 4575020.99 75 10 225 15225 2030 45675
183600.0 16452 7.402851663289E10 4597556.12 3365408 7.58021291746127E12 4597556.12 75 10 225 15300 2040 45900
184500.0 16560 7.464165255614E10 4620091.24 3381968 7.6548545700174E12 4620091.24 75 10 225 15375 2050 46125
185400.0 16524 7.492257503914E10 4642626.37 3398492 7.72977714505654E12 4642626.37 75 10 225 15450 2060 46350
186300.0 16452 7.51198460554E10 4665161.49 3414944 7.80489699111194E12 4665161.49 75 10 225 15525 2070 46575
187200.0 16452 7.548356453433E10 4687696.61 3431396 7.88038055564627E12 4687696.61 75 10 225 15600 2080 46800
188100.0 16560 7.610156807141E10 4710231.74 3447956 7.95648212371768E12 4710231.74 75 10 225 15675 2090 47025
189000.0 16524 7.638087095527E10 4732767.28 3464480 8.03286299467295E12 4732767.28 75 10 225 15750 2100 47250
189900.0 16452 7.657490190443E10 4755302.56 3480932 8.10943789657739E12 4755302.56 75 10 225 15825 2110 47475
190800.0 16452 7.693862166389E10 4777837.68 3497384 8.18637651824128E12 4777837.68 75 10 225 15900 2120 47700
191700.0 16560 7.756149280968E10 4800372.8 3513944 8.26393801105095E12 4800372.8 75 10 225 15975 2130 47925
192600.0 16524 7.78391702065E10 4822907.94 3530468 8.34177718125745E12 4822907.94 75 10 225 16050 2140 48150
193500.0 16453 7.802995111658E10 4845443.06 3546921 8.41980713237403E12 4845443.06 75 10 225 16125 2150 48375
194400.0 16452 7.839366956533E10 4867978.18 3563373 8.49820080193936E12 4867978.18 75 10 225 16200 2160 48600
195300.0 16560 7.902140828895E10 4890513.3 3579933 8.57722221022831E12 4890513.3 75 10 225 16275 2170 48825
196200.0 16524 7.929746316582E10 4913048.43 3596457 8.65651967339413E12 4913048.43 75 10 225 16350 2180 49050
197100.0 16452 7.948499898783E10 4935583.55 3612909 8.73600467238196E12 4935583.55 75 10 225 16425 2190 49275
198000.0 16452 7.984871746677E10 4958118.68 3629361 8.81585338984873E12 4958118.68 75 10 225 16500 2200 49500
198900.0 16560 8.048132378622E10 4980653.8 3645921 8.89633471363495E12 4980653.8 75 10 225 16575 2210 49725
199800.0 16524 8.075575612515E10 5003188.93 3662445 8.9770904697601E12 5003188.93 75 10 225 16650 2220 49950
200700.0 16452 8.094004688927E10 5025724.05 3678897 9.05803051664937E12 5025724.05 75 10 225 16725 2230 50175
201600.0 16452 8.13037653682E10 5048259.17 3695349 9.13933428201757E12 5048259.17 75 10 225 16800 2240 50400
202500.0 16560 8.194123928349E10 5070794.29 3711909 9.22127552130106E12 5070794.29 75 10 225 16875 2250 50625
203400.0 16524 8.221404908448E10 5093329.43 3728433 9.30348957038554E12 5093329.43 75 10 225 16950 2260 50850
204300.0 16452 8.239509479071E10 5115864.55 3744885 9.38588466517625E12 5115864.55 75 10 225 17025 2270 51075
205200.0 16452 8.275881326964E10 5138399.67 3761337 9.46864347844589E12 5138399.67 75 10 225 17100 2280 51300
206100.0 16560 8.340115474476E10 5160934.79 3777897 9.55204463319065E12 5160934.79 75 10 225 17175 2290 51525
207000.0 16524 8.36723420437E10 5183469.92 3794421 9.63571697523435E12 5183469.92 75 10 225 17250 2300 51750
207900.0 16452 8.385014269204E10 5206005.04 3810873 9.71956711792638E12 5206005.04 75 10 225 17325 2310 51975
208800.0 16452 8.421386117097E10 5228540.17 3827325 9.80378097909735E12 5228540.17 75 10 225 17400 2320 52200
209700.0 16560 8.486107025992E10 5251075.29 3843885 9.88864204935728E12 5251075.29 75 10 225 17475 2330 52425
210600.0 16524 8.513063500281E10 5273610.42 3860409 9.97377268436008E12 5273610.42 75 10 225 17550 2340 52650
211500.0 16458 8.530519185262E10 5296145.54 3876867 1.005907787621271E13 5296145.54 75 10 225 17625 2350 52875
212400.0 16454 8.56689126624E10 5318681.06 3893321 1.01447467888751E13 5318681.06 75 10 225 17700 2360 53100
213300.0 16560 8.632099292054E10 5341216.35 3909881 1.023106778179565E13 5341216.35 75 10 225 17775 2370 53325
214200.0 16524 8.658893720599E10 5363751.49 3926405 1.031765671900164E13 5363751.49 75 10 225 17850 2380 53550
215100.0 16452 8.676024771798E10 5386286.61 3942857 1.040441696671962E13 5386286.61 75 10 225 17925 2390 53775
216000.0 16452 8.712396619691E10 5408821.73 3959309 1.049154093291653E13 5408821.73 75 10 225 18000 2400 54000
216900.0 16560 8.778091049039E10 5431356.85 3975869 1.057932184340692E13 5431356.85 75 10 225 18075 2410 54225
217800.0 16524 8.80472301651E10 5453891.98 3992393 1.066736907357202E13 5453891.98 75 10 225 18150 2420 54450
218700.0 16452 8.82152956192E10 5476427.11 4008845 1.075558436919123E13 5476427.11 75 10 225 18225 2430 54675
219600.0 16452 8.857901409814E10 5498962.23 4025297 1.084416338328936E13 5498962.23 75 10 225 18300 2440 54900
220500.0 16560 8.924082596045E10 5521497.35 4041857 1.093340420924981E13 5521497.35 75 10 225 18375 2450 55125
221400.0 16524 8.950552312421E10 5544032.48 4058381 1.102290973237402E13 5544032.48 75 10 225 18450 2460 55350
222300.0 16452 8.967034352037E10 5566567.6 4074833 1.111258007589439E13 5566567.6 75 10 225 18525 2470 55575
223200.0 16452 9.00340619993E10 5589102.73 4091285 1.120261413789369E13 5589102.73 75 10 225 18600 2480 55800
224100.0 16560 9.070074145745E10 5611637.85 4107845 1.129331487935114E13 5611637.85 75 10 225 18675 2490 56025
225000.0 16524 9.096381608327E10 5634172.98 4124369 1.138427869543441E13 5634172.98 75 10 225 18750 2500 56250
225900.0 16452 9.112539142154E10 5656708.1 4140821 1.147540408685594E13 5656708.1 75 10 225 18825 2510 56475
226800.0 16452 9.148910990047E10 5679243.22 4157273 1.156689319675641E13 5679243.22 75 10 225 18900 2520 56700
227700.0 16560 9.216065693645E10 5701778.34 4173833 1.165905385369286E13 5701778.34 75 10 225 18975 2530 56925
228600.0 16524 9.242210904232E10 5724313.48 4190357 1.175147596273519E13 5724313.48 75 10 225 19050 2540 57150
229500.0 16452 9.25804393227E10 5746848.6 4206809 1.184405640205789E13 5746848.6 75 10 225 19125 2550 57375
230400.0 16452 9.294415780164E10 5769383.72 4223261 1.193700055985953E13 5769383.72 75 10 225 19200 2560 57600
231300.0 16560 9.362057243345E10 5791918.84 4239821 1.203062113229298E13 5791918.84 75 10 225 19275 2570 57825
232200.0 16524 9.388040200138E10 5814453.97 4256345 1.212450153429436E13 5814453.97 75 10 225 19350 2580 58050
233100.0 16452 9.403548722387E10 5836989.09 4272797 1.221853702151823E13 5836989.09 75 10 225 19425 2590 58275
234000.0 16452 9.43992057028E10 5859524.22 4289249 1.231293622722103E13 5859524.22 75 10 225 19500 2600 58500
234900.0 16561 9.508048825192E10 5882059.34 4305810 1.240801671547295E13 5882059.34 75 10 225 19575 2610 58725
235800.0 16524 9.533869819427E10 5904594.86 4322334 1.250335541366722E13 5904594.86 75 10 225 19650 2620 58950
236700.0 16452 9.54905428475E10 5927130.16 4338786 1.259884595651472E13 5927130.16 75 10 225 19725 2630 59175
237600.0 16452 9.585426282205E10 5949665.28 4355238 1.269470021933677E13 5949665.28 75 10 225 19800 2640 59400
238500.0 16560 9.654041265837E10 5972200.41 4371798 1.279124063199514E13 5972200.41 75 10 225 19875 2650 59625
239400.0 16524 9.679699715813E10 5994735.54 4388322 1.288803762915327E13 5994735.54 75 10 225 19950 2660 59850
240300.0 16452 9.694559224429E10 6017270.66 4404774 1.298498322139756E13 6017270.66 75 10 225 20025 2670 60075
241200.0 16452 9.730931072322E10 6039805.78 4421226 1.308229253212078E13 6039805.78 75 10 225 20100 2680 60300
242100.0 16560 9.800032813737E10 6062340.9 4437786 1.318029286025814E13 6062340.9 75 10 225 20175 2690 60525
243000.0 16524 9.825529011719E10 6084876.03 4454310 1.327854815037533E13 6084876.03 75 10 225 20250 2700 60750
243900.0 16452 9.840064014545E10 6107411.16 4470762 1.337694879052078E13 6107411.16 75 10 225 20325 2710 60975
244800.0 16452 9.876435862439E10 6129946.28 4487214 1.347571314914517E13 6129946.28 75 10 225 20400 2720 61200
245700.0 16560 9.946024363437E10 6152481.4 4503774 1.357517339277954E13 6152481.4 75 10 225 20475 2730 61425
246600.0 16524 9.971358307624E10 6175016.53 4520298 1.367488697585578E13 6175016.53 75 10 225 20550 2740 61650
247500.0 16452 9.985568804662E10 6197551.65 4536750 1.37747426639024E13 6197551.65 75 10 225 20625 2750 61875
248400.0 16452 1.0021940652555E11 6220086.78 4553202 1.387496207042796E13 6220086.78 75 10 225 20700 2760 62100
249300.0 16560 1.0092015912233E11 6242621.9 4569762 1.397588222955028E13 6242621.9 75 10 225 20775 2770 62325
250200.0 16524 1.0117187603524E11 6265157.03 4586286 1.407705410558553E13 6265157.03 75 10 225 20850 2780 62550
251100.0 16452 1.0131073594773E11 6287692.15 4602738 1.417836484153326E13 6287692.15 75 10 225 20925 2790 62775
252000.0 16452 1.0167445442667E11 6310227.27 4619190 1.428003929595993E13 6310227.27 75 10 225 21000 2800 63000
252900.0 16560 1.0238007460127E11 6332762.39 4635750 1.43824193705612E13 6332762.39 75 10 225 21075 2810 63225
253800.0 16524 1.026301689943E11 6355297.53 4652274 1.44850495395555E13 6355297.53 75 10 225 21150 2820 63450
254700.0 16452 1.027657838489E11 6377832.65 4668726 1.45878153234044E13 6377832.65 75 10 225 21225 2830 63675
255600.0 16452 1.0312950232783E11 6400367.77 4685178 1.469094482573223E13 6400367.77 75 10 225 21300 2840 63900
256500.0 16560 1.0383999009827E11 6422902.89 4701738 1.479478481583051E13 6422902.89 75 10 225 21375 2850 64125
257400.0 16524 1.0408846195336E11 6445438.02 4718262 1.489887327778387E13 6445438.02 75 10 225 21450 2860 64350
258300.0 16452 1.0422083175007E11 6467973.14 4734714 1.500309410953393E13 6467973.14 75 10 225 21525 2870 64575
259200.0 16452 1.0458455317807E11 6490508.63 4751166 1.5107678662712E13 6490508.63 75 10 225 21600 2880 64800
260100.0 16560 1.0529991299851E11 6513043.96 4767726 1.521297857571051E13 6513043.96 75 10 225 21675 2890 65025
261000.0 16524 1.055467641523E11 6535579.09 4784250 1.531852533986281E13 6535579.09 75 10 225 21750 2900 65250
261900.0 16452 1.0567588887055E11 6558114.21 4800702 1.542420122873336E13 6558114.21 75 10 225 21825 2910 65475
262800.0 16452 1.0603960734948E11 6580649.33 4817154 1.553024083608284E13 6580649.33 75 10 225 21900 2920 65700
263700.0 16560 1.0675999032338E11 6603184.46 4833714 1.563700082640623E13 6603184.46 75 10 225 21975 2930 65925
264600.0 16524 1.070050571113E11 6625719.59 4850238 1.574400588351752E13 6625719.59 75 10 225 22050 2940 66150
265500.0 16452 1.0713093677166E11 6648254.71 4866690 1.585113682028919E13 6648254.71 75 10 225 22125 2950 66375
266400.0 16452 1.074946552506E11 6670789.83 4883142 1.595863147553978E13 6670789.83 75 10 225 22200 2960 66600
267300.0 16560 1.0821974580338E11 6693324.95 4899702 1.606685122134316E13 6693324.95 75 10 225 22275 2970 66825
268200.0 16524 1.0846335824852E11 6715860.08 4916226 1.617531457959169E13 6715860.08 75 10 225 22350 2980 67050
269100.0 16452 1.0858598467294E11 6738395.21 4932678 1.628390056426463E13 6738395.21 75 10 225 22425 2990 67275
270000.0 16452 1.0894970315187E11 6760930.33 4949130 1.63928502674165E13 6760930.33 75 10 225 22500 3000 67500
270900.0 16560 1.0967982130844E11 6783465.45 4965690 1.650253008872494E13 6783465.45 75 10 225 22575 3010 67725
271800.0 16524 1.0992164302062E11 6806000.58 4982214 1.661245173174556E13 6806000.58 75 10 225 22650 3020 67950
272700.0 16452 1.1004103257422E11 6828535.7 4998666 1.672249276431977E13 6828535.7 75 10 225 22725 3030 68175
273600.0 16452 1.1040475105315E11 6851070.82 5015118 1.683289751537292E13 6851070.82 75 10 225 22800 3040 68400
274500.0 16560 1.111395767706E11 6873605.95 5031678 1.694403709214352E13 6873605.95 75 10 225 22875 3050 68625
275400.0 16524 1.1137994416685E11 6896141.08 5048202 1.705541703631037E13 6896141.08 75 10 225 22950 3060 68850
276300.0 16452 1.1149608047549E11 6918676.2 5064654 1.716691311678586E13 6918676.2 75 10 225 23025 3070 69075
277200.0 16452 1.1185979895442E11 6941211.32 5081106 1.727877291574028E13 6941211.32 75 10 225 23100 3080 69300
278100.0 16560 1.1259949228571E11 6963746.44 5097666 1.739137240802599E13 6963746.44 75 10 225 23175 3090 69525
279000.0 16524 1.1283822893895E11 6986281.57 5114190 1.750421063696494E13 6986281.57 75 10 225 23250 3100 69750
279900.0 16452 1.1295112837677E11 7008816.7 5130642 1.76171617653417E13 7008816.7 75 10 225 23325 3110 69975
280800.0 16452 1.133148468557E11 7031351.82 5147094 1.77304766121974E13 7031351.82 75 10 225 23400 3120 70200
281700.0 16560 1.1405956775477E11 7053886.94 5163654 1.784453617995217E13 7053886.94 75 10 225 23475 3130 70425
282600.0 16524 1.1429652500385E11 7076422.42 5180178 1.795883270495602E13 7076422.42 75 10 225 23550 3140 70650
283500.0 16452 1.1440618368499E11 7098957.76 5196630 1.807323888864102E13 7098957.76 75 10 225 23625 3150 70875
284400.0 16452 1.1476990397679E11 7121492.89 5213082 1.818800879261781E13 7121492.89 75 10 225 23700 3160 71100
285300.0 16560 1.1551933250358E11 7144028.01 5229642 1.830352812512139E13 7144028.01 75 10 225 23775 3170 71325
286200.0 16524 1.1575483227578E11 7166563.14 5246166 1.841928295739717E13 7166563.14 75 10 225 23850 3180 71550
287100.0 16452 1.1586123339919E11 7189098.26 5262618 1.853514419079636E13 7189098.26 75 10 225 23925 3190 71775
288000.0 16452 1.1622495187812E11 7211633.38 5279070 1.865136914267448E13 7211633.38 75 10 225 24000 3200 72000
288900.0 16560 1.169794079997E11 7234168.51 5295630 1.876834855067418E13 7234168.51 75 10 225 24075 3210 72225
289800.0 16524 1.1721311706598E11 7256703.64 5312154 1.888556166774016E13 7256703.64 75 10 225 24150 3220 72450
290700.0 16452 1.1731628130057E11 7279238.76 5328606 1.900287794904073E13 7279238.76 75 10 225 24225 3230 72675
291600.0 16452 1.176799997795E11 7301773.88 5345058 1.912055794882023E13 7301773.88 75 10 225 24300 3240 72900
292500.0 16560 1.1843916347996E11 7324309.0 5361618 1.92389971123002E13 7324309.0 75 10 225 24375 3250 73125
293400.0 16524 1.1867141820332E11 7346844.13 5378142 1.935766853050352E13 7346844.13 75 10 225 24450 3260 73350
294300.0 16452 1.1877132920196E11 7369379.26 5394594 1.947643985970548E13 7369379.26 75 10 225 24525 3270 73575
295200.0 16452 1.1913504768089E11 7391914.38 5411046 1.959557490738636E13 7391914.38 75 10 225 24600 3280 73800
296100.0 16560 1.1989907895918E11 7414449.5 5427606 1.971547398634554E13 7414449.5 75 10 225 24675 3290 74025
297000.0 16524 1.2012970297553E11 7436984.63 5444130 1.983560368932107E13 7436984.63 75 10 225 24750 3300 74250
297900.0 16452 1.2022637710334E11 7459519.75 5460582 1.995583006642441E13 7459519.75 75 10 225 24825 3310 74475
298800.0 16452 1.2059009558227E11 7482054.87 5477034 2.007642016200668E13 7482054.87 75 10 225 24900 3320 74700
299700.0 16560 1.213589944564E11 7504590.0 5493594 2.019777915646308E13 7504590.0 75 10 225 24975 3330 74925
300600.0 16524 1.215879959438E11 7527125.13 5510118 2.031936715240688E13 7527125.13 75 10 225 25050 3340 75150
301500.0 16452 1.2168142500472E11 7549660.25 5526570 2.04410485774116E13 7549660.25 75 10 225 25125 3350 75375
302400.0 16452 1.2204514348366E11 7572195.37 5543022 2.056309372089526E13 7572195.37 75 10 225 25200 3360 75600
303300.0 16560 1.2281890992666E11 7594730.49 5559582 2.068591263082192E13 7594730.49 75 10 225 25275 3370 75825
304200.0 16524 1.2304628889413E11 7617265.62 5576106 2.080895891971605E13 7617265.62 75 10 225 25350 3380 76050
305100.0 16458 1.2313647332255E11 7639800.75 5592564 2.09320953930386E13 7639800.75 75 10 225 25425 3390 76275
306000.0 16455 1.2350019401113E11 7662336.18 5609019 2.105559558704973E13 7662336.18 75 10 225 25500 3400 76500
306900.0 16560 1.242788324487E11 7684871.56 5625579 2.117987441949842E13 7684871.56 75 10 225 25575 3410 76725
307800.0 16524 1.2450459110075E11 7707406.69 5642103 2.130437901059918E13 7707406.69 75 10 225 25650 3420 76950
308700.0 16452 1.2459153002534E11 7729941.81 5658555 2.142897054062451E13 7729941.81 75 10 225 25725 3430 77175
309600.0 16452 1.2495524850427E11 7752476.94 5675007 2.155392578912878E13 7752476.94 75 10 225 25800 3440 77400
310500.0 16560 1.2573875016956E11 7775012.06 5691567 2.167966453929834E13 7775012.06 75 10 225 25875 3450 77625
311400.0 16524 1.2596288405119E11 7797547.19 5708091 2.180562742334952E13 7797547.19 75 10 225 25950 3460 77850
312300.0 16452 1.2604657792688E11 7820082.31 5724543 2.193167400127641E13 7820082.31 75 10 225 26025 3470 78075
313200.0 16452 1.2641029640582E11 7842617.43 5740995 2.205808429768222E13 7842617.43 75 10 225 26100 3480 78300
314100.0 16560 1.2719866563994E11 7865152.55 5757555 2.218528296332216E13 7865152.55 75 10 225 26175 3490 78525
315000.0 16524 1.2742117701962E11 7887687.69 5774079 2.231270414034178E13 7887687.69 75 10 225 26250 3500 78750
315900.0 16452 1.2750162582843E11 7910222.81 5790531 2.244020576617022E13 7910222.81 75 10 225 26325 3510 78975
316800.0 16452 1.2786534430736E11 7932757.93 5806983 2.256807111047757E13 7932757.93 75 10 225 26400 3520 79200
317700.0 16560 1.2865858114632E11 7955293.05 5823543 2.269672969162389E13 7955293.05 75 10 225 26475 3530 79425
318600.0 16524 1.2887947814818E11 7977828.18 5840067 2.282560916977207E13 7977828.18 75 10 225 26550 3540 79650
319500.0 16452 1.2895667373003E11 8000363.31 5856519 2.295456584350209E13 8000363.31 75 10 225 26625 3550 79875
320400.0 16452 1.2932039220896E11 8022898.43 5872971 2.308388623571106E13 8022898.43 75 10 225 26700 3560 80100
321300.0 16560 1.3011849661676E11 8045433.55 5889531 2.321400473232781E13 8045433.55 75 10 225 26775 3570 80325
322200.0 16524 1.303377629386E11 8067968.68 5906055 2.334434249526641E13 8067968.68 75 10 225 26850 3580 80550
323100.0 16452 1.3041172163163E11 8090503.8 5922507 2.347475421689804E13 8090503.8 75 10 225 26925 3590 80775
324000.0 16452 1.3077544011056E11 8113038.92 5938959 2.36055296570086E13 8113038.92 75 10 225 27000 3600 81000
324900.0 16560 1.3157841212319E11 8135574.05 5955519 2.373710806913179E13 8135574.05 75 10 225 27075 3610 81225
325800.0 16524 1.3179605588914E11 8158109.18 5972043 2.386890412502093E13 8158109.18 75 10 225 27150 3620 81450
326700.0 16452 1.3186676953328E11 8180644.3 5988495 2.400077089455422E13 8180644.3 75 10 225 27225 3630 81675
327600.0 16452 1.3223048801221E11 8203179.42 6004947 2.413300138256643E13 8203179.42 75 10 225 27300 3640 81900
328500.0 16561 1.3303832770699E11 8225714.54 6021508 2.426603971027343E13 8225714.54 75 10 225 27375 3650 82125
329400.0 16524 1.3325435075882E11 8248249.96 6038032 2.439929406103225E13 8248249.96 75 10 225 27450 3660 82350
330300.0 16452 1.3332182440847E11 8270785.36 6054484 2.453261588544072E13 8270785.36 75 10 225 27525 3670 82575
331200.0 16452 1.3368554512848E11 8293320.49 6070936 2.46663014305692E13 8293320.49 75 10 225 27600 3680 82800
332100.0 16560 1.3449841234497E11 8315855.61 6087496 2.480079984291416E13 8315855.61 75 10 225 27675 3690 83025
333000.0 16524 1.3471265922192E11 8338390.74 6104020 2.493551250213609E13 8338390.74 75 10 225 27750 3700 83250
333900.0 16452 1.3477687455189E11 8360925.86 6120472 2.507028937668797E13 8360925.86 75 10 225 27825 3710 83475
334800.0 16452 1.3514059303105E11 8383460.99 6136924 2.520542996971902E13 8383460.99 75 10 225 27900 3720 83700
335700.0 16560 1.3595816782624E11 8405996.11 6153484 2.534138813754527E13 8405996.11 75 10 225 27975 3730 83925
336600.0 16524 1.3617094401332E11 8428531.24 6170008 2.547755908155858E13 8428531.24 75 10 225 28050 3740 84150
337500.0 16452 1.3623192245446E11 8451066.36 6186460 2.561379100401304E13 8451066.36 75 10 225 28125 3750 84375
338400.0 16452 1.3659564093362E11 8473601.48 6202912 2.575038664494666E13 8473601.48 75 10 225 28200 3760 84600
339300.0 16560 1.3741808330665E11 8496136.6 6219472 2.588780472825332E13 8496136.6 75 10 225 28275 3770 84825
340200.0 16524 1.376292451339E11 8518671.74 6235996 2.602543397338721E13 8518671.74 75 10 225 28350 3780 85050
341100.0 16452 1.3768697035708E11 8541206.86 6252448 2.616312094374429E13 8541206.86 75 10 225 28425 3790 85275
342000.0 16452 1.3805068883624E11 8563741.98 6268900 2.630117163258054E13 8563741.98 75 10 225 28500 3800 85500
342900.0 16560 1.3887815882224E11 8586277.1 6285460 2.644004979140278E13 8586277.1 75 10 225 28575 3810 85725
343800.0 16524 1.3908752993435E11 8608812.23 6301984 2.657913732133713E13 8608812.23 75 10 225 28650 3820 85950
344700.0 16452 1.3914201825971E11 8631347.35 6318436 2.671827933959683E13 8631347.35 75 10 225 28725 3830 86175
345600.0 16452 1.3950573673887E11 8653882.48 6334888 2.68577850763357E13 8653882.48 75 10 225 28800 3840 86400

