# seed = 1, gamma = 0.25, beta = 0.5, dee = 100.0, dcc = 200.0, dec = 600.0, dsc = 200.0, dLocalhost = 0.015, hostBroker = EDGE, numOfCloud = 1, numOfEdge = 1, numOfSmartphone = 150 
#
# The columns have the following meaning: 
# instant[SECONDS] delayCountPartial delaySumPartial[SECONDS] delayMaxPartial[SECONDS] delayCountTot delaySumTot[SECONDS] delayMaxTot[SECONDS] runOnCloudPartial runOnEdgePartial runOnSmartphonePartial runOnCloudTot runOnEdgeTot runOnSmartphoneTot
0.0 0 0.0 0.0 0 0.0 0.0 0 0 0 0 0 0
900.0 16560 8.810463262E7 10891.99 16560 8.810463262E7 10891.99 158 2 150 158 2 150
1800.0 16524 2.5371362568E8 21153.84 33084 3.418182583E8 21153.84 158 2 150 316 4 300
2700.0 16452 4.1888639665E8 31415.22 49536 7.6070465495E8 31415.22 158 2 150 474 6 450
3600.0 16453 5.8452036655E8 41676.58 65989 1.3452250215E9 41676.58 158 2 150 632 8 600
4500.0 16560 7.5296147945E8 51937.95 82549 2.09818650096E9 51937.95 158 2 150 790 10 750
5400.0 16524 9.1775538132E8 62199.32 99073 3.01594188228E9 62199.32 158 2 150 948 12 900
6300.0 16452 1.08144234047E9 72460.68 115525 4.09738422275E9 72460.68 158 2 150 1106 14 1050
7200.0 16452 1.24707631037E9 82722.05 131977 5.34446053312E9 82722.05 158 2 150 1264 16 1200
8100.0 16560 1.41765785939E9 92983.41 148537 6.7621183925E9 92983.41 158 2 150 1422 18 1350
9000.0 16524 1.58178495134E9 103244.79 165061 8.34390334384E9 103244.79 158 2 150 1580 20 1500
9900.0 16452 1.74399828456E9 113506.15 181513 1.00879016284E10 113506.15 158 2 150 1738 22 1650
10800.0 16452 1.90963225446E9 123767.52 197965 1.199753388286E10 123767.52 158 2 150 1896 24 1800
11700.0 16568 2.0825062959E9 134028.88 214533 1.408004017876E10 134028.88 158 2 150 2054 26 1950
12600.0 16524 2.24582666326E9 144290.82 231057 1.632586684202E10 144290.82 158 2 150 2212 28 2100
13500.0 16452 2.40656349972E9 154552.19 247509 1.873243034174E10 154552.19 158 2 150 2370 30 2250
14400.0 16452 2.57219746962E9 164813.56 263961 2.130462781136E10 164813.56 158 2 150 2528 32 2400
15300.0 16560 2.74721195119E9 175074.92 280521 2.405183976255E10 175074.92 158 2 150 2686 34 2550
16200.0 16524 2.90986140495E9 185336.3 297045 2.69617011675E10 185336.3 158 2 150 2844 36 2700
17100.0 16452 3.0691194438E9 195597.66 313497 3.003082061129E10 195597.66 158 2 150 3002 38 2850
18000.0 16452 3.23475341369E9 205859.03 329949 3.326557402498E10 205859.03 158 2 150 3160 40 3000
18900.0 16560 3.41198435053E9 216120.39 346509 3.667755837552E10 216120.39 158 2 150 3318 42 3150
19800.0 16524 3.57389497687E9 226381.77 363033 4.025145335239E10 226381.77 158 2 150 3476 44 3300
20700.0 16452 3.73167538787E9 236643.13 379485 4.398312874026E10 236643.13 158 2 150 3634 46 3450
21600.0 16452 3.89730935776E9 246904.49 395937 4.788043809802E10 246904.49 158 2 150 3792 48 3600
22500.0 16561 4.0767568153E9 257165.86 412498 5.195719491332E10 257165.86 158 2 150 3950 50 3750
23400.0 16524 4.23793087619E9 267427.54 429022 5.619512578951E10 267427.54 158 2 150 4108 52 3900
24300.0 16452 4.39423836538E9 277689.17 445474 6.058936415489E10 277689.17 158 2 150 4266 54 4050
25200.0 16452 4.55987451883E9 287950.53 461926 6.514923867372E10 287950.53 158 2 150 4424 56 4200
26100.0 16560 4.7416144612E9 298211.9 478486 6.989085313492E10 298211.9 158 2 150 4582 58 4350
27000.0 16524 4.90197138558E9 308473.27 495010 7.479282452049E10 308473.27 158 2 150 4740 60 4500
27900.0 16452 5.05679649333E9 318734.64 511462 7.984962101383E10 318734.64 158 2 150 4898 62 4650
28800.0 16452 5.22243046322E9 328996.0 527914 8.507205147705E10 328996.0 158 2 150 5056 64 4800
29700.0 16560 5.40631080576E9 339257.37 544474 9.047836228281E10 339257.37 158 2 150 5214 66 4950
30600.0 16524 5.56600495799E9 349518.74 560998 9.604436724079E10 349518.74 158 2 150 5372 68 5100
31500.0 16452 5.71935243789E9 359780.11 577450 1.0176371967868E11 359780.11 158 2 150 5530 70 5250
32400.0 16452 5.88498640778E9 370041.47 593902 1.0764870608647E11 370041.47 158 2 150 5688 72 5400
33300.0 16560 6.07108327101E9 380302.83 610462 1.1371978935748E11 380302.83 158 2 150 5846 74 5550
34200.0 16524 6.23003854845E9 390564.21 626986 1.1994982790593E11 390564.21 158 2 150 6004 76 5700
35100.0 16452 6.38191283482E9 400826.14 643438 1.2633174074075E11 400826.14 158 2 150 6162 78 5850
36000.0 16452 6.54755162348E9 411087.51 659890 1.3287929236423E11 411087.51 158 2 150 6320 80 6000
36900.0 16560 6.73586489858E9 421348.88 676450 1.3961515726281E11 421348.88 158 2 150 6478 82 6150
37800.0 16524 6.89408142173E9 431610.25 692974 1.4650923868454E11 431610.25 158 2 150 6636 84 6300
38700.0 16452 7.04447359831E9 441871.62 709426 1.5355371228285E11 441871.62 158 2 150 6794 86 6450
39600.0 16452 7.21010756821E9 452132.98 725878 1.6076381985106E11 452132.98 158 2 150 6952 88 6600
40500.0 16560 7.40063737299E9 462394.34 742438 1.6816445722405E11 462394.34 158 2 150 7110 90 6750
41400.0 16524 7.5581150033E9 472655.72 758962 1.7572257222735E11 472655.72 158 2 150 7268 92 6900
42300.0 16452 7.70702954304E9 482917.08 775414 1.8342960177039E11 482917.08 158 2 150 7426 94 7050
43200.0 16452 7.87266351293E9 493178.45 791866 1.9130226528332E11 493178.45 158 2 150 7584 96 7200
44100.0 16560 8.06540968958E9 503439.81 808426 1.9936767497289E11 503439.81 158 2 150 7742 98 7350
45000.0 16524 8.22214858489E9 513701.19 824950 2.0758982355778E11 513701.19 158 2 150 7900 100 7500
45900.0 16452 8.36958962951E9 523963.08 841402 2.1595941318729E11 523963.08 158 2 150 8058 102 7650
46800.0 16452 8.53522838579E9 534224.49 857854 2.2449464157309E11 534224.49 158 2 150 8216 104 7800
47700.0 16560 8.73026745392E9 544485.85 874414 2.33224909027E11 544485.85 158 2 150 8374 106 7950
48600.0 16524 8.88619143848E9 554747.23 890938 2.4211110046548E11 554747.23 158 2 150 8532 108 8100
49500.0 16452 9.03215069294E9 565008.59 907390 2.5114325115842E11 565008.59 158 2 150 8690 110 8250
50400.0 16452 9.19778466284E9 575269.96 923842 2.6034103582126E11 575269.96 158 2 150 8848 112 8400
51300.0 16560 9.39496379002E9 585531.32 940402 2.6973599961128E11 585531.32 158 2 150 9006 114 8550
52200.0 16524 9.55022502927E9 595792.7 956926 2.7928622464055E11 595792.7 158 2 150 9164 116 8700
53100.0 16452 9.69470663788E9 606054.06 973378 2.8898093127843E11 606054.06 158 2 150 9322 118 8850
54000.0 16452 9.86034060779E9 616315.43 989830 2.9884127188622E11 616315.43 158 2 150 9480 120 9000
54900.0 16560 1.005973626466E10 626576.79 1006390 3.0890100815088E11 626576.79 158 2 150 9638 122 9150
55800.0 16525 1.021425861101E10 636838.16 1022915 3.1911526676189E11 636838.16 158 2 150 9796 124 9300
56700.0 16460 1.035726316708E10 647099.6 1039375 3.2947252992897E11 647099.6 158 2 150 9954 126 9450
57600.0 16452 1.052290160662E10 657361.46 1055827 3.399954315356E11 657361.46 158 2 150 10112 128 9600
58500.0 16560 1.072451786848E10 667622.83 1072387 3.5071994940408E11 667622.83 158 2 150 10270 130 9750
59400.0 16524 1.087830146051E10 677884.21 1088911 3.6159825086459E11 677884.21 158 2 150 10428 132 9900
60300.0 16452 1.10198277748E10 688145.57 1105363 3.7261807863939E11 688145.57 158 2 150 10586 134 10050
61200.0 16452 1.118546174471E10 698406.94 1121815 3.8380354038411E11 698406.94 158 2 150 10744 136 10200
62100.0 16560 1.138929034306E10 708668.3 1138375 3.9519283072717E11 708668.3 158 2 150 10902 138 10350
63000.0 16524 1.154233504225E10 718929.67 1154899 4.0673516576942E11 718929.67 158 2 150 11060 140 10500
63900.0 16452 1.168238371969E10 729191.04 1171351 4.1841754948912E11 729191.04 158 2 150 11218 142 10650
64800.0 16452 1.18480176896E10 739452.4 1187803 4.3026556717872E11 739452.4 158 2 150 11376 144 10800
65700.0 16560 1.205413873292E10 749713.77 1204363 4.4231970591164E11 749713.77 158 2 150 11534 146 10950
66600.0 16524 1.220636862399E10 759975.14 1220887 4.5452607453563E11 759975.14 158 2 150 11692 148 11100
67500.0 16453 1.234493966458E10 770236.51 1237340 4.6687101420022E11 770236.51 158 2 150 11850 150 11250
68400.0 16452 1.251057808967E10 780498.44 1253792 4.7938159228989E11 780498.44 158 2 150 12008 152 11400
69300.0 16560 1.271884443648E10 790759.81 1270352 4.9210043672637E11 790759.81 158 2 150 12166 154 11550
70200.0 16524 1.287041148848E10 801021.18 1286876 5.0497084821485E11 801021.18 158 2 150 12324 156 11700
71100.0 16452 1.300750488055E10 811282.55 1303328 5.179783530954E11 811282.55 158 2 150 12482 158 11850
72000.0 16452 1.317313885046E10 821543.91 1319780 5.3115149194586E11 821543.91 158 2 150 12640 160 12000
72900.0 16560 1.338361677122E10 831805.28 1336340 5.4453510871708E11 831805.28 158 2 150 12798 162 12150
73800.0 16524 1.353444507922E10 842066.65 1352864 5.580695537963E11 842066.65 158 2 150 12956 164 12300
74700.0 16452 1.367006082544E10 852328.02 1369316 5.7173961462174E11 852328.02 158 2 150 13114 166 12450
75600.0 16452 1.383569479535E10 862589.38 1385768 5.8557530941708E11 862589.38 158 2 150 13272 168 12600
76500.0 16560 1.40484652265E10 872850.75 1402328 5.9962377464358E11 872850.75 158 2 150 13430 170 12750
77400.0 16524 1.419847866096E10 883112.12 1418852 6.1382225330454E11 883112.12 158 2 150 13588 172 12900
78300.0 16452 1.433261677033E10 893373.49 1435304 6.2815487007487E11 893373.49 158 2 150 13746 174 13050
79200.0 16452 1.449825301321E10 903635.15 1451756 6.4265312308809E11 903635.15 158 2 150 13904 176 13200
80100.0 16560 1.471316858304E10 913896.78 1468316 6.5736629167113E11 913896.78 158 2 150 14062 178 13350
81000.0 16524 1.48625254895E10 924158.16 1484840 6.7222881716063E11 924158.16 158 2 150 14220 180 13500
81900.0 16452 1.49951819305E10 934419.52 1501292 6.8722399909113E11 934419.52 158 2 150 14378 182 13650
82800.0 16452 1.516081590041E10 944680.89 1517744 7.0238481499154E11 944680.89 158 2 150 14536 184 13800
83700.0 16560 1.537801928194E10 954942.25 1534304 7.1776283427348E11 954942.25 158 2 150 14694 186 13950
84600.0 16524 1.552655506027E10 965203.63 1550828 7.3328938933376E11 965203.63 158 2 150 14852 188 14100
85500.0 16452 1.565773787534E10 975464.99 1567280 7.489471272091E11 975464.99 158 2 150 15010 190 14250
86400.0 16452 1.582337184525E10 985726.36 1583732 7.6477049905434E11 985726.36 158 2 150 15168 192 14400
87300.0 16560 1.604271567435E10 995987.72 1600292 7.808132147287E11 995987.72 158 2 150 15326 194 14550
88200.0 16524 1.619059264387E10 1006249.1 1616816 7.9700380737257E11 1006249.1 158 2 150 15484 196 14700
89100.0 16452 1.632029382018E10 1016510.46 1633268 8.1332410119274E11 1016510.46 158 2 150 15642 198 14850
90000.0 16452 1.648592779008E10 1026771.82 1649720 8.2981002898283E11 1026771.82 158 2 150 15800 200 15000
90900.0 16560 1.670756851927E10 1037033.75 1666280 8.465175975021E11 1037033.75 158 2 150 15958 202 15150
91800.0 16524 1.685463150645E10 1047295.14 1682804 8.6337222900855E11 1047295.14 158 2 150 16116 204 15300
92700.0 16453 1.698285913319E10 1057556.5 1699257 8.8035508814174E11 1057556.5 158 2 150 16274 206 15450
93600.0 16452 1.714849300605E10 1067817.87 1715709 8.9750358114779E11 1067817.87 158 2 150 16432 208 15600
94500.0 16560 1.737226978572E10 1078079.23 1732269 9.1487585093351E11 1078079.23 158 2 150 16590 210 15750
95400.0 16524 1.75186690991E10 1088340.61 1748793 9.3239452003261E11 1088340.61 158 2 150 16748 212 15900
96300.0 16452 1.764541498103E10 1098601.97 1765245 9.5003993501364E11 1098601.97 158 2 150 16906 214 16050
97200.0 16452 1.781104895094E10 1108863.33 1781697 9.6785098396458E11 1108863.33 158 2 150 17064 216 16200
98100.0 16560 1.803704211147E10 1119124.7 1798257 9.8588802607605E11 1119124.7 158 2 150 17222 218 16350
99000.0 16524 1.818269866993E10 1129386.07 1814781 1.00407072474598E12 1129386.07 158 2 150 17380 220 16500
99900.0 16452 1.830797092593E10 1139647.44 1831233 1.02237869567191E12 1139647.44 158 2 150 17538 222 16650
100800.0 16458 1.847360489584E10 1149908.8 1847691 1.04085230056775E12 1149908.8 158 2 150 17696 224 16800
101700.0 16562 1.870181895203E10 1160170.68 1864253 1.05955411951978E12 1160170.68 158 2 150 17854 226 16950
102600.0 16524 1.884674096022E10 1170432.11 1880777 1.07840086048E12 1170432.11 158 2 150 18012 228 17100
103500.0 16452 1.897053612042E10 1180693.48 1897229 1.09737139660042E12 1180693.48 158 2 150 18170 230 17250
104400.0 16452 1.913617009033E10 1190954.84 1913681 1.11650756669075E12 1190954.84 158 2 150 18328 232 17400
105300.0 16560 1.936659620134E10 1201216.21 1930241 1.13587416289209E12 1201216.21 158 2 150 18486 234 17550
106200.0 16524 1.951077510365E10 1211477.58 1946765 1.15538493799574E12 1211477.58 158 2 150 18644 236 17700
107100.0 16452 1.963309206531E10 1221738.95 1963217 1.17501803006105E12 1221738.95 158 2 150 18802 238 17850
108000.0 16452 1.979872603522E10 1232000.31 1979669 1.19481675609627E12 1232000.31 158 2 150 18960 240 18000
108900.0 16560 2.003136866693E10 1242261.68 1996229 1.2148481247632E12 1242261.68 158 2 150 19118 242 18150
109800.0 16524 2.017480869444E10 1252523.05 2012753 1.23502293345764E12 1252523.05 158 2 150 19276 244 18300
110700.0 16452 2.029564801031E10 1262784.42 2029205 1.25531858146796E12 1262784.42 158 2 150 19434 246 18450
111600.0 16453 2.046128198022E10 1273045.78 2045658 1.27577986344818E12 1273045.78 158 2 150 19592 248 18600
112500.0 16560 2.069614159318E10 1283307.21 2062218 1.29647600504136E12 1283307.21 158 2 150 19750 250 18750
113400.0 16524 2.083884738638E10 1293569.08 2078742 1.31731485242775E12 1293569.08 158 2 150 19908 252 18900
114300.0 16452 2.095821320348E10 1303830.46 2095194 1.33827306563123E12 1303830.46 158 2 150 20066 254 19050
115200.0 16452 2.112384717339E10 1314091.82 2111646 1.35939691280461E12 1314091.82 158 2 150 20224 256 19200
116100.0 16560 2.136092273758E10 1324353.19 2128206 1.38075783554219E12 1324353.19 158 2 150 20382 258 19350
117000.0 16524 2.150288512693E10 1334614.56 2144730 1.40226072066913E12 1334614.56 158 2 150 20540 260 19500
117900.0 16452 2.162076914848E10 1344875.92 2161182 1.42388148981761E12 1344875.92 158 2 150 20698 262 19650
118800.0 16452 2.178640311839E10 1355137.29 2177634 1.445667892936E12 1355137.29 158 2 150 20856 264 19800
119700.0 16560 2.202569509044E10 1365398.65 2194194 1.46769358802643E12 1365398.65 158 2 150 21014 266 19950
120600.0 16524 2.216691869978E10 1375660.03 2210718 1.48986050672621E12 1375660.03 158 2 150 21172 268 20100
121500.0 16452 2.228332509348E10 1385921.39 2227170 1.51214383181969E12 1385921.39 158 2 150 21330 270 20250
122400.0 16452 2.244895906339E10 1396182.76 2243622 1.53459279088308E12 1396182.76 158 2 150 21488 272 20400
123300.0 16560 2.269046754713E10 1406444.12 2260182 1.55728325843021E12 1406444.12 158 2 150 21646 274 20550
124200.0 16524 2.283095686098E10 1416706.06 2276706 1.58011421529119E12 1416706.06 158 2 150 21804 276 20700
125100.0 16452 2.294589030955E10 1426967.44 2293158 1.60306010560074E12 1426967.44 158 2 150 21962 278 20850
126000.0 16452 2.311152427946E10 1437228.8 2309610 1.62617162988021E12 1437228.8 158 2 150 22120 280 21000
126900.0 16560 2.335524918407E10 1447490.16 2326170 1.64952687906428E12 1447490.16 158 2 150 22278 282 21150
127800.0 16524 2.349499516423E10 1457751.54 2342694 1.67302187422851E12 1457751.54 158 2 150 22436 284 21300
128700.0 16452 2.360844625455E10 1468012.9 2359146 1.69663032048306E12 1468012.9 158 2 150 22594 286 21450
129600.0 16452 2.377408022446E10 1478274.27 2375598 1.72040440070753E12 1478274.27 158 2 150 22752 288 21600
130500.0 16560 2.402002159335E10 1488535.63 2392158 1.74442442230087E12 1488535.63 158 2 150 22910 290 21750
131400.0 16524 2.415902873708E10 1498797.01 2408682 1.76858345103795E12 1498797.01 158 2 150 23068 292 21900
132300.0 16452 2.427100219955E10 1509058.37 2425134 1.79285445323751E12 1509058.37 158 2 150 23226 294 22050
133200.0 16452 2.443663616946E10 1519319.74 2441586 1.81729108940697E12 1519319.74 158 2 150 23384 296 22200
134100.0 16560 2.468479405904E10 1529581.1 2458146 1.84197588346601E12 1529581.1 158 2 150 23542 298 22350
135000.0 16524 2.482306440806E10 1539842.76 2474670 1.86679894787406E12 1539842.76 158 2 150 23700 300 22500
135900.0 16452 2.493356503601E10 1550104.41 2491122 1.89173251291007E12 1550104.41 158 2 150 23858 302 22650
136800.0 16452 2.509920132884E10 1560365.77 2507574 1.91683171423891E12 1560365.77 158 2 150 24016 304 22800
137700.0 16560 2.534957562109E10 1570627.14 2524134 1.94218128986E12 1570627.14 158 2 150 24174 306 22950
138600.0 16524 2.54871051357E10 1580888.51 2540658 1.9676683949957E12 1580888.51 158 2 150 24332 308 23100
139500.0 16452 2.559612330393E10 1591149.88 2557110 1.99326451829963E12 1591149.88 158 2 150 24490 310 23250
140400.0 16452 2.576175727384E10 1601411.24 2573562 2.01902627557346E12 1601411.24 158 2 150 24648 312 23400
141300.0 16560 2.601434810478E10 1611672.61 2590122 2.04504062367825E12 1611672.61 158 2 150 24806 314 23550
142200.0 16524 2.615113872655E10 1621933.98 2606646 2.0711917624048E12 1621933.98 158 2 150 24964 316 23700
143100.0 16452 2.625867924893E10 1632195.35 2623098 2.09745044165373E12 1632195.35 158 2 150 25122 318 23850
144000.0 16452 2.642431321884E10 1642456.71 2639550 2.12387475487256E12 1642456.71 158 2 150 25280 320 24000
144900.0 16560 2.667912043064E10 1652718.07 2656110 2.1505538753032E12 1652718.07 158 2 150 25438 322 24150
145800.0 16533 2.681517281113E10 1662979.45 2672643 2.17736904811433E12 1662979.45 158 2 150 25596 324 24300
146700.0 16452 2.692123964624E10 1673241.38 2689095 2.20429028776057E12 1673241.38 158 2 150 25754 326 24450
147600.0 16452 2.708687843491E10 1683502.75 2705547 2.23137716619548E12 1683502.75 158 2 150 25912 328 24600
148500.0 16560 2.7343902133E10 1693764.12 2722107 2.25872106832848E12 1693764.12 158 2 150 26070 330 24750
149400.0 16524 2.7479215182E10 1704025.49 2738631 2.28620028351048E12 1704025.49 158 2 150 26228 332 24900
150300.0 16452 2.758380041E10 1714286.86 2755083 2.31378408392048E12 1714286.86 158 2 150 26386 334 25050
151200.0 16452 2.774943437991E10 1724548.22 2771535 2.34153351830039E12 1724548.22 158 2 150 26544 336 25200
152100.0 16560 2.800867459869E10 1734809.59 2788095 2.36954219289909E12 1734809.59 158 2 150 26702 338 25350
153000.0 16524 2.81432487549E10 1745070.96 2804619 2.39768544165399E12 1745070.96 158 2 150 26860 340 25500
153900.0 16452 2.824635635506E10 1755332.32 2821071 2.42593179800905E12 1755332.32 158 2 150 27018 342 25650
154800.0 16452 2.841199032497E10 1765593.69 2837523 2.45434378833401E12 1765593.69 158 2 150 27176 344 25800
155700.0 16560 2.867344693361E10 1775855.05 2854083 2.48301723526762E12 1775855.05 158 2 150 27334 346 25950
156600.0 16525 2.880728234581E10 1786116.43 2870608 2.51182451761343E12 1786116.43 158 2 150 27492 348 26100
157500.0 16452 2.890891633078E10 1796378.31 2887060 2.54073343394421E12 1796378.31 158 2 150 27650 350 26250
158400.0 16452 2.907455505394E10 1806639.73 2903512 2.56980798899815E12 1806639.73 158 2 150 27808 352 26400
159300.0 16560 2.93383046743E10 1816901.09 2920072 2.59914629367245E12 1816901.09 158 2 150 27966 354 26550
160200.0 16524 2.947132519365E10 1827162.47 2936596 2.6286176188661E12 1827162.47 158 2 150 28124 356 26700
161100.0 16452 2.957147749941E10 1837423.83 2953048 2.65818909636551E12 1837423.83 158 2 150 28282 358 26850
162000.0 16452 2.973711146932E10 1847685.2 2969500 2.68792620783482E12 1847685.2 158 2 150 28440 360 27000
162900.0 16560 3.000300101046E10 1857946.56 2986060 2.71792920884529E12 1857946.56 158 2 150 28598 362 27150
163800.0 16524 3.01353628043E10 1868207.94 3002584 2.74806457164959E12 1868207.94 158 2 150 28756 364 27300
164700.0 16452 3.02340334443E10 1878469.3 3019036 2.77829860509389E12 1878469.3 158 2 150 28914 366 27450
165600.0 16452 3.039966741421E10 1888730.67 3035488 2.80869827250809E12 1888730.67 158 2 150 29072 368 27600
166500.0 16560 3.066784947474E10 1898992.03 3052048 2.83936612198284E12 1898992.03 158 2 150 29230 370 27750
167400.0 16524 3.079939236613E10 1909253.4 3068572 2.87016551434897E12 1909253.4 158 2 150 29388 372 27900
168300.0 16452 3.08965898079E10 1919514.82 3085024 2.90106210415686E12 1919514.82 158 2 150 29546 374 28050
169200.0 16452 3.106222826607E10 1929776.7 3101476 2.93212433242293E12 1929776.7 158 2 150 29704 376 28200
170100.0 16560 3.133255509399E10 1940038.07 3118036 2.96345688751693E12 1940038.07 158 2 150 29862 378 28350
171000.0 16524 3.146343923166E10 1950299.45 3134560 2.99492032674859E12 1950299.45 158 2 150 30020 380 28500
171900.0 16452 3.155915458633E10 1960560.81 3151012 3.02647948133492E12 1960560.81 158 2 150 30178 382 28650
172800.0 16452 3.172478855624E10 1970822.18 3167464 3.05820426989116E12 1970822.18 158 2 150 30336 384 28800
173700.0 16560 3.199732756856E10 1981083.54 3184024 3.09020159745973E12 1981083.54 158 2 150 30494 386 28950
174600.0 16524 3.212746880243E10 1991344.91 3200548 3.12232906626215E12 1991344.91 158 2 150 30652 388 29100
175500.0 16452 3.22217105311E10 2001606.28 3217000 3.15455077679325E12 2001606.28 158 2 150 30810 390 29250
176400.0 16452 3.238734450094E10 2011867.64 3233452 3.18693812129419E12 2011867.64 158 2 150 30968 392 29400
177300.0 16560 3.266209990308E10 2022129.01 3250012 3.21960022119727E12 2022129.01 158 2 150 31126 394 29550
178200.0 16524 3.279150238393E10 2032390.38 3266536 3.2523917235812E12 2032390.38 158 2 150 31284 396 29700
179100.0 16452 3.288426647575E10 2042651.75 3282988 3.28527599005694E12 2042651.75 158 2 150 31442 398 29850
180000.0 16452 3.30499049008E10 2052913.68 3299440 3.31832589495775E12 2052913.68 158 2 150 31600 400 30000
180900.0 16560 3.332688161414E10 2063175.05 3316000 3.35165277657189E12 2063175.05 158 2 150 31758 402 30150
181800.0 16525 3.345554525718E10 2073436.42 3332525 3.38510832182907E12 2073436.42 158 2 150 31916 404 30300
182700.0 16452 3.354683169147E10 2083697.79 3348977 3.41865515352054E12 2083697.79 158 2 150 32074 406 30450
183600.0 16452 3.371246566132E10 2093959.15 3365429 3.45236761918186E12 2093959.15 158 2 150 32232 408 30600
184500.0 16560 3.399165406143E10 2104220.52 3381989 3.48635927324329E12 2104220.52 158 2 150 32390 410 30750
185400.0 16524 3.411957883862E10 2114481.89 3398513 3.52047885208191E12 2114481.89 158 2 150 32548 412 30900
186300.0 16452 3.420938763607E10 2124743.26 3414965 3.55468823971798E12 2124743.26 158 2 150 32706 414 31050
187200.0 16452 3.437502160592E10 2135004.62 3431417 3.58906326132389E12 2135004.62 158 2 150 32864 416 31200
188100.0 16560 3.465642641388E10 2145265.99 3447977 3.62371968773777E12 2145265.99 158 2 150 33022 418 31350
189000.0 16524 3.478361242007E10 2155527.36 3464501 3.65850330015784E12 2155527.36 158 2 150 33180 420 31500
189900.0 16458 3.487194358067E10 2165788.73 3480959 3.69337524373851E12 2165788.73 158 2 150 33338 422 31650
190800.0 16454 3.503757967527E10 2176050.37 3497413 3.72841282341378E12 2176050.37 158 2 150 33496 424 31800
191700.0 16560 3.532120543566E10 2186312.02 3513973 3.76373402884944E12 2186312.02 158 2 150 33654 426 31950
192600.0 16524 3.544765523546E10 2196573.4 3530497 3.7991816840849E12 2196573.4 158 2 150 33812 428 32100
193500.0 16452 3.553450873866E10 2206834.76 3546949 3.83471619282356E12 2206834.76 158 2 150 33970 430 32250
194400.0 16452 3.570014270851E10 2217096.13 3563401 3.87041633553207E12 2217096.13 158 2 150 34128 432 32400
195300.0 16560 3.598598051426E10 2227357.49 3579961 3.90640231604632E12 2227357.49 158 2 150 34286 434 32550
196200.0 16524 3.61116888169E10 2237618.87 3596485 3.94251400486323E12 2237618.87 158 2 150 34444 436 32700
197100.0 16452 3.619706468326E10 2247880.23 3612937 3.97871106954648E12 2247880.23 158 2 150 34602 438 32850
198000.0 16452 3.636269865311E10 2258141.6 3629389 4.01507376819959E12 2258141.6 158 2 150 34760 440 33000
198900.0 16560 3.665075284871E10 2268402.96 3645949 4.0517245210483E12 2268402.96 158 2 150 34918 442 33150
199800.0 16524 3.677572239835E10 2278664.34 3662473 4.08850024344664E12 2278664.34 158 2 150 35076 444 33300
200700.0 16452 3.685962062785E10 2288925.7 3678925 4.1253598640745E12 2288925.7 158 2 150 35234 446 33450
201600.0 16453 3.702525470922E10 2299187.06 3695378 4.16238511878372E12 2299187.06 158 2 150 35392 448 33600
202500.0 16560 3.731552962724E10 2309448.99 3711938 4.19970064841096E12 2309448.99 158 2 150 35550 450 33750
203400.0 16524 3.74397652716E10 2319710.38 3728462 4.23714041368256E12 2319710.38 158 2 150 35708 452 33900
204300.0 16452 3.752218584358E10 2329971.74 3744914 4.27466259952613E12 2329971.74 158 2 150 35866 454 34050
205200.0 16452 3.768781981343E10 2340233.11 3761366 4.31235041933956E12 2340233.11 158 2 150 36024 456 34200
206100.0 16560 3.798030700701E10 2350494.47 3777926 4.35033072634657E12 2350494.47 158 2 150 36182 458 34350
207000.0 16524 3.810379885294E10 2360755.85 3794450 4.3884345251995E12 2360755.85 158 2 150 36340 460 34500
207900.0 16452 3.818474178807E10 2371017.21 3810902 4.42661926698757E12 2371017.21 158 2 150 36498 462 34650
208800.0 16452 3.835037575792E10 2381278.58 3827354 4.46496964274548E12 2381278.58 158 2 150 36656 464 34800
209700.0 16560 3.864507935935E10 2391539.94 3843914 4.50361472210483E12 2391539.94 158 2 150 36814 466 34950
210600.0 16524 3.876783243416E10 2401801.31 3860438 4.542382554539E12 2401801.31 158 2 150 36972 468 35100
211500.0 16452 3.884729773245E10 2412062.68 3876890 4.58122985227144E12 2412062.68 158 2 150 37130 470 35250
212400.0 16452 3.90129317023E10 2422324.04 3893342 4.62024278397374E12 2422324.04 158 2 150 37288 472 35400
213300.0 16560 3.930985563834E10 2432585.91 3909902 4.65955263961208E12 2432585.91 158 2 150 37446 474 35550
214200.0 16524 3.943187479348E10 2442847.35 3926426 4.69898451440557E12 2442847.35 158 2 150 37604 476 35700
215100.0 16452 3.950986292883E10 2453108.72 3942878 4.7384943773344E12 2453108.72 158 2 150 37762 478 35850
216000.0 16452 3.967549689868E10 2463370.08 3959330 4.77816987423307E12 2463370.08 158 2 150 37920 480 36000
216900.0 16560 3.99746334416E10 2473631.45 3975890 4.81814450767468E12 2473631.45 158 2 150 38078 482 36150
217800.0 16524 4.009590886925E10 2483892.82 3992414 4.85824041654393E12 2483892.82 158 2 150 38236 484 36300
218700.0 16452 4.017241887321E10 2494154.19 4008866 4.89841283541714E12 2494154.19 158 2 150 38394 486 36450
219600.0 16452 4.033805284306E10 2504415.55 4025318 4.9387508882602E12 2504415.55 158 2 150 38552 488 36600
220500.0 16560 4.063940589767E10 2514676.92 4041878 4.97939029415787E12 2514676.92 158 2 150 38710 490 36750
221400.0 16524 4.075994245048E10 2524938.29 4058402 5.02015023660835E12 2524938.29 158 2 150 38868 492 36900
222300.0 16452 4.083497481753E10 2535199.66 4074854 5.06098521142589E12 2535199.66 158 2 150 39026 494 37050
223200.0 16452 4.100060878738E10 2545461.02 4091306 5.10198582021327E12 2545461.02 158 2 150 39184 496 37200
224100.0 16560 4.130417853353E10 2555722.43 4107866 5.1432899987468E12 2555722.43 158 2 150 39342 498 37350
225000.0 16524 4.14239810825E10 2565984.32 4124390 5.1847139798293E12 2565984.32 158 2 150 39500 500 37500
225900.0 16452 4.14975400184E10 2576245.7 4140842 5.2262115198477E12 2576245.7 158 2 150 39658 502 37650
226800.0 16453 4.166317398825E10 2586507.06 4157295 5.26787469383594E12 2586507.06 158 2 150 39816 504 37800
227700.0 16560 4.196895998437E10 2596768.43 4173855 5.30984365382032E12 2596768.43 158 2 150 39974 506 37950
228600.0 16524 4.208801889001E10 2607029.8 4190379 5.35193167271033E12 2607029.8 158 2 150 40132 508 38100
229500.0 16452 4.216009596272E10 2617291.17 4206831 5.39409176867306E12 2617291.17 158 2 150 40290 510 38250
230400.0 16452 4.232572993257E10 2627552.53 4223283 5.43641749860563E12 2627552.53 158 2 150 40448 512 38400
231300.0 16560 4.263373231855E10 2637813.89 4239843 5.47905123092418E12 2637813.89 158 2 150 40606 514 38550
232200.0 16524 4.275205247119E10 2648075.27 4256367 5.52180328339537E12 2648075.27 158 2 150 40764 516 38700
233100.0 16452 4.282265190705E10 2658336.63 4272819 5.56462593530242E12 2658336.63 158 2 150 40922 518 38850
234000.0 16452 4.29882858769E10 2668598.0 4289271 5.60761422117932E12 2668598.0 158 2 150 41080 520 39000
234900.0 16568 4.329850478357E10 2678859.36 4305839 5.65091272596289E12 2678859.36 158 2 150 41238 522 39150
235800.0 16524 4.341609062273E10 2689121.3 4322363 5.69432881658562E12 2689121.3 158 2 150 41396 524 39300
236700.0 16452 4.348521712251E10 2699382.68 4338815 5.73781403370813E12 2699382.68 158 2 150 41554 526 39450
237600.0 16452 4.365085109235E10 2709644.04 4355267 5.78146488480048E12 2709644.04 158 2 150 41712 528 39600
238500.0 16560 4.396328641989E10 2719905.4 4371827 5.82542817122038E12 2719905.4 158 2 150 41870 530 39750
239400.0 16524 4.408012892534E10 2730166.78 4388351 5.86950830014572E12 2730166.78 158 2 150 42028 532 39900
240300.0 16452 4.414777306683E10 2740428.14 4404803 5.91365607321255E12 2740428.14 158 2 150 42186 534 40050
241200.0 16452 4.431340703668E10 2750689.51 4421255 5.95796948024923E12 2750689.51 158 2 150 42344 536 40200
242100.0 16560 4.462805888491E10 2760950.87 4437815 6.00259753913414E12 2760950.87 158 2 150 42502 538 40350
243000.0 16524 4.474416250651E10 2771212.25 4454339 6.04734170164065E12 2771212.25 158 2 150 42660 540 40500
243900.0 16452 4.481032901116E10 2781473.61 4470791 6.09215203065181E12 2781473.61 158 2 150 42818 542 40650
244800.0 16452 4.497596298101E10 2791734.98 4487243 6.13712799363282E12 2791734.98 158 2 150 42976 544 40800
245700.0 16561 4.529283121909E10 2801996.34 4503804 6.18242082485191E12 2801996.34 158 2 150 43134 546 40950
246600.0 16524 4.540819834125E10 2812257.99 4520328 6.22782902319316E12 2812257.99 158 2 150 43292 548 41100
247500.0 16452 4.547289169287E10 2822519.65 4536780 6.27330191488603E12 2822519.65 158 2 150 43450 550 41250
248400.0 16452 4.563852814056E10 2832781.01 4553232 6.31894044302659E12 2832781.01 158 2 150 43608 552 41400
249300.0 16560 4.59576128647E10 2843042.38 4569792 6.36489805589129E12 2843042.38 158 2 150 43766 554 41550
250200.0 16524 4.607223890459E10 2853303.75 4586316 6.41097029479588E12 2853303.75 158 2 150 43924 556 41700
251100.0 16452 4.613545011499E10 2863565.12 4602768 6.45710574491087E12 2863565.12 158 2 150 44082 558 41850
252000.0 16452 4.630108408484E10 2873826.48 4619220 6.50340682899571E12 2873826.48 158 2 150 44240 560 42000
252900.0 16560 4.662238532966E10 2884087.85 4635780 6.55002921432537E12 2884087.85 158 2 150 44398 562 42150
253800.0 16524 4.673627248576E10 2894349.22 4652304 6.59676548681114E12 2894349.22 158 2 150 44556 564 42300
254700.0 16452 4.679800605931E10 2904610.59 4668756 6.64356349287045E12 2904610.59 158 2 150 44714 566 42450
255600.0 16452 4.696364002916E10 2914871.95 4685208 6.69052713289962E12 2914871.95 158 2 150 44872 568 42600
256500.0 16560 4.728715766385E10 2925133.32 4701768 6.73781429056346E12 2925133.32 158 2 150 45030 570 42750
257400.0 16524 4.740030606694E10 2935394.69 4718292 6.7852145966304E12 2935394.69 158 2 150 45188 572 42900
258300.0 16452 4.746056645598E10 2945656.62 4734744 6.83267516308638E12 2945656.62 158 2 150 45346 574 43050
259200.0 16452 4.762620524462E10 2955917.99 4751196 6.88030136833099E12 2955917.99 158 2 150 45504 576 43200
260100.0 16560 4.7951939431E10 2966179.36 4767756 6.928253307762E12 2966179.36 158 2 150 45662 578 43350
261000.0 16524 4.806434893982E10 2976440.73 4784280 6.97631765670181E12 2976440.73 158 2 150 45820 580 43500
261900.0 16452 4.812312721899E10 2986702.1 4800732 7.0244407839208E12 2986702.1 158 2 150 45978 582 43650
262800.0 16452 4.828876118884E10 2996963.46 4817184 7.07272954510964E12 2996963.46 158 2 150 46136 584 43800
263700.0 16560 4.861678782923E10 3007224.83 4833744 7.12134633293886E12 3007224.83 158 2 150 46294 586 43950
264600.0 16524 4.872838252093E10 3017486.2 4850268 7.1700747154598E12 3017486.2 158 2 150 46452 588 44100
265500.0 16452 4.878568316326E10 3027747.56 4866720 7.21886039862306E12 3027747.56 158 2 150 46610 590 44250
266400.0 16452 4.895131713311E10 3038008.93 4883172 7.26781171575616E12 3038008.93 158 2 150 46768 592 44400
267300.0 16560 4.928148423004E10 3048270.29 4899732 7.3170931999862E12 3048270.29 158 2 150 46926 594 44550
268200.0 16524 4.939242012212E10 3058531.67 4916256 7.36648562010832E12 3058531.67 158 2 150 47084 596 44700
269100.0 16452 4.944824295471E10 3068793.53 4932708 7.41593386306303E12 3068793.53 158 2 150 47242 598 44850
270000.0 16452 4.96138817113E10 3079054.97 4949160 7.46554774477433E12 3079054.97 158 2 150 47400 600 45000
270900.0 16561 4.99463419184E10 3089316.33 4965721 7.51549408669273E12 3089316.33 158 2 150 47558 602 45150
271800.0 16524 5.00564589451E10 3099577.71 4982245 7.56555054563783E12 3099577.71 158 2 150 47716 604 45300
272700.0 16452 5.01108043021E10 3109839.07 4998697 7.61566134993994E12 3109839.07 158 2 150 47874 606 45450
273600.0 16452 5.027643827195E10 3120100.44 5015149 7.66593778821189E12 3120100.44 158 2 150 48032 608 45600
274500.0 16560 5.061103830137E10 3130361.8 5031709 7.71654882651326E12 3130361.8 158 2 150 48190 610 45750
275400.0 16524 5.072049655529E10 3140623.18 5048233 7.76726932306855E12 3140623.18 158 2 150 48348 612 45900
276300.0 16452 5.077336024654E10 3150884.54 5064685 7.81804268331509E12 3150884.54 158 2 150 48506 614 46050
277200.0 16452 5.093899421639E10 3161145.91 5081137 7.86898167753148E12 3161145.91 158 2 150 48664 616 46200
278100.0 16560 5.127581065366E10 3171407.27 5097697 7.92025748818513E12 3171407.27 158 2 150 48822 618 46350
279000.0 16524 5.138452610766E10 3181668.64 5114221 7.9716420142928E12 3181668.64 158 2 150 48980 620 46500
279900.0 16460 5.143591643189E10 3191930.04 5130681 8.02307793072469E12 3191930.04 158 2 150 49138 622 46650
280800.0 16452 5.160155487381E10 3202191.94 5147133 8.0746794855985E12 3202191.94 158 2 150 49296 624 46800
281700.0 16560 5.194066839096E10 3212453.31 5163693 8.12662015398946E12 3212453.31 158 2 150 49454 626 46950
282600.0 16524 5.204856897906E10 3222714.69 5180217 8.17866872296851E12 3222714.69 158 2 150 49612 628 47100
283500.0 16452 5.209848139587E10 3232976.05 5196669 8.23076720436438E12 3232976.05 158 2 150 49770 630 47250
284400.0 16452 5.226411536572E10 3243237.42 5213121 8.2830313197301E12 3243237.42 158 2 150 49928 632 47400
285300.0 16560 5.260536480993E10 3253498.78 5229681 8.33563668454002E12 3253498.78 158 2 150 50086 634 47550
286200.0 16524 5.27126065713E10 3263760.15 5246205 8.38834929111133E12 3263760.15 158 2 150 50244 636 47700
287100.0 16452 5.276103734036E10 3274021.52 5262657 8.44111032845168E12 3274021.52 158 2 150 50402 638 47850
288000.0 16452 5.29266713102E10 3284282.88 5279109 8.49403699976189E12 3284282.88 158 2 150 50560 640 48000
288900.0 16560 5.327021320843E10 3294544.25 5295669 8.54730721297031E12 3294544.25 158 2 150 50718 642 48150
289800.0 16524 5.337663614178E10 3304805.62 5312193 8.60068384911209E12 3304805.62 158 2 150 50876 644 48300
290700.0 16453 5.34235932849E10 3315066.99 5328646 8.65410744239699E12 3315066.99 158 2 150 51034 646 48450
291600.0 16452 5.358923170995E10 3325328.92 5345098 8.70769667410694E12 3325328.92 158 2 150 51192 648 48600
292500.0 16560 5.393491883723E10 3335590.29 5361658 8.76163159294417E12 3335590.29 158 2 150 51350 650 48750
293400.0 16524 5.404068303489E10 3345851.66 5378182 8.81567227597906E12 3345851.66 158 2 150 51508 652 48900
294300.0 16452 5.408615850057E10 3356113.03 5394634 8.86975843447963E12 3356113.03 158 2 150 51666 654 49050
295200.0 16452 5.425179247042E10 3366374.39 5411086 8.92401022695005E12 3366374.39 158 2 150 51824 656 49200
296100.0 16560 5.459969130246E10 3376635.76 5427646 8.97860991825251E12 3376635.76 158 2 150 51982 658 49350
297000.0 16524 5.470471258737E10 3386897.13 5444170 9.03331463083988E12 3386897.13 158 2 150 52140 660 49500
297900.0 16452 5.474871444511E10 3397158.5 5460622 9.08806334528499E12 3397158.5 158 2 150 52298 662 49650
298800.0 16452 5.491434841496E10 3407419.86 5477074 9.14297769369995E12 3407419.86 158 2 150 52456 664 49800
299700.0 16560 5.526446363686E10 3417681.23 5493634 9.19824215733681E12 3417681.23 158 2 150 52614 666 49950
300600.0 16524 5.536874617776E10 3427942.6 5510158 9.25361090351456E12 3427942.6 158 2 150 52772 668 50100
301500.0 16452 5.541127038965E10 3438203.97 5526610 9.30902217390422E12 3438203.97 158 2 150 52930 670 50250
302400.0 16452 5.557690638956E10 3448465.6 5543062 9.36459908029377E12 3448465.6 158 2 150 53088 672 50400
303300.0 16560 5.592924283359E10 3458727.26 5559622 9.42052832312736E12 3458727.26 158 2 150 53246 674 50550
304200.0 16524 5.603278898894E10 3468988.64 5576146 9.4765611121163E12 3468988.64 158 2 150 53404 676 50700
305100.0 16452 5.607383555242E10 3479250.0 5592598 9.53263494766872E12 3479250.0 158 2 150 53562 678 50850
306000.0 16452 5.623946952227E10 3489511.37 5609050 9.588874417191E12 3489511.37 158 2 150 53720 680 51000
306900.0 16560 5.65940176856E10 3499772.73 5625610 9.64546843487659E12 3499772.73 158 2 150 53878 682 51150
307800.0 16524 5.669682257944E10 3510034.11 5642134 9.70216525745603E12 3510034.11 158 2 150 54036 684 51300
308700.0 16452 5.673639149708E10 3520295.47 5658586 9.7589016489531E12 3520295.47 158 2 150 54194 686 51450
309600.0 16452 5.690202546692E10 3530556.84 5675038 9.81580367442003E12 3530556.84 158 2 150 54352 688 51600
310500.0 16560 5.72587900853E10 3540818.2 5691598 9.87306246450533E12 3540818.2 158 2 150 54510 690 51750
311400.0 16524 5.736085615199E10 3551079.58 5708122 9.93042332065732E12 3551079.58 158 2 150 54668 692 51900
312300.0 16452 5.739894744178E10 3561340.94 5724574 9.9878222680991E12 3561340.94 158 2 150 54826 694 52050
313200.0 16452 5.756458141163E10 3571602.31 5741026 1.004538684951072E13 3571602.31 158 2 150 54984 696 52200
314100.0 16560 5.792356698604E10 3581864.24 5757586 1.010331041649677E13 3581864.24 158 2 150 55142 698 52350
315000.0 16524 5.802489903435E10 3592125.62 5774110 1.016133531553111E13 3592125.62 158 2 150 55300 700 52500
315900.0 16452 5.806151265761E10 3602386.98 5790562 1.021939682818872E13 3602386.98 158 2 150 55458 702 52650
316800.0 16452 5.822714662746E10 3612648.35 5807014 1.027762397481619E13 3612648.35 158 2 150 55616 704 52800
317700.0 16560 5.85883441874E10 3622909.71 5823574 1.033621231900359E13 3622909.71 158 2 150 55774 706 52950
318600.0 16524 5.868893662686E10 3633171.09 5840098 1.039490125563045E13 3633171.09 158 2 150 55932 708 53100
319500.0 16452 5.872406860237E10 3643432.45 5856550 1.045362532423282E13 3643432.45 158 2 150 56090 710 53250
320400.0 16452 5.888970257222E10 3653693.82 5873002 1.051251502680504E13 3653693.82 158 2 150 56248 712 53400
321300.0 16560 5.925311664385E10 3663955.18 5889562 1.057176814344889E13 3663955.18 158 2 150 56406 714 53550
322200.0 16524 5.935296619756E10 3674216.55 5906086 1.063112110964645E13 3674216.55 158 2 150 56564 716 53700
323100.0 16452 5.938662454713E10 3684477.92 5922538 1.069050773419358E13 3684477.92 158 2 150 56722 718 53850
324000.0 16459 5.955225851698E10 3694739.28 5938997 1.075005999271056E13 3694739.28 158 2 150 56880 720 54000
324900.0 16562 5.991789298932E10 3705001.13 5955559 1.080997788569989E13 3705001.13 158 2 150 57038 722 54150
325800.0 16524 6.00170084047E10 3715262.59 5972083 1.086999489410459E13 3715262.59 158 2 150 57196 724 54300
326700.0 16452 6.004918972912E10 3725523.96 5988535 1.093004408383371E13 3725523.96 158 2 150 57354 726 54450
327600.0 16452 6.021482369897E10 3735785.32 6004987 1.099025890753268E13 3735785.32 158 2 150 57512 728 54600
328500.0 16560 6.058267070305E10 3746046.69 6021547 1.105084157823572E13 3746046.69 158 2 150 57670 730 54750
329400.0 16524 6.068104260966E10 3756308.06 6038071 1.111152262084539E13 3756308.06 158 2 150 57828 732 54900
330300.0 16452 6.071174567393E10 3766569.43 6054523 1.117223436651932E13 3766569.43 158 2 150 57986 734 55050
331200.0 16452 6.087737964378E10 3776830.79 6070975 1.12331117461631E13 3776830.79 158 2 150 58144 736 55200
332100.0 16560 6.124751912004E10 3787092.16 6087535 1.129435926528315E13 3787092.16 158 2 150 58302 738 55350
333000.0 16524 6.134508021123E10 3797353.53 6104059 1.135570434549438E13 3797353.53 158 2 150 58460 740 55500
333900.0 16452 6.137430161875E10 3807614.9 6120511 1.141707864711313E13 3807614.9 158 2 150 58618 742 55650
334800.0 16453 6.15399355886E10 3817876.26 6136964 1.147861858270172E13 3817876.26 158 2 150 58776 744 55800
335700.0 16560 6.191221576251E10 3828137.65 6153524 1.154053079846423E13 3828137.65 158 2 150 58934 746 55950
336600.0 16524 6.200911433886E10 3838399.56 6170048 1.160253991280309E13 3838399.56 158 2 150 59092 748 56100
337500.0 16452 6.203686682781E10 3848660.94 6186500 1.16645767796309E13 3848660.94 158 2 150 59250 750 56250
338400.0 16452 6.220250079766E10 3858922.3 6202952 1.172677928042856E13 3858922.3 158 2 150 59408 752 56400
339300.0 16560 6.257699720755E10 3869183.67 6219512 1.178935627763612E13 3869183.67 158 2 150 59566 754 56550
340200.0 16524 6.267315665052E10 3879445.04 6236036 1.185202943428664E13 3879445.04 158 2 150 59724 756 56700
341100.0 16452 6.269942277268E10 3889706.41 6252488 1.191472885705932E13 3889706.41 158 2 150 59882 758 56850
342000.0 16452 6.286505674253E10 3899967.77 6268940 1.197759391380184E13 3899967.77 158 2 150 60040 760 57000
342900.0 16560 6.32418456246E10 3910229.13 6285500 1.204083575942644E13 3910229.13 158 2 150 60198 762 57150
343800.0 16524 6.333718623033E10 3920490.51 6302024 1.210417294565678E13 3920490.51 158 2 150 60356 764 57300
344700.0 16452 6.336197871755E10 3930751.87 6318476 1.216753492437432E13 3930751.87 158 2 150 60514 766 57450
345600.0 16452 6.352761268739E10 3941013.24 6334928 1.223106253706172E13 3941013.24 158 2 150 60672 768 57600

