# seed = 1, gamma = 0.25, beta = 1.0, dee = 10.0, dcc = 5.0, dec = 15.0, dsc = 1000.0, dLocalhost = 0.015, hostBroker = EDGE, numOfCloud = 1, numOfEdge = 1, numOfSmartphone = 300 
#
# The columns have the following meaning: 
# instant[SECONDS] delayCountPartial delaySumPartial[SECONDS] delayMaxPartial[SECONDS] delayCountTot delaySumTot[SECONDS] delayMaxTot[SECONDS] runOnCloudPartial runOnEdgePartial runOnSmartphonePartial runOnCloudTot runOnEdgeTot runOnSmartphoneTot
0.0 0 0.0 0.0 0 0.0 0.0 0 0 0 0 0 0
900.0 16560 1.2456269738E8 15388.95 16560 1.2456269738E8 15388.95 8 2 300 8 2 300
1800.0 16524 3.6429379649E8 30242.89 33084 4.8885649387E8 30242.89 8 2 300 16 4 600
2700.0 16452 6.0337840174E8 45096.33 49536 1.09223489561E9 45096.33 8 2 300 24 6 900
3600.0 16452 8.4314091624E8 59949.76 65988 1.93537581185E9 59949.76 8 2 300 32 8 1200
4500.0 16561 1.08694368303E9 74803.19 82549 3.02231949488E9 74803.19 8 2 300 40 10 1500
5400.0 16524 1.32549882798E9 89656.62 99073 4.34781832286E9 89656.62 8 2 300 48 12 1800
6300.0 16452 1.56243479848E9 104510.05 115525 5.91025312134E9 104510.05 8 2 300 56 14 2100
7200.0 16452 1.80219731298E9 119363.48 131977 7.71245043432E9 119363.48 8 2 300 64 16 2400
8100.0 16560 2.04910083314E9 134216.91 148537 9.76155126746E9 134216.91 8 2 300 72 18 2700
9000.0 16524 2.28668857064E9 149070.35 165061 1.20482398381E10 149070.35 8 2 300 80 20 3000
9900.0 16452 2.52149119548E9 163923.78 181513 1.456973103358E10 163923.78 8 2 300 88 22 3300
10800.0 16452 2.76125370998E9 178777.21 197965 1.733098474356E10 178777.21 8 2 300 96 24 3600
11700.0 16560 3.01147298754E9 193630.64 214525 2.03424577311E10 193630.64 8 2 300 104 26 3900
12600.0 16524 3.24788941038E9 208484.08 231049 2.359034714148E10 208484.08 8 2 300 112 28 4200
13500.0 16452 3.48054759247E9 223337.51 247501 2.707089473395E10 223337.51 8 2 300 120 30 4500
14400.0 16452 3.72031010697E9 238190.94 263953 3.079120484093E10 238190.94 8 2 300 128 32 4800
15300.0 16560 3.97363030075E9 253044.37 280513 3.476483514168E10 253044.37 8 2 300 136 34 5100
16200.0 16530 4.20907915304E9 267897.81 297043 3.897391429472E10 267897.81 8 2 300 144 36 5400
17100.0 16454 4.43960812641E9 282751.7 313497 4.341352242113E10 282751.7 8 2 300 152 38 5700
18000.0 16452 4.67937490296E9 297605.24 329949 4.809289732409E10 297605.24 8 2 300 160 40 6000
18900.0 16560 4.93590430507E9 312458.67 346509 5.302880162915E10 312458.67 8 2 300 168 42 6300
19800.0 16524 5.17028369095E9 327312.11 363033 5.819908532011E10 327312.11 8 2 300 176 44 6600
20700.0 16452 5.39866962158E9 342165.54 379485 6.359775494168E10 342165.54 8 2 300 184 46 6900
21600.0 16452 5.63843213608E9 357018.97 395937 6.923618707776E10 357018.97 8 2 300 192 48 7200
22500.0 16560 5.89816903437E9 371872.4 412497 7.513435611213E10 371872.4 8 2 300 200 50 7500
23400.0 16524 6.13147899115E9 386725.84 429021 8.126583510328E10 386725.84 8 2 300 208 52 7800
24300.0 16452 6.35772601857E9 401579.27 445473 8.762356112186E10 401579.27 8 2 300 216 54 8100
25200.0 16452 6.59748853307E9 416432.7 461925 9.422104965492E10 416432.7 8 2 300 224 56 8400
26100.0 16560 6.86054122477E9 431286.13 478485 1.0108159087969E11 431286.13 8 2 300 232 58 8700
27000.0 16524 7.09267428268E9 446139.56 495009 1.0817426516237E11 446139.56 8 2 300 240 60 9000
27900.0 16452 7.31678241589E9 460992.99 511461 1.1549104757826E11 460992.99 8 2 300 248 62 9300
28800.0 16452 7.55654493039E9 475846.42 527913 1.2304759250865E11 475846.42 8 2 300 256 64 9600
29700.0 16560 7.82269852935E9 490699.85 544473 1.30870291038E11 490699.85 8 2 300 264 66 9900
30600.0 16524 8.05386956537E9 505553.29 560997 1.3892416060336E11 505553.29 8 2 300 272 68 10200
31500.0 16453 8.27583881338E9 520406.72 577450 1.4719999941674E11 520406.72 8 2 300 280 70 10500
32400.0 16452 8.51560176812E9 535260.21 593902 1.5571560118486E11 535260.21 8 2 300 288 72 10800
33300.0 16560 8.78496814367E9 550114.15 610462 1.6450056932853E11 550114.15 8 2 300 296 74 11100
34200.0 16524 9.01507413856E9 564967.59 626986 1.7351564346709E11 564967.59 8 2 300 304 76 11400
35100.0 16452 9.23490446273E9 579821.02 643438 1.8275054792982E11 579821.02 8 2 300 312 78 11700
36000.0 16452 9.47466697725E9 594674.45 659890 1.9222521490707E11 594674.45 8 2 300 320 80 12000
36900.0 16560 9.7472372808E9 609527.88 676450 2.0197245218787E11 609527.88 8 2 300 328 82 12300
37800.0 16524 9.97626943041E9 624381.32 692974 2.1194872161828E11 624381.32 8 2 300 336 84 12600
38700.0 16452 1.019396086043E10 639234.75 709426 2.2214268247871E11 639234.75 8 2 300 344 86 12900
39600.0 16452 1.043372337495E10 654088.18 725878 2.3257640585366E11 654088.18 8 2 300 352 88 13200
40500.0 16560 1.070950201981E10 668941.61 742438 2.4328590787347E11 668941.61 8 2 300 360 90 13500
41400.0 16524 1.093746472232E10 683795.05 758962 2.5422337259579E11 683795.05 8 2 300 368 92 13800
42300.0 16452 1.115301725814E10 698648.48 775414 2.6537638985393E11 698648.48 8 2 300 376 94 14100
43200.0 16452 1.139277977265E10 713501.91 791866 2.7676916962658E11 713501.91 8 2 300 384 96 14400
44100.0 16560 1.167176674983E10 728355.34 808426 2.8844093637641E11 728355.34 8 2 300 392 98 14700
45000.0 16524 1.189866001423E10 743208.78 824950 3.0033959639064E11 743208.78 8 2 300 400 100 15000
45900.0 16452 1.211207365589E10 758062.21 841402 3.1245167004653E11 758062.21 8 2 300 408 102 15300
46800.0 16452 1.235183617041E10 772915.64 857854 3.2480350621694E11 772915.64 8 2 300 416 104 15600
47700.0 16560 1.263413894095E10 787769.07 874414 3.3743764515789E11 787769.07 8 2 300 424 106 15900
48600.0 16524 1.285985915138E10 802622.96 890938 3.5029750430927E11 802622.96 8 2 300 432 108 16200
49500.0 16452 1.307113840262E10 817476.51 907390 3.6336864271189E11 817476.51 8 2 300 440 110 16500
50400.0 16452 1.331090180337E10 832329.94 923842 3.7667954451526E11 832329.94 8 2 300 448 112 16800
51300.0 16560 1.359630550307E10 847183.37 940402 3.9027585001833E11 847183.37 8 2 300 456 114 17100
52200.0 16524 1.382105985407E10 862036.81 956926 4.0409690987241E11 862036.81 8 2 300 464 116 17400
53100.0 16452 1.403019568672E10 876890.24 973378 4.1812710555913E11 876890.24 8 2 300 472 118 17700
54000.0 16452 1.426995820124E10 891743.67 989830 4.3239706376037E11 891743.67 8 2 300 480 120 18000
54900.0 16560 1.455857024225E10 906597.09 1006390 4.4695563400261E11 906597.09 8 2 300 488 122 18300
55800.0 16524 1.478225514609E10 921450.53 1022914 4.6173788914871E11 921450.53 8 2 300 496 124 18600
56700.0 16452 1.498925208453E10 936303.96 1039366 4.7672714123324E11 936303.96 8 2 300 504 126 18900
57600.0 16452 1.522901459905E10 951157.39 1055818 4.9195615583229E11 951157.39 8 2 300 512 128 19200
58500.0 16560 1.552083498137E10 966010.82 1072378 5.0747699081366E11 966010.82 8 2 300 520 130 19500
59400.0 16524 1.574345043811E10 980864.26 1088902 5.2322044125177E11 980864.26 8 2 300 528 132 19800
60300.0 16452 1.594830848234E10 995717.69 1105354 5.3916874973412E11 995717.69 8 2 300 536 134 20100
61200.0 16452 1.618807099686E10 1010571.12 1121806 5.5535682073097E11 1010571.12 8 2 300 544 136 20400
62100.0 16560 1.64830997205E10 1025424.55 1138366 5.7183992045147E11 1025424.55 8 2 300 552 138 20700
63000.0 16524 1.670464573013E10 1040277.99 1154890 5.885445661816E11 1040277.99 8 2 300 560 140 21000
63900.0 16452 1.690736526138E10 1055131.47 1171342 6.0545193144298E11 1055131.47 8 2 300 568 142 21300
64800.0 16452 1.714713240634E10 1069985.41 1187794 6.2259906384932E11 1069985.41 8 2 300 576 144 21600
65700.0 16560 1.744548118758E10 1084838.85 1204354 6.400445450369E11 1084838.85 8 2 300 584 146 21900
66600.0 16524 1.766585029675E10 1099692.29 1220878 6.5771039533364E11 1099692.29 8 2 300 592 148 22200
67500.0 16452 1.786643053192E10 1114545.72 1237330 6.7557682586556E11 1114545.72 8 2 300 600 150 22500
68400.0 16452 1.810619304643E10 1129399.15 1253782 6.93683018912E11 1129399.15 8 2 300 608 152 22800
69300.0 16560 1.840763847466E10 1144252.58 1270342 7.1209065738665E11 1144252.58 8 2 300 616 154 23100
70200.0 16524 1.862704557977E10 1159106.02 1286866 7.3071770296642E11 1159106.02 8 2 300 624 156 23400
71100.0 16452 1.882548692973E10 1173959.45 1303318 7.4954318989615E11 1173959.45 8 2 300 632 158 23700
72000.0 16452 1.906524944425E10 1188812.88 1319770 7.686084393404E11 1188812.88 8 2 300 640 160 24000
72900.0 16560 1.936990322278E10 1203666.31 1336330 7.8797834256318E11 1203666.31 8 2 300 648 162 24300
73800.0 16524 1.958824088079E10 1218519.75 1352854 8.0756658344397E11 1218519.75 8 2 300 656 164 24600
74700.0 16452 1.978454332754E10 1233373.18 1369306 8.2735112677151E11 1233373.18 8 2 300 664 166 24900
75600.0 16452 2.002430584206E10 1248226.61 1385758 8.4737543261357E11 1248226.61 8 2 300 672 168 25200
76500.0 16560 2.033227539596E10 1263080.04 1402318 8.6770770800953E11 1263080.04 8 2 300 680 170 25500
77400.0 16524 2.054943617281E10 1277933.48 1418842 8.8825714418234E11 1277933.48 8 2 300 688 172 25800
78300.0 16452 2.074359972536E10 1292786.91 1435294 9.090007439077E11 1292786.91 8 2 300 696 174 26100
79200.0 16458 2.098336223987E10 1307640.33 1451752 9.2998410614757E11 1307640.33 8 2 300 704 176 26400
80100.0 16563 2.129443682483E10 1322494.21 1468315 9.512785429724E11 1322494.21 8 2 300 712 178 26700
81000.0 16524 2.151064511572E10 1337347.77 1484839 9.7278918808812E11 1337347.77 8 2 300 720 180 27000
81900.0 16452 2.170266535825E10 1352201.21 1501291 9.9449185344637E11 1352201.21 8 2 300 728 182 27300
82800.0 16452 2.194242787277E10 1367054.63 1517743 1.01643428131914E12 1367054.63 8 2 300 736 184 27600
83700.0 16560 2.225681414919E10 1381908.06 1534303 1.03869109546832E12 1381908.06 8 2 300 744 186 27900
84600.0 16524 2.247183601253E10 1396761.5 1550827 1.06116293148086E12 1396761.5 8 2 300 752 188 28200
85500.0 16452 2.266172175601E10 1411614.93 1567279 1.08382465323687E12 1411614.93 8 2 300 760 190 28500
86400.0 16452 2.290148427052E10 1426468.36 1583731 1.10672613750739E12 1426468.36 8 2 300 768 192 28800
87300.0 16560 2.321897142721E10 1441321.79 1600291 1.1299451089346E12 1441321.79 8 2 300 776 194 29100
88200.0 16524 2.343303684404E10 1456175.23 1616815 1.15337814577864E12 1456175.23 8 2 300 784 196 29400
89100.0 16452 2.362077815377E10 1471028.66 1633267 1.17699892393241E12 1471028.66 8 2 300 792 198 29700
90000.0 16452 2.386054066828E10 1485882.09 1649719 1.20085946460069E12 1485882.09 8 2 300 800 200 30000
90900.0 16560 2.418134361833E10 1500735.52 1666279 1.22504080821902E12 1500735.52 8 2 300 808 202 30300
91800.0 16524 2.439422658752E10 1515588.96 1682803 1.24943503480654E12 1515588.96 8 2 300 816 204 30600
92700.0 16452 2.457983455158E10 1530442.39 1699255 1.27401486935812E12 1530442.39 8 2 300 824 206 30900
93600.0 16452 2.48195970661E10 1545295.82 1715707 1.29883446642422E12 1545295.82 8 2 300 832 208 31200
94500.0 16561 2.514350091441E10 1560149.25 1732268 1.32397796733862E12 1560149.25 8 2 300 840 210 31500
95400.0 16524 2.535542755662E10 1575002.73 1748792 1.34933339489524E12 1575002.73 8 2 300 848 212 31800
96300.0 16452 2.553889588766E10 1589856.68 1765244 1.3748722907829E12 1589856.68 8 2 300 856 214 32100
97200.0 16452 2.577866272084E10 1604710.12 1781696 1.40065095350375E12 1604710.12 8 2 300 864 216 32400
98100.0 16560 2.610577494143E10 1619563.55 1798256 1.42675672844518E12 1619563.55 8 2 300 872 218 32700
99000.0 16524 2.631662644914E10 1634416.99 1814780 1.45307335489432E12 1634416.99 8 2 300 880 220 33000
99900.0 16452 2.649795660414E10 1649270.42 1831232 1.47957131149846E12 1649270.42 8 2 300 888 222 33300
100800.0 16452 2.673771911865E10 1664123.85 1847684 1.50630903061711E12 1664123.85 8 2 300 896 224 33600
101700.0 16560 2.706803968056E10 1678977.28 1864244 1.53337707029767E12 1678977.28 8 2 300 904 226 33900
102600.0 16524 2.727782175016E10 1693830.72 1880768 1.56065489204783E12 1693830.72 8 2 300 912 228 34200
103500.0 16452 2.745701300195E10 1708684.15 1897220 1.58811190504978E12 1708684.15 8 2 300 920 230 34500
104400.0 16452 2.769677551647E10 1723537.58 1913672 1.61580868056625E12 1723537.58 8 2 300 928 232 34800
105300.0 16560 2.803030442869E10 1738391.01 1930232 1.64383898499493E12 1738391.01 8 2 300 936 234 35100
106200.0 16524 2.823901703318E10 1753244.45 1946756 1.67207800202812E12 1753244.45 8 2 300 944 236 35400
107100.0 16452 2.841606939976E10 1768097.88 1963208 1.70049407142788E12 1768097.88 8 2 300 952 238 35700
108000.0 16452 2.865583191428E10 1782951.3 1979660 1.72914990334216E12 1782951.3 8 2 300 960 240 36000
108900.0 16560 2.899256915881E10 1797804.73 1996220 1.75814247250097E12 1797804.73 8 2 300 968 242 36300
109800.0 16524 2.920021233426E10 1812658.17 2012744 1.78734268483523E12 1812658.17 8 2 300 976 244 36600
110700.0 16452 2.937512579768E10 1827511.6 2029196 1.81671781063291E12 1827511.6 8 2 300 984 246 36900
111600.0 16452 2.961489194629E10 1842365.48 2045648 1.8463327025792E12 1842365.48 8 2 300 992 248 37200
112500.0 16560 2.995484216617E10 1857219.03 2062208 1.87628754474537E12 1857219.03 8 2 300 1000 250 37500
113400.0 16524 3.016141687242E10 1872072.47 2078732 1.9064489616178E12 1872072.47 8 2 300 1008 252 37800
114300.0 16452 3.033419143004E10 1886925.9 2095184 1.93678315304784E12 1886925.9 8 2 300 1016 254 38100
115200.0 16452 3.057395394456E10 1901779.33 2111636 1.9673571069924E12 1901779.33 8 2 300 1024 256 38400
116100.0 16560 3.091710789361E10 1916632.76 2128196 1.99827421488601E12 1916632.76 8 2 300 1032 258 38700
117000.0 16524 3.112261217355E10 1931486.2 2144720 2.02939682705956E12 1931486.2 8 2 300 1040 260 39000
117900.0 16452 3.129324782796E10 1946339.63 2161172 2.06069007488753E12 1946339.63 8 2 300 1048 262 39300
118800.0 16452 3.153301034248E10 1961193.06 2177624 2.09222308523001E12 1961193.06 8 2 300 1056 264 39600
119700.0 16560 3.187937265985E10 1976046.49 2194184 2.12410245788985E12 1976046.49 8 2 300 1064 266 39900
120600.0 16524 3.208380745668E10 1990899.93 2210708 2.15618626534653E12 1990899.93 8 2 300 1072 268 40200
121500.0 16452 3.225230422589E10 2005753.36 2227160 2.18843856957242E12 2005753.36 8 2 300 1080 270 40500
122400.0 16452 3.24920667404E10 2020606.79 2243612 2.22093063631282E12 2020606.79 8 2 300 1088 272 40800
123300.0 16560 3.284163738107E10 2035460.22 2260172 2.25377227369388E12 2035460.22 8 2 300 1096 274 41100
124200.0 16524 3.304500275774E10 2050313.66 2276696 2.28681727645162E12 2050313.66 8 2 300 1104 276 41400
125100.0 16452 3.321136062367E10 2065167.09 2293148 2.3200286370753E12 2065167.09 8 2 300 1112 278 41700
126000.0 16452 3.345112313813E10 2080020.52 2309600 2.35347976021342E12 2080020.52 8 2 300 1120 280 42000
126900.0 16560 3.380390217797E10 2094873.98 2326160 2.38728366239139E12 2094873.98 8 2 300 1128 282 42300
127800.0 16524 3.400620313254E10 2109727.95 2342684 2.42128986552393E12 2109727.95 8 2 300 1136 284 42600
128700.0 16452 3.41704262814E10 2124581.39 2359136 2.45546029180533E12 2124581.39 8 2 300 1144 286 42900
129600.0 16452 3.441018879585E10 2139434.82 2375588 2.48987048060118E12 2139434.82 8 2 300 1152 288 43200
130500.0 16561 3.476617638171E10 2154288.25 2392149 2.52463665698289E12 2154288.25 8 2 300 1160 290 43500
131400.0 16524 3.496740261321E10 2169141.69 2408673 2.5596040595961E12 2169141.69 8 2 300 1168 292 43800
132300.0 16452 3.512948267908E10 2183995.12 2425125 2.59473354227517E12 2183995.12 8 2 300 1176 294 44100
133200.0 16452 3.536924519353E10 2198848.55 2441577 2.6301027874687E12 2198848.55 8 2 300 1184 296 44400
134100.0 16560 3.572844089807E10 2213701.98 2458137 2.66583122836677E12 2213701.98 8 2 300 1192 298 44700
135000.0 16524 3.59285979141E10 2228555.42 2474661 2.70175982628087E12 2228555.42 8 2 300 1200 300 45000
135900.0 16452 3.608853907675E10 2243408.85 2491113 2.73784836535762E12 2243408.85 8 2 300 1208 302 45300
136800.0 16452 3.632830159121E10 2258262.27 2507565 2.77417666694883E12 2258262.27 8 2 300 1216 304 45600
137700.0 16560 3.669070562806E10 2273115.7 2524125 2.81086737257689E12 2273115.7 8 2 300 1224 306 45900
138600.0 16524 3.688979319699E10 2287969.14 2540649 2.84775716577388E12 2287969.14 8 2 300 1232 308 46200
139500.0 16452 3.704759547443E10 2302822.57 2557101 2.88480476124831E12 2302822.57 8 2 300 1240 310 46500
140400.0 16452 3.728735798889E10 2317676.0 2573553 2.9220921192372E12 2317676.0 8 2 300 1248 312 46800
141300.0 16560 3.765297037605E10 2332529.43 2590113 2.95974508961325E12 2332529.43 8 2 300 1256 314 47100
142200.0 16530 3.785098849787E10 2347382.87 2606643 2.99759607811112E12 2347382.87 8 2 300 1264 316 47400
143100.0 16454 3.800665579112E10 2362236.74 2623097 3.03560273390224E12 2362236.74 8 2 300 1272 318 47700
144000.0 16452 3.824642257876E10 2377090.3 2639549 3.073849156481E12 2377090.3 8 2 300 1280 320 48000
144900.0 16560 3.861524438046E10 2391943.73 2656109 3.11246440086146E12 2391943.73 8 2 300 1288 322 48300
145800.0 16524 3.881219303589E10 2406797.17 2672633 3.15127659389734E12 2406797.17 8 2 300 1296 324 48600
146700.0 16452 3.896571750432E10 2421650.6 2689085 3.19024231140166E12 2421650.6 8 2 300 1304 326 48900
147600.0 16452 3.920548001877E10 2436504.03 2705537 3.22944779142044E12 2436504.03 8 2 300 1312 328 49200
148500.0 16560 3.957750911946E10 2451357.46 2722097 3.26902530053989E12 2451357.46 8 2 300 1320 330 49500
149400.0 16524 3.977338833677E10 2466210.9 2738621 3.30879868887667E12 2466210.9 8 2 300 1328 332 49800
150300.0 16452 3.9924773902E10 2481064.33 2755073 3.34872346277867E12 2481064.33 8 2 300 1336 334 50100
151200.0 16452 4.016453641645E10 2495917.76 2771525 3.38888799919512E12 2495917.76 8 2 300 1344 336 50400
152100.0 16560 4.053977384945E10 2510771.19 2788085 3.42942777304457E12 2510771.19 8 2 300 1352 338 50700
153000.0 16524 4.073458361971E10 2525624.63 2804609 3.47016235666428E12 2525624.63 8 2 300 1360 340 51000
153900.0 16452 4.088383029973E10 2540478.06 2821061 3.51104618696401E12 2540478.06 8 2 300 1368 342 51300
154800.0 16452 4.112359281419E10 2555331.49 2837513 3.5521697797782E12 2555331.49 8 2 300 1376 344 51600
155700.0 16560 4.150203859749E10 2570184.92 2854073 3.59367181837569E12 2570184.92 8 2 300 1384 346 51900
156600.0 16524 4.169577892066E10 2585038.36 2870597 3.63536759729635E12 2585038.36 8 2 300 1392 348 52200
157500.0 16453 4.184288669741E10 2599891.79 2887050 3.67721048399376E12 2599891.79 8 2 300 1400 350 52500
158400.0 16452 4.208264944091E10 2614745.24 2903502 3.71929313343467E12 2614745.24 8 2 300 1408 352 52800
159300.0 16560 4.246441533026E10 2629599.21 2920062 3.76175754876494E12 2629599.21 8 2 300 1416 354 53100
160200.0 16524 4.265698348677E10 2644452.66 2936586 3.80441453225171E12 2644452.66 8 2 300 1424 356 53400
161100.0 16452 4.280195235766E10 2659306.09 2953038 3.84721648460937E12 2659306.09 8 2 300 1432 358 53700
162000.0 16452 4.304171487212E10 2674159.52 2969490 3.89025819948149E12 2674159.52 8 2 300 1440 360 54000
162900.0 16560 4.342657736004E10 2689012.95 2986050 3.93368477684152E12 2689012.95 8 2 300 1448 362 54300
163800.0 16524 4.361818434509E10 2703866.39 3002574 3.97730296118661E12 2703866.39 8 2 300 1456 364 54600
164700.0 16452 4.376100875523E10 2718719.82 3019026 4.02106396994185E12 2718719.82 8 2 300 1464 366 54900
165600.0 16452 4.400077126969E10 2733573.24 3035478 4.06506474121153E12 2733573.24 8 2 300 1472 368 55200
166500.0 16560 4.438894954197E10 2748426.67 3052038 4.1094536907535E12 2748426.67 8 2 300 1480 370 55500
167400.0 16524 4.457937407933E10 2763280.11 3068562 4.15403306483283E12 2763280.11 8 2 300 1488 372 55800
168300.0 16452 4.47200651528E10 2778133.54 3085014 4.19875312998564E12 2778133.54 8 2 300 1496 374 56100
169200.0 16452 4.495982766726E10 2792986.97 3101466 4.24371295765289E12 2792986.97 8 2 300 1504 376 56400
170100.0 16560 4.53511068378E10 2807840.4 3118026 4.2890640644907E12 2807840.4 8 2 300 1512 378 56700
171000.0 16524 4.554057491965E10 2822693.84 3134550 4.33460463941035E12 2822693.84 8 2 300 1520 380 57000
171900.0 16452 4.567912155037E10 2837547.27 3151002 4.38028376096072E12 2837547.27 8 2 300 1528 382 57300
172800.0 16452 4.591888406483E10 2852400.7 3167454 4.42620264502555E12 2852400.7 8 2 300 1536 384 57600
173700.0 16560 4.631337157669E10 2867254.13 3184014 4.47251601660223E12 2867254.13 8 2 300 1544 386 57900
174600.0 16524 4.65017681443E10 2882108.0 3200538 4.51901778474653E12 2882108.0 8 2 300 1552 388 58200
175500.0 16452 4.663818608791E10 2896961.57 3216990 4.56565597083444E12 2896961.57 8 2 300 1560 390 58500
176400.0 16452 4.687794969663E10 2911815.0 3233442 4.61253392053107E12 2911815.0 8 2 300 1568 392 58800
177300.0 16560 4.727564558969E10 2926668.43 3250002 4.65980956612076E12 2926668.43 8 2 300 1576 394 59100
178200.0 16524 4.746296920949E10 2941521.87 3266526 4.70727253533025E12 2941521.87 8 2 300 1584 396 59400
179100.0 16452 4.759724357974E10 2956375.3 3282978 4.75486977891E12 2956375.3 8 2 300 1592 398 59700
180000.0 16452 4.78370060942E10 2971228.73 3299430 4.80270678500419E12 2971228.73 8 2 300 1600 400 60000
180900.0 16560 4.823791033757E10 2986082.16 3315990 4.85094469534177E12 2986082.16 8 2 300 1608 402 60300
181800.0 16524 4.842416450122E10 3000935.6 3332514 4.89936885984299E12 3000935.6 8 2 300 1616 404 60600
182700.0 16452 4.855629997726E10 3015789.03 3348966 4.94792515982025E12 3015789.03 8 2 300 1624 406 60900
183600.0 16452 4.879606249171E10 3030642.46 3365418 4.99672122231196E12 3030642.46 8 2 300 1632 408 61200
184500.0 16560 4.92001750494E10 3045495.89 3381978 5.04592139736136E12 3045495.89 8 2 300 1640 410 61500
185400.0 16524 4.938535979294E10 3060349.33 3398502 5.09530675715431E12 3060349.33 8 2 300 1648 412 61800
186300.0 16452 4.951535637478E10 3075202.76 3414954 5.14482211352909E12 3075202.76 8 2 300 1656 414 62100
187200.0 16452 4.975511888923E10 3090056.18 3431406 5.19457723241832E12 3090056.18 8 2 300 1664 416 62400
188100.0 16560 5.016243981523E10 3104909.61 3447966 5.24473967223355E12 3104909.61 8 2 300 1672 418 62700
189000.0 16524 5.034655508467E10 3119763.05 3464490 5.29508622731822E12 3119763.05 8 2 300 1680 420 63000
189900.0 16452 5.047441295202E10 3134616.5 3480942 5.34556064027024E12 3134616.5 8 2 300 1688 422 63300
190800.0 16452 5.071417999469E10 3149470.48 3497394 5.39627482026493E12 3149470.48 8 2 300 1696 424 63600
191700.0 16560 5.112471384152E10 3164323.92 3513954 5.44739953410645E12 3164323.92 8 2 300 1704 426 63900
192600.0 16524 5.130775966252E10 3179177.36 3530478 5.49870729376898E12 3179177.36 8 2 300 1712 428 64200
193500.0 16452 5.143347843528E10 3194030.79 3546930 5.55014077220425E12 3194030.79 8 2 300 1720 430 64500
194400.0 16452 5.167324094973E10 3208884.21 3563382 5.60181401315398E12 3208884.21 8 2 300 1728 432 64800
195300.0 16560 5.208697857135E10 3223737.64 3579942 5.65390099172534E12 3223737.64 8 2 300 1736 434 65100
196200.0 16524 5.226895495425E10 3238591.08 3596466 5.70616994667958E12 3238591.08 8 2 300 1744 436 65400
197100.0 16452 5.239253483279E10 3253444.51 3612918 5.75856248151238E12 3253444.51 8 2 300 1752 438 65700
198000.0 16452 5.263229734725E10 3268297.94 3629370 5.81119477885962E12 3268297.94 8 2 300 1760 440 66000
198900.0 16560 5.304924331918E10 3283151.37 3645930 5.86424402217881E12 3283151.37 8 2 300 1768 442 66300
199800.0 16524 5.323015024597E10 3298004.81 3662454 5.91747417242478E12 3298004.81 8 2 300 1776 444 66600
200700.0 16452 5.335159123031E10 3312858.24 3678906 5.97082576365509E12 3312858.24 8 2 300 1784 446 66900
201600.0 16452 5.359135374476E10 3327711.67 3695358 6.02441711739985E12 3327711.67 8 2 300 1792 448 67200
202500.0 16560 5.401150806701E10 3342565.1 3711918 6.07842862546686E12 3342565.1 8 2 300 1800 450 67500
203400.0 16524 5.41913455377E10 3357418.54 3728442 6.13261997100456E12 3357418.54 8 2 300 1808 452 67800
204300.0 16452 5.431064762783E10 3372271.97 3744894 6.18693061863239E12 3372271.97 8 2 300 1816 454 68100
205200.0 16458 5.455041014228E10 3387125.4 3761352 6.24148102877467E12 3387125.4 8 2 300 1824 456 68400
206100.0 16563 5.497377658971E10 3401979.25 3777915 6.29645480536438E12 3401979.25 8 2 300 1832 458 68700
207000.0 16524 5.515254892305E10 3416832.84 3794439 6.35160735428743E12 3416832.84 8 2 300 1840 460 69000
207900.0 16452 5.526971325838E10 3431686.27 3810891 6.40687706754581E12 3431686.27 8 2 300 1848 462 69300
208800.0 16452 5.550947577284E10 3446539.7 3827343 6.46238654331865E12 3446539.7 8 2 300 1856 464 69600
209700.0 16560 5.593604680859E10 3461393.13 3843903 6.51832259012724E12 3461393.13 8 2 300 1864 466 69900
210600.0 16524 5.611374537457E10 3476246.57 3860427 6.5744363355018E12 3476246.57 8 2 300 1872 468 70200
211500.0 16452 5.622876965568E10 3491100.0 3876879 6.63066510515749E12 3491100.0 8 2 300 1880 470 70500
212400.0 16452 5.646853217014E10 3505953.43 3893331 6.68713363732762E12 3505953.43 8 2 300 1888 472 70800
213300.0 16560 5.689831152021E10 3520806.86 3909891 6.74403194884783E12 3520806.86 8 2 300 1896 474 71100
214200.0 16524 5.707494066607E10 3535660.3 3926415 6.8011068895139E12 3535660.3 8 2 300 1904 476 71400
215100.0 16452 5.718782605298E10 3550513.73 3942867 6.85829471556689E12 3550513.73 8 2 300 1912 478 71700
216000.0 16452 5.742758856744E10 3565367.15 3959319 6.91572230413432E12 3565367.15 8 2 300 1920 480 72000
216900.0 16560 5.786057628582E10 3580220.58 3975879 6.97358288042014E12 3580220.58 8 2 300 1928 482 72300
217800.0 16524 5.803613595758E10 3595074.02 3992403 7.03161901637772E12 3595074.02 8 2 300 1936 484 72600
218700.0 16452 5.814688245028E10 3609927.45 4008855 7.08976589882801E12 3609927.45 8 2 300 1944 486 72900
219600.0 16452 5.838664496474E10 3624780.88 4025307 7.14815254379275E12 3624780.88 8 2 300 1952 488 73200
220500.0 16561 5.882284100643E10 3639634.31 4041868 7.20697538479918E12 3639634.31 8 2 300 1960 490 73500
221400.0 16524 5.899733150366E10 3654487.76 4058392 7.26597271630284E12 3654487.76 8 2 300 1968 492 73800
222300.0 16452 5.910594351475E10 3669341.75 4074844 7.3250786598176E12 3669341.75 8 2 300 1976 494 74100
223200.0 16452 5.934571062953E10 3684195.18 4091296 7.38442437044713E12 3684195.18 8 2 300 1984 496 74400
224100.0 16560 5.978511505254E10 3699048.61 4107856 7.44420948549967E12 3699048.61 8 2 300 1992 498 74700
225000.0 16524 5.995853582876E10 3713902.05 4124380 7.50416802132843E12 3713902.05 8 2 300 2000 500 75000
225900.0 16452 6.006500451233E10 3728755.48 4140832 7.56423302584076E12 3728755.48 8 2 300 2008 502 75300
226800.0 16452 6.030476702678E10 3743608.91 4157284 7.62453779286754E12 3743608.91 8 2 300 2016 504 75600
227700.0 16560 6.07473797821E10 3758462.34 4173844 7.68528517264964E12 3758462.34 8 2 300 2024 506 75900
228600.0 16524 6.091973112022E10 3773315.78 4190368 7.74620490376985E12 3773315.78 8 2 300 2032 508 76200
229500.0 16452 6.102406090957E10 3788169.21 4206820 7.80722896467942E12 3788169.21 8 2 300 2040 510 76500
230400.0 16452 6.126382342403E10 3803022.64 4223272 7.86849278810345E12 3803022.64 8 2 300 2048 512 76800
231300.0 16560 6.170964452966E10 3817876.07 4239832 7.9302024326331E12 3817876.07 8 2 300 2056 514 77100
232200.0 16524 6.188092641167E10 3832729.51 4256356 7.99208335904478E12 3832729.51 8 2 300 2064 516 77400
233100.0 16452 6.198311730682E10 3847582.94 4272808 8.0540664763516E12 3847582.94 8 2 300 2072 518 77700
234000.0 16452 6.222287982127E10 3862436.37 4289260 8.11628935617287E12 3862436.37 8 2 300 2080 520 78000
234900.0 16560 6.267190925921E10 3877289.8 4305820 8.17896126543208E12 3877289.8 8 2 300 2088 522 78300
235800.0 16524 6.284212170312E10 3892143.24 4322344 8.24180338713521E12 3892143.24 8 2 300 2096 524 78600
236700.0 16452 6.294217370407E10 3906996.67 4338796 8.30474556083927E12 3906996.67 8 2 300 2104 526 78900
237600.0 16452 6.318193967426E10 3921850.52 4355248 8.36792750051353E12 3921850.52 8 2 300 2112 528 79200
238500.0 16560 6.363418181479E10 3936704.1 4371808 8.43156168232832E12 3936704.1 8 2 300 2120 530 79500
239400.0 16524 6.380332624635E10 3951557.54 4388332 8.49536500857467E12 3951557.54 8 2 300 2128 532 79800
240300.0 16452 6.390123933249E10 3966410.97 4404784 8.55926624790716E12 3966410.97 8 2 300 2136 534 80100
241200.0 16452 6.414100184695E10 3981264.4 4421236 8.62340724975411E12 3981264.4 8 2 300 2144 536 80400
242100.0 16560 6.459644799839E10 3996117.83 4437796 8.6880036977525E12 3996117.83 8 2 300 2152 538 80700
243000.0 16524 6.47645215378E10 4010971.27 4454320 8.75276821929031E12 4010971.27 8 2 300 2160 540 81000
243900.0 16452 6.486029572974E10 4025824.7 4470772 8.81762851502005E12 4025824.7 8 2 300 2168 542 81300
244800.0 16452 6.510005824419E10 4040678.12 4487224 8.88272857326424E12 4040678.12 8 2 300 2176 544 81600
245700.0 16560 6.555871274595E10 4055531.55 4503784 8.94828728601019E12 4055531.55 8 2 300 2184 546 81900
246600.0 16524 6.572571682926E10 4070384.99 4520308 9.01401300283945E12 4070384.99 8 2 300 2192 548 82200
247500.0 16452 6.581935212699E10 4085238.42 4536760 9.07983235496643E12 4085238.42 8 2 300 2200 550 82500
248400.0 16452 6.605911464144E10 4100091.85 4553212 9.14589146960788E12 4100091.85 8 2 300 2208 552 82800
249300.0 16560 6.652097748447E10 4114945.28 4569772 9.21241244709235E12 4114945.28 8 2 300 2216 554 83100
250200.0 16524 6.668691212066E10 4129798.72 4586296 9.27909935921301E12 4129798.72 8 2 300 2224 556 83400
251100.0 16452 6.677840852418E10 4144652.15 4602748 9.34587776773719E12 4144652.15 8 2 300 2232 558 83700
252000.0 16452 6.701817103864E10 4159505.58 4619200 9.41289593877583E12 4159505.58 8 2 300 2240 560 84000
252900.0 16560 6.748324226182E10 4174359.01 4635760 9.48037918103765E12 4174359.01 8 2 300 2248 562 84300
253800.0 16524 6.764811190884E10 4189213.01 4652284 9.54802729294649E12 4189213.01 8 2 300 2256 564 84600
254700.0 16452 6.773747419134E10 4204066.45 4668736 9.61576476713784E12 4204066.45 8 2 300 2264 566 84900
255600.0 16452 6.79772367058E10 4218919.88 4685188 9.68374200384363E12 4218919.88 8 2 300 2272 568 85200
256500.0 16561 6.844551644864E10 4233773.31 4701749 9.75218752029227E12 4233773.31 8 2 300 2280 570 85500
257400.0 16524 6.860931199416E10 4248626.75 4718273 9.82079683228642E12 4248626.75 8 2 300 2288 572 85800
258300.0 16452 6.869653058859E10 4263480.18 4734725 9.88949336287502E12 4263480.18 8 2 300 2296 574 86100
259200.0 16452 6.893629310305E10 4278333.61 4751177 9.95842965597806E12 4278333.61 8 2 300 2304 576 86400
260100.0 16560 6.940778099202E10 4293187.04 4767737 1.002783743697008E13 4293187.04 8 2 300 2312 578 86700
261000.0 16524 6.957050728551E10 4308040.48 4784261 1.009740794425559E13 4308040.48 8 2 300 2320 580 87000
261900.0 16452 6.965558698573E10 4322893.91 4800713 1.016706353124133E13 4322893.91 8 2 300 2328 582 87300
262800.0 16452 6.989534950019E10 4337747.34 4817165 1.023695888074151E13 4337747.34 8 2 300 2336 584 87600
263700.0 16560 7.037015318256E10 4352600.77 4833725 1.030732903392408E13 4352600.77 8 2 300 2344 586 87900
264600.0 16524 7.053170257691E10 4367454.21 4850249 1.037786073650099E13 4367454.21 8 2 300 2352 588 88200
265500.0 16452 7.061464338293E10 4382307.64 4866701 1.044847537988392E13 4382307.64 8 2 300 2360 590 88500
266400.0 16452 7.085440589738E10 4397161.07 4883153 1.05193297857813E13 4397161.07 8 2 300 2368 592 88800
267300.0 16560 7.133231046898E10 4412014.5 4899713 1.059066209625028E13 4412014.5 8 2 300 2376 594 89100
268200.0 16530 7.149290342601E10 4426867.94 4916243 1.066215499967629E13 4426867.94 8 2 300 2384 596 89400
269100.0 16454 7.157370348041E10 4441721.78 4932697 1.073372870315671E13 4441721.78 8 2 300 2392 598 89700
270000.0 16452 7.181347028719E10 4456575.36 4949149 1.08055421734439E13 4456575.36 8 2 300 2400 600 90000
270900.0 16560 7.229469192918E10 4471428.8 4965709 1.087783686537307E13 4471428.8 8 2 300 2408 602 90300
271800.0 16524 7.245410240118E10 4486282.24 4982233 1.095029096777426E13 4486282.24 8 2 300 2416 604 90600
272700.0 16452 7.253276540721E10 4501135.67 4998685 1.102282373318146E13 4501135.67 8 2 300 2424 606 90900
273600.0 16452 7.277252792166E10 4515989.09 5015137 1.109559626110312E13 4515989.09 8 2 300 2432 608 91200
274500.0 16560 7.325684919776E10 4530842.52 5031697 1.116885311030088E13 4530842.52 8 2 300 2440 610 91500
275400.0 16524 7.341530325929E10 4545695.96 5048221 1.124226841356017E13 4545695.96 8 2 300 2448 612 91800
276300.0 16452 7.349182180456E10 4560549.39 5064673 1.131576023536473E13 4560549.39 8 2 300 2456 614 92100
277200.0 16452 7.373158431902E10 4575402.82 5081125 1.138949181968375E13 4575402.82 8 2 300 2464 616 92400
278100.0 16560 7.421911396343E10 4590256.25 5097685 1.146371093364718E13 4590256.25 8 2 300 2472 618 92700
279000.0 16524 7.437649298432E10 4605109.69 5114209 1.153808742663149E13 4605109.69 8 2 300 2480 620 93000
279900.0 16452 7.445087820192E10 4619963.12 5130661 1.161253830483342E13 4619963.12 8 2 300 2488 622 93300
280800.0 16452 7.469064071638E10 4634816.55 5147113 1.168722894554979E13 4634816.55 8 2 300 2496 624 93600
281700.0 16560 7.518148612719E10 4649669.98 5163673 1.176241043167698E13 4649669.98 8 2 300 2504 626 93900
282600.0 16524 7.533768828488E10 4664523.42 5180197 1.183774811996186E13 4664523.42 8 2 300 2512 628 94200
283500.0 16453 7.540993459928E10 4679376.85 5196650 1.191315805456114E13 4679376.85 8 2 300 2520 630 94500
284400.0 16452 7.564969711373E10 4694230.28 5213102 1.198880775167487E13 4694230.28 8 2 300 2528 632 94800
285300.0 16560 7.6143647909E10 4709084.27 5229662 1.206495139958387E13 4709084.27 8 2 300 2536 634 95100
286200.0 16524 7.629889841685E10 4723937.72 5246186 1.214125029800072E13 4723937.72 8 2 300 2544 636 95400
287100.0 16452 7.636900026782E10 4738791.15 5262638 1.221761929826854E13 4738791.15 8 2 300 2552 638 95700
288000.0 16452 7.660876278228E10 4753644.58 5279090 1.229422806105082E13 4753644.58 8 2 300 2560 640 96000
288900.0 16560 7.710602492473E10 4768498.01 5295650 1.237133408597555E13 4768498.01 8 2 300 2568 642 96300
289800.0 16524 7.726008815998E10 4783351.45 5312174 1.244859417413553E13 4783351.45 8 2 300 2576 644 96600
290700.0 16452 7.732805666529E10 4798204.88 5328626 1.252592223080082E13 4798204.88 8 2 300 2584 646 96900
291600.0 16452 7.756781917974E10 4813058.31 5345078 1.260349004998056E13 4813058.31 8 2 300 2592 648 97200
292500.0 16560 7.806818221141E10 4827911.74 5361638 1.268155823219198E13 4827911.74 8 2 300 2600 650 97500
293400.0 16524 7.82212890092E10 4842765.18 5378162 1.275977952120117E13 4842765.18 8 2 300 2608 652 97800
294300.0 16452 7.828711306276E10 4857618.61 5394614 1.283806663426393E13 4857618.61 8 2 300 2616 654 98100
295200.0 16452 7.852687557721E10 4872472.04 5411066 1.291659350984114E13 4872472.04 8 2 300 2624 656 98400
296100.0 16560 7.903044694119E10 4887325.47 5427626 1.299562395678233E13 4887325.47 8 2 300 2632 658 98700
297000.0 16524 7.918247873433E10 4902178.91 5444150 1.307480643551667E13 4902178.91 8 2 300 2640 660 99000
297900.0 16452 7.924616946022E10 4917032.34 5460602 1.315405260497689E13 4917032.34 8 2 300 2648 662 99300
298800.0 16452 7.948593197468E10 4931885.76 5477054 1.323353853695156E13 4931885.76 8 2 300 2656 664 99600
299700.0 16560 7.999271168897E10 4946739.19 5493614 1.331353124864054E13 4946739.19 8 2 300 2664 666 99900
300600.0 16524 8.014367716416E10 4961593.04 5510138 1.339367492580469E13 4961593.04 8 2 300 2672 668 100200
301500.0 16452 8.020523379116E10 4976446.63 5526590 1.347388015959585E13 4976446.63 8 2 300 2680 670 100500
302400.0 16452 8.044499760027E10 4991300.06 5543042 1.355432515719612E13 4991300.06 8 2 300 2688 672 100800
303300.0 16560 8.095498566879E10 5006153.49 5559602 1.36352801428649E13 5006153.49 8 2 300 2696 674 101100
304200.0 16524 8.110487856644E10 5021006.93 5576126 1.371638502143134E13 5021006.93 8 2 300 2704 676 101400
305100.0 16452 8.116429148333E10 5035860.36 5592578 1.379754931291467E13 5035860.36 8 2 300 2712 678 101700
306000.0 16452 8.140405399779E10 5050713.79 5609030 1.387895336691246E13 5050713.79 8 2 300 2720 680 102000
306900.0 16560 8.191725042562E10 5065567.22 5625590 1.396087061733808E13 5065567.22 8 2 300 2728 682 102300
307800.0 16524 8.206607386722E10 5080420.66 5642114 1.40429366912053E13 5080420.66 8 2 300 2736 684 102600
308700.0 16452 8.212334788091E10 5095274.09 5658566 1.41250600390862E13 5095274.09 8 2 300 2744 686 102900
309600.0 16452 8.236311039536E10 5110127.52 5675018 1.420742314948156E13 5110127.52 8 2 300 2752 688 103200
310500.0 16560 8.287951516429E10 5124980.95 5691578 1.429030266464585E13 5124980.95 8 2 300 2760 690 103500
311400.0 16524 8.302726915006E10 5139834.39 5708102 1.437332993379591E13 5139834.39 8 2 300 2768 692 103800
312300.0 16452 8.308240427853E10 5154687.82 5724554 1.445641233807445E13 5154687.82 8 2 300 2776 694 104100
313200.0 16452 8.332216679299E10 5169541.25 5741006 1.453973450486744E13 5169541.25 8 2 300 2784 696 104400
314100.0 16560 8.384177988523E10 5184394.68 5757566 1.462357628475267E13 5184394.68 8 2 300 2792 698 104700
315000.0 16524 8.398846445089E10 5199248.12 5774090 1.470756474920356E13 5199248.12 8 2 300 2800 700 105000
315900.0 16452 8.404146067616E10 5214101.55 5790542 1.479160620987973E13 5214101.55 8 2 300 2808 702 105300
316800.0 16452 8.428122779771E10 5228955.54 5806994 1.487588743767743E13 5228955.54 8 2 300 2816 704 105600
317700.0 16560 8.480405394432E10 5243808.98 5823554 1.496069149162175E13 5243808.98 8 2 300 2824 706 105900
318600.0 16524 8.494967458313E10 5258662.42 5840078 1.504564116620488E13 5258662.42 8 2 300 2832 708 106200
319500.0 16453 8.500052646505E10 5273515.85 5856531 1.513064169266993E13 5273515.85 8 2 300 2840 710 106500
320400.0 16452 8.524028885943E10 5288369.28 5872983 1.521588198152936E13 5288369.28 8 2 300 2848 712 106800
321300.0 16560 8.576631866531E10 5303222.71 5889543 1.530164830019467E13 5303222.71 8 2 300 2856 714 107100
322200.0 16524 8.591086432648E10 5318076.15 5906067 1.538755916452115E13 5318076.15 8 2 300 2864 716 107400
323100.0 16452 8.595958274266E10 5332929.58 5922519 1.547351874726381E13 5332929.58 8 2 300 2872 718 107700
324000.0 16452 8.619934525711E10 5347783.01 5938971 1.555971809252093E13 5347783.01 8 2 300 2880 720 108000
324900.0 16560 8.672858342231E10 5362636.44 5955531 1.564644667594324E13 5362636.44 8 2 300 2888 722 108300
325800.0 16524 8.687205960943E10 5377489.88 5972055 1.573331873555267E13 5377489.88 8 2 300 2896 724 108600
326700.0 16452 8.69186391404E10 5392343.31 5988507 1.582023737469306E13 5392343.31 8 2 300 2904 726 108900
327600.0 16452 8.715840165485E10 5407196.74 6004959 1.590739577634791E13 5407196.74 8 2 300 2912 728 109200
328500.0 16560 8.769084813436E10 5422050.16 6021519 1.599508662448228E13 5422050.16 8 2 300 2920 730 109500
329400.0 16524 8.783325490137E10 5436903.6 6038043 1.608291987938365E13 5436903.6 8 2 300 2928 732 109800
330300.0 16452 8.787769553813E10 5451757.03 6054495 1.617079757492178E13 5451757.03 8 2 300 2936 734 110100
331200.0 16458 8.811745805259E10 5466610.46 6070953 1.625891503297436E13 5466610.46 8 2 300 2944 736 110400
332100.0 16562 8.865322369549E10 5481464.3 6087515 1.634756825666986E13 5481464.3 8 2 300 2952 738 110700
333000.0 16524 8.87944638574E10 5496317.9 6104039 1.643636272052725E13 5496317.9 8 2 300 2960 740 111000
333900.0 16452 8.883676116138E10 5511171.33 6120491 1.652519948168863E13 5511171.33 8 2 300 2968 742 111300
334800.0 16452 8.907652367583E10 5526024.76 6136943 1.661427600536446E13 5526024.76 8 2 300 2976 744 111600
335700.0 16560 8.961538688683E10 5540878.19 6153503 1.670389139225129E13 5540878.19 8 2 300 2984 746 111900
336600.0 16524 8.975565474035E10 5555731.63 6170027 1.679364704699164E13 5555731.63 8 2 300 2992 748 112200
337500.0 16452 8.979581755911E10 5570585.06 6186479 1.688344286455075E13 5570585.06 8 2 300 3000 750 112500
338400.0 16452 9.003558007357E10 5585438.49 6202931 1.697347844462432E13 5585438.49 8 2 300 3008 752 112800
339300.0 16560 9.057765161688E10 5600291.92 6219491 1.70640560962412E13 5600291.92 8 2 300 3016 754 113100
340200.0 16524 9.071685557188E10 5615145.36 6236015 1.715477295181309E13 5615145.36 8 2 300 3024 756 113400
341100.0 16452 9.07548739569E10 5629998.79 6252467 1.724552782576999E13 5629998.79 8 2 300 3032 758 113700
342000.0 16452 9.099463647136E10 5644852.22 6268919 1.733652246224135E13 5644852.22 8 2 300 3040 760 114000
342900.0 16560 9.154002382625E10 5659705.65 6285479 1.74280624860676E13 5659705.65 8 2 300 3048 762 114300
343800.0 16524 9.167804532435E10 5674559.09 6302003 1.751974053139195E13 5674559.09 8 2 300 3056 764 114600
344700.0 16452 9.17139303547E10 5689412.52 6318455 1.761145446174664E13 5689412.52 8 2 300 3064 766 114900
345600.0 16452 9.195369286915E10 5704265.95 6334907 1.770340815461579E13 5704265.95 8 2 300 3072 768 115200

