# seed = 1, gamma = 0.25, beta = 0.25, dee = 100.0, dcc = 200.0, dec = 600.0, dsc = 1000.0, dLocalhost = 0.015, hostBroker = CLOUD, numOfCloud = 1, numOfEdge = 1, numOfSmartphone = 75 
#
# The columns have the following meaning: 
# instant[SECONDS] delayCountPartial delaySumPartial[SECONDS] delayMaxPartial[SECONDS] delayCountTot delaySumTot[SECONDS] delayMaxTot[SECONDS] runOnCloudPartial runOnEdgePartial runOnSmartphonePartial runOnCloudTot runOnEdgeTot runOnSmartphoneTot
0.0 0 0.0 0.0 0 0.0 0.0 0 0 0 0 0 0
900.0 16560 5.027755511E7 6242.23 16560 5.027755511E7 6242.23 233 2 75 233 2 75
1800.0 16525 1.393817667E8 11764.64 33085 1.8965932181E8 11764.64 233 2 75 466 4 150
2700.0 16452 2.2827598257E8 17286.62 49537 4.1793530438E8 17286.62 233 2 75 699 6 225
3600.0 16452 3.1739768507E8 22808.58 65989 7.3533298945E8 22808.58 233 2 75 932 8 300
4500.0 16560 4.0806465756E8 28330.55 82549 1.14339764701E9 28330.55 233 2 75 1165 10 375
5400.0 16524 4.9672553583E8 33852.52 99073 1.64012318284E9 33852.52 233 2 75 1398 12 450
6300.0 16452 5.8481834719E8 39374.48 115525 2.22494153003E9 39374.48 233 2 75 1631 14 525
7200.0 16460 6.7394039626E8 44896.45 131985 2.89888192629E9 44896.45 233 2 75 1864 16 600
8100.0 16560 7.6576033982E8 50418.98 148545 3.66464226611E9 50418.98 233 2 75 2097 18 675
9000.0 16524 8.54069957E8 55940.96 165069 4.51871222311E9 55940.96 233 2 75 2330 20 750
9900.0 16452 9.4136998316E8 61462.93 181521 5.46008220627E9 61462.93 233 2 75 2563 22 825
10800.0 16452 1.03049168566E9 66984.89 197973 6.49057389193E9 66984.89 233 2 75 2796 24 900
11700.0 16560 1.1235441969E9 72506.86 214533 7.61411808883E9 72506.86 233 2 75 3029 26 975
12600.0 16524 1.21140988385E9 78028.83 231057 8.82552797268E9 78028.83 233 2 75 3262 28 1050
13500.0 16453 1.29791234805E9 83550.79 247510 1.012344032073E10 83550.79 233 2 75 3495 30 1125
14400.0 16452 1.38703838333E9 89073.32 263962 1.151047870407E10 89073.32 233 2 75 3728 32 1200
15300.0 16560 1.48124481862E9 94595.3 280522 1.299172352269E10 94595.3 233 2 75 3961 34 1275
16200.0 16524 1.56875430503E9 100117.27 297046 1.456047782772E10 100117.27 233 2 75 4194 36 1350
17100.0 16452 1.65446398402E9 105639.24 313498 1.621494181174E10 105639.24 233 2 75 4427 38 1425
18000.0 16452 1.74358568652E9 111161.2 329950 1.795852749826E10 111161.2 233 2 75 4660 40 1500
18900.0 16560 1.83897992838E9 116683.17 346510 1.979750742664E10 116683.17 233 2 75 4893 42 1575
19800.0 16524 1.92609182417E9 122205.14 363034 2.172359925081E10 122205.14 233 2 75 5126 44 1650
20700.0 16452 2.01101067882E9 127727.67 379486 2.373460992963E10 127727.67 233 2 75 5359 46 1725
21600.0 16452 2.10013732248E9 133249.64 395938 2.583474725211E10 133249.64 233 2 75 5592 48 1800
22500.0 16560 2.19672433123E9 138771.61 412498 2.803147158334E10 138771.61 233 2 75 5825 50 1875
23400.0 16524 2.28343865305E9 144293.58 429022 3.031491023639E10 144293.58 233 2 75 6058 52 1950
24300.0 16452 2.36755798486E9 149815.55 445474 3.268246822125E10 149815.55 233 2 75 6291 54 2025
25200.0 16452 2.45667968736E9 155337.51 461926 3.513914790861E10 155337.51 233 2 75 6524 56 2100
26100.0 16560 2.55450325811E9 160859.48 478486 3.769365116672E10 160859.48 233 2 75 6757 58 2175
27000.0 16524 2.64078053285E9 166382.02 495010 4.033443169956E10 166382.02 233 2 75 6990 60 2250
27900.0 16452 2.72410962115E9 171903.99 511462 4.305854132071E10 171903.99 233 2 75 7223 62 2325
28800.0 16452 2.81323132364E9 177425.95 527914 4.587177264434E10 177425.95 233 2 75 7456 64 2400
29700.0 16560 2.91220387118E9 182947.92 544474 4.878397651553E10 182947.92 233 2 75 7689 66 2475
30600.0 16524 2.99812299286E9 188469.89 560998 5.178209950839E10 188469.89 233 2 75 7922 68 2550
31500.0 16452 3.08065198651E9 193991.86 577450 5.48627514949E10 193991.86 233 2 75 8155 70 2625
32400.0 16461 3.169773689E9 199513.82 593911 5.80325251839E10 199513.82 233 2 75 8388 72 2700
33300.0 16560 3.26994330828E9 205036.35 610471 6.130246849217E10 205036.35 233 2 75 8621 74 2775
34200.0 16524 3.35546982229E9 210558.33 626995 6.465793831446E10 210558.33 233 2 75 8854 76 2850
35100.0 16452 3.437203623E9 216080.3 643447 6.809514193747E10 216080.3 233 2 75 9087 78 2925
36000.0 16452 3.5263253255E9 221602.26 659899 7.162146726296E10 221602.26 233 2 75 9320 80 3000
36900.0 16560 3.6276833848E9 227124.23 676459 7.524915064776E10 227124.23 233 2 75 9553 82 3075
37800.0 16524 3.712807351E9 232646.2 692983 7.896195799877E10 232646.2 233 2 75 9786 84 3150
38700.0 16453 3.79374598853E9 238168.17 709436 8.275570398729E10 238168.17 233 2 75 10019 86 3225
39600.0 16452 3.88287110864E9 243690.59 725888 8.663857509593E10 243690.59 233 2 75 10252 88 3300
40500.0 16560 3.98542690974E9 249212.67 742448 9.062400200568E10 249212.67 233 2 75 10485 90 3375
41400.0 16524 4.07015413959E9 254734.64 758972 9.469415614527E10 254734.64 233 2 75 10718 92 3450
42300.0 16452 4.15029759326E9 260256.61 775424 9.884445373853E10 260256.61 233 2 75 10951 94 3525
43200.0 16452 4.23941929575E9 265778.57 791876 1.0308387303428E11 265778.57 233 2 75 11184 96 3600
44100.0 16560 4.34316286671E9 271300.54 808436 1.0742703590099E11 271300.54 233 2 75 11417 98 3675
45000.0 16524 4.42749166836E9 276822.51 824960 1.1185452756935E11 276822.51 233 2 75 11650 100 3750
45900.0 16452 4.50684153466E9 282344.68 841412 1.1636136910401E11 282344.68 233 2 75 11883 102 3825
46800.0 16452 4.59596789149E9 287867.01 857864 1.209573369955E11 287867.01 233 2 75 12116 104 3900
47700.0 16560 4.70095106058E9 293388.98 874424 1.2565828805608E11 293388.98 233 2 75 12349 106 3975
48600.0 16524 4.78483844432E9 298910.95 890948 1.3044312650039E11 298910.95 233 2 75 12582 108 4050
49500.0 16452 4.86339155995E9 304432.92 907400 1.3530651806034E11 304432.92 233 2 75 12815 110 4125
50400.0 16452 4.95251326244E9 309954.88 923852 1.4025903132278E11 309954.88 233 2 75 13048 112 4200
51300.0 16560 5.05864236304E9 315476.84 940412 1.4531767368582E11 315476.84 233 2 75 13281 114 4275
52200.0 16524 5.14217598225E9 320998.82 956936 1.5045984966807E11 320998.82 233 2 75 13514 116 4350
53100.0 16453 5.21993825555E9 326521.35 973389 1.5567978792362E11 326521.35 233 2 75 13747 118 4425
54000.0 16452 5.30906489921E9 332043.32 989841 1.6098885282284E11 332043.32 233 2 75 13980 120 4500
54900.0 16560 5.4163867757E9 337565.29 1006401 1.6640523959854E11 337565.29 233 2 75 14213 122 4575
55800.0 16524 5.49952280289E9 343087.26 1022925 1.7190476240143E11 343087.26 233 2 75 14446 124 4650
56700.0 16452 5.57648556235E9 348609.23 1039377 1.7748124796378E11 348609.23 233 2 75 14679 126 4725
57600.0 16452 5.66560726484E9 354131.19 1055829 1.8314685522862E11 354131.19 233 2 75 14912 128 4800
58500.0 16568 5.7741218862E9 359653.16 1072397 1.8892097711483E11 359653.16 233 2 75 15145 130 4875
59400.0 16524 5.85686468312E9 365175.7 1088921 1.9477784179795E11 365175.7 233 2 75 15378 132 4950
60300.0 16452 5.93303719907E9 370697.67 1105373 2.0071087899701E11 370697.67 233 2 75 15611 134 5025
61200.0 16452 6.02215890156E9 376219.63 1121825 2.0673303789857E11 376219.63 233 2 75 15844 136 5100
62100.0 16560 6.13186629881E9 381741.6 1138385 2.1286490419738E11 381741.6 233 2 75 16077 138 5175
63000.0 16524 6.21420715241E9 387263.57 1154909 2.1907911134979E11 387263.57 233 2 75 16310 140 5250
63900.0 16452 6.2895795647E9 392785.54 1171361 2.2536869091449E11 392785.54 233 2 75 16543 142 5325
64800.0 16453 6.37870126719E9 398307.5 1187814 2.3174739218168E11 398307.5 233 2 75 16776 144 5400
65700.0 16560 6.48964955492E9 403830.03 1204374 2.3823704173661E11 403830.03 233 2 75 17009 146 5475
66600.0 16524 6.57155397305E9 409352.01 1220898 2.4480859570966E11 409352.01 233 2 75 17242 148 5550
67500.0 16452 6.64613120141E9 414873.98 1237350 2.5145472691107E11 414873.98 233 2 75 17475 150 5625
68400.0 16452 6.73525290391E9 420395.94 1253802 2.5818997981498E11 420395.94 233 2 75 17708 152 5700
69300.0 16560 6.84734581292E9 425917.91 1270362 2.650373256279E11 425917.91 233 2 75 17941 154 5775
70200.0 16524 6.92889149293E9 431439.88 1286886 2.7196621712083E11 431439.88 233 2 75 18174 156 5850
71100.0 16452 7.00267356704E9 436961.85 1303338 2.7896889068788E11 436961.85 233 2 75 18407 158 5925
72000.0 16452 7.09179960233E9 442484.38 1319790 2.860606902902E11 442484.38 233 2 75 18640 160 6000
72900.0 16560 7.20509023452E9 448006.35 1336350 2.9326578052472E11 448006.35 233 2 75 18873 162 6075
73800.0 16524 7.28623832258E9 453528.32 1352874 3.005520188473E11 453528.32 233 2 75 19106 164 6150
74700.0 16452 7.35922520376E9 459050.29 1369326 3.0791124405106E11 459050.29 233 2 75 19339 166 6225
75600.0 16452 7.44834690626E9 464572.25 1385778 3.1535959095731E11 464572.25 233 2 75 19572 168 6300
76500.0 16560 7.56286914413E9 470094.22 1402338 3.2292246010145E11 470094.22 233 2 75 19805 170 6375
77400.0 16524 7.64357585148E9 475616.19 1418862 3.3056603595293E11 475616.19 233 2 75 20038 172 6450
78300.0 16452 7.71577189935E9 481138.72 1435314 3.3828180785228E11 481138.72 233 2 75 20271 174 6525
79200.0 16452 7.80489854302E9 486660.7 1451766 3.4608670639529E11 486660.7 233 2 75 20504 176 6600
80100.0 16560 7.92056974869E9 492182.66 1468326 3.5400727614398E11 492182.66 233 2 75 20737 178 6675
81000.0 16524 8.00092507088E9 497704.64 1484850 3.6200820121487E11 497704.64 233 2 75 20970 180 6750
81900.0 16452 8.07231920614E9 503226.6 1501302 3.7008052042101E11 503226.6 233 2 75 21203 182 6825
82800.0 16452 8.16144090865E9 508748.56 1517754 3.7824196132966E11 508748.56 233 2 75 21436 184 6900
83700.0 16566 8.2783486763E9 514270.53 1534320 3.8652031000596E11 514270.53 233 2 75 21669 186 6975
84600.0 16527 8.35826452096E9 519793.07 1550847 3.9487857452692E11 519793.07 233 2 75 21902 188 7050
85500.0 16452 8.42887082048E9 525315.04 1567299 4.033074453474E11 525315.04 233 2 75 22135 190 7125
86400.0 16452 8.51799254536E9 530837.01 1583751 4.1182543789276E11 530837.01 233 2 75 22368 192 7200
87300.0 16560 8.6360492628E9 536358.97 1600311 4.2046148715556E11 536358.97 233 2 75 22601 194 7275
88200.0 16524 8.71560950264E9 541880.95 1616835 4.291770966582E11 541880.95 233 2 75 22834 196 7350
89100.0 16452 8.78541320849E9 547402.91 1633287 4.3796250986669E11 547402.91 233 2 75 23067 198 7425
90000.0 16453 8.874534911E9 552924.87 1649740 4.4683704477768E11 552924.87 233 2 75 23300 200 7500
90900.0 16560 8.99383047364E9 558447.14 1666300 4.5583087525133E11 558447.14 233 2 75 23533 202 7575
91800.0 16524 9.07295142981E9 563969.38 1682824 4.6490382668114E11 563969.38 233 2 75 23766 204 7650
92700.0 16452 9.14196478989E9 569491.35 1699276 4.7404579147103E11 569491.35 233 2 75 23999 206 7725
93600.0 16452 9.2310864924E9 575013.31 1715728 4.8327687796343E11 575013.31 233 2 75 24232 208 7800
94500.0 16560 9.35152873941E9 580535.28 1732288 4.9262840670284E11 580535.28 233 2 75 24465 210 7875
95400.0 16524 9.43029379678E9 586057.25 1748812 5.0205870049962E11 586057.25 233 2 75 24698 212 7950
96300.0 16452 9.49850715558E9 591579.22 1765264 5.115572076552E11 591579.22 233 2 75 24931 214 8025
97200.0 16452 9.58762937003E9 597101.25 1781716 5.2114483702522E11 597101.25 233 2 75 25164 216 8100
98100.0 16560 9.70926868553E9 602623.71 1798276 5.3085410571075E11 602623.71 233 2 75 25397 218 8175
99000.0 16524 9.78763810486E9 608145.69 1814800 5.4064174381561E11 608145.69 233 2 75 25630 220 8250
99900.0 16452 9.85505876973E9 613667.66 1831252 5.5049680258534E11 613667.66 233 2 75 25863 222 8325
100800.0 16452 9.94418047224E9 619189.62 1847704 5.6044098305758E11 619189.62 233 2 75 26096 224 8400
101700.0 16560 1.006700823993E10 624711.59 1864264 5.7050799129752E11 624711.59 233 2 75 26329 226 8475
102600.0 16524 1.01449756428E10 630233.56 1880788 5.8065296694031E11 630233.56 233 2 75 26562 228 8550
103500.0 16452 1.021160113542E10 635755.53 1897240 5.9086456807573E11 635755.53 233 2 75 26795 230 8625
104400.0 16453 1.030072717071E10 641278.06 1913693 6.0116529524644E11 641278.06 233 2 75 27028 232 8700
105300.0 16560 1.042475266159E10 646800.03 1930253 6.1159004790803E11 646800.03 233 2 75 27261 234 8775
106200.0 16524 1.050232245449E10 652322.0 1946777 6.2209237036252E11 652322.0 233 2 75 27494 236 8850
107100.0 16452 1.056815277218E10 657843.97 1963229 6.326605231347E11 657843.97 233 2 75 27727 238 8925
108000.0 16452 1.065727447469E10 663365.93 1979681 6.4331779760939E11 663365.93 233 2 75 27960 240 9000
108900.0 16560 1.078248776315E10 668887.9 1996241 6.5410028537254E11 668887.9 233 2 75 28193 242 9075
109800.0 16532 1.085965999248E10 674409.87 2012773 6.6495994536502E11 674409.87 233 2 75 28426 244 9150
110700.0 16452 1.092469946789E10 679932.4 2029225 6.7588464483292E11 679932.4 233 2 75 28659 246 9225
111600.0 16452 1.101382611156E10 685454.38 2045677 6.8689847094448E11 685454.38 233 2 75 28892 248 9300
112500.0 16560 1.114023218491E10 690976.34 2062237 6.9803870312939E11 690976.34 233 2 75 29125 250 9375
113400.0 16524 1.121700680428E10 696498.31 2078761 7.0925570993367E11 696498.31 233 2 75 29358 252 9450
114300.0 16452 1.128124677485E10 702020.28 2095213 7.2053695670852E11 702020.28 233 2 75 29591 254 9525
115200.0 16452 1.137036847736E10 707542.24 2111665 7.3190732518588E11 707542.24 233 2 75 29824 256 9600
116100.0 16561 1.149796727758E10 713064.21 2128226 7.4340529246347E11 713064.21 233 2 75 30057 258 9675
117000.0 16524 1.157434869367E10 718586.75 2144750 7.5497964115714E11 718586.75 233 2 75 30290 260 9750
117900.0 16452 1.163779841173E10 724108.72 2161202 7.6661743956886E11 724108.72 233 2 75 30523 262 9825
118800.0 16452 1.172692011423E10 729630.69 2177654 7.783443596831E11 729630.69 233 2 75 30756 264 9900
119700.0 16560 1.185571171734E10 735152.65 2194214 7.9020007140044E11 735152.65 233 2 75 30989 266 9975
120600.0 16524 1.193169115412E10 740674.62 2210738 8.0213176255456E11 740674.62 233 2 75 31222 268 10050
121500.0 16452 1.199434077752E10 746196.59 2227190 8.1412610333208E11 746196.59 233 2 75 31455 270 10125
122400.0 16452 1.208346248003E10 751718.55 2243642 8.2620956581212E11 751718.55 233 2 75 31688 272 10200
123300.0 16560 1.221345114587E10 757241.08 2260202 8.3842301695799E11 757241.08 233 2 75 31921 274 10275
124200.0 16524 1.228903798392E10 762763.07 2276726 8.5071205494191E11 762763.07 233 2 75 32154 276 10350
125100.0 16452 1.23508924144E10 768285.03 2293178 8.630629473563E11 768285.03 233 2 75 32387 278 10425
126000.0 16452 1.24400141169E10 773807.0 2309630 8.7550296147321E11 773807.0 233 2 75 32620 280 10500
126900.0 16560 1.257119123177E10 779328.96 2326190 8.8807415270498E11 779328.96 233 2 75 32853 282 10575
127800.0 16524 1.264637551297E10 784850.94 2342714 9.0072052821795E11 784850.94 233 2 75 33086 284 10650
128700.0 16452 1.270743478019E10 790372.9 2359166 9.1342796299814E11 790372.9 233 2 75 33319 286 10725
129600.0 16452 1.279656081548E10 795895.43 2375618 9.2622452381363E11 795895.43 233 2 75 33552 288 10800
130500.0 16561 1.292893565353E10 801417.4 2392179 9.3915345946716E11 801417.4 233 2 75 33785 290 10875
131400.0 16524 1.300372232476E10 806939.38 2408703 9.5215718179193E11 806939.38 233 2 75 34018 292 10950
132300.0 16452 1.306398641707E10 812461.34 2425155 9.6522116820899E11 812461.34 233 2 75 34251 294 11025
133200.0 16452 1.315310811957E10 817983.31 2441607 9.7837427632857E11 817983.31 233 2 75 34484 296 11100
134100.0 16560 1.328667075521E10 823505.27 2458167 9.9166094708377E11 823505.27 233 2 75 34717 298 11175
135000.0 16530 1.336105986281E10 829027.25 2474697 1.00502200694658E12 829027.25 233 2 75 34950 300 11250
135900.0 16454 1.342053193675E10 834549.61 2491151 1.01844253888333E12 834549.61 233 2 75 35183 302 11325
136800.0 16452 1.350965834238E10 840071.74 2507603 1.03195219722572E12 840071.74 233 2 75 35416 304 11400
137700.0 16560 1.36444151128E10 845593.71 2524163 1.04559661233852E12 845593.71 233 2 75 35649 306 11475
138600.0 16524 1.37184066285E10 851115.69 2540687 1.05931501896702E12 851115.69 233 2 75 35882 308 11550
139500.0 16452 1.377708037373E10 856637.65 2557139 1.07309209934074E12 856637.65 233 2 75 36115 310 11625
140400.0 16452 1.386620207623E10 862159.61 2573591 1.08695830141698E12 862159.61 233 2 75 36348 312 11700
141300.0 16561 1.400215023248E10 867681.58 2590152 1.10096045164945E12 867681.58 233 2 75 36581 314 11775
142200.0 16524 1.407574529469E10 873203.69 2606676 1.11503619694414E12 873203.69 233 2 75 36814 316 11850
143100.0 16452 1.413362819907E10 878726.08 2623128 1.12916982514321E12 878726.08 233 2 75 37047 318 11925
144000.0 16452 1.42227536786E10 884248.05 2639580 1.14339257882182E12 884248.05 233 2 75 37280 320 12000
144900.0 16560 1.435989461062E10 889770.02 2656140 1.15775247343243E12 889770.02 233 2 75 37513 322 12075
145800.0 16524 1.443309094376E10 895291.99 2672664 1.17218556437619E12 895291.99 233 2 75 37746 324 12150
146700.0 16452 1.449017434189E10 900813.96 2689116 1.18667573871808E12 900813.96 233 2 75 37979 326 12225
147600.0 16452 1.45792960444E10 906335.92 2705568 1.20125503476248E12 906335.92 233 2 75 38212 328 12300
148500.0 16560 1.471762972129E10 911857.89 2722128 1.21597266448377E12 911857.89 233 2 75 38445 330 12375
149400.0 16524 1.479043283315E10 917380.43 2738652 1.23076309731693E12 917380.43 233 2 75 38678 332 12450
150300.0 16452 1.484672597876E10 922902.4 2755104 1.24560982329569E12 922902.4 233 2 75 38911 334 12525
151200.0 16452 1.493584768127E10 928424.37 2771556 1.26054567097696E12 928424.37 233 2 75 39144 336 12600
152100.0 16560 1.507537412505E10 933946.33 2788116 1.27562104510201E12 933946.33 233 2 75 39377 338 12675
153000.0 16524 1.514777529366E10 939468.3 2804640 1.29076882039567E12 939468.3 233 2 75 39610 340 12750
153900.0 16452 1.520326834462E10 944990.27 2821092 1.30597208874029E12 944990.27 233 2 75 39843 342 12825
154800.0 16452 1.529239004713E10 950512.23 2837544 1.32126447878742E12 950512.23 233 2 75 40076 344 12900
155700.0 16561 1.543311358064E10 956034.76 2854105 1.33669759236805E12 956034.76 233 2 75 40309 346 12975
156600.0 16524 1.550512212351E10 961556.75 2870629 1.35220271449157E12 961556.75 233 2 75 40542 348 13050
157500.0 16452 1.555981998149E10 967078.71 2887081 1.36776253447306E12 967078.71 233 2 75 40775 350 13125
158400.0 16452 1.5648941684E10 972600.68 2903533 1.38341147615706E12 972600.68 233 2 75 41008 352 13200
159300.0 16560 1.579089745663E10 978122.64 2920093 1.39920237361369E12 978122.64 233 2 75 41241 354 13275
160200.0 16524 1.586245964356E10 983644.61 2936617 1.41506483325726E12 983644.61 233 2 75 41474 356 13350
161100.0 16460 1.591636234729E10 989166.58 2953077 1.43098119560455E12 989166.58 233 2 75 41707 358 13425
162000.0 16452 1.600548838258E10 994689.11 2969529 1.44698668398713E12 994689.11 233 2 75 41940 360 13500
162900.0 16560 1.61485980613E10 1000211.08 2986089 1.46313528204843E12 1000211.08 233 2 75 42173 362 13575
163800.0 16524 1.621980888096E10 1005733.06 3002613 1.47935509092939E12 1005733.06 233 2 75 42406 364 13650
164700.0 16452 1.627291398406E10 1011255.02 3019065 1.49562800491345E12 1011255.02 233 2 75 42639 366 13725
165600.0 16452 1.636203568656E10 1016776.99 3035517 1.51199004060002E12 1016776.99 233 2 75 42872 368 13800
166500.0 16560 1.650637697996E10 1022298.95 3052077 1.52849641757998E12 1022298.95 233 2 75 43105 370 13875
167400.0 16525 1.65771440022E10 1027820.92 3068602 1.54507356158217E12 1027820.92 233 2 75 43338 372 13950
168300.0 16452 1.662946067966E10 1033343.45 3085054 1.56170302226183E12 1033343.45 233 2 75 43571 374 14025
169200.0 16452 1.671858732333E10 1038865.43 3101506 1.57842160958516E12 1038865.43 233 2 75 43804 376 14100
170100.0 16560 1.686407758452E10 1044387.39 3118066 1.59528568716968E12 1044387.39 233 2 75 44037 378 14175
171000.0 16524 1.69344932216E10 1049909.37 3134590 1.61222018039128E12 1049909.37 233 2 75 44270 380 14250
171900.0 16452 1.698600798651E10 1055431.33 3151042 1.62920618837779E12 1055431.33 233 2 75 44503 382 14325
172800.0 16452 1.707512968902E10 1060953.3 3167494 1.64628131806681E12 1060953.3 233 2 75 44736 384 14400
173700.0 16560 1.722181269508E10 1066475.26 3184054 1.6635031307619E12 1066475.26 233 2 75 44969 386 14475
174600.0 16524 1.729183270317E10 1071997.8 3200578 1.68079496346507E12 1071997.8 233 2 75 45202 388 14550
175500.0 16452 1.734255962328E10 1077519.77 3217030 1.69813752308835E12 1077519.77 233 2 75 45435 390 14625
176400.0 16452 1.743168132579E10 1083041.74 3233482 1.71556920441414E12 1083041.74 233 2 75 45668 392 14700
177300.0 16560 1.757955711674E10 1088563.7 3250042 1.73314876153087E12 1088563.7 233 2 75 45901 394 14775
178200.0 16524 1.764917517252E10 1094085.68 3266566 1.75079793670339E12 1094085.68 233 2 75 46134 396 14850
179100.0 16452 1.769910198897E10 1099607.64 3283018 1.76849703869236E12 1099607.64 233 2 75 46367 398 14925
180000.0 16452 1.778822369148E10 1105129.61 3299470 1.78628526238384E12 1105129.61 233 2 75 46600 400 15000
180900.0 16560 1.793729601279E10 1110652.08 3316030 1.80422255839664E12 1110652.08 233 2 75 46833 402 15075
181800.0 16524 1.80065215313E10 1116174.12 3332554 1.82222907992793E12 1116174.12 233 2 75 47066 404 15150
182700.0 16452 1.80556536078E10 1121696.08 3349006 1.84028473353573E12 1121696.08 233 2 75 47299 406 15225
183600.0 16452 1.814477531031E10 1127218.05 3365458 1.85842950884604E12 1127218.05 233 2 75 47532 408 15300
184500.0 16560 1.829503660396E10 1132740.01 3382018 1.87672454545E12 1132740.01 233 2 75 47765 410 15375
185400.0 16524 1.836385950412E10 1138261.99 3398542 1.89508840495412E12 1138261.99 233 2 75 47998 412 15450
186300.0 16459 1.841219597344E10 1143783.95 3415001 1.91350060092756E12 1143783.95 233 2 75 48231 414 15525
187200.0 16454 1.850131964978E10 1149306.17 3431455 1.93200192057734E12 1149306.17 233 2 75 48464 416 15600
188100.0 16560 1.865277846001E10 1154828.45 3448015 1.95065469903735E12 1154828.45 233 2 75 48697 418 15675
189000.0 16524 1.872120627489E10 1160350.43 3464539 1.96937590531224E12 1160350.43 233 2 75 48930 420 15750
189900.0 16452 1.876874756039E10 1165872.39 3480991 1.98814465287263E12 1165872.39 233 2 75 49163 422 15825
190800.0 16452 1.88578692629E10 1171394.36 3497443 2.00700252213553E12 1171394.36 233 2 75 49396 424 15900
191700.0 16560 1.901051609515E10 1176916.32 3514003 2.02601303823068E12 1176916.32 233 2 75 49629 426 15975
192600.0 16524 1.907854380378E10 1182438.29 3530527 2.04509158203446E12 1182438.29 233 2 75 49862 428 16050
193500.0 16453 1.912528992603E10 1187960.26 3546980 2.0642168719605E12 1187960.26 233 2 75 50095 430 16125
194400.0 16452 1.921441596132E10 1193482.79 3563432 2.08343128792182E12 1193482.79 233 2 75 50328 432 16200
195300.0 16560 1.936826049875E10 1199004.76 3579992 2.10279954842057E12 1199004.76 233 2 75 50561 434 16275
196200.0 16524 1.943589062441E10 1204526.74 3596516 2.12223543904498E12 1204526.74 233 2 75 50794 436 16350
197100.0 16452 1.948184156274E10 1210048.7 3612968 2.14171728060772E12 1210048.7 233 2 75 51027 438 16425
198000.0 16452 1.957096326525E10 1215570.67 3629420 2.16128824387298E12 1215570.67 233 2 75 51260 440 16500
198900.0 16560 1.972599561826E10 1221092.63 3645980 2.18101423949124E12 1221092.63 233 2 75 51493 442 16575
199800.0 16524 1.97932281533E10 1226614.6 3662504 2.20080746764454E12 1226614.6 233 2 75 51726 444 16650
200700.0 16452 1.983838825829E10 1232137.13 3678956 2.22064585590283E12 1232137.13 233 2 75 51959 446 16725
201600.0 16452 1.992751490196E10 1237659.11 3695408 2.24057337080479E12 1237659.11 233 2 75 52192 448 16800
202500.0 16560 2.008374003986E10 1243181.07 3711968 2.26065711084465E12 1243181.07 233 2 75 52425 450 16875
203400.0 16524 2.015057497394E10 1248703.05 3728492 2.28080768581859E12 1248703.05 233 2 75 52658 452 16950
204300.0 16452 2.019493556509E10 1254225.01 3744944 2.30100262138368E12 1254225.01 233 2 75 52891 454 17025
205200.0 16452 2.02840572676E10 1259746.98 3761396 2.32128667865128E12 1259746.98 233 2 75 53124 456 17100
206100.0 16560 2.044147512337E10 1265268.94 3777956 2.34172815377465E12 1265268.94 233 2 75 53357 458 17175
207000.0 16524 2.050791685406E10 1270791.48 3794480 2.36223607062872E12 1270791.48 233 2 75 53590 460 17250
207900.0 16453 2.055148720169E10 1276313.45 3810933 2.38278755783041E12 1276313.45 233 2 75 53823 462 17325
208800.0 16452 2.06406089042E10 1281835.42 3827385 2.40342816673462E12 1281835.42 233 2 75 54056 464 17400
209700.0 16560 2.079921956286E10 1287357.38 3843945 2.42422738629748E12 1287357.38 233 2 75 54289 466 17475
210600.0 16524 2.086525932314E10 1292879.36 3860469 2.44509264562061E12 1292879.36 233 2 75 54522 468 17550
211500.0 16452 2.090802956712E10 1298401.32 3876921 2.46600067518773E12 1298401.32 233 2 75 54755 470 17625
212400.0 16460 2.099715126963E10 1303923.29 3893381 2.48699782645736E12 1303923.29 233 2 75 54988 472 17700
213300.0 16560 2.115695898201E10 1309445.82 3909941 2.50815478543937E12 1309445.82 233 2 75 55221 474 17775
214200.0 16524 2.122260614356E10 1314967.8 3926465 2.52937739158293E12 1314967.8 233 2 75 55454 476 17850
215100.0 16452 2.126458120361E10 1320489.76 3942917 2.55064197278654E12 1320489.76 233 2 75 55687 478 17925
216000.0 16452 2.135370290612E10 1326011.73 3959369 2.57199567569266E12 1326011.73 233 2 75 55920 480 18000
216900.0 16560 2.151469908554E10 1331533.69 3975929 2.5935103747782E12 1331533.69 233 2 75 56153 482 18075
217800.0 16524 2.157994367223E10 1337055.67 3992453 2.61509031845042E12 1337055.67 233 2 75 56386 484 18150
218700.0 16453 2.162112356903E10 1342577.63 4008906 2.63671144201946E12 1342577.63 233 2 75 56619 486 18225
219600.0 16452 2.171024960432E10 1348100.16 4025358 2.65842169162378E12 1348100.16 233 2 75 56852 488 18300
220500.0 16560 2.187244347992E10 1353622.14 4041918 2.6802941351037E12 1353622.14 233 2 75 57085 490 18375
221400.0 16524 2.193729049265E10 1359144.11 4058442 2.70223142559634E12 1359144.11 233 2 75 57318 492 18450
222300.0 16452 2.197767520547E10 1364666.07 4074894 2.72420910080182E12 1364666.07 233 2 75 57551 494 18525
223200.0 16452 2.206679690798E10 1370188.04 4091346 2.7462758977098E12 1370188.04 233 2 75 57784 496 18600
224100.0 16560 2.223017859916E10 1375710.0 4107906 2.76850607630896E12 1375710.0 233 2 75 58017 498 18675
225000.0 16524 2.229462802126E10 1381231.98 4124430 2.79080070433022E12 1381231.98 233 2 75 58250 500 18750
225900.0 16452 2.233422186944E10 1386754.51 4140882 2.81313492619966E12 1386754.51 233 2 75 58483 502 18825
226800.0 16452 2.242334852205E10 1392276.48 4157334 2.83555827472171E12 1392276.48 233 2 75 58716 504 18900
227700.0 16560 2.258792300249E10 1397798.45 4173894 2.8581461977242E12 1397798.45 233 2 75 58949 506 18975
228600.0 16524 2.265197484163E10 1403320.42 4190418 2.88079817256583E12 1403320.42 233 2 75 59182 508 19050
229500.0 16452 2.269076920728E10 1408842.39 4206870 2.90348894177311E12 1408842.39 233 2 75 59415 510 19125
230400.0 16452 2.277989090979E10 1414364.35 4223322 2.9262688326829E12 1414364.35 233 2 75 59648 512 19200
231300.0 16560 2.294565812173E10 1419886.31 4239882 2.94921449080463E12 1419886.31 233 2 75 59881 514 19275
232200.0 16524 2.300931476031E10 1425408.63 4256406 2.97222380556494E12 1425408.63 233 2 75 60114 516 19350
233100.0 16453 2.304731898637E10 1430930.82 4272859 2.99527112455131E12 1430930.82 233 2 75 60347 518 19425
234000.0 16452 2.313644249459E10 1436452.79 4289311 3.0184075670459E12 1436452.79 233 2 75 60580 520 19500
234900.0 16560 2.330340247324E10 1441974.75 4305871 3.04171096951914E12 1441974.75 233 2 75 60813 522 19575
235800.0 16524 2.336665913885E10 1447496.73 4322395 3.065077628658E12 1447496.73 233 2 75 61046 524 19650
236700.0 16452 2.340386315745E10 1453018.69 4338847 3.08848149181545E12 1453018.69 233 2 75 61279 526 19725
237600.0 16452 2.349298485996E10 1458540.66 4355299 3.11197447667541E12 1458540.66 233 2 75 61512 528 19800
238500.0 16568 2.366113828501E10 1464062.7 4371867 3.13563561496042E12 1464062.7 233 2 75 61745 530 19875
239400.0 16524 2.372400159878E10 1469585.16 4388391 3.15935961655919E12 1469585.16 233 2 75 61978 532 19950
240300.0 16452 2.376041476989E10 1475107.13 4404843 3.18312003132909E12 1475107.13 233 2 75 62211 534 20025
241200.0 16452 2.38495364724E10 1480629.1 4421295 3.20696956780149E12 1480629.1 233 2 75 62444 536 20100
242100.0 16560 2.401888197173E10 1486151.06 4437855 3.23098844977322E12 1486151.06 233 2 75 62677 538 20175
243000.0 16524 2.408134346378E10 1491673.04 4454379 3.255069793237E12 1491673.04 233 2 75 62910 540 20250
243900.0 16452 2.411695713526E10 1497195.0 4470831 3.27918675037226E12 1497195.0 233 2 75 63143 542 20325
244800.0 16453 2.420607890985E10 1502716.97 4487284 3.30339282928212E12 1502716.97 233 2 75 63376 544 20400
245700.0 16560 2.437662142683E10 1508239.5 4503844 3.32776945070895E12 1508239.5 233 2 75 63609 546 20475
246600.0 16524 2.443869028415E10 1513761.48 4520368 3.3522081409931E12 1513761.48 233 2 75 63842 548 20550
247500.0 16452 2.44735087717E10 1519283.44 4536820 3.3766816497648E12 1519283.44 233 2 75 64075 550 20625
248400.0 16452 2.456263047421E10 1524805.41 4553272 3.40124428023901E12 1524805.41 233 2 75 64308 552 20700
249300.0 16560 2.473436150326E10 1530327.37 4569832 3.42597864174226E12 1530327.37 233 2 75 64541 554 20775
250200.0 16524 2.479602781271E10 1535849.35 4586356 3.45077466955497E12 1535849.35 233 2 75 64774 556 20850
251100.0 16452 2.483005113702E10 1541371.31 4602808 3.47560472069199E12 1541371.31 233 2 75 65007 558 20925
252000.0 16452 2.491917717231E10 1546893.84 4619260 3.5005238978643E12 1546893.84 233 2 75 65240 560 21000
252900.0 16560 2.509210590653E10 1552415.81 4635820 3.52561600377082E12 1552415.81 233 2 75 65473 562 21075
253800.0 16524 2.515337463308E10 1557937.79 4652344 3.5507693784039E12 1557937.79 233 2 75 65706 564 21150
254700.0 16452 2.518660277346E10 1563459.75 4668796 3.57595598117736E12 1563459.75 233 2 75 65939 566 21225
255600.0 16452 2.527572447596E10 1568981.72 4685248 3.60123170565332E12 1568981.72 233 2 75 66172 568 21300
256500.0 16560 2.544984102577E10 1574503.68 4701808 3.62668154667909E12 1574503.68 233 2 75 66405 570 21375
257400.0 16524 2.551071216169E10 1580025.66 4718332 3.65219225884078E12 1580025.66 233 2 75 66638 572 21450
258300.0 16452 2.554314946873E10 1585548.19 4734784 3.67773540830952E12 1585548.19 233 2 75 66871 574 21525
259200.0 16453 2.563227617884E10 1591070.16 4751237 3.70336768448836E12 1591070.16 233 2 75 67104 576 21600
260100.0 16560 2.58075854291E10 1596592.12 4767797 3.72917526991745E12 1596592.12 233 2 75 67337 578 21675
261000.0 16524 2.586805898196E10 1602114.1 4784321 3.75504332889941E12 1602114.1 233 2 75 67570 580 21750
261900.0 16452 2.589969677516E10 1607636.06 4800773 3.78094302567456E12 1607636.06 233 2 75 67803 582 21825
262800.0 16452 2.598881847767E10 1613158.03 4817225 3.80693184415223E12 1613158.03 233 2 75 68036 584 21900
263700.0 16568 2.616536435637E10 1618679.99 4833793 3.8330972085086E12 1618679.99 233 2 75 68269 586 21975
264600.0 16524 2.622540086186E10 1624202.53 4850317 3.85932260937046E12 1624202.53 233 2 75 68502 588 22050
265500.0 16452 2.625624841154E10 1629724.51 4866769 3.885578857782E12 1629724.51 233 2 75 68735 590 22125
266400.0 16452 2.634537011405E10 1635246.47 4883221 3.91192422789605E12 1635246.47 233 2 75 68968 592 22200
267300.0 16560 2.65230649515E10 1640768.44 4899781 3.93844729284756E12 1640768.44 233 2 75 69201 594 22275
268200.0 16524 2.658274573869E10 1646290.41 4916305 3.96503003858625E12 1646290.41 233 2 75 69434 596 22350
269100.0 16452 2.661279077702E10 1651812.37 4932757 3.99164282936327E12 1651812.37 233 2 75 69667 598 22425
270000.0 16453 2.670191247953E10 1657334.34 4949210 4.0183447418428E12 1657334.34 233 2 75 69900 600 22500
270900.0 16560 2.68808482255E10 1662856.87 4965770 4.04522559006829E12 1662856.87 233 2 75 70133 602 22575
271800.0 16524 2.694009014246E10 1668378.85 4982294 4.07216568021075E12 1668378.85 233 2 75 70366 604 22650
272700.0 16452 2.696934241357E10 1673900.82 4998746 4.09913502262432E12 1673900.82 233 2 75 70599 606 22725
273600.0 16452 2.705846411608E10 1679422.78 5015198 4.12619348674039E12 1679422.78 233 2 75 70832 608 22800
274500.0 16560 2.723854446529E10 1684944.75 5031758 4.15343203120568E12 1684944.75 233 2 75 71065 610 22875
275400.0 16524 2.729743008789E10 1690466.72 5048282 4.18072946129357E12 1690466.72 233 2 75 71298 612 22950
276300.0 16452 2.732588477904E10 1695988.69 5064734 4.20805534607261E12 1695988.69 233 2 75 71531 614 23025
277200.0 16452 2.741500976659E10 1701511.08 5081186 4.23547035583921E12 1701511.08 233 2 75 71764 616 23100
278100.0 16560 2.759628784883E10 1707033.18 5097746 4.26306664368804E12 1707033.18 233 2 75 71997 618 23175
279000.0 16524 2.765477445494E10 1712555.16 5114270 4.29072141814298E12 1712555.16 233 2 75 72230 620 23250
279900.0 16452 2.768243637896E10 1718077.13 5130722 4.31840385452193E12 1718077.13 233 2 75 72463 622 23325
280800.0 16452 2.777155808147E10 1723599.09 5147174 4.3461754126034E12 1723599.09 233 2 75 72696 624 23400
281700.0 16560 2.795406776845E10 1729121.05 5163734 4.37412948037186E12 1729121.05 233 2 75 72929 626 23475
282600.0 16524 2.801211199266E10 1734643.03 5180258 4.40214159236452E12 1734643.03 233 2 75 73162 628 23550
283500.0 16452 2.803898014994E10 1740165.18 5196710 4.43018057251446E12 1740165.18 233 2 75 73395 630 23625
284400.0 16453 2.812810636343E10 1745687.52 5213163 4.45830867887789E12 1745687.52 233 2 75 73628 632 23700
285300.0 16560 2.831176834929E10 1751209.49 5229723 4.48662044722718E12 1751209.49 233 2 75 73861 634 23775
286200.0 16524 2.836946117948E10 1756731.47 5246247 4.51498990840666E12 1756731.47 233 2 75 74094 636 23850
287100.0 16452 2.839553034869E10 1762253.43 5262699 4.54338543875535E12 1762253.43 233 2 75 74327 638 23925
288000.0 16452 2.84846520512E10 1767775.4 5279151 4.57187009080654E12 1767775.4 233 2 75 74560 640 24000
288900.0 16560 2.866954727683E10 1773297.36 5295711 4.60053963808338E12 1773297.36 233 2 75 74793 642 24075
289800.0 16532 2.872679692479E10 1778819.34 5312243 4.62926643500818E12 1778819.34 233 2 75 75026 644 24150
290700.0 16452 2.875207704418E10 1784341.87 5328695 4.65801851205236E12 1784341.87 233 2 75 75259 646 24225
291600.0 16452 2.884120368785E10 1789863.84 5345147 4.68685971574021E12 1789863.84 233 2 75 75492 648 24300
292500.0 16560 2.902724787224E10 1795385.8 5361707 4.71588696361245E12 1795385.8 233 2 75 75725 650 24375
293400.0 16524 2.908414553789E10 1800907.78 5378231 4.74497110915034E12 1800907.78 233 2 75 75958 652 24450
294300.0 16452 2.910862435093E10 1806429.74 5394683 4.77407973350127E12 1806429.74 233 2 75 76191 654 24525
295200.0 16452 2.919774605344E10 1811951.71 5411135 4.80327747955471E12 1811951.71 233 2 75 76424 656 24600
296100.0 16561 2.93849829737E10 1817473.67 5427696 4.83266246252841E12 1817473.67 233 2 75 76657 658 24675
297000.0 16524 2.944148500136E10 1822996.21 5444220 4.86210394752977E12 1822996.21 233 2 75 76890 660 24750
297900.0 16452 2.946517598758E10 1828518.19 5460672 4.89156912351735E12 1828518.19 233 2 75 77123 662 24825
298800.0 16452 2.955429769009E10 1834040.15 5477124 4.92112342120745E12 1834040.15 233 2 75 77356 664 24900
299700.0 16560 2.974272739524E10 1839562.11 5493684 4.95086614860269E12 1839562.11 233 2 75 77589 666 24975
300600.0 16524 2.97988274796E10 1845084.09 5510208 4.98066497608229E12 1845084.09 233 2 75 77822 668 25050
301500.0 16452 2.982171835316E10 1850606.05 5526660 5.01048669443544E12 1850606.05 233 2 75 78055 670 25125
302400.0 16452 2.991084005561E10 1856128.02 5543112 5.04039753449105E12 1856128.02 233 2 75 78288 672 25200
303300.0 16560 3.01004668235E10 1861650.55 5559672 5.07049800131455E12 1861650.55 233 2 75 78521 674 25275
304200.0 16524 3.01561742911E10 1867172.53 5576196 5.10065417560565E12 1867172.53 233 2 75 78754 676 25350
305100.0 16452 3.017826998969E10 1872694.5 5592648 5.13083244559534E12 1872694.5 233 2 75 78987 678 25425
306000.0 16452 3.026739169214E10 1878216.46 5609100 5.16109983728748E12 1878216.46 233 2 75 79220 680 25500
306900.0 16560 3.045820691803E10 1883738.43 5625660 5.1915580442055E12 1883738.43 233 2 75 79453 682 25575
307800.0 16524 3.05135118288E10 1889260.4 5642184 5.2220715560343E12 1889260.4 233 2 75 79686 684 25650
308700.0 16452 3.053481235514E10 1894782.36 5658636 5.25260636838944E12 1894782.36 233 2 75 79919 686 25725
309600.0 16452 3.062393839039E10 1900304.89 5675088 5.28323030677983E12 1900304.89 233 2 75 80152 688 25800
310500.0 16561 3.081595133028E10 1905826.87 5691649 5.3140462581101E12 1905826.87 233 2 75 80385 690 25875
311400.0 16524 3.087085864036E10 1911348.84 5708173 5.34491711675046E12 1911348.84 233 2 75 80618 692 25950
312300.0 16452 3.089136399177E10 1916870.81 5724625 5.37580848074223E12 1916870.81 233 2 75 80851 694 26025
313200.0 16452 3.098048569422E10 1922392.77 5741077 5.40678896643645E12 1922392.77 233 2 75 81084 696 26100
314100.0 16560 3.117368642265E10 1927914.74 5757637 5.4379626528591E12 1927914.74 233 2 75 81317 698 26175
315000.0 16532 3.122819617811E10 1933436.71 5774169 5.46919084903722E12 1933436.71 233 2 75 81550 700 26250
315900.0 16452 3.124791068721E10 1938959.24 5790621 5.50043875972443E12 1938959.24 233 2 75 81783 702 26325
316800.0 16452 3.133703733085E10 1944481.21 5807073 5.53177579705528E12 1944481.21 233 2 75 82016 704 26400
317700.0 16560 3.153143085317E10 1950003.18 5823633 5.56330722790845E12 1950003.18 233 2 75 82249 706 26475
318600.0 16524 3.158554539743E10 1955525.15 5840157 5.59489277330588E12 1955525.15 233 2 75 82482 708 26550
319500.0 16452 3.160445799396E10 1961047.12 5856609 5.62649723129984E12 1961047.12 233 2 75 82715 710 26625
320400.0 16452 3.169357969641E10 1966569.08 5873061 5.65819081099625E12 1966569.08 233 2 75 82948 712 26700
321300.0 16561 3.188916594561E10 1972091.05 5889622 5.69007997694186E12 1972091.05 233 2 75 83181 714 26775
322200.0 16524 3.194288454905E10 1977613.54 5906146 5.7220228614909E12 1977613.54 233 2 75 83414 716 26850
323100.0 16452 3.196100924516E10 1983135.56 5922598 5.75398387073607E12 1983135.56 233 2 75 83647 718 26925
324000.0 16452 3.205013131461E10 1988657.52 5939050 5.78603400205068E12 1988657.52 233 2 75 83880 720 27000
324900.0 16560 3.224691035763E10 1994179.49 5955610 5.81828091240831E12 1994179.49 233 2 75 84113 722 27075
325800.0 16524 3.230022732067E10 1999701.46 5972134 5.85058113972898E12 1999701.46 233 2 75 84346 724 27150
326700.0 16452 3.231755197778E10 2005223.43 5988586 5.88289869170676E12 2005223.43 233 2 75 84579 726 27225
327600.0 16452 3.240667368022E10 2010745.39 6005038 5.91530536538698E12 2010745.39 233 2 75 84812 728 27300
328500.0 16560 3.26046475683E10 2016267.63 6021598 5.94791001295528E12 2016267.63 233 2 75 85045 730 27375
329400.0 16524 3.265757138366E10 2021789.9 6038122 5.98056758433894E12 2021789.9 233 2 75 85278 732 27450
330300.0 16452 3.267410355679E10 2027311.87 6054574 6.01324168789573E12 2027311.87 233 2 75 85511 734 27525
331200.0 16452 3.276322525924E10 2032833.83 6071026 6.04600491315496E12 2032833.83 233 2 75 85744 736 27600
332100.0 16560 3.296243363114E10 2038355.79 6087586 6.0789673467861E12 2038355.79 233 2 75 85977 738 27675
333000.0 16524 3.301491402004E10 2043877.77 6104110 6.11198226080615E12 2043877.77 233 2 75 86210 740 27750
333900.0 16452 3.30306459224E10 2049399.73 6120562 6.14501290672855E12 2049399.73 233 2 75 86443 742 27825
334800.0 16452 3.311976776291E10 2054921.71 6137014 6.17813267449145E12 2054921.71 233 2 75 86676 744 27900
335700.0 16560 3.332012930457E10 2060444.23 6153574 6.21145280379603E12 2060444.23 233 2 75 86909 746 27975
336600.0 16524 3.337225843794E10 2065966.21 6170098 6.24482506223397E12 2065966.21 233 2 75 87142 748 28050
337500.0 16452 3.338719755509E10 2071488.18 6186550 6.27821225978906E12 2071488.18 233 2 75 87375 750 28125
338400.0 16452 3.347631925754E10 2077010.14 6203002 6.31168857904659E12 2077010.14 233 2 75 87608 752 28200
339300.0 16560 3.367786932387E10 2082532.1 6219562 6.34536644837047E12 2082532.1 233 2 75 87841 754 28275
340200.0 16524 3.372959835656E10 2088054.08 6236086 6.37909604672703E12 2088054.08 233 2 75 88074 756 28350
341100.0 16461 3.37437400213E10 2093576.04 6252547 6.41283978674833E12 2093576.04 233 2 75 88307 758 28425
342000.0 16452 3.383286595601E10 2099098.57 6268999 6.44667265270435E12 2099098.57 233 2 75 88540 760 28500
342900.0 16560 3.403565757187E10 2104620.55 6285559 6.48070831027621E12 2104620.55 233 2 75 88773 762 28575
343800.0 16524 3.408694278758E10 2110142.52 6302083 6.51479525306379E12 2110142.52 233 2 75 89006 764 28650
344700.0 16452 3.410029155755E10 2115664.49 6318535 6.54889554462134E12 2115664.49 233 2 75 89239 766 28725
345600.0 16452 3.418941326E10 2121186.45 6334987 6.58308495788134E12 2121186.45 233 2 75 89472 768 28800

