# seed = 1, gamma = 0.25, beta = 0.25, dee = 100.0, dcc = 50.0, dec = 600.0, dsc = 1000.0, dLocalhost = 0.015, hostBroker = CLOUD, numOfCloud = 1, numOfEdge = 1, numOfSmartphone = 75 
#
# The columns have the following meaning: 
# instant[SECONDS] delayCountPartial delaySumPartial[SECONDS] delayMaxPartial[SECONDS] delayCountTot delaySumTot[SECONDS] delayMaxTot[SECONDS] runOnCloudPartial runOnEdgePartial runOnSmartphonePartial runOnCloudTot runOnEdgeTot runOnSmartphoneTot
0.0 0 0.0 0.0 0 0.0 0.0 0 0 0 0 0 0
900.0 16560 3.596143295E7 4480.8 16560 3.596143295E7 4480.8 233 2 75 233 2 75
1800.0 16525 9.609032951E7 8208.14 33085 1.3205176247E8 8208.14 233 2 75 466 4 150
2700.0 16452 1.5609322397E8 11935.07 49537 2.8814498643E8 11935.07 233 2 75 699 6 225
3600.0 16452 2.1623661367E8 15661.98 65989 5.043816001E8 15661.98 233 2 75 932 8 300
4500.0 16560 2.774458498E8 19388.9 82549 7.8182744991E8 19388.9 233 2 75 1165 10 375
5400.0 16532 3.372721843E8 23115.82 99081 1.11909963421E9 23115.82 233 2 75 1398 12 450
6300.0 16452 3.9673711825E8 26843.3 115533 1.51583675246E9 26843.3 233 2 75 1631 14 525
7200.0 16452 4.5688546097E8 30570.22 131985 1.97272221343E9 30570.22 233 2 75 1864 16 600
8100.0 16560 5.1886818845E8 34297.14 148545 2.49159040188E9 34297.14 233 2 75 2097 18 675
9000.0 16524 5.7845583388E8 38024.06 165069 3.07004623577E9 38024.06 233 2 75 2330 20 750
9900.0 16453 6.3738164776E8 41750.98 181522 3.70742788353E9 41750.98 233 2 75 2563 22 825
10800.0 16452 6.9752935839E8 45478.46 197974 4.40495724192E9 45478.46 233 2 75 2796 24 900
11700.0 16560 7.6035365284E8 49205.38 214534 5.16531089476E9 49205.38 233 2 75 3029 26 975
12600.0 16524 8.1964315769E8 52932.3 231058 5.98495405245E9 52932.3 233 2 75 3262 28 1050
13500.0 16452 8.7803049533E8 56659.22 247510 6.86298454778E9 56659.22 233 2 75 3495 30 1125
14400.0 16452 9.3817388503E8 60386.13 263962 7.80115843281E9 60386.13 233 2 75 3728 32 1200
15300.0 16560 1.00177099228E9 64113.61 280522 8.80292942509E9 64113.61 233 2 75 3961 34 1275
16200.0 16524 1.06082692247E9 67840.55 297046 9.86375634756E9 67840.55 233 2 75 4194 36 1350
17100.0 16452 1.1186793429E9 71567.46 313498 1.098243569046E10 71567.46 233 2 75 4427 38 1425
18000.0 16452 1.1788227326E9 75294.38 329950 1.216125842306E10 75294.38 233 2 75 4660 40 1500
18900.0 16560 1.24322055532E9 79021.29 346510 1.340447897838E10 79021.29 233 2 75 4893 42 1575
19800.0 16524 1.30200751254E9 82748.78 363034 1.470648649092E10 82748.78 233 2 75 5126 44 1650
20700.0 16452 1.35932819047E9 86475.7 379486 1.606581468139E10 86475.7 233 2 75 5359 46 1725
21600.0 16452 1.41947158017E9 90202.62 395938 1.748528626156E10 90202.62 233 2 75 5592 48 1800
22500.0 16560 1.48467443898E9 93929.53 412498 1.896996070054E10 93929.53 233 2 75 5825 50 1875
23400.0 16533 1.54318871931E9 97656.46 429031 2.051314941985E10 97656.46 233 2 75 6058 52 1950
24300.0 16452 1.59997208503E9 101383.94 445483 2.211312150488E10 101383.94 233 2 75 6291 54 2025
25200.0 16452 1.66012042774E9 105110.86 461935 2.377324193262E10 105110.86 233 2 75 6524 56 2100
26100.0 16560 1.72615993937E9 108837.77 478495 2.549940187199E10 108837.77 233 2 75 6757 58 2175
27000.0 16524 1.78437426392E9 112564.7 495019 2.728377613591E10 112564.7 233 2 75 6990 60 2250
27900.0 16453 1.84061661485E9 116291.61 511472 2.912439275076E10 116291.61 233 2 75 7223 62 2325
28800.0 16452 1.9007641297E9 120019.07 527924 3.102515688046E10 120019.07 233 2 75 7456 64 2400
29700.0 16560 1.96758209999E9 123746.02 544484 3.299273898045E10 123746.02 233 2 75 7689 66 2475
30600.0 16524 2.0255597931E9 127472.94 561008 3.501829877355E10 127472.94 233 2 75 7922 68 2550
31500.0 16452 2.08126545632E9 131199.86 577460 3.709956422988E10 131199.86 233 2 75 8155 70 2625
32400.0 16452 2.14140884602E9 134926.77 593912 3.92409730759E10 134926.77 233 2 75 8388 72 2700
33300.0 16560 2.20902819346E9 138653.87 610472 4.145000126936E10 138653.87 233 2 75 8621 74 2775
34200.0 16524 2.26674198276E9 142381.17 626996 4.371674325212E10 142381.17 233 2 75 8854 76 2850
35100.0 16452 2.32191427164E9 146108.1 643448 4.603865752377E10 146108.1 233 2 75 9087 78 2925
36000.0 16452 2.38205766134E9 149835.01 659900 4.84207151851E10 149835.01 233 2 75 9320 80 3000
36900.0 16560 2.45048067838E9 153561.92 676460 5.087119586349E10 153561.92 233 2 75 9553 82 3075
37800.0 16524 2.50792156719E9 157288.85 692984 5.337911743067E10 157288.85 233 2 75 9786 84 3150
38700.0 16453 2.56255816683E9 161016.33 709437 5.59416755975E10 161016.33 233 2 75 10019 86 3225
39600.0 16452 2.62270650954E9 164743.25 725889 5.856438210705E10 164743.25 233 2 75 10252 88 3300
40500.0 16560 2.69193457168E9 168470.17 742449 6.125631667873E10 168470.17 233 2 75 10485 90 3375
41400.0 16524 2.74910711212E9 172197.09 758973 6.400542379085E10 172197.09 233 2 75 10718 92 3450
42300.0 16460 2.80320269697E9 175924.01 775433 6.680862648782E10 175924.01 233 2 75 10951 94 3525
43200.0 16452 2.8633504076E9 179651.49 791885 6.967197689542E10 179651.49 233 2 75 11184 96 3600
44100.0 16560 2.93338845597E9 183378.41 808445 7.260536535139E10 183378.41 233 2 75 11417 98 3675
45000.0 16524 2.99029265705E9 187105.33 824969 7.559565800845E10 187105.33 233 2 75 11650 100 3750
45900.0 16452 3.04385154523E9 190832.25 841421 7.863950955368E10 190832.25 233 2 75 11883 102 3825
46800.0 16453 3.10399493493E9 194559.16 857874 8.17435044886E10 194559.16 233 2 75 12116 104 3900
47700.0 16560 3.17486898613E9 198286.64 874434 8.491837347474E10 198286.64 233 2 75 12349 106 3975
48600.0 16524 3.23147819314E9 202013.58 890958 8.814985166788E10 202013.58 233 2 75 12582 108 4050
49500.0 16452 3.2845003936E9 205740.49 907410 9.143435206149E10 205740.49 233 2 75 12815 110 4125
50400.0 16452 3.34464378329E9 209467.41 923862 9.477899584478E10 209467.41 233 2 75 13048 112 4200
51300.0 16560 3.41628694968E9 213194.32 940422 9.819528279446E10 213194.32 233 2 75 13281 114 4275
52200.0 16524 3.47265880201E9 216921.81 956946 1.0166794159647E11 216921.81 233 2 75 13514 116 4350
53100.0 16452 3.52514924197E9 220648.73 973398 1.0519309083844E11 220648.73 233 2 75 13747 118 4425
54000.0 16452 3.58529263166E9 224375.65 989850 1.087783834701E11 224375.65 233 2 75 13980 120 4500
54900.0 16560 3.65774084314E9 228102.56 1006410 1.1243612431324E11 228102.56 233 2 75 14213 122 4575
55800.0 16524 3.71384000052E9 231829.49 1022934 1.1614996431376E11 231829.49 233 2 75 14446 124 4650
56700.0 16452 3.76579313727E9 235556.97 1039386 1.1991575745103E11 235556.97 233 2 75 14679 126 4725
57600.0 16452 3.82594147998E9 239283.89 1055838 1.2374169893101E11 239283.89 233 2 75 14912 128 4800
58500.0 16560 3.89919473654E9 243010.8 1072398 1.2764089366755E11 243010.8 233 2 75 15145 130 4875
59400.0 16524 3.95502554556E9 246737.73 1088922 1.3159591921311E11 246737.73 233 2 75 15378 132 4950
60300.0 16458 4.00643766752E9 250464.64 1105380 1.3560235688063E11 250464.64 233 2 75 15611 134 5025
61200.0 16455 4.06658528933E9 254192.12 1121835 1.3966894216996E11 254192.12 233 2 75 15844 136 5100
62100.0 16560 4.14064861825E9 257919.05 1138395 1.4380959078821E11 257919.05 233 2 75 16077 138 5175
63000.0 16524 4.1962110906E9 261645.97 1154919 1.4800580187881E11 261645.97 233 2 75 16310 140 5250
63900.0 16452 4.24708651583E9 265372.89 1171371 1.5225288839465E11 265372.89 233 2 75 16543 142 5325
64800.0 16453 4.30722990553E9 269099.8 1187824 1.5656011830017E11 269099.8 233 2 75 16776 144 5400
65700.0 16560 4.38212635506E9 272826.91 1204384 1.6094224465523E11 272826.91 233 2 75 17009 146 5475
66600.0 16524 4.4373933599E9 276554.21 1220908 1.6537963801513E11 276554.21 233 2 75 17242 148 5550
67500.0 16452 4.48773532975E9 280281.13 1237360 1.6986737334488E11 280281.13 233 2 75 17475 150 5625
68400.0 16452 4.54787871945E9 284008.04 1253812 1.7441525206433E11 284008.04 233 2 75 17708 152 5700
69300.0 16560 4.62354707114E9 287734.96 1270372 1.7903879913547E11 287734.96 233 2 75 17941 154 5775
70200.0 16524 4.67857284545E9 291461.88 1286896 1.8371737198092E11 291461.88 233 2 75 18174 156 5850
71100.0 16452 4.72837922505E9 295189.36 1303348 1.8844575120597E11 295189.36 233 2 75 18407 158 5925
72000.0 16452 4.78852756776E9 298916.28 1319800 1.9323427877374E11 298916.28 233 2 75 18640 160 6000
72900.0 16560 4.86500097355E9 302643.2 1336360 1.9809927974728E11 302643.2 233 2 75 18873 162 6075
73800.0 16524 4.91975839949E9 306370.12 1352884 2.0301903814678E11 306370.12 233 2 75 19106 164 6150
74700.0 16452 4.9690237553E9 310097.04 1369336 2.0798806190208E11 310097.04 233 2 75 19339 166 6225
75600.0 16453 5.02917146593E9 313824.52 1385789 2.1301723336801E11 313824.52 233 2 75 19572 168 6300
76500.0 16560 5.10648645665E9 317551.44 1402349 2.1812371982465E11 317551.44 233 2 75 19805 170 6375
77400.0 16524 5.16094394453E9 321278.36 1418873 2.2328466376919E11 321278.36 233 2 75 20038 172 6450
78300.0 16452 5.20967260362E9 325005.28 1435325 2.284943363728E11 325005.28 233 2 75 20271 174 6525
79200.0 16460 5.26981599331E9 328732.19 1451785 2.3376415236612E11 328732.19 233 2 75 20504 176 6600
80100.0 16560 5.34790377882E9 332459.67 1468345 2.3911205614494E11 332459.67 233 2 75 20737 178 6675
81000.0 16524 5.40213126908E9 336186.61 1484869 2.4451418741402E11 336186.61 233 2 75 20970 180 6750
81900.0 16452 5.45032145188E9 339913.52 1501321 2.499645088659E11 339913.52 233 2 75 21203 182 6825
82800.0 16452 5.51046484157E9 343640.44 1517773 2.5547497370747E11 343640.44 233 2 75 21436 184 6900
83700.0 16561 5.5893849503E9 347367.35 1534334 2.6106435865777E11 347367.35 233 2 75 21669 186 6975
84600.0 16524 5.64331008933E9 351094.84 1550858 2.667076687471E11 351094.84 233 2 75 21902 188 7050
85500.0 16452 5.69097030014E9 354821.76 1567310 2.7239863904724E11 354821.76 233 2 75 22135 190 7125
86400.0 16452 5.75111368984E9 358548.68 1583762 2.7814975273708E11 358548.68 233 2 75 22368 192 7200
87300.0 16560 5.83080722696E9 362275.59 1600322 2.8398055996403E11 362275.59 233 2 75 22601 194 7275
88200.0 16524 5.8844930583E9 366002.52 1616846 2.8986505302233E11 366002.52 233 2 75 22834 196 7350
89100.0 16452 5.93161419539E9 369730.0 1633298 2.9579666721772E11 369730.0 233 2 75 23067 198 7425
90000.0 16452 5.9917625381E9 373456.92 1649750 3.0178842975581E11 373456.92 233 2 75 23300 200 7500
90900.0 16560 6.072292728E9 377183.84 1666310 3.0786072248381E11 377183.84 233 2 75 23533 202 7575
91800.0 16524 6.12567682383E9 380910.76 1682834 3.1398639930764E11 380910.76 233 2 75 23766 204 7650
92700.0 16452 6.17225872563E9 384637.67 1699286 3.2015865803328E11 384637.67 233 2 75 23999 206 7725
93600.0 16452 6.23240640496E9 388365.15 1715738 3.2639106443823E11 388365.15 233 2 75 24232 208 7800
94500.0 16561 6.31371501204E9 392092.08 1732299 3.3270477945027E11 392092.08 233 2 75 24465 210 7875
95400.0 16524 6.36686414838E9 395819.0 1748823 3.3907164359865E11 395819.0 233 2 75 24698 212 7950
96300.0 16452 6.41290757395E9 399545.92 1765275 3.454845511726E11 399545.92 233 2 75 24931 214 8025
97200.0 16458 6.47305096365E9 403272.83 1781733 3.5195760213625E11 403272.83 233 2 75 25164 216 8100
98100.0 16562 6.55516152609E9 407000.0 1798295 3.5851276366233E11 407000.0 233 2 75 25397 218 8175
99000.0 16524 6.60804510822E9 410727.24 1814819 3.6512080877056E11 410727.24 233 2 75 25630 220 8250
99900.0 16452 6.65355637253E9 414454.16 1831271 3.7177436514309E11 414454.16 233 2 75 25863 222 8325
100800.0 16452 6.71369976222E9 418181.07 1847723 3.7848806490531E11 418181.07 233 2 75 26096 224 8400
101700.0 16560 6.79661345751E9 421907.98 1864283 3.8528467836282E11 421907.98 233 2 75 26329 226 8475
102600.0 16525 6.84922417755E9 425634.91 1880808 3.9213390254038E11 425634.91 233 2 75 26562 228 8550
103500.0 16452 6.89420026783E9 429362.39 1897260 3.990281028082E11 429362.39 233 2 75 26795 230 8625
104400.0 16452 6.95434861054E9 433089.31 1913712 4.0598245141874E11 433089.31 233 2 75 27028 232 8700
105300.0 16560 7.03806735993E9 436816.23 1930272 4.1302051877867E11 436816.23 233 2 75 27261 234 8775
106200.0 16524 7.09040966241E9 440543.15 1946796 4.2011092844108E11 440543.15 233 2 75 27494 236 8850
107100.0 16452 7.13484479811E9 444270.07 1963248 4.2724577323919E11 444270.07 233 2 75 27727 238 8925
108000.0 16452 7.19499250875E9 447997.55 1979700 4.3444076574794E11 447997.55 233 2 75 27960 240 9000
108900.0 16560 7.27952124438E9 451724.47 1996260 4.4172028699232E11 451724.47 233 2 75 28193 242 9075
109800.0 16524 7.33159521655E9 455451.39 2012784 4.4905188220887E11 455451.39 233 2 75 28426 244 9150
110700.0 16452 7.37549364659E9 459178.31 2029236 4.5642737585546E11 459178.31 233 2 75 28659 246 9225
111600.0 16452 7.43563703629E9 462905.22 2045688 4.6386301289175E11 462905.22 233 2 75 28892 248 9300
112500.0 16561 7.52097017441E9 466632.7 2062249 4.7138398306616E11 466632.7 233 2 75 29125 250 9375
113400.0 16524 7.57278075275E9 470359.64 2078773 4.7895676381891E11 470359.64 233 2 75 29358 252 9450
114300.0 16452 7.61614249506E9 474086.55 2095225 4.8657290631396E11 474086.55 233 2 75 29591 254 9525
115200.0 16452 7.67628588477E9 477813.47 2111677 4.9424919219873E11 477813.47 233 2 75 29824 256 9600
116100.0 16568 7.76241972041E9 481540.38 2128245 5.0201161191914E11 481540.38 233 2 75 30057 258 9675
117000.0 16524 7.81396136172E9 485267.87 2144769 5.0982557328086E11 485267.87 233 2 75 30290 260 9750
117900.0 16452 7.85679134353E9 488994.79 2161221 5.1768236462439E11 488994.79 233 2 75 30523 262 9825
118800.0 16452 7.91693473324E9 492721.71 2177673 5.2559929935763E11 492721.71 233 2 75 30756 264 9900
119700.0 16560 8.00387364097E9 496448.62 2194233 5.336031729986E11 496448.62 233 2 75 30989 266 9975
120600.0 16525 8.05514255139E9 500175.55 2210758 5.4165831554999E11 500175.55 233 2 75 31222 268 10050
121500.0 16452 8.09743523899E9 503903.03 2227210 5.4975575078898E11 503903.03 233 2 75 31455 270 10125
122400.0 16452 8.15758358171E9 507629.95 2243662 5.5791333437068E11 507629.95 233 2 75 31688 272 10200
123300.0 16560 8.24532751653E9 511356.86 2260222 5.6615866188721E11 511356.86 233 2 75 31921 274 10275
124200.0 16524 8.29632810559E9 515083.79 2276746 5.744549899928E11 515083.79 233 2 75 32154 276 10350
125100.0 16452 8.3380797694E9 518810.7 2293198 5.827930697622E11 518810.7 233 2 75 32387 278 10425
126000.0 16452 8.39822744873E9 522538.18 2309650 5.9119129721093E11 522538.18 233 2 75 32620 280 10500
126900.0 16560 8.48678140842E9 526265.11 2326210 5.9967807861935E11 526265.11 233 2 75 32853 282 10575
127800.0 16524 8.53751365079E9 529992.03 2342734 6.0821559227013E11 529992.03 233 2 75 33086 284 10650
128700.0 16452 8.57872861787E9 533718.95 2359186 6.16794320888E11 533718.95 233 2 75 33319 286 10725
129600.0 16452 8.63887200758E9 537445.86 2375638 6.2543319289558E11 537445.86 233 2 75 33552 288 10800
130500.0 16560 8.72822813489E9 541173.05 2392198 6.3416142103047E11 541173.05 233 2 75 33785 290 10875
131400.0 16524 8.77869655731E9 544900.26 2408722 6.4294011758778E11 544900.26 233 2 75 34018 292 10950
132300.0 16452 8.8193774086E9 548627.19 2425174 6.5175949499638E11 548627.19 233 2 75 34251 294 11025
133200.0 16452 8.87952079831E9 552354.1 2441626 6.6063901579469E11 552354.1 233 2 75 34484 296 11100
134100.0 16560 8.96967984619E9 556081.01 2458186 6.6960869564088E11 556081.01 233 2 75 34717 298 11175
135000.0 16533 9.01987584498E9 559807.94 2474719 6.7862857148586E11 559807.94 233 2 75 34950 300 11250
135900.0 16452 9.06002130406E9 563535.42 2491171 6.8768859278992E11 563535.42 233 2 75 35183 302 11325
136800.0 16452 9.12016964678E9 567262.34 2507623 6.968087624367E11 567262.34 233 2 75 35416 304 11400
137700.0 16560 9.21113373075E9 570989.26 2524183 7.0601989616744E11 570989.26 233 2 75 35649 306 11475
138600.0 16524 9.26106092776E9 574716.18 2540707 7.152809570952E11 574716.18 233 2 75 35882 308 11550
139500.0 16453 9.30066583447E9 578443.1 2557160 7.2458162292967E11 578443.1 233 2 75 36115 310 11625
140400.0 16452 9.36081354511E9 582170.58 2573612 7.3394243647478E11 582170.58 233 2 75 36348 312 11700
141300.0 16560 9.45258763331E9 585897.5 2590172 7.4339502410809E11 585897.5 233 2 75 36581 314 11775
142200.0 16524 9.50224648195E9 589624.42 2606696 7.5289727059004E11 589624.42 233 2 75 36814 316 11850
143100.0 16452 9.54131468294E9 593351.34 2623148 7.6243858527299E11 593351.34 233 2 75 37047 318 11925
144000.0 16452 9.60145807265E9 597078.25 2639600 7.7204004334564E11 597078.25 233 2 75 37280 320 12000
144900.0 16560 9.69403655434E9 600805.73 2656160 7.8173407989997E11 600805.73 233 2 75 37513 322 12075
145800.0 16524 9.74343201815E9 604532.66 2672684 7.9147751191813E11 604532.66 233 2 75 37746 324 12150
146700.0 16452 9.78196353141E9 608259.58 2689136 8.0125947544954E11 608259.58 233 2 75 37979 326 12225
147600.0 16452 9.84210692112E9 611986.49 2705588 8.1110158237066E11 611986.49 233 2 75 38212 328 12300
148500.0 16560 9.93548611834E9 615713.41 2722148 8.21037068489E11 615713.41 233 2 75 38445 330 12375
149400.0 16525 9.98461262713E9 619440.9 2738673 8.3102168111612E11 619440.9 233 2 75 38678 332 12450
150300.0 16452 1.002261237988E10 623167.82 2755125 8.4104429349601E11 623167.82 233 2 75 38911 334 12525
151200.0 16452 1.008275576959E10 626894.74 2771577 8.511270492656E11 626894.74 233 2 75 39144 336 12600
152100.0 16560 1.01769400029E10 630621.65 2788137 8.613039892685E11 630621.65 233 2 75 39377 338 12675
153000.0 16532 1.022579381685E10 634348.58 2804669 8.7152978308535E11 634348.58 233 2 75 39610 340 12750
153900.0 16452 1.02632562754E10 638076.06 2821121 8.8179303936075E11 638076.06 233 2 75 39843 342 12825
154800.0 16452 1.032340461812E10 641802.98 2837573 8.9211644397887E11 641802.98 233 2 75 40076 344 12900
155700.0 16560 1.041839390551E10 645529.89 2854133 9.0253483788439E11 645529.89 233 2 75 40309 346 12975
156600.0 16524 1.04669793711E10 649256.82 2870657 9.1300181725549E11 649256.82 233 2 75 40542 348 13050
157500.0 16453 1.050390080581E10 652983.73 2887110 9.235057180613E11 652983.73 233 2 75 40775 350 13125
158400.0 16452 1.056404851645E10 656711.21 2903562 9.3406976657775E11 656711.21 233 2 75 41008 352 13200
159300.0 16560 1.065987938877E10 660438.14 2920122 9.4472964596652E11 660438.14 233 2 75 41241 354 13275
160200.0 16524 1.07081649073E10 664165.06 2936646 9.5543781087382E11 664165.06 233 2 75 41474 356 13350
161100.0 16452 1.074454965428E10 667891.98 2953098 9.661823605281E11 667891.98 233 2 75 41707 358 13425
162000.0 16452 1.080469304399E10 671618.89 2969550 9.7698705357209E11 671618.89 233 2 75 41940 360 13500
162900.0 16560 1.090129461854E10 675346.09 2986110 9.8788834819063E11 675346.09 233 2 75 42173 362 13575
163800.0 16524 1.094934993231E10 679073.29 3002634 9.9883769812294E11 679073.29 233 2 75 42406 364 13650
164700.0 16452 1.098519844596E10 682800.21 3019086 1.0098228965689E12 682800.21 233 2 75 42639 366 13725
165600.0 16452 1.104534183567E10 686527.13 3035538 1.02086823840457E12 686527.13 233 2 75 42872 368 13800
166500.0 16560 1.114277781682E10 690254.04 3052098 1.03201101622139E12 690254.04 233 2 75 43105 370 13875
167400.0 16524 1.119052665792E10 693980.97 3068622 1.04320154287931E12 693980.97 233 2 75 43338 372 13950
168300.0 16453 1.122584234131E10 697708.45 3085075 1.05442738522062E12 697708.45 233 2 75 43571 374 14025
169200.0 16452 1.128599068403E10 701435.37 3101527 1.06571337590465E12 701435.37 233 2 75 43804 376 14100
170100.0 16560 1.138420011157E10 705162.29 3118087 1.07709757601622E12 705162.29 233 2 75 44037 378 14175
171000.0 16524 1.143171398252E10 708889.21 3134611 1.08852928999874E12 708889.21 233 2 75 44270 380 14250
171900.0 16460 1.146648687161E10 712616.12 3151071 1.09999577687036E12 712616.12 233 2 75 44503 382 14325
172800.0 16452 1.152663458225E10 716343.6 3167523 1.11152241145261E12 716343.6 233 2 75 44736 384 14400
173700.0 16560 1.162565400503E10 720070.53 3184083 1.12314806545764E12 720070.53 233 2 75 44969 386 14475
174600.0 16524 1.16728977481E10 723797.45 3200607 1.13482096320573E12 723797.45 233 2 75 45202 388 14550
175500.0 16452 1.170713571998E10 727524.37 3217059 1.14652809892571E12 727524.37 233 2 75 45435 390 14625
176400.0 16453 1.176727910969E10 731251.28 3233512 1.1582953780354E12 731251.28 233 2 75 45668 392 14700
177300.0 16560 1.186710293495E10 734978.76 3250072 1.17016248097035E12 734978.76 233 2 75 45901 394 14775
178200.0 16524 1.191408329319E10 738705.69 3266596 1.18207656426353E12 738705.69 233 2 75 46134 396 14850
179100.0 16452 1.194778456834E10 742432.61 3283048 1.19402434883187E12 742432.61 233 2 75 46367 398 14925
180000.0 16452 1.200792795805E10 746159.52 3299500 1.20603227678992E12 746159.52 233 2 75 46600 400 15000
180900.0 16560 1.210855250784E10 749886.44 3316060 1.21814082929776E12 749886.44 233 2 75 46833 402 15075
181800.0 16524 1.2155263893E10 753613.93 3332584 1.23029609319076E12 753613.93 233 2 75 47066 404 15150
182700.0 16452 1.218843341665E10 757340.85 3349036 1.24248452660741E12 757340.85 233 2 75 47299 406 15225
183600.0 16452 1.224857680636E10 761067.77 3365488 1.25473310341377E12 761067.77 233 2 75 47532 408 15300
184500.0 16560 1.235000637424E10 764794.68 3382048 1.26708310978801E12 764794.68 233 2 75 47765 410 15375
185400.0 16524 1.239644509151E10 768521.6 3398572 1.27947955487951E12 768521.6 233 2 75 47998 412 15450
186300.0 16453 1.242907731195E10 772249.09 3415025 1.29190863219146E12 772249.09 233 2 75 48231 414 15525
187200.0 16452 1.248922565467E10 775976.01 3431477 1.30439785784613E12 775976.01 233 2 75 48464 416 15600
188100.0 16560 1.259146029464E10 779702.92 3448037 1.31698931814077E12 779702.92 233 2 75 48697 418 15675
189000.0 16524 1.263763063654E10 783429.85 3464561 1.32962694877731E12 783429.85 233 2 75 48930 420 15750
189900.0 16458 1.26697218422E10 787156.76 3481019 1.3422966706195E12 787156.76 233 2 75 49163 422 15825
190800.0 16454 1.272986955284E10 790884.24 3497473 1.35502654017234E12 790884.24 233 2 75 49396 424 15900
191700.0 16560 1.283291417903E10 794611.17 3514033 1.36785945435137E12 794611.17 233 2 75 49629 426 15975
192600.0 16524 1.287881618158E10 798338.09 3530557 1.38073827053295E12 798338.09 233 2 75 49862 428 16050
193500.0 16452 1.291037069051E10 802065.0 3547009 1.39364864122345E12 802065.0 233 2 75 50095 430 16125
194400.0 16453 1.297051408021E10 805791.92 3563462 1.40661915530367E12 805791.92 233 2 75 50328 432 16200
195300.0 16560 1.307436143801E10 809519.17 3580022 1.41969351674167E12 809519.17 233 2 75 50561 434 16275
196200.0 16524 1.311999965566E10 813246.32 3596546 1.43281351639733E12 813246.32 233 2 75 50794 436 16350
197100.0 16452 1.315101948747E10 816973.24 3612998 1.44596453588481E12 816973.24 233 2 75 51027 438 16425
198000.0 16452 1.321116287718E10 820700.16 3629450 1.45917569876199E12 820700.16 233 2 75 51260 440 16500
198900.0 16560 1.331581261223E10 824427.07 3646010 1.47249151137421E12 824427.07 233 2 75 51493 442 16575
199800.0 16524 1.336117792844E10 828154.0 3662534 1.48585268930265E12 828154.0 233 2 75 51726 444 16650
200700.0 16452 1.339166338277E10 831881.48 3678986 1.49924435268542E12 831881.48 233 2 75 51959 446 16725
201600.0 16452 1.345181172549E10 835608.4 3695438 1.51269616441091E12 835608.4 233 2 75 52192 448 16800
202500.0 16560 1.355726651462E10 839335.31 3711998 1.52625343092553E12 839335.31 233 2 75 52425 450 16875
203400.0 16524 1.360236347347E10 843062.24 3728522 1.53985579439901E12 843062.24 233 2 75 52658 452 16950
204300.0 16452 1.363230791302E10 846789.15 3744974 1.55348810231202E12 846789.15 233 2 75 52891 454 17025
205200.0 16453 1.369245562366E10 850516.63 3761427 1.56718055793568E12 850516.63 233 2 75 53124 456 17100
206100.0 16560 1.379872038102E10 854243.56 3777987 1.5809792783167E12 854243.56 233 2 75 53357 458 17175
207000.0 16524 1.38435490184E10 857970.48 3794511 1.5948228273351E12 857970.48 233 2 75 53590 460 17250
207900.0 16452 1.387295676122E10 861697.4 3810963 1.60869578409632E12 861697.4 233 2 75 53823 462 17325
208800.0 16460 1.393310015093E10 865424.31 3827423 1.62262888424725E12 865424.31 233 2 75 54056 464 17400
209700.0 16560 1.404016932878E10 869151.79 3843983 1.63666905357603E12 869151.79 233 2 75 54289 466 17475
210600.0 16524 1.408473456322E10 872878.72 3860507 1.65075378813925E12 872878.72 233 2 75 54522 468 17550
211500.0 16452 1.411360560931E10 876605.64 3876959 1.66486739374856E12 876605.64 233 2 75 54755 470 17625
212400.0 16452 1.417374899902E10 880332.55 3893411 1.67904114274759E12 880332.55 233 2 75 54988 472 17700
213300.0 16561 1.42816188654E10 884059.47 3909972 1.69332276161299E12 884059.47 233 2 75 55221 474 17775
214200.0 16524 1.432591516281E10 887786.96 3926496 1.7076486767758E12 887786.96 233 2 75 55454 476 17850
215100.0 16452 1.435425445741E10 891513.88 3942948 1.72200293123321E12 891513.88 233 2 75 55687 478 17925
216000.0 16452 1.441439784712E10 895240.8 3959400 1.73641732908033E12 895240.8 233 2 75 55920 480 18000
216900.0 16560 1.452307278559E10 898967.71 3975960 1.75094040186591E12 898967.71 233 2 75 56153 482 18075
217800.0 16524 1.456709636111E10 902694.63 3992484 1.76550749822702E12 902694.63 233 2 75 56386 484 18150
218700.0 16452 1.459489835249E10 906422.11 4008936 1.78010239657951E12 906422.11 233 2 75 56619 486 18225
219600.0 16452 1.465504669521E10 910149.04 4025388 1.79475744327472E12 910149.04 233 2 75 56852 488 18300
220500.0 16560 1.476452666077E10 913875.95 4041948 1.80952196993549E12 913875.95 233 2 75 57085 490 18375
221400.0 16524 1.480828190593E10 917602.88 4058472 1.82433025184142E12 917602.88 233 2 75 57318 492 18450
222300.0 16452 1.483554288247E10 921329.79 4074924 1.83916579472389E12 921329.79 233 2 75 57551 494 18525
223200.0 16453 1.489569059311E10 925057.27 4091377 1.854061485317E12 925057.27 233 2 75 57784 496 18600
224100.0 16560 1.500598056289E10 928784.19 4107937 1.86906746587989E12 928784.19 233 2 75 58017 498 18675
225000.0 16524 1.504946745069E10 932511.12 4124461 1.88411693333059E12 932511.12 233 2 75 58250 500 18750
225900.0 16452 1.507619173051E10 936238.03 4140913 1.8991931250611E12 936238.03 233 2 75 58483 502 18825
226800.0 16458 1.513633512022E10 939964.95 4157371 1.91432946018132E12 939964.95 233 2 75 58716 504 18900
227700.0 16562 1.524742828318E10 943692.24 4173933 1.9295768884645E12 943692.24 233 2 75 58949 506 18975
228600.0 16524 1.529065122448E10 947419.35 4190457 1.94486753968898E12 947419.35 233 2 75 59182 508 19050
229500.0 16452 1.531684052544E10 951146.27 4206909 1.96018438021441E12 951146.27 233 2 75 59415 510 19125
230400.0 16452 1.537698391515E10 954873.19 4223361 1.97556136412956E12 954873.19 233 2 75 59648 512 19200
231300.0 16560 1.548887899377E10 958600.1 4239921 1.99105024312333E12 958600.1 233 2 75 59881 514 19275
232200.0 16525 1.553182928196E10 962327.03 4256446 2.00658207240529E12 962327.03 233 2 75 60114 516 19350
233100.0 16452 1.555748446463E10 966054.51 4272898 2.02213955686992E12 966054.51 233 2 75 60347 518 19425
234000.0 16452 1.56176327608E10 969781.43 4289350 2.03775718963072E12 969781.43 233 2 75 60580 520 19500
234900.0 16560 1.57303328755E10 973508.34 4305910 2.05348752250622E12 973508.34 233 2 75 60813 522 19575
235800.0 16524 1.577301473762E10 977235.27 4322434 2.06926053724384E12 977235.27 233 2 75 61046 524 19650
236700.0 16452 1.579812894806E10 980962.18 4338886 2.0850586661919E12 980962.18 233 2 75 61279 526 19725
237600.0 16452 1.58582766587E10 984689.66 4355338 2.1009169428506E12 984689.66 233 2 75 61512 528 19800
238500.0 16560 1.597178677763E10 988416.59 4371898 2.11688872962823E12 988416.59 233 2 75 61745 530 19875
239400.0 16524 1.601420028238E10 992143.51 4388422 2.13290292991061E12 992143.51 233 2 75 61978 532 19950
240300.0 16452 1.60387777961E10 995870.43 4404874 2.14894170770671E12 995870.43 233 2 75 62211 534 20025
241200.0 16452 1.609892118581E10 999597.34 4421326 2.16504062889252E12 999597.34 233 2 75 62444 536 20100
242100.0 16560 1.621323568923E10 1003324.82 4437886 2.18125386458175E12 1003324.82 233 2 75 62677 538 20175
243000.0 16524 1.625538582715E10 1007051.75 4454410 2.19750925040889E12 1007051.75 233 2 75 62910 540 20250
243900.0 16452 1.627942664414E10 1010778.67 4470862 2.21378867705303E12 1010778.67 233 2 75 63143 542 20325
244800.0 16452 1.633957003385E10 1014505.58 4487314 2.23012824708688E12 1014505.58 233 2 75 63376 544 20400
245700.0 16569 1.64546852618E10 1018232.5 4503883 2.24658293234868E12 1018232.5 233 2 75 63609 546 20475
246600.0 16524 1.649656642669E10 1021959.99 4520407 2.26307949877537E12 1021959.99 233 2 75 63842 548 20550
247500.0 16452 1.652007549218E10 1025686.91 4536859 2.27959957426755E12 1025686.91 233 2 75 64075 550 20625
248400.0 16452 1.658021888189E10 1029413.82 4553311 2.29617979314944E12 1029413.82 233 2 75 64308 552 20700
249300.0 16560 1.669613915488E10 1033140.74 4569871 2.31287593230433E12 1033140.74 233 2 75 64541 554 20775
250200.0 16525 1.673774762487E10 1036867.66 4586396 2.3296136799292E12 1036867.66 233 2 75 64774 556 20850
251100.0 16452 1.676071938716E10 1040595.14 4602848 2.34637439931636E12 1040595.14 233 2 75 65007 558 20925
252000.0 16452 1.682086772988E10 1044322.07 4619300 2.36319526704623E12 1044322.07 233 2 75 65240 560 21000
252900.0 16560 1.693759303896E10 1048048.98 4635860 2.38013286008519E12 1048048.98 233 2 75 65473 562 21075
253800.0 16524 1.697893316964E10 1051775.91 4652384 2.39711179325483E12 1051775.91 233 2 75 65706 564 21150
254700.0 16452 1.700136391713E10 1055502.82 4668836 2.41411315717196E12 1055502.82 233 2 75 65939 566 21225
255600.0 16452 1.706151162778E10 1059230.3 4685288 2.43117466879974E12 1059230.3 233 2 75 66172 568 21300
256500.0 16560 1.717904694109E10 1062957.22 4701848 2.44835371574082E12 1062957.22 233 2 75 66405 570 21375
257400.0 16524 1.72201187144E10 1066684.15 4718372 2.46557383445523E12 1066684.15 233 2 75 66638 572 21450
258300.0 16452 1.724201276518E10 1070411.06 4734824 2.4828158472204E12 1070411.06 233 2 75 66871 574 21525
259200.0 16452 1.730215615488E10 1074137.98 4751276 2.50011800337529E12 1074137.98 233 2 75 67104 576 21600
260100.0 16560 1.74204946813E10 1077865.28 4767836 2.51753849805658E12 1077865.28 233 2 75 67337 578 21675
261000.0 16525 1.746130258689E10 1081592.38 4784361 2.53499980064348E12 1081592.38 233 2 75 67570 580 21750
261900.0 16452 1.748266156308E10 1085319.3 4800813 2.55248246220655E12 1085319.3 233 2 75 67803 582 21825
262800.0 16452 1.754280495278E10 1089046.22 4817265 2.57002526715934E12 1089046.22 233 2 75 68036 584 21900
263700.0 16560 1.766197697368E10 1092773.13 4833825 2.58768724413302E12 1092773.13 233 2 75 68269 586 21975
264600.0 16532 1.770248066262E10 1096500.07 4850357 2.60538972479564E12 1096500.07 233 2 75 68502 588 22050
265500.0 16452 1.772330557588E10 1100227.54 4866809 2.62311303037152E12 1100227.54 233 2 75 68735 590 22125
266400.0 16452 1.778345379435E10 1103954.46 4883261 2.64089648416587E12 1103954.46 233 2 75 68968 592 22200
267300.0 16560 1.790339925258E10 1107681.37 4899821 2.65879988341845E12 1107681.37 233 2 75 69201 594 22275
268200.0 16524 1.794366778883E10 1111408.3 4916345 2.67674355120728E12 1111408.3 233 2 75 69434 596 22350
269100.0 16453 1.796394998172E10 1115135.21 4932798 2.694707501189E12 1115135.21 233 2 75 69667 598 22425
270000.0 16452 1.802409769236E10 1118862.69 4949250 2.71273159888136E12 1118862.69 233 2 75 69900 600 22500
270900.0 16560 1.814488476255E10 1122589.62 4965810 2.73087648364392E12 1122589.62 233 2 75 70133 602 22575
271800.0 16524 1.818485153619E10 1126316.54 4982334 2.74906133518011E12 1126316.54 233 2 75 70366 604 22650
272700.0 16452 1.820459882987E10 1130043.45 4998786 2.76726593400998E12 1130043.45 233 2 75 70599 606 22725
273600.0 16452 1.826474221958E10 1133770.37 5015238 2.78553067622955E12 1133770.37 233 2 75 70832 608 22800
274500.0 16560 1.838630205757E10 1137497.85 5031798 2.80391697828712E12 1137497.85 233 2 75 71065 610 22875
275400.0 16524 1.842603887858E10 1141224.78 5048322 2.8223430171657E12 1141224.78 233 2 75 71298 612 22950
276300.0 16452 1.844524767802E10 1144951.7 5064774 2.84078826484372E12 1144951.7 233 2 75 71531 614 23025
277200.0 16452 1.850539106773E10 1148678.61 5081226 2.85929365591144E12 1148678.61 233 2 75 71764 616 23100
278100.0 16560 1.86277516482E10 1152405.53 5097786 2.87792140755964E12 1152405.53 233 2 75 71997 618 23175
279000.0 16525 1.866721768071E10 1156133.01 5114311 2.89658862524036E12 1156133.01 233 2 75 72230 620 23250
279900.0 16452 1.868589652617E10 1159859.94 5130763 2.91527452176652E12 1159859.94 233 2 75 72463 622 23325
280800.0 16452 1.874603991587E10 1163586.85 5147215 2.9340205616824E12 1163586.85 233 2 75 72696 624 23400
281700.0 16560 1.886923712217E10 1167313.77 5163775 2.95288979880457E12 1167313.77 233 2 75 72929 626 23475
282600.0 16532 1.890839888806E10 1171040.69 5180307 2.97179819769263E12 1171040.69 233 2 75 73162 628 23550
283500.0 16452 1.89265404213E10 1174768.17 5196759 2.99072473811394E12 1174768.17 233 2 75 73395 630 23625
284400.0 16452 1.898668876402E10 1178495.1 5213211 3.00971142687796E12 1178495.1 233 2 75 73628 632 23700
285300.0 16560 1.911065942567E10 1182222.01 5229771 3.02882208630363E12 1182222.01 233 2 75 73861 634 23775
286200.0 16524 1.91495862125E10 1185948.93 5246295 3.04797167251613E12 1185948.93 233 2 75 74094 636 23850
287100.0 16453 1.916718495144E10 1189675.85 5262748 3.06713885746758E12 1189675.85 233 2 75 74327 638 23925
288000.0 16452 1.922733266209E10 1193403.33 5279200 3.08636619012966E12 1193403.33 233 2 75 74560 640 24000
288900.0 16560 1.93521449267E10 1197130.25 5295760 3.10571833505636E12 1197130.25 233 2 75 74793 642 24075
289800.0 16524 1.939076997797E10 1200857.18 5312284 3.12510910503433E12 1200857.18 233 2 75 75026 644 24150
290700.0 16452 1.94078337997E10 1204584.09 5328736 3.14451693883403E12 1204584.09 233 2 75 75259 646 24225
291600.0 16452 1.946797718941E10 1208311.01 5345188 3.16398491602344E12 1208311.01 233 2 75 75492 648 24300
292500.0 16560 1.95935612461E10 1212038.35 5361748 3.18357847726954E12 1212038.35 233 2 75 75725 650 24375
293400.0 16524 1.96319561748E10 1215765.41 5378272 3.20321043344434E12 1215765.41 233 2 75 75958 652 24450
294300.0 16452 1.964848261143E10 1219492.33 5394724 3.22285891605576E12 1219492.33 233 2 75 76191 654 24525
295200.0 16452 1.970862600114E10 1223219.25 5411176 3.2425675420569E12 1223219.25 233 2 75 76424 656 24600
296100.0 16560 1.983501175791E10 1226946.16 5427736 3.26240255381481E12 1226946.16 233 2 75 76657 658 24675
297000.0 16524 1.987313230816E10 1230673.16 5444260 3.28227568612297E12 1230673.16 233 2 75 76890 660 24750
297900.0 16453 1.988912708917E10 1234400.56 5460713 3.30216481321214E12 1234400.56 233 2 75 77123 662 24825
298800.0 16452 1.994927482569E10 1238127.49 5477165 3.32211408803783E12 1238127.49 233 2 75 77356 664 24900
299700.0 16560 2.007646563648E10 1241854.4 5493725 3.3421905536743E12 1241854.4 233 2 75 77589 666 24975
300600.0 16524 2.01143172608E10 1245581.33 5510249 3.3623048709351E12 1245581.33 233 2 75 77822 668 25050
301500.0 16460 2.012977101317E10 1249308.24 5526709 3.38243464194827E12 1249308.24 233 2 75 78055 670 25125
302400.0 16452 2.018991872381E10 1253035.72 5543161 3.40262456067208E12 1253035.72 233 2 75 78288 672 25200
303300.0 16560 2.031791951186E10 1256762.64 5559721 3.42294248018394E12 1256762.64 233 2 75 78521 674 25275
304200.0 16524 2.035550279684E10 1260489.57 5576245 3.44329798298078E12 1260489.57 233 2 75 78754 676 25350
305100.0 16452 2.037041986148E10 1264216.48 5592697 3.46366840284226E12 1264216.48 233 2 75 78987 678 25425
306000.0 16453 2.043056325119E10 1267943.4 5609150 3.48409896609345E12 1267943.4 233 2 75 79220 680 25500
306900.0 16560 2.055936845073E10 1271670.88 5625710 3.50465833454418E12 1271670.88 233 2 75 79453 682 25575
307800.0 16524 2.059668835093E10 1275397.81 5642234 3.5252550228951E12 1275397.81 233 2 75 79686 684 25650
308700.0 16452 2.061106870984E10 1279124.73 5658686 3.54586609160495E12 1279124.73 233 2 75 79919 686 25725
309600.0 16452 2.067121209955E10 1282851.64 5675138 3.5665373037045E12 1282851.64 233 2 75 80152 688 25800
310500.0 16560 2.080081801441E10 1286578.55 5691698 3.58733812171891E12 1286578.55 233 2 75 80385 690 25875
311400.0 16524 2.083786894185E10 1290306.04 5708222 3.60817599066076E12 1290306.04 233 2 75 80618 692 25950
312300.0 16452 2.085171755826E10 1294032.97 5724674 3.62902770821902E12 1294032.97 233 2 75 80851 694 26025
313200.0 16452 2.091186094797E10 1297759.88 5741126 3.64993956916699E12 1297759.88 233 2 75 81084 696 26100
314100.0 16560 2.104227188992E10 1301486.8 5757686 3.67098184105691E12 1301486.8 233 2 75 81317 698 26175
315000.0 16524 2.107905014947E10 1305213.72 5774210 3.69206089120637E12 1305213.72 233 2 75 81550 700 26250
315900.0 16453 2.109236145367E10 1308941.2 5790663 3.71315325266004E12 1308941.2 233 2 75 81783 702 26325
316800.0 16452 2.115250979639E10 1312668.12 5807115 3.73430576245643E12 1312668.12 233 2 75 82016 704 26400
317700.0 16560 2.128372580142E10 1316395.04 5823675 3.75558948825786E12 1316395.04 233 2 75 82249 706 26475
318600.0 16524 2.132023747417E10 1320121.96 5840199 3.77690972573203E12 1320121.96 233 2 75 82482 708 26550
319500.0 16460 2.133300598408E10 1323848.88 5856659 3.79824273171611E12 1323848.88 233 2 75 82715 710 26625
320400.0 16452 2.139315369472E10 1327576.36 5873111 3.81963588541083E12 1327576.36 233 2 75 82948 712 26700
321300.0 16560 2.152517967699E10 1331303.28 5889671 3.84116106508782E12 1331303.28 233 2 75 83181 714 26775
322200.0 16524 2.156142123986E10 1335030.21 5906195 3.86272248632768E12 1335030.21 233 2 75 83414 716 26850
323100.0 16452 2.157365483255E10 1338757.12 5922647 3.88429614116023E12 1338757.12 233 2 75 83647 718 26925
324000.0 16453 2.163379822226E10 1342484.04 5939100 3.9059299393825E12 1342484.04 233 2 75 83880 720 27000
324900.0 16560 2.176662756117E10 1346211.39 5955660 3.92769656694366E12 1346211.39 233 2 75 84113 722 27075
325800.0 16524 2.180260574409E10 1349938.44 5972184 3.94949917268775E12 1349938.44 233 2 75 84346 724 27150
326700.0 16452 2.181430364705E10 1353665.36 5988636 3.9713134763348E12 1353665.36 233 2 75 84579 726 27225
327600.0 16452 2.187444703676E10 1357392.28 6005088 3.99318792337156E12 1357392.28 233 2 75 84812 728 27300
328500.0 16560 2.200807811893E10 1361119.19 6021648 4.01519600149049E12 1361119.19 233 2 75 85045 730 27375
329400.0 16524 2.204378366323E10 1364846.2 6038172 4.03723978515372E12 1364846.2 233 2 75 85278 732 27450
330300.0 16452 2.205494821967E10 1368573.59 6054624 4.05929473337339E12 1368573.59 233 2 75 85511 734 27525
331200.0 16452 2.211509586047E10 1372300.52 6071076 4.08140982923386E12 1372300.52 233 2 75 85744 736 27600
332100.0 16560 2.224956361356E10 1376027.43 6087636 4.10365939284743E12 1376027.43 233 2 75 85977 738 27675
333000.0 16524 2.228497030441E10 1379754.35 6104160 4.12594436315184E12 1379754.35 233 2 75 86210 740 27750
333900.0 16452 2.229559204822E10 1383481.27 6120612 4.14823995520006E12 1383481.27 233 2 75 86443 742 27825
334800.0 16452 2.235573975886E10 1387208.75 6137064 4.17059569495892E12 1387208.75 233 2 75 86676 744 27900
335700.0 16560 2.249098589927E10 1390935.67 6153624 4.19308668085819E12 1390935.67 233 2 75 86909 746 27975
336600.0 16524 2.252615407015E10 1394662.6 6170148 4.21561283492834E12 1394662.6 233 2 75 87142 748 28050
337500.0 16452 2.253624089675E10 1398389.51 6186600 4.23814907582509E12 1398389.51 233 2 75 87375 750 28125
338400.0 16461 2.259638428646E10 1402116.43 6203061 4.26074546011154E12 1402116.43 233 2 75 87608 752 28200
339300.0 16560 2.273243481161E10 1405843.91 6219621 4.28347789492316E12 1405843.91 233 2 75 87841 754 28275
340200.0 16524 2.276734138597E10 1409570.84 6236145 4.30624523630912E12 1409570.84 233 2 75 88074 756 28350
341100.0 16452 2.277688974533E10 1413297.75 6252597 4.32902212605445E12 1413297.75 233 2 75 88307 758 28425
342000.0 16452 2.283703313504E10 1417024.67 6269049 4.35185915918949E12 1417024.67 233 2 75 88540 760 28500
342900.0 16561 2.297391600138E10 1420751.58 6285610 4.37483307519087E12 1420751.58 233 2 75 88773 762 28575
343800.0 16524 2.300852021554E10 1424479.07 6302134 4.39784159540641E12 1424479.07 233 2 75 89006 764 28650
344700.0 16452 2.301753859391E10 1428206.0 6318586 4.42085913400032E12 1428206.0 233 2 75 89239 766 28725
345600.0 16452 2.307768198362E10 1431932.91 6335038 4.44393681598394E12 1431932.91 233 2 75 89472 768 28800

