# seed = 1, gamma = 1.0, beta = 0.5, dee = 100.0, dcc = 50.0, dec = 600.0, dsc = 2000.0, dLocalhost = 0.015, hostBroker = CLOUD, numOfCloud = 1, numOfEdge = 1, numOfSmartphone = 150 
#
# The columns have the following meaning: 
# instant[SECONDS] delayCountPartial delaySumPartial[SECONDS] delayMaxPartial[SECONDS] delayCountTot delaySumTot[SECONDS] delayMaxTot[SECONDS] runOnCloudPartial runOnEdgePartial runOnSmartphonePartial runOnCloudTot runOnEdgeTot runOnSmartphoneTot
0.0 0 0.0 0.0 0 0.0 0.0 0 0 0 0 0 0
900.0 16560 1.2706674762E8 15643.95 16560 1.2706674762E8 15643.95 150 10 150 150 10 150
1800.0 16524 3.7091585645E8 30755.96 33084 4.9798260408E8 30755.96 150 10 150 300 20 300
2700.0 16452 6.1420129565E8 45867.44 49536 1.11218389973E9 45867.44 150 10 150 450 30 450
3600.0 16452 8.5808149308E8 60978.91 65988 1.97026539281E9 60978.91 150 10 150 600 40 600
4500.0 16561 1.10616679361E9 76090.38 82549 3.07643218642E9 76090.38 150 10 150 750 50 750
5400.0 16524 1.34881955907E9 91201.86 99073 4.42525174549E9 91201.86 150 10 150 900 60 900
6300.0 16452 1.5899189631E9 106313.34 115525 6.01517070859E9 106313.34 150 10 150 1050 70 1050
7200.0 16452 1.83379916053E9 121424.81 131977 7.84896986911E9 121424.81 150 10 150 1200 80 1200
8100.0 16560 2.08503945364E9 136536.28 148537 9.93400932275E9 136536.28 150 10 150 1350 90 1350
9000.0 16524 2.32670754359E9 151647.76 165061 1.226071686634E10 151647.76 150 10 150 1500 100 1500
9900.0 16452 2.5656366308E9 166759.23 181513 1.482635349714E10 166759.23 150 10 150 1650 110 1650
10800.0 16452 2.80951682823E9 181870.7 197965 1.763587032537E10 181870.7 150 10 150 1800 120 1800
11700.0 16560 3.06413019288E9 196982.18 214525 2.070000051825E10 196982.18 150 10 150 1950 130 1950
12600.0 16524 3.30460699905E9 212093.66 231049 2.40046075173E10 212093.66 150 10 150 2100 140 2100
13500.0 16452 3.5413542985E9 227205.13 247501 2.75459618158E10 227205.13 150 10 150 2250 150 2250
14400.0 16452 3.78523449593E9 242316.6 263953 3.133119631173E10 242316.6 150 10 150 2400 160 2400
15300.0 16560 4.0430029369E9 257428.07 280513 3.537419924863E10 257428.07 150 10 150 2550 170 2550
16200.0 16530 4.28249498357E9 272539.55 297043 3.96566942322E10 272539.55 150 10 150 2700 180 2700
17100.0 16454 4.51707362079E9 287651.23 313497 4.417376785299E10 287651.23 150 10 150 2850 190 2850
18000.0 16452 4.76095843331E9 302763.06 329949 4.893472628631E10 302763.06 150 10 150 3000 200 3000
18900.0 16560 5.02199394852E9 317874.54 346509 5.395672023482E10 317874.54 150 10 150 3150 210 3150
19800.0 16524 5.26039794974E9 332986.02 363033 5.921711818456E10 332986.02 150 10 150 3300 220 3300
20700.0 16452 5.49279886849E9 348097.5 379485 6.470991705305E10 348097.5 150 10 150 3450 230 3450
21600.0 16452 5.73667906592E9 363208.97 395937 7.044659611896E10 363208.97 150 10 150 3600 240 3600
22500.0 16560 6.00097568565E9 378320.44 412497 7.644757180461E10 378320.44 150 10 150 3750 250 3750
23400.0 16524 6.23829167873E9 393431.92 429021 8.268586348334E10 393431.92 150 10 150 3900 260 3900
24300.0 16452 6.46851653619E9 408543.39 445473 8.915438001953E10 408543.39 150 10 150 4050 270 4050
25200.0 16452 6.71239673362E9 423654.86 461925 9.586677675314E10 423654.86 150 10 150 4200 280 4200
26100.0 16560 6.98006646088E9 438766.34 478485 1.0284684321403E11 438766.34 150 10 150 4350 290 4350
27000.0 16524 7.21618539904E9 453877.82 495009 1.1006302861306E11 453877.82 150 10 150 4500 300 4500
27900.0 16452 7.44423420422E9 468989.29 511461 1.1750726281728E11 468989.29 150 10 150 4650 310 4650
28800.0 16452 7.68811440164E9 484100.76 527913 1.2519537721892E11 484100.76 150 10 150 4800 320 4800
29700.0 16560 7.95893919628E9 499212.23 544473 1.331543164152E11 499212.23 150 10 150 4950 330 4950
30600.0 16524 8.19407911051E9 514323.71 560997 1.4134839552572E11 514323.71 150 10 150 5100 340 5100
31500.0 16452 8.41995187242E9 529435.19 577449 1.4976834739813E11 529435.19 150 10 150 5250 350 5250
32400.0 16453 8.66383206986E9 544546.66 593902 1.5843217946799E11 544546.66 150 10 150 5400 360 5400
33300.0 16560 8.93792429315E9 559658.52 610462 1.6737010376114E11 559658.52 150 10 150 5550 370 5550
34200.0 16524 9.17198037131E9 574770.18 626986 1.7654208413245E11 574770.18 150 10 150 5700 380 5700
35100.0 16452 9.39567875904E9 589881.65 643438 1.8593776289149E11 589881.65 150 10 150 5850 390 5850
36000.0 16452 9.63955895648E9 604993.13 659890 1.9557732184796E11 604993.13 150 10 150 6000 400 6000
36900.0 16560 9.91691192984E9 620104.6 676450 2.054942337778E11 620104.6 150 10 150 6150 410 6150
37800.0 16524 1.014987579962E10 635216.08 692974 2.1564410957742E11 635216.08 150 10 150 6300 420 6300
38700.0 16452 1.037139642744E10 650327.55 709426 2.2601550600487E11 650327.55 150 10 150 6450 430 6450
39600.0 16452 1.061527662488E10 665439.02 725878 2.3663078262975E11 665439.02 150 10 150 6600 440 6600
40500.0 16560 1.089589367668E10 680550.49 742438 2.4752667630643E11 680550.49 150 10 150 6750 450 6750
41400.0 16524 1.112776952032E10 695661.98 758962 2.5865444582675E11 695661.98 150 10 150 6900 460 6900
42300.0 16452 1.134711409585E10 710773.45 775414 2.700015599226E11 710773.45 150 10 150 7050 470 7050
43200.0 16452 1.159099429329E10 725884.92 791866 2.8159255421589E11 725884.92 150 10 150 7200 480 7200
44100.0 16560 1.187487541452E10 740996.39 808426 2.9346742963042E11 740996.39 150 10 150 7350 490 7350
45000.0 16524 1.210566324102E10 756107.87 824950 3.0557309287144E11 756107.87 150 10 150 7500 500 7500
45900.0 16452 1.232283176431E10 771219.35 841402 3.1789592463575E11 771219.35 150 10 150 7650 510 7650
46800.0 16452 1.256671196175E10 786330.82 857854 3.304626365975E11 786330.82 150 10 150 7800 520 7800
47700.0 16560 1.285396619048E10 801442.29 874414 3.4331660278799E11 801442.29 150 10 150 7950 530 7950
48600.0 16524 1.308355695288E10 816553.77 890938 3.5640015974086E11 816553.77 150 10 150 8100 540 8100
49500.0 16452 1.329855364392E10 831665.76 907390 3.6969871338478E11 831665.76 150 10 150 8250 550 8250
50400.0 16452 1.354243848244E10 846777.29 923842 3.8324115186722E11 846777.29 150 10 150 8400 560 8400
51300.0 16560 1.383284819886E10 861888.76 940402 3.9707400006608E11 861888.76 150 10 150 8550 570 8550
52200.0 16524 1.406145995386E10 877000.24 956926 4.1113546001994E11 877000.24 150 10 150 8700 580 8700
53100.0 16452 1.427427635195E10 892111.71 973378 4.2540973637188E11 892111.71 150 10 150 8850 590 8850
54000.0 16452 1.451815654939E10 907223.18 989830 4.3992789292127E11 907223.18 150 10 150 9000 600 9000
54900.0 16560 1.481182994587E10 922334.66 1006390 4.5473972286714E11 922334.66 150 10 150 9150 610 9150
55800.0 16524 1.503935367466E10 937446.14 1022914 4.697790765418E11 937446.14 150 10 150 9300 620 9300
56700.0 16452 1.524999402046E10 952557.61 1039366 4.8502907056226E11 952557.61 150 10 150 9450 630 9450
57600.0 16452 1.54938742179E10 967669.08 1055818 5.0052294478017E11 967669.08 150 10 150 9600 640 9600
58500.0 16560 1.579081169282E10 982780.55 1072378 5.1631375647299E11 982780.55 150 10 150 9750 650 9750
59400.0 16524 1.601724739547E10 997892.03 1088902 5.3233100386846E11 997892.03 150 10 150 9900 660 9900
60300.0 16452 1.622571168898E10 1013003.51 1105354 5.4855671555744E11 1013003.51 150 10 150 10050 670 10050
61200.0 16452 1.646959188642E10 1028114.98 1121806 5.6502630744385E11 1028114.98 150 10 150 10200 680 10200
62100.0 16560 1.676979343977E10 1043226.45 1138366 5.8179610088363E11 1043226.45 150 10 150 10350 690 10350
63000.0 16524 1.699514111628E10 1058337.93 1154890 5.9879124199991E11 1058337.93 150 10 150 10500 700 10500
63900.0 16452 1.72014293575E10 1073449.4 1171342 6.1599267135741E11 1073449.4 150 10 150 10650 710 10650
64800.0 16452 1.744530955494E10 1088560.87 1187794 6.3343798091235E11 1088560.87 150 10 150 10800 720 10800
65700.0 16560 1.774888872693E10 1103672.91 1204354 6.5118686963928E11 1103672.91 150 10 150 10950 730 10950
66600.0 16524 1.797304412884E10 1118784.4 1220878 6.6915991376812E11 1118784.4 150 10 150 11100 740 11100
67500.0 16452 1.817715629709E10 1133895.87 1237330 6.8733707006521E11 1133895.87 150 10 150 11250 750 11250
68400.0 16452 1.842103649454E10 1149007.35 1253782 7.0575810655975E11 1149007.35 150 10 150 11400 760 11400
69300.0 16560 1.872776622678E10 1164118.82 1270342 7.2448587278653E11 1164118.82 150 10 150 11550 770 11550
70200.0 16524 1.895093784065E10 1179230.3 1286866 7.4343681062718E11 1179230.3 150 10 150 11700 780 11700
71100.0 16452 1.915287396562E10 1194341.77 1303318 7.625896845928E11 1194341.77 150 10 150 11850 790 11850
72000.0 16452 1.939675416306E10 1209453.24 1319770 7.8198643875585E11 1209453.24 150 10 150 12000 800 12000
72900.0 16560 1.970674798273E10 1224564.71 1336330 8.0169318673859E11 1224564.71 150 10 150 12150 810 12150
73800.0 16524 1.992883157047E10 1239676.2 1352854 8.2162201830906E11 1239676.2 150 10 150 12300 820 12300
74700.0 16452 2.012859163414E10 1254787.67 1369306 8.4175060994319E11 1254787.67 150 10 150 12450 830 12450
75600.0 16452 2.037247183158E10 1269899.14 1385758 8.6212308177477E11 1269899.14 150 10 150 12600 840 12600
76500.0 16560 2.068583874075E10 1285010.61 1402318 8.8280892051553E11 1285010.61 150 10 150 12750 850 12750
77400.0 16524 2.090672529128E10 1300122.09 1418842 9.0371564580681E11 1300122.09 150 10 150 12900 860 12900
78300.0 16452 2.110430930266E10 1315233.57 1435294 9.2481995510947E11 1315233.57 150 10 150 13050 870 13050
79200.0 16452 2.13481895001E10 1330345.04 1451746 9.4616814460957E11 1330345.04 150 10 150 13200 880 13200
80100.0 16566 2.166471146765E10 1345456.51 1468312 9.6783285607722E11 1345456.51 150 10 150 13350 890 13350
81000.0 16527 2.188462558089E10 1360568.07 1484839 9.8971748165811E11 1360568.07 150 10 150 13500 900 13500
81900.0 16452 2.208003217103E10 1375680.03 1501291 1.01179751382915E12 1375680.03 150 10 150 13650 910 13650
82800.0 16452 2.232391641358E10 1390791.51 1517743 1.03412143024273E12 1390791.51 150 10 150 13800 920 13800
83700.0 16560 2.264381151955E10 1405902.98 1534303 1.05676524176228E12 1405902.98 150 10 150 13950 930 13950
84600.0 16524 2.286252199848E10 1421014.46 1550827 1.07962776376076E12 1421014.46 150 10 150 14100 940 14100
85500.0 16452 2.305575388461E10 1436125.93 1567279 1.10268351764537E12 1436125.93 150 10 150 14250 950 14250
86400.0 16452 2.329963408205E10 1451237.4 1583731 1.12598315172742E12 1451237.4 150 10 150 14400 960 14400
87300.0 16560 2.36226842284E10 1466348.88 1600291 1.14960583595582E12 1466348.88 150 10 150 14550 970 14550
88200.0 16524 2.384042144571E10 1481460.36 1616815 1.17344625740153E12 1481460.36 150 10 150 14700 980 14700
89100.0 16452 2.403147155308E10 1496571.83 1633267 1.1974777289546E12 1496571.83 150 10 150 14850 990 14850
90000.0 16452 2.427535175052E10 1511683.3 1649719 1.22175308070512E12 1511683.3 150 10 150 15000 1000 15000
90900.0 16560 2.460177500436E10 1526794.77 1666279 1.24635485570948E12 1526794.77 150 10 150 15150 1010 15150
91800.0 16524 2.481830943105E10 1541906.25 1682803 1.27117316514053E12 1541906.25 150 10 150 15300 1020 15300
92700.0 16452 2.50071892216E10 1557017.73 1699255 1.29618035436213E12 1557017.73 150 10 150 15450 1030 15450
93600.0 16452 2.525106941904E10 1572129.2 1715707 1.32143142378118E12 1572129.2 150 10 150 15600 1040 15600
94500.0 16560 2.558064773126E10 1587240.67 1732267 1.34701207151243E12 1587240.67 150 10 150 15750 1050 15750
95400.0 16524 2.579620888733E10 1602352.15 1748791 1.37280828039976E12 1602352.15 150 10 150 15900 1060 15900
96300.0 16453 2.598290689012E10 1617463.62 1765244 1.39879118728989E12 1617463.62 150 10 150 16050 1070 16050
97200.0 16452 2.622678912752E10 1632575.35 1781696 1.42501797641741E12 1632575.35 150 10 150 16200 1080 16200
98100.0 16560 2.655963619441E10 1647687.13 1798256 1.45157761261182E12 1647687.13 150 10 150 16350 1090 16350
99000.0 16524 2.677410611456E10 1662798.62 1814780 1.47835171872637E12 1662798.62 150 10 150 16500 1100 16500
99900.0 16452 2.695863377996E10 1677910.09 1831232 1.50531035250634E12 1677910.09 150 10 150 16650 1110 16650
100800.0 16452 2.72025139774E10 1693021.56 1847684 1.53251286648374E12 1693021.56 150 10 150 16800 1120 16800
101700.0 16560 2.753862047734E10 1708133.03 1864244 1.56005148696108E12 1708133.03 150 10 150 16950 1130 16950
102600.0 16524 2.775199984437E10 1723244.52 1880768 1.58780348680545E12 1723244.52 150 10 150 17100 1140 17100
103500.0 16452 2.793435144849E10 1738355.99 1897220 1.61573783825394E12 1738355.99 150 10 150 17250 1150 17250
104400.0 16452 2.817823164593E10 1753467.46 1913672 1.64391606989986E12 1753467.46 150 10 150 17400 1160 17400
105300.0 16560 2.851760223329E10 1768578.93 1930232 1.67243367213316E12 1768578.93 150 10 150 17550 1170 17550
106200.0 16524 2.872989355618E10 1783690.41 1946756 1.70116356568934E12 1783690.41 150 10 150 17700 1180 17700
107100.0 16452 2.891006911701E10 1798801.88 1963208 1.73007363480635E12 1798801.88 150 10 150 17850 1190 17850
108000.0 16452 2.915394931445E10 1813913.36 1979660 1.7592275841208E12 1813913.36 150 10 150 18000 1200 18000
108900.0 16560 2.949658397125E10 1829024.83 1996220 1.78872416809205E12 1829024.83 150 10 150 18150 1210 18150
109800.0 16524 2.970778728605E10 1844136.31 2012744 1.8184319553781E12 1844136.31 150 10 150 18300 1220 18300
110700.0 16452 2.988578678564E10 1859247.78 2029196 1.84831774216374E12 1859247.78 150 10 150 18450 1230 18450
111600.0 16452 3.012966698308E10 1874359.25 2045648 1.87844740914682E12 1874359.25 150 10 150 18600 1240 18600
112500.0 16560 3.047556572732E10 1889470.73 2062208 1.90892297487414E12 1889470.73 150 10 150 18750 1250 18750
113400.0 16524 3.068568447463E10 1904582.61 2078732 1.93960865934877E12 1904582.61 150 10 150 18900 1260 18900
114300.0 16452 3.086151231216E10 1919694.25 2095184 1.97047017166093E12 1919694.25 150 10 150 19050 1270 19050
115200.0 16452 3.110539387621E10 1934805.72 2111636 2.00157556553714E12 1934805.72 150 10 150 19200 1280 19200
116100.0 16560 3.145455671174E10 1949917.19 2128196 2.03303012224889E12 1949917.19 150 10 150 19350 1290 19350
117000.0 16524 3.166358397297E10 1965028.67 2144720 2.06469370622185E12 1965028.67 150 10 150 19500 1300 19500
117900.0 16452 3.18372313474E10 1980140.15 2161172 2.09653093756925E12 1980140.15 150 10 150 19650 1310 19650
118800.0 16452 3.208111154484E10 1995251.62 2177624 2.12861204911409E12 1995251.62 150 10 150 19800 1320 19800
119700.0 16560 3.243353848581E10 2010363.09 2194184 2.1610455875999E12 2010363.09 150 10 150 19950 1330 19950
120600.0 16524 3.264147768489E10 2025474.57 2210708 2.19368706528479E12 2025474.57 150 10 150 20100 1340 20100
121500.0 16452 3.2812949016E10 2040586.04 2227160 2.22650001430079E12 2040586.04 150 10 150 20250 1350 20250
122400.0 16452 3.305682921338E10 2055697.52 2243612 2.25955684351417E12 2055697.52 150 10 150 20400 1360 20400
123300.0 16560 3.341252021473E10 2070808.99 2260172 2.2929693637289E12 2070808.99 150 10 150 20550 1370 20550
124200.0 16524 3.36193714146E10 2085920.47 2276696 2.32658873514349E12 2085920.47 150 10 150 20700 1380 20700
125100.0 16452 3.378866668439E10 2101031.94 2293148 2.36037740182788E12 2101031.94 150 10 150 20850 1390 20850
126000.0 16452 3.403254688177E10 2116143.41 2309600 2.39440994870965E12 2116143.41 150 10 150 21000 1400 21000
126900.0 16560 3.439150197054E10 2131254.88 2326160 2.42880145068019E12 2131254.88 150 10 150 21150 1410 21150
127800.0 16524 3.459726513527E10 2146366.37 2342684 2.46339871581545E12 2146366.37 150 10 150 21300 1420 21300
128700.0 16452 3.476438435277E10 2161477.84 2359136 2.49816310016822E12 2161477.84 150 10 150 21450 1430 21450
129600.0 16452 3.500826909738E10 2176589.87 2375588 2.5331713692656E12 2176589.87 150 10 150 21600 1440 21600
130500.0 16560 3.53704930285E10 2191701.36 2392148 2.5685418622941E12 2191701.36 150 10 150 21750 1450 21750
131400.0 16524 3.557516813874E10 2206812.84 2408672 2.60411703043284E12 2206812.84 150 10 150 21900 1460 21900
132300.0 16453 3.574011129228E10 2221924.31 2425125 2.63985714172512E12 2221924.31 150 10 150 22050 1470 22050
133200.0 16452 3.598399148966E10 2237035.78 2441577 2.67584113321478E12 2237035.78 150 10 150 22200 1480 22200
134100.0 16560 3.634947476632E10 2252147.25 2458137 2.71219060798109E12 2252147.25 150 10 150 22350 1490 22350
135000.0 16524 3.655306186841E10 2267258.73 2474661 2.7487436698495E12 2267258.73 150 10 150 22500 1500 22500
135900.0 16452 3.671582896066E10 2282370.21 2491113 2.78545949881016E12 2282370.21 150 10 150 22650 1510 22650
136800.0 16452 3.695970915804E10 2297481.68 2507565 2.8224192079682E12 2297481.68 150 10 150 22800 1520 22800
137700.0 16560 3.732845650413E10 2312593.15 2524125 2.85974766447233E12 2312593.15 150 10 150 22950 1530 22950
138600.0 16524 3.753095558008E10 2327704.63 2540649 2.89727862005242E12 2327704.63 150 10 150 23100 1540 23100
139500.0 16452 3.769154662904E10 2342816.1 2557101 2.93497016668146E12 2342816.1 150 10 150 23250 1550 23250
140400.0 16452 3.793542682642E10 2357927.57 2573553 2.97290559350788E12 2357927.57 150 10 150 23400 1560 23400
141300.0 16560 3.830743825995E10 2373039.05 2590113 3.01121303176782E12 2373039.05 150 10 150 23550 1570 23550
142200.0 16524 3.850884930976E10 2388150.53 2606637 3.04972188107758E12 2388150.53 150 10 150 23700 1580 23700
143100.0 16452 3.866726429742E10 2403262.0 2623089 3.088389145375E12 2403262.0 150 10 150 23850 1590 23850
144000.0 16452 3.89111444948E10 2418373.47 2639541 3.1273002898698E12 2418373.47 150 10 150 24000 1600 24000
144900.0 16568 3.928642143577E10 2433484.94 2656109 3.16658671130557E12 2433484.94 150 10 150 24150 1610 24150
145800.0 16524 3.948674750269E10 2448596.99 2672633 3.20607345880826E12 2448596.99 150 10 150 24300 1620 24300
146700.0 16452 3.964299123693E10 2463708.47 2689085 3.24571645004519E12 2463708.47 150 10 150 24450 1630 24450
147600.0 16452 3.988687143431E10 2478819.94 2705537 3.2856033214795E12 2478819.94 150 10 150 24600 1640 24600
148500.0 16560 4.026541105572E10 2493931.41 2722097 3.32586873253522E12 2493931.41 150 10 150 24750 1650 24750
149400.0 16524 4.04646460429E10 2509042.9 2738621 3.36633337857812E12 2509042.9 150 10 150 24900 1660 24900
150300.0 16452 4.061870890531E10 2524154.37 2755073 3.40695208748343E12 2524154.37 150 10 150 25050 1670 25050
151200.0 16452 4.086258910269E10 2539265.84 2771525 3.44781467658612E12 2539265.84 150 10 150 25200 1680 25200
152100.0 16560 4.124439279354E10 2554377.31 2788085 3.48905906937966E12 2554377.31 150 10 150 25350 1690 25350
153000.0 16524 4.144253975463E10 2569488.79 2804609 3.53050160913429E12 2569488.79 150 10 150 25500 1700 25500
153900.0 16452 4.159442657375E10 2584600.27 2821061 3.57209603570804E12 2584600.27 150 10 150 25650 1710 25650
154800.0 16452 4.183830677113E10 2599711.74 2837513 3.61393434247916E12 2599711.74 150 10 150 25800 1720 25800
155700.0 16560 4.222337454941E10 2614823.21 2854073 3.65615771702858E12 2614823.21 150 10 150 25950 1730 25950
156600.0 16524 4.242043348435E10 2629934.69 2870597 3.69857815051293E12 2629934.69 150 10 150 26100 1740 26100
157500.0 16452 4.257014424213E10 2645046.16 2887049 3.74114829475506E12 2645046.16 150 10 150 26250 1750 26250
158400.0 16452 4.281402443951E10 2660157.63 2903501 3.78396231919456E12 2660157.63 150 10 150 26400 1760 26400
159300.0 16560 4.320246530729E10 2675269.11 2920061 3.82716478450185E12 2675269.11 150 10 150 26550 1770 26550
160200.0 16525 4.339832719602E10 2690380.59 2936586 3.87056311169787E12 2690380.59 150 10 150 26700 1780 26700
161100.0 16452 4.354586289699E10 2705492.18 2953038 3.91410897459487E12 2705492.18 150 10 150 26850 1790 26850
162000.0 16452 4.378974766612E10 2720604.1 2969490 3.95789872226099E12 2720604.1 150 10 150 27000 1800 27000
162900.0 16560 4.418134730081E10 2735715.57 2986050 4.0020800695618E12 2735715.57 150 10 150 27150 1810 27150
163800.0 16524 4.437623592652E10 2750827.06 3002574 4.04645630548832E12 2750827.06 150 10 150 27300 1820 27300
164700.0 16452 4.452158881465E10 2765938.53 3019026 4.09097789430298E12 2765938.53 150 10 150 27450 1830 27450
165600.0 16452 4.476546901203E10 2781050.0 3035478 4.13574336331501E12 2781050.0 150 10 150 27600 1840 27600
166500.0 16560 4.516043806758E10 2796161.47 3052038 4.18090380138259E12 2796161.47 150 10 150 27750 1850 27750
167400.0 16524 4.535412390262E10 2811272.95 3068562 4.22625792528521E12 2811272.95 150 10 150 27900 1860 27900
168300.0 16452 4.549730648293E10 2826384.42 3085014 4.27175523176813E12 2826384.42 150 10 150 28050 1870 28050
169200.0 16452 4.574118668031E10 2841495.9 3101466 4.31749641844844E12 2841495.9 150 10 150 28200 1880 28200
170100.0 16560 4.613931079422E10 2856607.37 3118026 4.36363572924266E12 2856607.37 150 10 150 28350 1890 28350
171000.0 16524 4.633202335865E10 2871718.85 3134550 4.40996775260131E12 2871718.85 150 10 150 28500 1900 28500
171900.0 16452 4.64730241512E10 2886830.32 3151002 4.45644077675251E12 2886830.32 150 10 150 28650 1910 28650
172800.0 16452 4.671690434858E10 2901941.79 3167454 4.50315768110109E12 2901941.79 150 10 150 28800 1920 28800
173700.0 16560 4.711829254093E10 2917053.27 3184014 4.55027597364202E12 2917053.27 150 10 150 28950 1930 28950
174600.0 16524 4.730991134375E10 2932164.75 3200538 4.59758588498577E12 2932164.75 150 10 150 29100 1940 29100
175500.0 16452 4.744874181947E10 2947276.22 3216990 4.64503462680524E12 2947276.22 150 10 150 29250 1950 29250
176400.0 16452 4.769262201685E10 2962387.69 3233442 4.69272724882209E12 2962387.69 150 10 150 29400 1960 29400
177300.0 16560 4.809727616497E10 2977499.44 3250002 4.74082452498706E12 2977499.44 150 10 150 29550 1970 29550
178200.0 16524 4.828781161849E10 2992611.21 3266526 4.78911233660555E12 2992611.21 150 10 150 29700 1980 29700
179100.0 16452 4.842446870179E10 3007722.69 3282978 4.83753680530735E12 3007722.69 150 10 150 29850 1990 29850
180000.0 16452 4.866834889917E10 3022834.16 3299430 4.88620515420652E12 3022834.16 150 10 150 30000 2000 30000
180900.0 16560 4.907626529722E10 3037945.63 3315990 4.93528141950373E12 3037945.63 150 10 150 30150 2010 30150
181800.0 16524 4.926570801941E10 3053057.11 3332514 4.98454712752315E12 3053057.11 150 10 150 30300 2020 30300
182700.0 16452 4.940018637001E10 3068168.58 3348966 5.03394731389316E12 3068168.58 150 10 150 30450 2030 30450
183600.0 16452 4.964406656739E10 3083280.06 3365418 5.08359138046055E12 3083280.06 150 10 150 30600 2040 30600
184500.0 16560 5.005524701687E10 3098391.53 3381978 5.13364662747742E12 3098391.53 150 10 150 30750 2050 30750
185400.0 16524 5.024360173992E10 3113503.01 3398502 5.18389022921734E12 3113503.01 150 10 150 30900 2060 30900
186300.0 16452 5.037590403823E10 3128614.48 3414954 5.23426613325557E12 3128614.48 150 10 150 31050 2070 31050
187200.0 16452 5.061978423561E10 3143725.95 3431406 5.28488591749118E12 3143725.95 150 10 150 31200 2080 31200
188100.0 16560 5.103422879052E10 3158837.42 3447966 5.33592014628171E12 3158837.42 150 10 150 31350 2090 31350
189000.0 16524 5.122149546043E10 3173948.91 3464490 5.38714164174214E12 3173948.91 150 10 150 31500 2100 31500
189900.0 16452 5.135162170645E10 3189060.38 3480942 5.43849326344859E12 3189060.38 150 10 150 31650 2110 31650
190800.0 16452 5.159550190383E10 3204171.85 3497394 5.49008876535242E12 3204171.85 150 10 150 31800 2120 31800
191700.0 16560 5.201321052818E10 3219283.32 3513954 5.5421019758806E12 3219283.32 150 10 150 31950 2130 31950
192600.0 16524 5.219938918094E10 3234394.8 3530478 5.59430136506154E12 3234394.8 150 10 150 32100 2140 32100
193500.0 16452 5.232734292403E10 3249506.72 3546930 5.64662870798557E12 3249506.72 150 10 150 32250 2150 32250
194400.0 16452 5.257122778634E10 3264618.32 3563382 5.69919993577191E12 3264618.32 150 10 150 32400 2160 32400
195300.0 16560 5.299220153125E10 3279729.79 3579942 5.75219213730316E12 3279729.79 150 10 150 32550 2170 32550
196200.0 16524 5.317729215657E10 3294841.27 3596466 5.80536942945974E12 3294841.27 150 10 150 32700 2180 32700
197100.0 16452 5.330306627742E10 3309952.74 3612918 5.85867249573715E12 3309952.74 150 10 150 32850 2190 32850
198000.0 16452 5.35469464748E10 3325064.21 3629370 5.91221944221195E12 3325064.21 150 10 150 33000 2200 33000
198900.0 16560 5.39711832869E10 3340175.69 3645930 5.96619062549886E12 3340175.69 150 10 150 33150 2210 33150
199800.0 16524 5.415518587708E10 3355287.17 3662454 6.02034581137594E12 3355287.17 150 10 150 33300 2220 33300
200700.0 16452 5.427878394564E10 3370398.64 3678906 6.07462459532157E12 3370398.64 150 10 150 33450 2230 33450
201600.0 16452 5.452266414302E10 3385510.11 3695358 6.12914725946459E12 3385510.11 150 10 150 33600 2240 33600
202500.0 16560 5.495016504256E10 3400621.58 3711918 6.18409742450715E12 3400621.58 150 10 150 33750 2250 33750
203400.0 16524 5.513307959759E10 3415733.06 3728442 6.23923050410474E12 3415733.06 150 10 150 33900 2260 33900
204300.0 16452 5.525450161386E10 3430844.54 3744894 6.2944850057186E12 3430844.54 150 10 150 34050 2270 34050
205200.0 16452 5.549838181124E10 3445956.01 3761346 6.34998338752983E12 3445956.01 150 10 150 34200 2280 34200
206100.0 16560 5.592914676221E10 3461067.48 3777906 6.40591253429204E12 3461067.48 150 10 150 34350 2290 34350
207000.0 16524 5.611097331799E10 3476178.96 3794430 6.46202350761003E12 3476178.96 150 10 150 34500 2300 34500
207900.0 16452 5.623021928197E10 3491290.43 3810882 6.518253726892E12 3491290.43 150 10 150 34650 2310 34650
208800.0 16461 5.647410024149E10 3506401.91 3827343 6.57472782713349E12 3506401.91 150 10 150 34800 2320 34800
209700.0 16560 5.690813294579E10 3521513.94 3843903 6.63163596007928E12 3521513.94 150 10 150 34950 2330 34950
210600.0 16524 5.708887633009E10 3536625.43 3860427 6.68872483640936E12 3536625.43 150 10 150 35100 2340 35100
211500.0 16452 5.72059462211E10 3551736.91 3876879 6.74593078263046E12 3551736.91 150 10 150 35250 2350 35250
212400.0 16452 5.744982641848E10 3566848.38 3893331 6.80338060904894E12 3566848.38 150 10 150 35400 2360 35400
213300.0 16560 5.788711955734E10 3581959.85 3909891 6.86126772860628E12 3581959.85 150 10 150 35550 2370 35550
214200.0 16524 5.806677005038E10 3597071.33 3926415 6.91933449865666E12 3597071.33 150 10 150 35700 2380 35700
215100.0 16452 5.81816638891E10 3612182.8 3942867 6.97751616254576E12 3612182.8 150 10 150 35850 2390 35850
216000.0 16452 5.842554408648E10 3627294.27 3959319 7.03594170663224E12 3627294.27 150 10 150 36000 2400 36000
216900.0 16560 5.886610133077E10 3642405.75 3975879 7.09480780796301E12 3642405.75 150 10 150 36150 2410 36150
217800.0 16524 5.904466377067E10 3657517.23 3992403 7.15385247173368E12 3657517.23 150 10 150 36300 2420 36300
218700.0 16452 5.91573815571E10 3672628.7 4008855 7.21300985329079E12 3672628.7 150 10 150 36450 2430 36450
219600.0 16452 5.940126175448E10 3687740.17 4025307 7.27241111504527E12 3687740.17 150 10 150 36600 2440 36600
220500.0 16560 5.984508305921E10 3702851.64 4041867 7.33225619810448E12 3702851.64 150 10 150 36750 2450 36750
221400.0 16524 6.002255749096E10 3717963.12 4058391 7.39227875559544E12 3717963.12 150 10 150 36900 2460 36900
222300.0 16452 6.013309922505E10 3733074.6 4074843 7.4524118548205E12 3733074.6 150 10 150 37050 2470 37050
223200.0 16452 6.037697942243E10 3748186.07 4091295 7.51278883424293E12 3748186.07 150 10 150 37200 2480 37200
224100.0 16561 6.082406481459E10 3763297.54 4107856 7.57361289905752E12 3763297.54 150 10 150 37350 2490 37350
225000.0 16524 6.10004512112E10 3778409.02 4124380 7.63461335026872E12 3778409.02 150 10 150 37500 2500 37500
225900.0 16452 6.110882143736E10 3793521.06 4140832 7.69572217170609E12 3793521.06 150 10 150 37650 2510 37650
226800.0 16452 6.135270636151E10 3808632.54 4157284 7.7570748780676E12 3808632.54 150 10 150 37800 2520 37800
227700.0 16560 6.180305585412E10 3823744.01 4173844 7.81887793392171E12 3823744.01 150 10 150 37950 2530 37950
228600.0 16524 6.197835422324E10 3838855.49 4190368 7.88085628814495E12 3838855.49 150 10 150 38100 2540 38100
229500.0 16452 6.208454383208E10 3853966.96 4206820 7.94294083197703E12 3853966.96 150 10 150 38250 2550 38250
230400.0 16452 6.232842402946E10 3869078.44 4223272 8.00526925600649E12 3869078.44 150 10 150 38400 2560 38400
231300.0 16560 6.27820376095E10 3884189.91 4239832 8.06805129361599E12 3884189.91 150 10 150 38550 2570 38550
232200.0 16524 6.295624794348E10 3899301.39 4256356 8.13100754155947E12 3899301.39 150 10 150 38700 2580 38700
233100.0 16452 6.306026150003E10 3914412.86 4272808 8.1940678030595E12 3914412.86 150 10 150 38850 2590 38850
234000.0 16452 6.330414169741E10 3929524.33 4289260 8.25737194475691E12 3929524.33 150 10 150 39000 2600 39000
234900.0 16560 6.376101934688E10 3944635.8 4305820 8.32113296410379E12 3944635.8 150 10 150 39150 2610 39150
235800.0 16524 6.393414166372E10 3959747.29 4322344 8.38506710576751E12 3959747.29 150 10 150 39300 2620 39300
236700.0 16452 6.403597916798E10 3974858.76 4338796 8.44910308493549E12 3974858.76 150 10 150 39450 2630 39450
237600.0 16452 6.427985936536E10 3989970.23 4355248 8.51338294430084E12 3989970.23 150 10 150 39600 2640 39600
238500.0 16560 6.474000110226E10 4005081.7 4371808 8.5781229454031E12 4005081.7 150 10 150 39750 2650 39750
239400.0 16524 6.491203538396E10 4020193.18 4388332 8.64303498078706E12 4020193.18 150 10 150 39900 2660 39900
240300.0 16452 6.501169683593E10 4035304.65 4404784 8.70804667762299E12 4035304.65 150 10 150 40050 2670 40050
241200.0 16452 6.525557821393E10 4050416.27 4421236 8.77330225583692E12 4050416.27 150 10 150 40200 2680 40200
242100.0 16560 6.571898812152E10 4065528.16 4437796 8.83902124395844E12 4065528.16 150 10 150 40350 2690 40350
243000.0 16524 6.588993836199E10 4080639.65 4454320 8.90491118232043E12 4080639.65 150 10 150 40500 2700 40500
243900.0 16452 6.598742374107E10 4095751.12 4470772 8.9708986060615E12 4095751.12 150 10 150 40650 2710 40650
244800.0 16452 6.623130393846E10 4110862.6 4487224 9.03712990999996E12 4110862.6 150 10 150 40800 2720 40800
245700.0 16560 6.669797386313E10 4125974.07 4503784 9.10382788386309E12 4125974.07 150 10 150 40950 2730 40950
246600.0 16524 6.686783208224E10 4141085.55 4520308 9.17069571594533E12 4141085.55 150 10 150 41100 2740 41100
247500.0 16452 6.696314140904E10 4156197.02 4536760 9.23765885735437E12 4156197.02 150 10 150 41250 2750 41250
248400.0 16452 6.720702160642E10 4171308.49 4553212 9.3048658789608E12 4171308.49 150 10 150 41400 2760 41400
249300.0 16560 6.767695560949E10 4186419.96 4569772 9.37254283457029E12 4186419.96 150 10 150 41550 2770 41550
250200.0 16524 6.784572580245E10 4201531.45 4586296 9.44038856037274E12 4201531.45 150 10 150 41700 2780 41700
251100.0 16452 6.793885907695E10 4216642.92 4602748 9.50832741944969E12 4216642.92 150 10 150 41850 2790 41850
252000.0 16452 6.818273927434E10 4231754.39 4619200 9.57651015872403E12 4231754.39 150 10 150 42000 2800 42000
252900.0 16560 6.865593734684E10 4246865.86 4635760 9.64516609607087E12 4246865.86 150 10 150 42150 2810 42150
253800.0 16524 6.88236195227E10 4261977.34 4652284 9.71398971559357E12 4261977.34 150 10 150 42300 2820 42300
254700.0 16452 6.891457674492E10 4277088.81 4668736 9.78290429233849E12 4277088.81 150 10 150 42450 2830 42450
255600.0 16452 6.91584569423E10 4292200.29 4685188 9.8520627492808E12 4292200.29 150 10 150 42600 2840 42600
256500.0 16560 6.963491910224E10 4307311.76 4701748 9.92169766838304E12 4307311.76 150 10 150 42750 2850 42750
257400.0 16524 6.980151552011E10 4322423.54 4718272 9.99149918390315E12 4322423.54 150 10 150 42900 2860 42900
258300.0 16452 6.989030150971E10 4337535.28 4734724 1.006138948541286E13 4337535.28 150 10 150 43050 2870 43050
259200.0 16452 7.013418382674E10 4352646.75 4751176 1.01315236692396E13 4352646.75 150 10 150 43200 2880 43200
260100.0 16561 7.061391008694E10 4367758.23 4767737 1.020213757932654E13 4367758.23 150 10 150 43350 2890 43350
261000.0 16524 7.077941620014E10 4382869.71 4784261 1.027291699552668E13 4382869.71 150 10 150 43500 2900 43500
261900.0 16452 7.086602129722E10 4397981.18 4800713 1.03437830168239E13 4397981.18 150 10 150 43650 2910 43650
262800.0 16452 7.11099014946E10 4413092.65 4817165 1.04148929183185E13 4413092.65 150 10 150 43800 2920 43800
263700.0 16560 7.159300086234E10 4428204.12 4833725 1.048648591918084E13 4428204.12 150 10 150 43950 2930 43950
264600.0 16524 7.175730992034E10 4443315.6 4850249 1.055824322910117E13 4443315.6 150 10 150 44100 2940 44100
265500.0 16452 7.184173896513E10 4458427.08 4866701 1.063008496806631E13 4458427.08 150 10 150 44250 2950 44250
266400.0 16452 7.208561916251E10 4473538.55 4883153 1.070217058722882E13 4473538.55 150 10 150 44400 2960 44400
267300.0 16560 7.257187357958E10 4488650.02 4899713 1.07747424608084E13 4488650.02 150 10 150 44550 2970 44550
268200.0 16524 7.273520938517E10 4503761.5 4916237 1.084747767019357E13 4503761.5 150 10 150 44700 2980 44700
269100.0 16452 7.281745663321E10 4518872.97 4932689 1.092029512682677E13 4518872.97 150 10 150 44850 2990 44850
270000.0 16452 7.306133683059E10 4533984.45 4949141 1.099335646365736E13 4533984.45 150 10 150 45000 3000 45000
270900.0 16560 7.355096436419E10 4549095.92 4965701 1.106690742802156E13 4549095.92 150 10 150 45150 3010 45150
271800.0 16524 7.371309735206E10 4564207.4 4982225 1.114062052537362E13 4564207.4 150 10 150 45300 3020 45300
272700.0 16458 7.379317432842E10 4579318.87 4998683 1.121441369970204E13 4579318.87 150 10 150 45450 3030 45450
273600.0 16454 7.403705889443E10 4594430.83 5015137 1.128845075859646E13 4594430.83 150 10 150 45600 3040 45600
274500.0 16560 7.452984573208E10 4609542.39 5031697 1.136298060432854E13 4609542.39 150 10 150 45750 3050 45750
275400.0 16524 7.469100608396E10 4624653.87 5048221 1.14376716104125E13 4624653.87 150 10 150 45900 3060 45900
276300.0 16452 7.476890120682E10 4639765.34 5064673 1.151244051161932E13 4639765.34 150 10 150 46050 3070 46050
277200.0 16452 7.50127814042E10 4654876.81 5081125 1.158745329302352E13 4654876.81 150 10 150 46200 3080 46200
278100.0 16560 7.550882810547E10 4669988.28 5097685 1.166296212112899E13 4669988.28 150 10 150 46350 3090 46350
279000.0 16524 7.566889405085E10 4685099.76 5114209 1.173863101517985E13 4685099.76 150 10 150 46500 3100 46500
279900.0 16452 7.574461887489E10 4700211.24 5130661 1.181437563405474E13 4700211.24 150 10 150 46650 3110 46650
280800.0 16452 7.598849907228E10 4715322.71 5147113 1.189036413312702E13 4715322.71 150 10 150 46800 3120 46800
281700.0 16560 7.648791885408E10 4730434.18 5163673 1.19668520519811E13 4730434.18 150 10 150 46950 3130 46950
282600.0 16524 7.664678778022E10 4745545.66 5180197 1.204349883976132E13 4745545.66 150 10 150 47100 3140 47100
283500.0 16452 7.672033654297E10 4760657.13 5196649 1.212021917630429E13 4760657.13 150 10 150 47250 3150 47250
284400.0 16452 7.696421674035E10 4775768.6 5213101 1.219718339304464E13 4775768.6 150 10 150 47400 3160 47400
285300.0 16560 7.746679158949E10 4790880.08 5229661 1.227465018463414E13 4790880.08 150 10 150 47550 3170 47550
286200.0 16524 7.76246872361E10 4805991.56 5246185 1.235227487187024E13 4805991.56 150 10 150 47700 3180 47700
287100.0 16452 7.76960542111E10 4821103.03 5262637 1.242997092608134E13 4821103.03 150 10 150 47850 3190 47850
288000.0 16452 7.793993440848E10 4836214.5 5279089 1.250791086048982E13 4836214.5 150 10 150 48000 3200 48000
288900.0 16561 7.844588259717E10 4851325.97 5295650 1.258635674308699E13 4851325.97 150 10 150 48150 3210 48150
289800.0 16524 7.860257970237E10 4866438.02 5312174 1.266495932278936E13 4866438.02 150 10 150 48300 3220 48300
290700.0 16452 7.867178115041E10 4881549.5 5328626 1.274363110393978E13 4881549.5 150 10 150 48450 3230 48450
291600.0 16452 7.89156613478E10 4896660.97 5345078 1.282254676528758E13 4896660.97 150 10 150 48600 3240 48600
292500.0 16560 7.942476438482E10 4911772.45 5361638 1.29019715296724E13 4911772.45 150 10 150 48750 3250 48750
293400.0 16524 7.958048397786E10 4926883.93 5378162 1.298155201365025E13 4926883.93 150 10 150 48900 3260 48900
294300.0 16452 7.96474988186E10 4941995.4 5394614 1.306119951246885E13 4941995.4 150 10 150 49050 3270 49050
295200.0 16452 7.989137901598E10 4957106.87 5411066 1.314109089148483E13 4957106.87 150 10 150 49200 3280 49200
296100.0 16560 8.040374612243E10 4972218.34 5427626 1.322149463760726E13 4972218.34 150 10 150 49350 3290 49350
297000.0 16524 8.055837194486E10 4987329.82 5444150 1.330205300955212E13 4987329.82 150 10 150 49500 3300 49500
297900.0 16452 8.062321648678E10 5002441.3 5460602 1.33826762260389E13 5002441.3 150 10 150 49650 3310 49650
298800.0 16452 8.086709668416E10 5017552.77 5477054 1.346354332272307E13 5017552.77 150 10 150 49800 3320 49800
299700.0 16560 8.138272787805E10 5032664.24 5493614 1.354492605060112E13 5032664.24 150 10 150 49950 3330 49950
300600.0 16524 8.153626567433E10 5047775.72 5510138 1.362646231627545E13 5047775.72 150 10 150 50100 3340 50100
301500.0 16452 8.159893415496E10 5062887.19 5526590 1.370806125043041E13 5062887.19 150 10 150 50250 3350 50250
302400.0 16452 8.184281435235E10 5077998.66 5543042 1.378990406478276E13 5077998.66 150 10 150 50400 3360 50400
303300.0 16560 8.236170960671E10 5093110.14 5559602 1.387226577438948E13 5093110.14 150 10 150 50550 3370 50550
304200.0 16524 8.251415938586E10 5108221.62 5576126 1.395477993377533E13 5108221.62 150 10 150 50700 3380 50700
305100.0 16452 8.257465202738E10 5123333.11 5592578 1.403735458580272E13 5123333.11 150 10 150 50850 3390 50850
306000.0 16452 8.281853669722E10 5138445.13 5609030 1.412017312249994E13 5138445.13 150 10 150 51000 3400 51000
306900.0 16560 8.334070066664E10 5153556.61 5625590 1.420351382316657E13 5153556.61 150 10 150 51150 3410 51150
307800.0 16524 8.349206240036E10 5168668.09 5642114 1.428700588556694E13 5168668.09 150 10 150 51300 3420 51300
308700.0 16452 8.355037875576E10 5183779.56 5658566 1.437055626432269E13 5183779.56 150 10 150 51450 3430 51450
309600.0 16452 8.379425895314E10 5198891.03 5675018 1.445435052327583E13 5198891.03 150 10 150 51600 3440 51600
310500.0 16560 8.431968241315E10 5214002.5 5691578 1.453867020568898E13 5214002.5 150 10 150 51750 3450 51750
311400.0 16524 8.4469956112E10 5229113.98 5708102 1.462314016180098E13 5229113.98 150 10 150 51900 3460 51900
312300.0 16452 8.45260964241E10 5244225.46 5724554 1.470766625822507E13 5244225.46 150 10 150 52050 3470 52050
313200.0 16452 8.476997662148E10 5259336.93 5741006 1.479243623484656E13 5259336.93 150 10 150 52200 3480 52200
314100.0 16560 8.529866414193E10 5274448.4 5757566 1.487773489898849E13 5274448.4 150 10 150 52350 3490 52350
315000.0 16524 8.544784984163E10 5289559.88 5774090 1.496318274883012E13 5289559.88 150 10 150 52500 3500 52500
315900.0 16452 8.550181409245E10 5304671.35 5790542 1.504868456292257E13 5304671.35 150 10 150 52650 3510 52650
316800.0 16452 8.574569428983E10 5319782.83 5806994 1.51344302572124E13 5319782.83 150 10 150 52800 3520 52800
317700.0 16560 8.627764590671E10 5334894.3 5823554 1.52207079031191E13 5334894.3 150 10 150 52950 3530 52950
318600.0 16524 8.642574929779E10 5350005.78 5840078 1.53071336524169E13 5350005.78 150 10 150 53100 3540 53100
319500.0 16452 8.647753176085E10 5365117.25 5856530 1.539361118417774E13 5365117.25 150 10 150 53250 3550 53250
320400.0 16452 8.672141195823E10 5380228.72 5872982 1.548033259613597E13 5380228.72 150 10 150 53400 3560 53400
321300.0 16560 8.725662900777E10 5395340.39 5889542 1.556758922514374E13 5395340.39 150 10 150 53550 3570 53550
322200.0 16524 8.740364335446E10 5410452.24 5906066 1.56549928684982E13 5410452.24 150 10 150 53700 3580 53700
323100.0 16452 8.745325866602E10 5425563.72 5922518 1.574244612716422E13 5425563.72 150 10 150 53850 3590 53850
324000.0 16452 8.76971388634E10 5440675.19 5938970 1.583014326602761E13 5440675.19 150 10 150 54000 3600 54000
324900.0 16561 8.823561900338E10 5455786.66 5955531 1.5918378885031E13 5455786.66 150 10 150 54150 3610 54150
325800.0 16524 8.838154025213E10 5470898.14 5972055 1.600676042528312E13 5470898.14 150 10 150 54300 3620 54300
326700.0 16452 8.842897633447E10 5486009.62 5988507 1.609518940161759E13 5486009.62 150 10 150 54450 3630 54450
327600.0 16452 8.867285653185E10 5501121.09 6004959 1.618386225814944E13 5501121.09 150 10 150 54600 3640 54600
328500.0 16560 8.921460038793E10 5516232.56 6021519 1.627307685853738E13 5516232.56 150 10 150 54750 3650 54750
329400.0 16524 8.935943397287E10 5531344.04 6038043 1.636243629251025E13 5531344.04 150 10 150 54900 3660 54900
330300.0 16452 8.940469400292E10 5546455.51 6054495 1.645184098651317E13 5546455.51 150 10 150 55050 3670 55050
331200.0 16452 8.964857420031E10 5561566.99 6070947 1.654148956071348E13 5561566.99 150 10 150 55200 3680 55200
332100.0 16560 9.01936911821E10 5576678.46 6087507 1.663168325189558E13 5576678.46 150 10 150 55350 3690 55350
333000.0 16524 9.033733343808E10 5591789.94 6104031 1.672202058533366E13 5591789.94 150 10 150 55500 3700 55500
333900.0 16452 9.038041167138E10 5606901.41 6120483 1.681240099700504E13 5606901.41 150 10 150 55650 3710 55650
334800.0 16452 9.062429186876E10 5622012.88 6136935 1.69030252888738E13 5622012.88 150 10 150 55800 3720 55800
335700.0 16560 9.117256389971E10 5637124.35 6153495 1.699419785277351E13 5637124.35 150 10 150 55950 3730 55950
336600.0 16530 9.131522142336E10 5652235.84 6170025 1.708551307419686E13 5652235.84 150 10 150 56100 3740 56100
337500.0 16454 9.13561324066E10 5667347.67 6186479 1.717686920660346E13 5667347.67 150 10 150 56250 3750 56250
338400.0 16452 9.160001704055E10 5682459.35 6202931 1.726846922364401E13 5682459.35 150 10 150 56400 3760 56400
339300.0 16560 9.215155488786E10 5697570.82 6219491 1.736062077853187E13 5697570.82 150 10 150 56550 3770 56550
340200.0 16524 9.22931301106E10 5712682.3 6236015 1.745291390864248E13 5712682.3 150 10 150 56700 3780 56700
341100.0 16452 9.233185622776E10 5727793.78 6252467 1.754524576487024E13 5727793.78 150 10 150 56850 3790 56850
342000.0 16452 9.257573642514E10 5742905.25 6268919 1.763782150129538E13 5742905.25 150 10 150 57000 3800 57000
342900.0 16560 9.313064568208E10 5758016.72 6285479 1.773095214697746E13 5758016.72 150 10 150 57150 3810 57150
343800.0 16524 9.327101810494E10 5773128.2 6302003 1.78242231650824E13 5773128.2 150 10 150 57300 3820 57300
344700.0 16452 9.330757389627E10 5788239.67 6318455 1.791753073897867E13 5788239.67 150 10 150 57450 3830 57450
345600.0 16452 9.355145409365E10 5803351.14 6334907 1.801108219307232E13 5803351.14 150 10 150 57600 3840 57600

