# seed = 1, gamma = 0.0, beta = 0.75, dee = 100.0, dcc = 5.0, dec = 600.0, dsc = 200.0, dLocalhost = 0.015, hostBroker = EDGE, numOfCloud = 1, numOfEdge = 1, numOfSmartphone = 225 
#
# The columns have the following meaning: 
# instant[SECONDS] delayCountPartial delaySumPartial[SECONDS] delayMaxPartial[SECONDS] delayCountTot delaySumTot[SECONDS] delayMaxTot[SECONDS] runOnCloudPartial runOnEdgePartial runOnSmartphonePartial runOnCloudTot runOnEdgeTot runOnSmartphoneTot
0.0 0 0.0 0.0 0 0.0 0.0 0 0 0 0 0 0
900.0 16560 9.485092986E7 11728.98 16560 9.485092986E7 11728.98 85 0 225 85 0 225
1800.0 16524 2.7421230844E8 22842.84 33084 3.690632383E8 22842.84 85 0 225 170 0 450
2700.0 16452 4.530985796E8 33956.21 49536 8.221618179E8 33956.21 85 0 225 255 0 675
3600.0 16453 6.3248609966E8 45069.57 65989 1.45464791756E9 45069.57 85 0 225 340 0 900
4500.0 16560 8.1490959007E8 56182.93 82549 2.26955750763E9 56182.93 85 0 225 425 0 1125
5400.0 16524 9.9338882276E8 67296.31 99073 3.26294633038E9 67296.31 85 0 225 510 0 1350
6300.0 16452 1.17066631317E9 78409.67 115525 4.43361264355E9 78409.67 85 0 225 595 0 1575
7200.0 16452 1.35005376231E9 89523.03 131977 5.78366640586E9 89523.03 85 0 225 680 0 1800
8100.0 16560 1.53479589308E9 100636.39 148537 7.31846229894E9 100636.39 85 0 225 765 0 2025
9000.0 16524 1.712552659E9 111749.76 165061 9.03101495794E9 111749.76 85 0 225 850 0 2250
9900.0 16452 1.88823404701E9 122863.13 181513 1.091924900495E10 122863.13 85 0 225 935 0 2475
10800.0 16452 2.06762149615E9 133976.49 197965 1.298687050111E10 133976.49 85 0 225 1020 0 2700
11700.0 16560 2.25484604904E9 145089.85 214525 1.524171655014E10 145089.85 85 0 225 1105 0 2925
12600.0 16532 2.4317249499E9 156203.22 231057 1.767344150004E10 156203.22 85 0 225 1190 0 3150
13500.0 16452 2.60580632497E9 167317.15 247509 2.027924782501E10 167317.15 85 0 225 1275 0 3375
14400.0 16452 2.78519850106E9 178430.52 263961 2.306444632608E10 178430.52 85 0 225 1360 0 3600
15300.0 16560 2.97474162741E9 189543.89 280521 2.603918795348E10 189543.89 85 0 225 1445 0 3825
16200.0 16524 3.15089806746E9 200657.26 297045 2.919008602094E10 200657.26 85 0 225 1530 0 4050
17100.0 16452 3.32337878576E9 211770.62 313497 3.25134648067E10 211770.62 85 0 225 1615 0 4275
18000.0 16452 3.50276623489E9 222883.98 329949 3.601623104159E10 222883.98 85 0 225 1700 0 4500
18900.0 16560 3.69470984802E9 233997.34 346509 3.971094088961E10 233997.34 85 0 225 1785 0 4725
19800.0 16524 3.87006611681E9 245110.72 363033 4.358100700642E10 245110.72 85 0 225 1870 0 4950
20700.0 16452 4.04094651958E9 256224.08 379485 4.7621953526E10 256224.08 85 0 225 1955 0 5175
21600.0 16452 4.22033396872E9 267337.44 395937 5.184228749472E10 267337.44 85 0 225 2040 0 5400
22500.0 16560 4.41467805963E9 278450.8 412497 5.625696555434E10 278450.8 85 0 225 2125 0 5625
23400.0 16524 4.58923418416E9 289564.17 429021 6.08461997385E10 289564.17 85 0 225 2210 0 5850
24300.0 16453 4.75851425341E9 300677.54 445474 6.560471399191E10 300677.54 85 0 225 2295 0 6075
25200.0 16452 4.93790497037E9 311791.3 461926 7.054261896229E10 311791.3 85 0 225 2380 0 6300
26100.0 16560 5.13473627447E9 322904.83 478486 7.567735523675E10 322904.83 85 0 225 2465 0 6525
27000.0 16524 5.30841148825E9 334018.21 495010 8.0985766725E10 334018.21 85 0 225 2550 0 6750
27900.0 16452 5.47609121241E9 345131.57 511462 8.646185793742E10 345131.57 85 0 225 2635 0 6975
28800.0 16452 5.65547866155E9 356244.93 527914 9.211733659896E10 356244.93 85 0 225 2720 0 7200
29700.0 16560 5.85462377492E9 367358.29 544474 9.797196037389E10 367358.29 85 0 225 2805 0 7425
30600.0 16524 6.02757953809E9 378471.66 560998 1.0399953991197E11 378471.66 85 0 225 2890 0 7650
31500.0 16452 6.19365894673E9 389585.03 577450 1.101931988587E11 389585.03 85 0 225 2975 0 7875
32400.0 16452 6.37304639586E9 400698.39 593902 1.1656624525456E11 400698.39 85 0 225 3060 0 8100
33300.0 16560 6.57459198702E9 411811.75 610462 1.2314083724158E11 411811.75 85 0 225 3145 0 8325
34200.0 16524 6.74674760598E9 422925.12 626986 1.2988758484756E11 422925.12 85 0 225 3230 0 8550
35100.0 16452 6.9112266811E9 434038.49 643438 1.3679881152866E11 434038.49 85 0 225 3315 0 8775
36000.0 16452 7.09061413023E9 445151.85 659890 1.4388942565889E11 445151.85 85 0 225 3400 0 9000
36900.0 16560 7.29456021583E9 456265.23 676450 1.5118398587472E11 456265.23 85 0 225 3485 0 9225
37800.0 16524 7.46592015723E9 467379.15 692974 1.5864990603196E11 467379.15 85 0 225 3570 0 9450
38700.0 16452 7.62880367934E9 478492.52 709426 1.662787097113E11 478492.52 85 0 225 3655 0 9675
39600.0 16452 7.80819112848E9 489605.88 725878 1.7408690083978E11 489605.88 85 0 225 3740 0 9900
40500.0 16560 8.01453772419E9 500719.24 742438 1.8210143856397E11 500719.24 85 0 225 3825 0 10125
41400.0 16524 8.18509300836E9 511832.61 758962 1.9028653157233E11 511832.61 85 0 225 3910 0 10350
42300.0 16452 8.34637141385E9 522945.98 775414 1.9863290298617E11 522945.98 85 0 225 3995 0 10575
43200.0 16452 8.52575886299E9 534059.34 791866 2.0715866184917E11 534059.34 85 0 225 4080 0 10800
44100.0 16560 8.73450593651E9 545172.7 808426 2.1589316778568E11 545172.7 85 0 225 4165 0 11025
45000.0 16524 8.90426106742E9 556286.07 824950 2.247974288531E11 556286.07 85 0 225 4250 0 11250
45900.0 16452 9.06393914844E9 567399.44 841402 2.3386136800153E11 567399.44 85 0 225 4335 0 11475
46800.0 16452 9.24332659758E9 578512.8 857854 2.4310469459911E11 578512.8 85 0 225 4420 0 11700
47700.0 16560 9.45455612918E9 589626.16 874414 2.5255925072829E11 589626.16 85 0 225 4505 0 11925
48600.0 16524 9.62342911764E9 600739.53 890938 2.6218267984593E11 600739.53 85 0 225 4590 0 12150
49500.0 16452 9.78151142726E9 611853.46 907390 2.7196419127319E11 611853.46 85 0 225 4675 0 12375
50400.0 16452 9.96090360335E9 622966.83 923842 2.8192509487654E11 622966.83 85 0 225 4760 0 12600
51300.0 16560 1.017445169045E10 634080.19 940402 2.9209954656699E11 634080.19 85 0 225 4845 0 12825
52200.0 16524 1.034260647761E10 645193.57 956926 3.024421530446E11 645193.57 85 0 225 4930 0 13050
53100.0 16452 1.04990838889E10 656306.93 973378 3.1294123693351E11 656306.93 85 0 225 5015 0 13275
54000.0 16452 1.067847133805E10 667420.29 989830 3.2361970827156E11 667420.29 85 0 225 5100 0 13500
54900.0 16560 1.089441991193E10 678533.65 1006390 3.3451412818349E11 678533.65 85 0 225 5185 0 13725
55800.0 16524 1.106177453678E10 689647.03 1022914 3.4557590272027E11 689647.03 85 0 225 5270 0 13950
56700.0 16452 1.121665162355E10 700760.39 1039366 3.5679255434382E11 700760.39 85 0 225 5355 0 14175
57600.0 16452 1.13960390727E10 711873.75 1055818 3.6818859341651E11 711873.75 85 0 225 5440 0 14400
58500.0 16560 1.161438813336E10 722987.11 1072378 3.7980298154987E11 722987.11 85 0 225 5525 0 14625
59400.0 16524 1.178094259594E10 734100.48 1088902 3.9158392414582E11 734100.48 85 0 225 5610 0 14850
60300.0 16458 1.193421935819E10 745213.85 1105360 4.0351814350401E11 745213.85 85 0 225 5695 0 15075
61200.0 16455 1.211360989604E10 756327.57 1121815 4.1563175340006E11 756327.57 85 0 225 5780 0 15300
62100.0 16560 1.233436384987E10 767441.14 1138375 4.2796611724992E11 767441.14 85 0 225 5865 0 15525
63000.0 16524 1.2500119895E10 778554.51 1154899 4.4046623714492E11 778554.51 85 0 225 5950 0 15750
63900.0 16452 1.265179631216E10 789667.88 1171351 4.5311803345708E11 789667.88 85 0 225 6035 0 15975
64800.0 16452 1.283118376131E10 800781.24 1187803 4.659492172184E11 800781.24 85 0 225 6120 0 16200
65700.0 16560 1.305441578868E10 811894.6 1204363 4.7900363300708E11 811894.6 85 0 225 6205 0 16425
66600.0 16524 1.321928795417E10 823007.97 1220887 4.9222292096124E11 823007.97 85 0 225 6290 0 16650
67500.0 16452 1.336936404681E10 834121.34 1237339 5.0559228500805E11 834121.34 85 0 225 6375 0 16875
68400.0 16452 1.354875149596E10 845234.7 1253791 5.1914103650401E11 845234.7 85 0 225 6460 0 17100
69300.0 16560 1.377430203881E10 856348.06 1270351 5.3291533854282E11 856348.06 85 0 225 6545 0 17325
70200.0 16524 1.393845600433E10 867461.43 1286875 5.4685379454715E11 867461.43 85 0 225 6630 0 17550
71100.0 16452 1.408693178145E10 878574.79 1303327 5.609407263286E11 878574.79 85 0 225 6715 0 17775
72000.0 16452 1.42663192306E10 889688.16 1319779 5.752070455592E11 889688.16 85 0 225 6800 0 18000
72900.0 16561 1.449427026924E10 900801.52 1336340 5.8970131582845E11 900801.52 85 0 225 6885 0 18225
73800.0 16524 1.465762857308E10 911915.46 1352864 6.0435894440153E11 911915.46 85 0 225 6970 0 18450
74700.0 16452 1.480450878717E10 923028.83 1369316 6.191634531887E11 923028.83 85 0 225 7055 0 18675
75600.0 16452 1.498389623632E10 934142.19 1385768 6.3414734942501E11 934142.19 85 0 225 7140 0 18900
76500.0 16560 1.521432974606E10 945255.55 1402328 6.4936167917107E11 945255.55 85 0 225 7225 0 19125
77400.0 16524 1.537680142341E10 956368.92 1418852 6.6473848059448E11 956368.92 85 0 225 7310 0 19350
78300.0 16452 1.552207652181E10 967482.29 1435304 6.802605571163E11 967482.29 85 0 225 7395 0 19575
79200.0 16452 1.570146397096E10 978595.65 1451756 6.9596202108726E11 978595.65 85 0 225 7480 0 19800
80100.0 16560 1.593421600519E10 989709.01 1468316 7.1189623709244E11 989709.01 85 0 225 7565 0 20025
81000.0 16524 1.609597370469E10 1000822.38 1484840 7.2799221079713E11 1000822.38 85 0 225 7650 0 20250
81900.0 16452 1.62396442564E10 1011935.75 1501292 7.4423185505354E11 1011935.75 85 0 225 7735 0 20475
82800.0 16452 1.641903170555E10 1023049.11 1517744 7.6065088675909E11 1023049.11 85 0 225 7820 0 20700
83700.0 16560 1.665426619786E10 1034162.47 1534304 7.7730515295694E11 1034162.47 85 0 225 7905 0 20925
84600.0 16524 1.681513754169E10 1045275.84 1550828 7.9412029049864E11 1045275.84 85 0 225 7990 0 21150
85500.0 16452 1.695721653511E10 1056389.77 1567280 8.1107750703375E11 1056389.77 85 0 225 8075 0 21375
86400.0 16452 1.713660871121E10 1067503.14 1583732 8.2821411574497E11 1067503.14 85 0 225 8160 0 21600
87300.0 16560 1.737416174102E10 1078616.5 1600292 8.4558827748599E11 1078616.5 85 0 225 8245 0 21825
88200.0 16524 1.753431910567E10 1089729.88 1616816 8.6312259659166E11 1089729.88 85 0 225 8330 0 22050
89100.0 16452 1.767478899666E10 1100843.24 1633268 8.8079738558831E11 1100843.24 85 0 225 8415 0 22275
90000.0 16452 1.78541764458E10 1111956.6 1649720 8.9865156203412E11 1111956.6 85 0 225 8500 0 22500
90900.0 16560 1.809421193369E10 1123069.96 1666280 9.1674577396781E11 1123069.96 85 0 225 8585 0 22725
91800.0 16524 1.825348294272E10 1134183.33 1682804 9.3499925691054E11 1134183.33 85 0 225 8670 0 22950
92700.0 16452 1.83923567313E10 1145296.7 1699256 9.5339161364184E11 1145296.7 85 0 225 8755 0 23175
93600.0 16452 1.857174418045E10 1156410.06 1715708 9.7196335782229E11 1156410.06 85 0 225 8840 0 23400
94500.0 16560 1.881409819283E10 1167523.42 1732268 9.9077745601511E11 1167523.42 85 0 225 8925 0 23625
95400.0 16524 1.8972655224E10 1178636.79 1748792 1.00975011123911E12 1178636.79 85 0 225 9010 0 23850
96300.0 16452 1.910992446595E10 1189750.16 1765244 1.02886003570506E12 1189750.16 85 0 225 9095 0 24075
97200.0 16452 1.928931433032E10 1200863.82 1781696 1.04814935003538E12 1200863.82 85 0 225 9180 0 24300
98100.0 16560 1.953407351795E10 1211977.45 1798256 1.06768342355333E12 1211977.45 85 0 225 9265 0 24525
99000.0 16525 1.969182829857E10 1223090.82 1814781 1.0873752518519E12 1223090.82 85 0 225 9350 0 24750
99900.0 16452 1.982750141754E10 1234204.19 1831233 1.10720275326945E12 1234204.19 85 0 225 9435 0 24975
100800.0 16452 2.000688886669E10 1245317.55 1847685 1.12720964213614E12 1245317.55 85 0 225 9520 0 25200
101700.0 16560 2.025404388347E10 1256430.91 1864245 1.14746368601961E12 1256430.91 85 0 225 9605 0 25425
102600.0 16524 2.041099636674E10 1267544.28 1880769 1.16787468238635E12 1267544.28 85 0 225 9690 0 25650
103500.0 16452 2.054506915219E10 1278657.65 1897221 1.18841975153854E12 1278657.65 85 0 225 9775 0 25875
104400.0 16452 2.072445660134E10 1289771.01 1913673 1.20914420813988E12 1289771.01 85 0 225 9860 0 26100
105300.0 16560 2.09740121139E10 1300884.37 1930233 1.23011822025378E12 1300884.37 85 0 225 9945 0 26325
106200.0 16524 2.11301644169E10 1311997.74 1946757 1.25124838467069E12 1311997.74 85 0 225 10030 0 26550
107100.0 16452 2.126263688683E10 1323111.1 1963209 1.27251102155752E12 1323111.1 85 0 225 10115 0 26775
108000.0 16452 2.144202433598E10 1334224.47 1979661 1.2939530458935E12 1334224.47 85 0 225 10200 0 27000
108900.0 16568 2.169398142619E10 1345337.83 1996229 1.31564702731969E12 1345337.83 85 0 225 10285 0 27225
109800.0 16524 2.184933698571E10 1356451.77 2012753 1.3374963643054E12 1356451.77 85 0 225 10370 0 27450
110700.0 16452 2.198021389266E10 1367565.14 2029205 1.35947657819806E12 1367565.14 85 0 225 10455 0 27675
111600.0 16452 2.215960134181E10 1378678.5 2045657 1.38163617953987E12 1378678.5 85 0 225 10540 0 27900
112500.0 16560 2.241395785896E10 1389791.86 2062217 1.40405013739883E12 1389791.86 85 0 225 10625 0 28125
113400.0 16524 2.256850982715E10 1400905.23 2078741 1.42661864722598E12 1400905.23 85 0 225 10710 0 28350
114300.0 16452 2.269778162741E10 1412018.6 2095193 1.44931642885339E12 1412018.6 85 0 225 10795 0 28575
115200.0 16452 2.287716907656E10 1423131.96 2111645 1.47219359792995E12 1423131.96 85 0 225 10880 0 28800
116100.0 16560 2.313392606249E10 1434245.32 2128205 1.49532752399245E12 1434245.32 85 0 225 10965 0 29025
117000.0 16524 2.328767789543E10 1445358.69 2144729 1.51861520188787E12 1445358.69 85 0 225 11050 0 29250
117900.0 16452 2.341534936217E10 1456472.06 2161181 1.54203055125004E12 1456472.06 85 0 225 11135 0 29475
118800.0 16452 2.359473681131E10 1467585.42 2177633 1.56562528806135E12 1467585.42 85 0 225 11220 0 29700
119700.0 16560 2.385389431103E10 1478698.78 2194193 1.58947918237238E12 1478698.78 85 0 225 11305 0 29925
120600.0 16525 2.40068459457E10 1489812.15 2210718 1.61348602831809E12 1489812.15 85 0 225 11390 0 30150
121500.0 16452 2.413292164104E10 1500926.08 2227170 1.63761894995913E12 1500926.08 85 0 225 11475 0 30375
122400.0 16452 2.431231381714E10 1512039.45 2243622 1.66193126377627E12 1512039.45 85 0 225 11560 0 30600
123300.0 16560 2.457387181666E10 1523152.81 2260182 1.68650513559292E12 1523152.81 85 0 225 11645 0 30825
124200.0 16524 2.472602330573E10 1534266.18 2276706 1.71123115889865E12 1534266.18 85 0 225 11730 0 31050
125100.0 16452 2.485049410274E10 1545379.55 2293158 1.7360816530014E12 1545379.55 85 0 225 11815 0 31275
126000.0 16452 2.502988155189E10 1556492.91 2309610 1.76111153455329E12 1556492.91 85 0 225 11900 0 31500
126900.0 16560 2.529384004719E10 1567606.27 2326170 1.78640537460048E12 1567606.27 85 0 225 11985 0 31725
127800.0 16524 2.5445191365E10 1578719.64 2342694 1.81185056596548E12 1578719.64 85 0 225 12070 0 31950
128700.0 16452 2.55680618375E10 1589833.01 2359146 1.83741862780298E12 1589833.01 85 0 225 12155 0 32175
129600.0 16452 2.574744928665E10 1600946.37 2375598 1.86316607708963E12 1600946.37 85 0 225 12240 0 32400
130500.0 16560 2.601380827773E10 1612059.73 2392158 1.88917988536736E12 1612059.73 85 0 225 12325 0 32625
131400.0 16524 2.616435941528E10 1623173.1 2408682 1.91534424478264E12 1623173.1 85 0 225 12410 0 32850
132300.0 16452 2.628562957225E10 1634286.47 2425134 1.94162987435489E12 1634286.47 85 0 225 12495 0 33075
133200.0 16452 2.646501911794E10 1645400.09 2441586 1.96809489347283E12 1645400.09 85 0 225 12580 0 33300
134100.0 16560 2.673378318492E10 1656513.76 2458146 1.99482867665775E12 1656513.76 85 0 225 12665 0 33525
135000.0 16524 2.688353672279E10 1667627.13 2474670 2.02171221338054E12 1667627.13 85 0 225 12750 0 33750
135900.0 16452 2.700320652568E10 1678740.5 2491122 2.04871541990622E12 1678740.5 85 0 225 12835 0 33975
136800.0 16452 2.718259397483E10 1689853.86 2507574 2.07589801388105E12 1689853.86 85 0 225 12920 0 34200
137700.0 16560 2.745375395232E10 1700967.22 2524134 2.10335176783336E12 1700967.22 85 0 225 13005 0 34425
138600.0 16524 2.760270477307E10 1712080.59 2540658 2.13095447260643E12 1712080.59 85 0 225 13090 0 34650
139500.0 16452 2.772077426043E10 1723193.95 2557110 2.15867524686686E12 1723193.95 85 0 225 13175 0 34875
140400.0 16452 2.790016170958E10 1734307.32 2573562 2.18657540857644E12 1734307.32 85 0 225 13260 0 35100
141300.0 16560 2.817372218286E10 1745420.68 2590122 2.2147491307593E12 1745420.68 85 0 225 13345 0 35325
142200.0 16524 2.832187284134E10 1756534.05 2606646 2.24307100360064E12 1756534.05 85 0 225 13430 0 35550
143100.0 16452 2.843834199518E10 1767647.41 2623098 2.27150934559582E12 1767647.41 85 0 225 13515 0 35775
144000.0 16452 2.861772944433E10 1778760.78 2639550 2.30012707504016E12 1778760.78 85 0 225 13600 0 36000
144900.0 16560 2.889369040439E10 1789874.14 2656110 2.32902076544455E12 1789874.14 85 0 225 13685 0 36225
145800.0 16524 2.90410453922E10 1800988.08 2672634 2.35806181083675E12 1800988.08 85 0 225 13770 0 36450
146700.0 16452 2.915591900101E10 1812101.45 2689086 2.38721772983776E12 1812101.45 85 0 225 13855 0 36675
147600.0 16452 2.933530645016E10 1823214.81 2705538 2.41655303628792E12 1823214.81 85 0 225 13940 0 36900
148500.0 16560 2.961366792802E10 1834328.17 2722098 2.44616670421594E12 1834328.17 85 0 225 14025 0 37125
149400.0 16524 2.976021825164E10 1845441.54 2738622 2.47592692246758E12 1845441.54 85 0 225 14110 0 37350
150300.0 16452 2.987348673576E10 1856554.91 2755074 2.50580040920334E12 1856554.91 85 0 225 14195 0 37575
151200.0 16452 3.005287418491E10 1867668.27 2771526 2.53585328338825E12 1867668.27 85 0 225 14280 0 37800
152100.0 16560 3.033363614056E10 1878781.63 2788086 2.56618691952881E12 1878781.63 85 0 225 14365 0 38025
153000.0 16524 3.047938630197E10 1889895.0 2804610 2.59666630583078E12 1889895.0 85 0 225 14450 0 38250
153900.0 16452 3.059105447057E10 1901008.36 2821062 2.62725736030135E12 1901008.36 85 0 225 14535 0 38475
154800.0 16452 3.077044191972E10 1912121.73 2837514 2.65802780222107E12 1912121.73 85 0 225 14620 0 38700
155700.0 16560 3.105360437115E10 1923235.09 2854074 2.68908140659222E12 1923235.09 85 0 225 14705 0 38925
156600.0 16530 3.11985543703E10 1934348.46 2870604 2.72027996096252E12 1934348.46 85 0 225 14790 0 39150
157500.0 16455 3.130862674944E10 1945462.39 2887059 2.75158858771197E12 1945462.39 85 0 225 14875 0 39375
158400.0 16452 3.148801892554E10 1956575.76 2903511 2.78307660663751E12 1956575.76 85 0 225 14960 0 39600
159300.0 16560 3.177366384807E10 1967689.12 2920071 2.81485027048558E12 1967689.12 85 0 225 15045 0 39825
160200.0 16524 3.191773171233E10 1978802.49 2936595 2.84676800219791E12 1978802.49 85 0 225 15130 0 40050
161100.0 16452 3.202619921115E10 1989915.86 2953047 2.87879420140905E12 1989915.86 85 0 225 15215 0 40275
162000.0 16452 3.220558666025E10 2001029.22 2969499 2.9109997880693E12 2001029.22 85 0 225 15300 0 40500
162900.0 16560 3.249355010721E10 2012142.58 2986059 2.94349333817651E12 2012142.58 85 0 225 15385 0 40725
163800.0 16524 3.263690401144E10 2023255.95 3002583 2.97613024218795E12 2023255.95 85 0 225 15470 0 40950
164700.0 16452 3.274376694557E10 2034369.32 3019035 3.00887400913352E12 2034369.32 85 0 225 15555 0 41175
165600.0 16452 3.292315439466E10 2045482.68 3035487 3.04179716352818E12 2045482.68 85 0 225 15640 0 41400
166500.0 16560 3.321360029069E10 2056596.04 3052047 3.07501076381887E12 2056596.04 85 0 225 15725 0 41625
167400.0 16524 3.335606783926E10 2067709.41 3068571 3.10836683165813E12 2067709.41 85 0 225 15810 0 41850
168300.0 16453 3.346133467997E10 2078822.78 3085024 3.14182816633811E12 2078822.78 85 0 225 15895 0 42075
169200.0 16452 3.364072383661E10 2089936.35 3101476 3.17546889017472E12 2089936.35 85 0 225 15980 0 42300
170100.0 16560 3.39334928214E10 2101050.07 3118036 3.20940238299612E12 2101050.07 85 0 225 16065 0 42525
171000.0 16524 3.407524937227E10 2112163.44 3134560 3.24347763236839E12 2112163.44 85 0 225 16150 0 42750
171900.0 16452 3.417891164577E10 2123276.81 3151012 3.27765654401416E12 2123276.81 85 0 225 16235 0 42975
172800.0 16452 3.435829909485E10 2134390.17 3167464 3.31201484310902E12 2134390.17 85 0 225 16320 0 43200
173700.0 16560 3.465346403304E10 2145503.53 3184024 3.34666830714206E12 2145503.53 85 0 225 16405 0 43425
174600.0 16524 3.479441320909E10 2156616.9 3200548 3.38146272035115E12 2156616.9 85 0 225 16490 0 43650
175500.0 16452 3.489647938017E10 2167730.26 3217000 3.41635919973132E12 2167730.26 85 0 225 16575 0 43875
176400.0 16452 3.507586682926E10 2178843.63 3233452 3.45143506656058E12 2178843.63 85 0 225 16660 0 44100
177300.0 16560 3.537343226323E10 2189956.99 3250012 3.48680849882381E12 2189956.99 85 0 225 16745 0 44325
178200.0 16524 3.551358126802E10 2201070.36 3266536 3.52232208009183E12 2201070.36 85 0 225 16830 0 44550
179100.0 16452 3.561404711458E10 2212183.72 3282988 3.55793612720641E12 2212183.72 85 0 225 16915 0 44775
180000.0 16452 3.579343456367E10 2223297.09 3299440 3.59372956177008E12 2223297.09 85 0 225 17000 0 45000
180900.0 16560 3.609340049342E10 2234410.45 3316000 3.6298229622635E12 2234410.45 85 0 225 17085 0 45225
181800.0 16524 3.62327538275E10 2245524.39 3332524 3.666055716091E12 2245524.39 85 0 225 17170 0 45450
182700.0 16452 3.633162412006E10 2256637.76 3348976 3.70238734021106E12 2256637.76 85 0 225 17255 0 45675
183600.0 16452 3.651101156915E10 2267751.12 3365428 3.7388983517802E12 2267751.12 85 0 225 17340 0 45900
184500.0 16560 3.68133779897E10 2278864.48 3381988 3.7757117297699E12 2278864.48 85 0 225 17425 0 46125
185400.0 16524 3.695192667757E10 2289977.85 3398512 3.81266365644747E12 2289977.85 85 0 225 17510 0 46350
186300.0 16452 3.704919185441E10 2301091.22 3414964 3.84971284830188E12 2301091.22 85 0 225 17595 0 46575
187200.0 16452 3.72285793035E10 2312204.58 3431416 3.88694142760538E12 2312204.58 85 0 225 17680 0 46800
188100.0 16560 3.753334623783E10 2323317.94 3447976 3.92447477384321E12 2323317.94 85 0 225 17765 0 47025
189000.0 16524 3.767109473645E10 2334431.31 3464500 3.96214586857966E12 2334431.31 85 0 225 17850 0 47250
189900.0 16452 3.776675958876E10 2345544.68 3480952 3.99991262816842E12 2345544.68 85 0 225 17935 0 47475
190800.0 16452 3.794614703785E10 2356658.04 3497404 4.03785877520626E12 2356658.04 85 0 225 18020 0 47700
191700.0 16560 3.825331444997E10 2367771.4 3513964 4.07611208965623E12 2367771.4 85 0 225 18105 0 47925
192600.0 16524 3.839026279532E10 2378884.77 3530488 4.11450235245155E12 2378884.77 85 0 225 18190 0 48150
193500.0 16452 3.848433153032E10 2389998.66 3546940 4.15298668398187E12 2389998.66 85 0 225 18275 0 48375
194400.0 16452 3.86637237199E10 2401112.07 3563392 4.19165040770178E12 2401112.07 85 0 225 18360 0 48600
195300.0 16561 3.897329194777E10 2412225.43 3579953 4.23062369964955E12 2412225.43 85 0 225 18445 0 48825
196200.0 16524 3.910944012955E10 2423338.8 3596477 4.2697331397791E12 2423338.8 85 0 225 18530 0 49050
197100.0 16452 3.920190431218E10 2434452.17 3612929 4.30893504409128E12 2434452.17 85 0 225 18615 0 49275
198000.0 16452 3.938129176126E10 2445565.53 3629381 4.34831633585254E12 2445565.53 85 0 225 18700 0 49500
198900.0 16560 3.969326017791E10 2456678.89 3645941 4.38800959603045E12 2456678.89 85 0 225 18785 0 49725
199800.0 16524 3.982860818842E10 2467792.26 3662465 4.42783820421887E12 2467792.26 85 0 225 18870 0 49950
200700.0 16452 3.991947204653E10 2478905.63 3678917 4.4677576762654E12 2478905.63 85 0 225 18955 0 50175
201600.0 16452 4.009885949562E10 2490018.99 3695369 4.50785653576102E12 2490018.99 85 0 225 19040 0 50400
202500.0 16560 4.041322840804E10 2501132.35 3711929 4.54826976416906E12 2501132.35 85 0 225 19125 0 50625
203400.0 16524 4.054777624729E10 2512245.72 3728453 4.58881754041635E12 2512245.72 85 0 225 19210 0 50850
204300.0 16458 4.063703978088E10 2523359.08 3744911 4.62945458019723E12 2523359.08 85 0 225 19295 0 51075
205200.0 16454 4.081642852438E10 2534472.61 3761365 4.67027100872161E12 2534472.61 85 0 225 19380 0 51300
206100.0 16560 4.113320272978E10 2545586.37 3777925 4.7114042114514E12 2545586.37 85 0 225 19465 0 51525
207000.0 16524 4.126695356458E10 2556699.75 3794449 4.75267116501597E12 2556699.75 85 0 225 19550 0 51750
207900.0 16452 4.135461675303E10 2567813.12 3810901 4.794025781769E12 2567813.12 85 0 225 19635 0 51975
208800.0 16452 4.153400420212E10 2578926.48 3827353 4.83555978597113E12 2578926.48 85 0 225 19720 0 52200
209700.0 16560 4.185317411902E10 2590039.84 3843913 4.87741296009015E12 2590039.84 85 0 225 19805 0 52425
210600.0 16524 4.198612162323E10 2601153.21 3860437 4.91939908171338E12 2601153.21 85 0 225 19890 0 52650
211500.0 16452 4.207218448717E10 2612266.57 3876889 4.96147126620055E12 2612266.57 85 0 225 19975 0 52875
212400.0 16452 4.225157193626E10 2623379.94 3893341 5.00372283813681E12 2623379.94 85 0 225 20060 0 53100
213300.0 16560 4.257314231294E10 2634493.3 3909901 5.04629598044974E12 2634493.3 85 0 225 20145 0 53325
214200.0 16524 4.270528968189E10 2645606.67 3926425 5.08900127013163E12 2645606.67 85 0 225 20230 0 53550
215100.0 16452 4.27897522213E10 2656720.03 3942877 5.13179102235294E12 2656720.03 85 0 225 20315 0 53775
216000.0 16452 4.296913967039E10 2667833.4 3959329 5.17476016202333E12 2667833.4 85 0 225 20400 0 54000
216900.0 16561 4.329311069503E10 2678946.76 3975890 5.21805327271836E12 2678946.76 85 0 225 20485 0 54225
217800.0 16524 4.342446224116E10 2690060.69 3992414 5.26147773495952E12 2690060.69 85 0 225 20570 0 54450
218700.0 16452 4.350732922657E10 2701174.07 4008866 5.30498506418608E12 2701174.07 85 0 225 20655 0 54675
219600.0 16452 4.368671667566E10 2712287.43 4025318 5.34867178086174E12 2712287.43 85 0 225 20740 0 54900
220500.0 16560 4.401308806592E10 2723400.79 4041878 5.39268486892766E12 2723400.79 85 0 225 20825 0 55125
221400.0 16524 4.414363509101E10 2734514.16 4058402 5.43682850401866E12 2734514.16 85 0 225 20910 0 55350
222300.0 16452 4.422489696065E10 2745627.53 4074854 5.48105340097931E12 2745627.53 85 0 225 20995 0 55575
223200.0 16452 4.440428440974E10 2756740.89 4091306 5.52545768538905E12 2756740.89 85 0 225 21080 0 55800
224100.0 16560 4.473305629578E10 2767854.25 4107866 5.57019074168483E12 2767854.25 85 0 225 21165 0 56025
225000.0 16524 4.486280314961E10 2778967.62 4124390 5.61505354483444E12 2778967.62 85 0 225 21250 0 56250
225900.0 16452 4.494246469473E10 2790080.98 4140842 5.65999600952917E12 2790080.98 85 0 225 21335 0 56475
226800.0 16452 4.512185214382E10 2801194.35 4157294 5.70511786167299E12 2801194.35 85 0 225 21420 0 56700
227700.0 16560 4.545302450764E10 2812307.71 4173854 5.75057088618063E12 2812307.71 85 0 225 21505 0 56925
228600.0 16524 4.558197120821E10 2823421.08 4190378 5.79615285738885E12 2823421.08 85 0 225 21590 0 57150
229500.0 16452 4.566003626969E10 2834534.92 4206830 5.84181289365853E12 2834534.92 85 0 225 21675 0 57375
230400.0 16452 4.583942841277E10 2845648.38 4223282 5.8876523220713E12 2845648.38 85 0 225 21760 0 57600
231300.0 16560 4.61730020052E10 2856761.74 4239842 5.9338253240765E12 2856761.74 85 0 225 21845 0 57825
232200.0 16524 4.630114852421E10 2867875.11 4256366 5.98012647260071E12 2867875.11 85 0 225 21930 0 58050
233100.0 16452 4.637760939969E10 2878988.47 4272818 6.0265040820004E12 2878988.47 85 0 225 22015 0 58275
234000.0 16452 4.655699684877E10 2890101.84 4289270 6.07306107884917E12 2890101.84 85 0 225 22100 0 58500
234900.0 16560 4.689297021706E10 2901215.2 4305830 6.11995404906623E12 2901215.2 85 0 225 22185 0 58725
235800.0 16524 4.702031658281E10 2912328.57 4322354 6.16697436564904E12 2912328.57 85 0 225 22270 0 58950
236700.0 16452 4.709517713377E10 2923441.93 4338806 6.21406954278281E12 2923441.93 85 0 225 22355 0 59175
237600.0 16452 4.727456458286E10 2934555.3 4355258 6.26134410736567E12 2934555.3 85 0 225 22440 0 59400
238500.0 16560 4.761293844693E10 2945668.66 4371818 6.30895704581259E12 2945668.66 85 0 225 22525 0 59625
239400.0 16524 4.773948464141E10 2956782.03 4388342 6.35669653045401E12 2956782.03 85 0 225 22610 0 59850
240300.0 16452 4.781274486785E10 2967895.39 4404794 6.40450927532186E12 2967895.39 85 0 225 22695 0 60075
241200.0 16452 4.799213322359E10 2979008.87 4421246 6.45250140854544E12 2979008.87 85 0 225 22780 0 60300
242100.0 16560 4.833291201544E10 2990122.68 4437806 6.50083432056089E12 2990122.68 85 0 225 22865 0 60525
243000.0 16524 4.845866195857E10 3001236.06 4454330 6.54929298251945E12 3001236.06 85 0 225 22950 0 60750
243900.0 16453 4.85303219798E10 3012349.42 4470783 6.59782330449925E12 3012349.42 85 0 225 23035 0 60975
244800.0 16452 4.870970928897E10 3023462.79 4487235 6.64653301378822E12 3023462.79 85 0 225 23120 0 61200
245700.0 16560 4.905288415751E10 3034576.15 4503795 6.69558589794573E12 3034576.15 85 0 225 23205 0 61425
246600.0 16524 4.917783001717E10 3045689.52 4520319 6.7447637279629E12 3045689.52 85 0 225 23290 0 61650
247500.0 16452 4.924788957396E10 3056802.88 4536771 6.79401161753686E12 3056802.88 85 0 225 23375 0 61875
248400.0 16452 4.942727702305E10 3067916.24 4553223 6.84343889455991E12 3067916.24 85 0 225 23460 0 62100
249300.0 16560 4.977285237833E10 3079029.61 4569783 6.89321174693824E12 3079029.61 85 0 225 23545 0 62325
250200.0 16524 4.989699807572E10 3090142.98 4586307 6.94310874501396E12 3090142.98 85 0 225 23630 0 62550
251100.0 16452 4.996545730799E10 3101256.34 4602759 6.99307420232194E12 3101256.34 85 0 225 23715 0 62775
252000.0 16452 5.014484475708E10 3112369.7 4619211 7.04321904707902E12 3112369.7 85 0 225 23800 0 63000
252900.0 16568 5.049282068489E10 3123483.07 4635779 7.09371186776391E12 3123483.07 85 0 225 23885 0 63225
253800.0 16524 5.061617063493E10 3134597.0 4652303 7.14432803839884E12 3134597.0 85 0 225 23970 0 63450
254700.0 16452 5.06830343132E10 3145710.37 4668755 7.19501107271204E12 3145710.37 85 0 225 24055 0 63675
255600.0 16452 5.086242176228E10 3156823.74 4685207 7.24587349447432E12 3156823.74 85 0 225 24140 0 63900
256500.0 16560 5.121279812214E10 3167937.1 4701767 7.29708629259646E12 3167937.1 85 0 225 24225 0 64125
257400.0 16524 5.133534348473E10 3179050.47 4718291 7.3484216360812E12 3179050.47 85 0 225 24310 0 64350
258300.0 16452 5.140060204728E10 3190163.83 4734743 7.39982223812847E12 3190163.83 85 0 225 24395 0 64575
259200.0 16452 5.157998949637E10 3201277.2 4751195 7.45140222762484E12 3201277.2 85 0 225 24480 0 64800
260100.0 16560 5.193276633401E10 3212390.56 4767755 7.50333499395885E12 3212390.56 85 0 225 24565 0 65025
261000.0 16524 5.205451154323E10 3223503.93 4784279 7.55538950550208E12 3223503.93 85 0 225 24650 0 65250
261900.0 16452 5.211816978125E10 3234617.29 4800731 7.60750767528333E12 3234617.29 85 0 225 24735 0 65475
262800.0 16452 5.229755723034E10 3245730.65 4817183 7.65980523251367E12 3245730.65 85 0 225 24820 0 65700
263700.0 16560 5.26528165261E10 3256844.02 4833743 7.71245804903977E12 3256844.02 85 0 225 24905 0 65925
264600.0 16525 5.277367960178E10 3267957.39 4850268 7.76523172864154E12 3267957.39 85 0 225 24990 0 66150
265500.0 16452 5.283574100505E10 3279071.19 4866720 7.81806746964659E12 3279071.19 85 0 225 25075 0 66375
266400.0 16452 5.301513313189E10 3290184.68 4883172 7.87108260277848E12 3290184.68 85 0 225 25160 0 66600
267300.0 16560 5.337271204099E10 3301298.05 4899732 7.92445531481948E12 3301298.05 85 0 225 25245 0 66825
268200.0 16524 5.349286114672E10 3312411.42 4916256 7.97794817596619E12 3312411.42 85 0 225 25330 0 67050
269100.0 16452 5.3553314484E10 3323524.78 4932708 8.03150149045019E12 3323524.78 85 0 225 25415 0 67275
270000.0 16452 5.373270193308E10 3334638.14 4949160 8.08523419238327E12 3334638.14 85 0 225 25500 0 67500
270900.0 16560 5.40927622423E10 3345751.51 4965720 8.13932695462558E12 3345751.51 85 0 225 25585 0 67725
271800.0 16524 5.421202496532E10 3356864.88 4982244 8.19353897959089E12 3356864.88 85 0 225 25670 0 67950
272700.0 16452 5.427088221819E10 3367978.24 4998696 8.24780986180908E12 3367978.24 85 0 225 25755 0 68175
273600.0 16452 5.445026966727E10 3379091.6 5015148 8.30226013147635E12 3379091.6 85 0 225 25840 0 68400
274500.0 16560 5.481264847394E10 3390204.97 5031708 8.35707277995029E12 3390204.97 85 0 225 25925 0 68625
275400.0 16524 5.493119726414E10 3401318.34 5048232 8.41200397721443E12 3401318.34 85 0 225 26010 0 68850
276300.0 16452 5.498844995237E10 3412431.7 5064684 8.46699242716681E12 3412431.7 85 0 225 26095 0 69075
277200.0 16452 5.516783792328E10 3423545.13 5081136 8.52216026509009E12 3423545.13 85 0 225 26180 0 69300
278100.0 16560 5.55326216625E10 3434658.99 5097696 8.57769288675258E12 3434658.99 85 0 225 26265 0 69525
279000.0 16524 5.565037035118E10 3445772.37 5114220 8.63334325710377E12 3445772.37 85 0 225 26350 0 69750
279900.0 16452 5.570602693438E10 3456885.73 5130672 8.68904928403815E12 3456885.73 85 0 225 26435 0 69975
280800.0 16452 5.588541438347E10 3467999.09 5147124 8.74493469842162E12 3467999.09 85 0 225 26520 0 70200
281700.0 16560 5.625267616598E10 3479112.46 5163684 8.8011873745876E12 3479112.46 85 0 225 26605 0 70425
282600.0 16524 5.636953841889E10 3490225.83 5180208 8.85755691300649E12 3490225.83 85 0 225 26690 0 70650
283500.0 16452 5.642359466857E10 3501339.19 5196660 8.91398050767506E12 3501339.19 85 0 225 26775 0 70875
284400.0 16452 5.660298211766E10 3512452.55 5213112 8.97058348979272E12 3512452.55 85 0 225 26860 0 71100
285300.0 16560 5.697256243361E10 3523565.92 5229672 9.02755605222633E12 3523565.92 85 0 225 26945 0 71325
286200.0 16524 5.708871069977E10 3534679.29 5246196 9.0846447629261E12 3534679.29 85 0 225 27030 0 71550
287100.0 16452 5.714116240282E10 3545792.65 5262648 9.14178592532892E12 3545792.65 85 0 225 27115 0 71775
288000.0 16452 5.73205498519E10 3556906.01 5279100 9.19910647518082E12 3556906.01 85 0 225 27200 0 72000
288900.0 16560 5.769261262597E10 3568019.37 5295660 9.2567990878068E12 3568019.37 85 0 225 27285 0 72225
289800.0 16524 5.780787903709E10 3579133.31 5312184 9.31460696684388E12 3579133.31 85 0 225 27370 0 72450
290700.0 16452 5.785873940824E10 3590246.68 5328636 9.37246570625212E12 3590246.68 85 0 225 27455 0 72675
291600.0 16453 5.803812685733E10 3601360.05 5345089 9.43050383310945E12 3601360.05 85 0 225 27540 0 72900
292500.0 16560 5.841250817786E10 3612473.41 5361649 9.48891634128731E12 3612473.41 85 0 225 27625 0 73125
293400.0 16524 5.852705611821E10 3623586.78 5378173 9.54744339740552E12 3623586.78 85 0 225 27710 0 73350
294300.0 16452 5.857630714254E10 3634700.14 5394625 9.60601970454806E12 3634700.14 85 0 225 27795 0 73575
295200.0 16452 5.875569459163E10 3645813.5 5411077 9.66477539913969E12 3645813.5 85 0 225 27880 0 73800
296100.0 16560 5.913247638994E10 3656926.87 5427637 9.72390787552962E12 3656926.87 85 0 225 27965 0 74025
297000.0 16524 5.924621993692E10 3668040.24 5444161 9.78315409546655E12 3668040.24 85 0 225 28050 0 74250
297900.0 16452 5.929387487684E10 3679153.6 5460613 9.84244797034338E12 3679153.6 85 0 225 28135 0 74475
298800.0 16452 5.947326232592E10 3690266.96 5477065 9.9019212326693E12 3690266.96 85 0 225 28220 0 74700
299700.0 16560 5.985244462002E10 3701380.33 5493625 9.96177367728933E12 3701380.33 85 0 225 28305 0 74925
300600.0 16530 5.996538800474E10 3712493.7 5510155 1.002173906529407E13 3712493.7 85 0 225 28390 0 75150
301500.0 16454 6.001144598266E10 3723607.46 5526609 1.008175051127673E13 3723607.46 85 0 225 28475 0 75375
302400.0 16452 6.019083785838E10 3734720.99 5543061 1.01419413491351E13 3734720.99 85 0 225 28560 0 75600
303300.0 16560 6.05724220761E10 3745834.36 5559621 1.02025137712112E13 3745834.36 85 0 225 28645 0 75825
304200.0 16524 6.068456529728E10 3756947.73 5576145 1.026319833650848E13 3756947.73 85 0 225 28730 0 76050
305100.0 16452 6.072901956759E10 3768061.09 5592597 1.032392735607607E13 3768061.09 85 0 225 28815 0 76275
306000.0 16452 6.090840701668E10 3779174.45 5609049 1.038483576309275E13 3779174.45 85 0 225 28900 0 76500
306900.0 16560 6.129239031523E10 3790287.81 5625609 1.044612815340798E13 3790287.81 85 0 225 28985 0 76725
307800.0 16524 6.140373336521E10 3801401.19 5642133 1.050753188677319E13 3801401.19 85 0 225 29070 0 76950
308700.0 16452 6.144658730199E10 3812514.55 5658585 1.056897847407518E13 3812514.55 85 0 225 29155 0 77175
309600.0 16452 6.162597475108E10 3823627.91 5675037 1.063060444882627E13 3823627.91 85 0 225 29240 0 77400
310500.0 16560 6.20123585362E10 3834741.27 5691597 1.069261680736247E13 3834741.27 85 0 225 29325 0 77625
311400.0 16524 6.212290141519E10 3845854.65 5708121 1.075473970877766E13 3845854.65 85 0 225 29410 0 77850
312300.0 16453 6.216415503645E10 3856968.01 5724574 1.081690386381412E13 3856968.01 85 0 225 29495 0 78075
313200.0 16452 6.234354260595E10 3868081.38 5741026 1.087924740642007E13 3868081.38 85 0 225 29580 0 78300
314100.0 16560 6.273233118098E10 3879195.3 5757586 1.094197973760104E13 3879195.3 85 0 225 29665 0 78525
315000.0 16524 6.284207877139E10 3890308.68 5774110 1.100482181637244E13 3890308.68 85 0 225 29750 0 78750
315900.0 16452 6.288173203846E10 3901422.04 5790562 1.10677035484109E13 3901422.04 85 0 225 29835 0 78975
316800.0 16452 6.306111948755E10 3912535.4 5807014 1.113076466789845E13 3912535.4 85 0 225 29920 0 79200
317700.0 16560 6.345230427724E10 3923648.77 5823574 1.119421697217569E13 3923648.77 85 0 225 30005 0 79425
318600.0 16524 6.356125105254E10 3934762.14 5840098 1.125777822322823E13 3934762.14 85 0 225 30090 0 79650
319500.0 16452 6.359929977298E10 3945875.5 5856550 1.13213775230012E13 3945875.5 85 0 225 30175 0 79875
320400.0 16452 6.377868722206E10 3956988.86 5873002 1.138515621022327E13 3956988.86 85 0 225 30260 0 80100
321300.0 16560 6.417227248054E10 3968102.22 5889562 1.144932848270381E13 3968102.22 85 0 225 30345 0 80325
322200.0 16524 6.428041488947E10 3979215.6 5906086 1.151360889759328E13 3979215.6 85 0 225 30430 0 80550
323100.0 16452 6.431686750749E10 3990328.96 5922538 1.157792576510076E13 3990328.96 85 0 225 30515 0 80775
324000.0 16452 6.449625495658E10 4001442.32 5938990 1.164242202005734E13 4001442.32 85 0 225 30600 0 81000
324900.0 16560 6.489224071984E10 4012555.68 5955550 1.170731426077718E13 4012555.68 85 0 225 30685 0 81225
325800.0 16524 6.499958744017E10 4023669.62 5972074 1.177231384821735E13 4023669.62 85 0 225 30770 0 81450
326700.0 16452 6.503444451319E10 4034782.99 5988526 1.183734829273053E13 4034782.99 85 0 225 30855 0 81675
327600.0 16452 6.521383196227E10 4045896.35 6004978 1.19025621246928E13 4045896.35 85 0 225 30940 0 81900
328500.0 16560 6.561221821633E10 4057009.72 6021538 1.196817434290914E13 4057009.72 85 0 225 31025 0 82125
329400.0 16524 6.571876029045E10 4068123.09 6038062 1.203389310319959E13 4068123.09 85 0 225 31110 0 82350
330300.0 16452 6.575201224775E10 4079236.45 6054514 1.209964511544734E13 4079236.45 85 0 225 31195 0 82575
331200.0 16452 6.593139969684E10 4090349.81 6070966 1.216557651514419E13 4090349.81 85 0 225 31280 0 82800
332100.0 16560 6.63322684272E10 4101463.18 6087526 1.223190878357138E13 4101463.18 85 0 225 31365 0 83025
333000.0 16524 6.643793258065E10 4112576.55 6104050 1.229834671615203E13 4112576.55 85 0 225 31450 0 83250
333900.0 16452 6.646957998232E10 4123689.91 6120502 1.236481629613435E13 4123689.91 85 0 225 31535 0 83475
334800.0 16452 6.664896743141E10 4134803.27 6136954 1.243146526356576E13 4134803.27 85 0 225 31620 0 83700
335700.0 16560 6.705215467703E10 4145916.64 6153514 1.249851741824279E13 4145916.64 85 0 225 31705 0 83925
336600.0 16524 6.715709641763E10 4157030.01 6170038 1.256567451466042E13 4157030.01 85 0 225 31790 0 84150
337500.0 16452 6.718715049819E10 4168143.72 6186490 1.263286166515861E13 4168143.72 85 0 225 31875 0 84375
338400.0 16452 6.736654262631E10 4179257.3 6202942 1.270022820778492E13 4179257.3 85 0 225 31960 0 84600
339300.0 16560 6.777213213977E10 4190370.67 6219502 1.276800033992469E13 4190370.67 85 0 225 32045 0 84825
340200.0 16524 6.787627792999E10 4201484.04 6236026 1.283587661785468E13 4201484.04 85 0 225 32130 0 85050
341100.0 16452 6.790472467105E10 4212597.4 6252478 1.290378134252573E13 4212597.4 85 0 225 32215 0 85275
342000.0 16452 6.808411212014E10 4223710.76 6268930 1.297186545464587E13 4223710.76 85 0 225 32300 0 85500
342900.0 16560 6.849218235069E10 4234824.12 6285490 1.304035763699656E13 4234824.12 85 0 225 32385 0 85725
343800.0 16524 6.859544177602E10 4245937.5 6302014 1.310895307877258E13 4245937.5 85 0 225 32470 0 85950
344700.0 16452 6.862229240567E10 4257050.86 6318466 1.317757537117826E13 4257050.86 85 0 225 32555 0 86175
345600.0 16452 6.880167985476E10 4268164.22 6334918 1.324637705103302E13 4268164.22 85 0 225 32640 0 86400

