# seed = 1, gamma = 1.0, beta = 1.0, dee = 10.0, dcc = 5.0, dec = 150.0, dsc = 2000.0, dLocalhost = 0.015, hostBroker = CLOUD, numOfCloud = 1, numOfEdge = 1, numOfSmartphone = 300 
#
# The columns have the following meaning: 
# instant[SECONDS] delayCountPartial delaySumPartial[SECONDS] delayMaxPartial[SECONDS] delayCountTot delaySumTot[SECONDS] delayMaxTot[SECONDS] runOnCloudPartial runOnEdgePartial runOnSmartphonePartial runOnCloudTot runOnEdgeTot runOnSmartphoneTot
0.0 0 0.0 0.0 0 0.0 0.0 0 0 0 0 0 0
900.0 16560 2.4621345192E8 30362.55 16560 2.4621345192E8 30362.55 0 10 300 0 10 300
1800.0 16524 7.3239422068E8 60485.54 33084 9.786076726E8 60485.54 0 10 300 0 20 600
2700.0 16452 1.21725762028E9 90608.23 49536 2.19586529288E9 90608.23 0 10 300 0 30 900
3600.0 16452 1.70349408166E9 120730.81 65988 3.89935937454E9 120730.81 0 10 300 0 40 1200
4500.0 16560 2.19789521393E9 150853.38 82548 6.09725458848E9 150853.38 0 10 300 0 50 1500
5400.0 16524 2.68170284297E9 180975.96 99072 8.77895743145E9 180975.96 0 10 300 0 60 1800
6300.0 16452 3.16221299007E9 211098.53 115524 1.194117042152E10 211098.53 0 10 300 0 70 2100
7200.0 16452 3.64844845389E9 241221.11 131976 1.558961887541E10 241221.11 0 10 300 0 80 2400
8100.0 16561 4.14914504215E9 271343.68 148537 1.973876391756E10 271343.68 0 10 300 0 90 2700
9000.0 16524 4.63098404313E9 301466.26 165061 2.436974796068E10 301466.26 0 10 300 0 100 3000
9900.0 16452 5.10716736257E9 331588.83 181513 2.947691532325E10 331588.83 0 10 300 0 110 3300
10800.0 16452 5.59340282639E9 361711.4 197965 3.507031814965E10 361711.4 0 10 300 0 120 3600
11700.0 16560 6.10081692873E9 391833.97 214525 4.117113507838E10 391833.97 0 10 300 0 130 3900
12600.0 16524 6.58028688934E9 421956.56 231049 4.775142196771E10 421956.56 0 10 300 0 140 4200
13500.0 16452 7.05212173507E9 452079.13 247501 5.480354370278E10 452079.13 0 10 300 0 150 4500
14400.0 16452 7.5383571989E9 482201.7 263953 6.234190090168E10 482201.7 0 10 300 0 160 4800
15300.0 16560 8.05206620126E9 512324.27 280513 7.039396710293E10 512324.27 0 10 300 0 170 5100
16200.0 16524 8.52956808951E9 542446.85 297037 7.892353519244E10 542446.85 0 10 300 0 180 5400
17100.0 16452 8.99707610759E9 572569.42 313489 8.792061130003E10 572569.42 0 10 300 0 190 5700
18000.0 16452 9.48331157143E9 602692.0 329941 9.740392287146E10 602692.0 0 10 300 0 200 6000
18900.0 16560 1.000352704984E10 632814.57 346501 1.074074499213E11 632814.57 0 10 300 0 210 6300
19800.0 16524 1.047886010376E10 662937.15 363025 1.1788631002505E11 662937.15 0 10 300 0 220 6600
20700.0 16452 1.094203048015E10 693059.72 379477 1.288283405052E11 693059.72 0 10 300 0 230 6900
21600.0 16452 1.142826594399E10 723182.29 395929 1.4025660644919E11 723182.29 0 10 300 0 240 7200
22500.0 16560 1.195498788943E10 753304.86 412489 1.5221159433862E11 753304.86 0 10 300 0 250 7500
23400.0 16524 1.242815213601E10 783427.45 429013 1.6463974647462E11 783427.45 0 10 300 0 260 7800
24300.0 16452 1.288698485271E10 813550.02 445465 1.7752673132733E11 813550.02 0 10 300 0 270 8100
25200.0 16452 1.337322031655E10 843672.59 461917 1.9089995164388E11 843672.59 0 10 300 0 280 8400
26100.0 16560 1.390666034102E10 873795.16 478477 2.048066119849E11 873795.16 0 10 300 0 290 8700
27000.0 16524 1.437744415958E10 903917.74 495001 2.1918405614448E11 903917.74 0 10 300 0 300 9000
27900.0 16452 1.483193922559E10 934040.32 511453 2.3401599537007E11 934040.32 0 10 300 0 310 9300
28800.0 16452 1.531817468943E10 964162.89 527905 2.493341700595E11 964162.89 0 10 300 0 320 9600
29700.0 16560 1.585790960498E10 994285.46 544465 2.6519207966448E11 994285.46 0 10 300 0 330 9900
30600.0 16524 1.632673617431E10 1024408.04 560989 2.8151881583879E11 1024408.04 0 10 300 0 340 10200
31500.0 16458 1.677689512534E10 1054530.61 577447 2.9829571096414E11 1054530.61 0 10 300 0 350 10500
32400.0 16454 1.726313113684E10 1084653.45 593901 3.1555884210098E11 1084653.45 0 10 300 0 360 10800
33300.0 16560 1.780937710423E10 1114776.32 610461 3.3336821920521E11 1114776.32 0 10 300 0 370 11100
34200.0 16524 1.827603744719E10 1144898.91 626985 3.516442566524E11 1144898.91 0 10 300 0 380 11400
35100.0 16452 1.872185719127E10 1175021.48 643437 3.7036611384366E11 1175021.48 0 10 300 0 390 11700
36000.0 16452 1.920809265511E10 1205144.05 659889 3.8957420649877E11 1205144.05 0 10 300 0 400 12000
36900.0 16560 1.976084054457E10 1235266.62 676449 4.0933504704334E11 1235266.62 0 10 300 0 410 12300
37800.0 16524 2.022532947104E10 1265389.2 692973 4.2956037651437E11 1265389.2 0 10 300 0 420 12600
38700.0 16452 2.066681156448E10 1295511.78 709425 4.5022718807885E11 1295511.78 0 10 300 0 430 12900
39600.0 16452 2.115304702832E10 1325634.35 725877 4.7138023510717E11 1325634.35 0 10 300 0 440 13200
40500.0 16560 2.171230139382E10 1355756.92 742437 4.9309253650099E11 1355756.92 0 10 300 0 450 13500
41400.0 16524 2.217462149494E10 1385879.5 758961 5.1526715799593E11 1385879.5 0 10 300 0 460 13800
42300.0 16452 2.261176593769E10 1416002.07 775413 5.3787892393363E11 1416002.07 0 10 300 0 470 14100
43200.0 16452 2.309800140153E10 1446124.65 791865 5.6097692533516E11 1446124.65 0 10 300 0 480 14400
44100.0 16560 2.366376223407E10 1476247.22 808425 5.8464068756923E11 1476247.22 0 10 300 0 490 14700
45000.0 16524 2.412391351885E10 1506369.8 824949 6.0876460108807E11 1506369.8 0 10 300 0 500 15000
45900.0 16452 2.455672031096E10 1536492.37 841401 6.3332132139903E11 1536492.37 0 10 300 0 510 15300
46800.0 16452 2.50429557748E10 1566614.94 857853 6.5836427717384E11 1566614.94 0 10 300 0 520 15600
47700.0 16560 2.561543468633E10 1596737.51 874413 6.8397971186017E11 1596737.51 0 10 300 0 530 15900
48600.0 16524 2.607320553391E10 1626860.1 890937 7.1005291739408E11 1626860.1 0 10 300 0 540 16200
49500.0 16452 2.650167468434E10 1656982.67 907389 7.3655459207842E11 1656982.67 0 10 300 0 550 16500
50400.0 16452 2.698791014818E10 1687105.24 923841 7.635425022266E11 1687105.24 0 10 300 0 560 16800
51300.0 16560 2.756668394178E10 1717227.81 940401 7.9110918616838E11 1717227.81 0 10 300 0 570 17100
52200.0 16524 2.802249756698E10 1747350.39 956925 8.1913168373535E11 1747350.39 0 10 300 0 580 17400
53100.0 16452 2.844662905771E10 1777472.96 973377 8.4757831279307E11 1777472.96 0 10 300 0 590 17700
54000.0 16452 2.893286452156E10 1807595.54 989829 8.7651117731462E11 1807595.54 0 10 300 0 600 18000
54900.0 16560 2.951814479119E10 1837718.11 1006389 9.0602932210582E11 1837718.11 0 10 300 0 610 18300
55800.0 16524 2.997178959099E10 1867840.69 1022913 9.3600111169681E11 1867840.69 0 10 300 0 620 18600
56700.0 16452 3.039158343104E10 1897963.26 1039365 9.6639269512784E11 1897963.26 0 10 300 0 630 18900
57600.0 16452 3.087781889488E10 1928085.83 1055817 9.9727051402272E11 1928085.83 0 10 300 0 640 19200
58500.0 16560 3.146960564055E10 1958208.41 1072377 1.02874011966327E12 1958208.41 0 10 300 0 650 19500
59400.0 16524 3.1921081615E10 1988330.99 1088901 1.06066120127827E12 1988330.99 0 10 300 0 660 19800
60300.0 16452 3.233653780436E10 2018453.56 1105353 1.09299773908263E12 2018453.56 0 10 300 0 670 20100
61200.0 16452 3.28227732682E10 2048576.13 1121805 1.12582051235083E12 2048576.13 0 10 300 0 680 20400
62100.0 16561 3.342106648991E10 2078698.7 1138366 1.15924157884074E12 2078698.7 0 10 300 0 690 20700
63000.0 16524 3.387037418442E10 2108821.35 1154890 1.19311195302516E12 2108821.35 0 10 300 0 700 21000
63900.0 16452 3.42814964961E10 2138944.32 1171342 1.22739344952126E12 2138944.32 0 10 300 0 710 21300
64800.0 16452 3.4767736057E10 2169067.0 1187794 1.26216118557826E12 2169067.0 0 10 300 0 720 21600
65700.0 16560 3.537274817873E10 2199189.57 1204354 1.29753393375699E12 2199189.57 0 10 300 0 730 21900
66600.0 16524 3.581967489819E10 2229312.15 1220878 1.33335360865518E12 2229312.15 0 10 300 0 740 22200
67500.0 16452 3.622645576556E10 2259434.72 1237330 1.36958006442074E12 2259434.72 0 10 300 0 750 22500
68400.0 16452 3.671269122933E10 2289557.3 1253782 1.40629275565007E12 2289557.3 0 10 300 0 760 22800
69300.0 16560 3.732399742487E10 2319679.87 1270342 1.44361675307495E12 2319679.87 0 10 300 0 770 23100
70200.0 16524 3.776896691295E10 2349802.45 1286866 1.4813857199879E12 2349802.45 0 10 300 0 780 23400
71100.0 16452 3.817141013863E10 2379925.02 1303318 1.51955713012653E12 2379925.02 0 10 300 0 790 23700
72000.0 16452 3.865764560241E10 2410047.59 1319770 1.55821477572894E12 2410047.59 0 10 300 0 800 24000
72900.0 16560 3.927545828298E10 2440170.16 1336330 1.59749023401192E12 2440170.16 0 10 300 0 810 24300
73800.0 16524 3.971825894572E10 2470292.75 1352854 1.63720849295763E12 2470292.75 0 10 300 0 820 24600
74700.0 16452 4.01163645117E10 2500415.32 1369306 1.67732485746934E12 2500415.32 0 10 300 0 830 24900
75600.0 16452 4.060259997548E10 2530537.89 1385758 1.71792745744482E12 2530537.89 0 10 300 0 840 25200
76500.0 16560 4.122713071705E10 2560660.46 1402318 1.75915458816187E12 2560660.46 0 10 300 0 850 25500
77400.0 16524 4.166755096948E10 2590783.04 1418842 1.80082213913135E12 2590783.04 0 10 300 0 860 25800
78300.0 16452 4.206131888478E10 2620905.61 1435294 1.84288345801612E12 2620905.61 0 10 300 0 870 26100
79200.0 16452 4.254755434855E10 2651028.19 1451746 1.88543101236468E12 2651028.19 0 10 300 0 880 26400
80100.0 16560 4.31783799722E10 2681150.76 1468306 1.92860939233687E12 2681150.76 0 10 300 0 890 26700
81000.0 16524 4.361685381626E10 2711273.34 1484830 1.97222624615313E12 2711273.34 0 10 300 0 900 27000
81900.0 16452 4.400627325779E10 2741395.91 1501282 2.01623251941093E12 2741395.91 0 10 300 0 910 27300
82800.0 16452 4.449250872157E10 2771518.48 1517734 2.0607250281325E12 2771518.48 0 10 300 0 920 27600
83700.0 16560 4.513005242421E10 2801641.05 1534294 2.10585508055671E12 2801641.05 0 10 300 0 930 27900
84600.0 16524 4.556613501695E10 2831763.64 1550818 2.15142121557366E12 2831763.64 0 10 300 0 940 28200
85500.0 16452 4.595122763081E10 2861886.21 1567270 2.19737244320448E12 2861886.21 0 10 300 0 950 28500
86400.0 16452 4.643746309459E10 2892008.78 1583722 2.24380990629907E12 2892008.78 0 10 300 0 960 28800
87300.0 16560 4.70813016613E10 2922131.35 1600282 2.29089120796037E12 2922131.35 0 10 300 0 970 29100
88200.0 16524 4.751543785468E10 2952253.93 1616806 2.33840664581505E12 2952253.93 0 10 300 0 980 29400
89100.0 16452 4.789618200383E10 2982376.51 1633258 2.38630282781888E12 2982376.51 0 10 300 0 990 29700
90000.0 16452 4.838241746761E10 3012499.08 1649710 2.43468524528649E12 3012499.08 0 10 300 0 1000 30000
90900.0 16560 4.903297411332E10 3042621.65 1666270 2.48371821939981E12 3042621.65 0 10 300 0 1010 30300
91800.0 16524 4.946471905542E10 3072744.23 1682794 2.53318293845523E12 3072744.23 0 10 300 0 1020 30600
92700.0 16452 4.984113637691E10 3102866.8 1699246 2.58302407483214E12 3102866.8 0 10 300 0 1030 30900
93600.0 16452 5.032737184069E10 3132989.37 1715698 2.63335144667283E12 3132989.37 0 10 300 0 1040 31200
94500.0 16560 5.098422570893E10 3163112.22 1732258 2.68433567238175E12 3163112.22 0 10 300 0 1050 31500
95400.0 16524 5.141402813124E10 3193235.09 1748782 2.735749700513E12 3193235.09 0 10 300 0 1060 31800
96300.0 16452 5.178609996375E10 3223357.67 1765234 2.78753580047675E12 3223357.67 0 10 300 0 1070 32100
97200.0 16452 5.227233542753E10 3253480.24 1781686 2.83980813590428E12 3253480.24 0 10 300 0 1080 32400
98100.0 16560 5.293569346217E10 3283602.81 1798246 2.89274382936644E12 3283602.81 0 10 300 0 1090 32700
99000.0 16524 5.336331233727E10 3313725.39 1814770 2.94610714170371E12 3313725.39 0 10 300 0 1100 33000
99900.0 16452 5.373105433682E10 3343847.97 1831222 2.99983819604053E12 3343847.97 0 10 300 0 1110 33300
100800.0 16452 5.42172898006E10 3373970.54 1847674 3.05405548584113E12 3373970.54 0 10 300 0 1120 33600
101700.0 16560 5.488715431127E10 3404093.11 1864234 3.10894264015241E12 3404093.11 0 10 300 0 1130 33900
102600.0 16524 5.531260437003E10 3434215.69 1880758 3.16425524452244E12 3434215.69 0 10 300 0 1140 34200
103500.0 16452 5.56760087099E10 3464338.26 1897210 3.21993125323233E12 3464338.26 0 10 300 0 1150 34500
104400.0 16452 5.616224417368E10 3494460.84 1913662 3.27609349740601E12 3494460.84 0 10 300 0 1160 34800
105300.0 16560 5.683861516938E10 3524583.41 1930222 3.33293211257539E12 3524583.41 0 10 300 0 1170 35100
106200.0 16524 5.726189638479E10 3554705.99 1946746 3.39019400896018E12 3554705.99 0 10 300 0 1180 35400
107100.0 16452 5.762096308297E10 3584828.56 1963198 3.44781497204315E12 3584828.56 0 10 300 0 1190 35700
108000.0 16452 5.810719854675E10 3614951.13 1979650 3.5059221705899E12 3614951.13 0 10 300 0 1200 36000
108900.0 16560 5.879007600949E10 3645073.7 1996210 3.56471224659939E12 3645073.7 0 10 300 0 1210 36300
109800.0 16524 5.921118841761E10 3675196.29 2012734 3.623923435017E12 3675196.29 0 10 300 0 1220 36600
110700.0 16452 5.956591745615E10 3705318.86 2029186 3.68348935247315E12 3705318.86 0 10 300 0 1230 36900
111600.0 16452 6.005215291993E10 3735441.43 2045638 3.74354150539308E12 3735441.43 0 10 300 0 1240 37200
112500.0 16560 6.074153686771E10 3765564.0 2062198 3.80428304226079E12 3765564.0 0 10 300 0 1250 37500
113400.0 16524 6.116048043248E10 3795686.58 2078722 3.86544352269327E12 3795686.58 0 10 300 0 1260 37800
114300.0 16452 6.151087182933E10 3825809.15 2095174 3.9269543945226E12 3825809.15 0 10 300 0 1270 38100
115200.0 16452 6.199710729311E10 3855931.73 2111626 3.98895150181571E12 3855931.73 0 10 300 0 1280 38400
116100.0 16560 6.269299769892E10 3886054.3 2128186 4.05164449951463E12 3886054.3 0 10 300 0 1290 38700
117000.0 16524 6.310977246535E10 3916176.88 2144710 4.11475427197999E12 3916176.88 0 10 300 0 1300 39000
117900.0 16452 6.345582620251E10 3946299.45 2161162 4.1782100981825E12 3946299.45 0 10 300 0 1310 39300
118800.0 16452 6.394206166629E10 3976422.02 2177614 4.24215215984879E12 3976422.02 0 10 300 0 1320 39600
119700.0 16560 6.464445857514E10 4006544.59 2194174 4.30679661842393E12 4006544.59 0 10 300 0 1330 39900
120600.0 16524 6.505906448022E10 4036667.18 2210698 4.37185568290416E12 4036667.18 0 10 300 0 1340 40200
121500.0 16452 6.54007805757E10 4066789.75 2227150 4.43725646347985E12 4066789.75 0 10 300 0 1350 40500
122400.0 16452 6.588701603947E10 4096912.32 2243602 4.50314347951932E12 4096912.32 0 10 300 0 1360 40800
123300.0 16560 6.659591940635E10 4127034.89 2260162 4.56973939892568E12 4127034.89 0 10 300 0 1370 41100
124200.0 16524 6.700835651309E10 4157157.47 2276686 4.63674775543877E12 4157157.47 0 10 300 0 1380 41400
125100.0 16452 6.734573566524E10 4187280.13 2293138 4.70409349110401E12 4187280.13 0 10 300 0 1390 41700
126000.0 16452 6.783197509449E10 4217403.11 2309590 4.7719254661985E12 4217403.11 0 10 300 0 1400 42000
126900.0 16560 6.854738888775E10 4247525.76 2326150 4.84047285508625E12 4247525.76 0 10 300 0 1410 42300
127800.0 16524 6.895765776945E10 4277648.34 2342674 4.90943051285569E12 4277648.34 0 10 300 0 1420 42600
128700.0 16452 6.9290698534E10 4307770.91 2359126 4.97872121138969E12 4307770.91 0 10 300 0 1430 42900
129600.0 16452 6.977693399778E10 4337893.48 2375578 5.04849814538748E12 4337893.48 0 10 300 0 1440 43200
130500.0 16560 7.049885036555E10 4368016.06 2392138 5.11899699575303E12 4368016.06 0 10 300 0 1450 43500
131400.0 16524 7.090694978434E10 4398138.64 2408662 5.18990394553736E12 4398138.64 0 10 300 0 1460 43800
132300.0 16452 7.12356529072E10 4428261.21 2425114 5.26113959844456E12 4428261.21 0 10 300 0 1470 44100
133200.0 16452 7.172188837098E10 4458383.78 2441566 5.33286148681554E12 4458383.78 0 10 300 0 1480 44400
134100.0 16560 7.245031120579E10 4488506.35 2458126 5.40531179802133E12 4488506.35 0 10 300 0 1490 44700
135000.0 16524 7.285624181722E10 4518628.93 2474650 5.47816803983856E12 4518628.93 0 10 300 0 1500 45000
135900.0 16452 7.31806072804E10 4548751.51 2491102 5.55134864711895E12 4548751.51 0 10 300 0 1510 45300
136800.0 16452 7.366684274418E10 4578874.08 2507554 5.62501548986314E12 4578874.08 0 10 300 0 1520 45600
137700.0 16560 7.440177204602E10 4608996.65 2524114 5.69941726190916E12 4608996.65 0 10 300 0 1530 45900
138600.0 16524 7.480553383211E10 4639119.23 2540638 5.77422279574127E12 4639119.23 0 10 300 0 1540 46200
139500.0 16452 7.51255616536E10 4669241.8 2557090 5.84934835739487E12 4669241.8 0 10 300 0 1550 46500
140400.0 16452 7.561179711738E10 4699364.38 2573542 5.92496015451225E12 4699364.38 0 10 300 0 1560 46800
141300.0 16560 7.635323290426E10 4729486.95 2590102 6.0013133874165E12 4729486.95 0 10 300 0 1570 47100
142200.0 16524 7.6754825865E10 4759609.53 2606626 6.07806821328151E12 4759609.53 0 10 300 0 1580 47400
143100.0 16452 7.70705160268E10 4789732.1 2623078 6.15513872930831E12 4789732.1 0 10 300 0 1590 47700
144000.0 16452 7.755675149058E10 4819854.67 2639530 6.23269548079889E12 4819854.67 0 10 300 0 1600 48000
144900.0 16560 7.830469375349E10 4849977.24 2656090 6.31100017455238E12 4849977.24 0 10 300 0 1610 48300
145800.0 16524 7.870411787989E10 4880099.83 2672614 6.38970429243227E12 4880099.83 0 10 300 0 1620 48600
146700.0 16452 7.90154704E10 4910222.4 2689066 6.46871976283227E12 4910222.4 0 10 300 0 1630 48900
147600.0 16452 7.950170586378E10 4940344.97 2705518 6.54822146869605E12 4940344.97 0 10 300 0 1640 49200
148500.0 16560 8.025615460272E10 4970467.54 2722078 6.62847762329877E12 4970467.54 0 10 300 0 1650 49500
149400.0 16524 8.065340991278E10 5000590.12 2738602 6.70913103321155E12 5000590.12 0 10 300 0 1660 49800
150300.0 16452 8.09604247732E10 5030712.69 2755054 6.79009145798475E12 5030712.69 0 10 300 0 1670 50100
151200.0 16452 8.144666023698E10 5060835.27 2771506 6.87153811822173E12 5060835.27 0 10 300 0 1680 50400
152100.0 16560 8.220761544296E10 5090957.84 2788066 6.95374573366469E12 5090957.84 0 10 300 0 1690 50700
153000.0 16524 8.260270192773E10 5121080.42 2804590 7.03634843559241E12 5121080.42 0 10 300 0 1700 51000
153900.0 16452 8.290537914645E10 5151202.99 2821042 7.11925381473886E12 5151202.99 0 10 300 0 1710 51300
154800.0 16452 8.339161461023E10 5181325.56 2837494 7.2026454293491E12 5181325.56 0 10 300 0 1720 51600
155700.0 16566 8.415907858499E10 5211448.13 2854060 7.28680450793409E12 5211448.13 0 10 300 0 1730 51900
156600.0 16527 8.455199630078E10 5241571.03 2870587 7.37135650423487E12 5241571.03 0 10 300 0 1740 52200
157500.0 16452 8.485034065172E10 5271693.86 2887039 7.4562068448866E12 5271693.86 0 10 300 0 1750 52500
158400.0 16452 8.533657820112E10 5301816.43 2903491 7.54154342308771E12 5301816.43 0 10 300 0 1760 52800
159300.0 16560 8.611075798396E10 5331939.0 2920051 7.62765418107168E12 5331939.0 0 10 300 0 1770 53100
160200.0 16524 8.65012952138E10 5362061.58 2936575 7.71415547628548E12 5362061.58 0 10 300 0 1780 53400
161100.0 16452 8.679529711053E10 5392184.16 2953027 7.80095077339601E12 5392184.16 0 10 300 0 1790 53700
162000.0 16452 8.728153257432E10 5422306.73 2969479 7.88823230597033E12 5422306.73 0 10 300 0 1800 54000
162900.0 16560 8.806200723924E10 5452429.3 2986039 7.97629431320957E12 5452429.3 0 10 300 0 1810 54300
163800.0 16524 8.84505980786E10 5482551.88 3002563 8.06474491128817E12 5482551.88 0 10 300 0 1820 54600
164700.0 16452 8.874025148363E10 5512674.45 3019015 8.1534851627718E12 5512674.45 0 10 300 0 1830 54900
165600.0 16452 8.922648694741E10 5542797.02 3035467 8.24271164971921E12 5542797.02 0 10 300 0 1840 55200
166500.0 16560 9.001367968232E10 5572919.6 3052027 8.33272532940153E12 5572919.6 0 10 300 0 1850 55500
167400.0 16524 9.039987927037E10 5603042.18 3068551 8.4231252086719E12 5603042.18 0 10 300 0 1860 55800
168300.0 16452 9.068520585672E10 5633164.75 3085003 8.51381041452861E12 5633164.75 0 10 300 0 1870 56100
169200.0 16452 9.11714413205E10 5663287.32 3101455 8.60498185584912E12 5663287.32 0 10 300 0 1880 56400
170100.0 16560 9.196492893749E10 5693409.89 3118015 8.6969467847866E12 5693409.89 0 10 300 0 1890 56700
171000.0 16524 9.234918211716E10 5723532.47 3134539 8.78929596690377E12 5723532.47 0 10 300 0 1900 57000
171900.0 16452 9.263016022981E10 5753655.05 3150991 8.88192612713358E12 5753655.05 0 10 300 0 1910 57300
172800.0 16452 9.311639569359E10 5783777.62 3167443 8.97504252282717E12 5783777.62 0 10 300 0 1920 57600
173700.0 16560 9.391638978662E10 5813900.19 3184003 9.06895891261379E12 5813900.19 0 10 300 0 1930 57900
174600.0 16524 9.429846331793E10 5844022.77 3200527 9.16325737593172E12 5844022.77 0 10 300 0 1940 58200
175500.0 16452 9.45751146029E10 5874145.34 3216979 9.25783249053461E12 5874145.34 0 10 300 0 1950 58500
176400.0 16452 9.506135006668E10 5904267.92 3233431 9.3528938406013E12 5904267.92 0 10 300 0 1960 58800
177300.0 16560 9.586785064474E10 5934390.49 3249991 9.44876169124604E12 5934390.49 0 10 300 0 1970 59100
178200.0 16524 9.624775534171E10 5964513.07 3266515 9.54500944658775E12 5964513.07 0 10 300 0 1980 59400
179100.0 16452 9.652006897599E10 5994635.64 3282967 9.64152951556374E12 5994635.64 0 10 300 0 1990 59700
180000.0 16452 9.700630443978E10 6024758.21 3299419 9.73853582000352E12 6024758.21 0 10 300 0 2000 60000
180900.0 16560 9.781931150287E10 6054880.78 3315979 9.83635513150638E12 6054880.78 0 10 300 0 2010 60300
181800.0 16524 9.819704736544E10 6085003.37 3332503 9.93455217887182E12 6085003.37 0 10 300 0 2020 60600
182700.0 16452 9.846502334903E10 6115125.94 3348955 1.003301720222085E13 6115125.94 0 10 300 0 2030 60900
183600.0 16452 9.895125881281E10 6145248.51 3365407 1.013196846103366E13 6145248.51 0 10 300 0 2040 61200
184500.0 16560 9.977077232494E10 6175371.08 3381967 1.02317392333586E13 6175371.08 0 10 300 0 2050 61500
185400.0 16524 1.0014633938916E11 6205493.66 3398491 1.033188557274776E13 6205493.66 0 10 300 0 2060 61800
186300.0 16453 1.0040997777812E11 6235616.23 3414944 1.043229555052588E13 6235616.23 0 10 300 0 2070 62100
187200.0 16452 1.0089621409114E11 6265738.92 3431396 1.053319176461702E13 6265738.92 0 10 300 0 2080 62400
188100.0 16560 1.0172223734488E11 6295861.9 3447956 1.06349140019619E13 6295861.9 0 10 300 0 2090 62700
189000.0 16524 1.0209563986111E11 6325984.53 3464480 1.073700964182301E13 6325984.53 0 10 300 0 2100 63000
189900.0 16452 1.023549413133E11 6356107.1 3480932 1.083936458313631E13 6356107.1 0 10 300 0 2110 63300
190800.0 16452 1.0284117677708E11 6386229.67 3497384 1.094220575991339E13 6386229.67 0 10 300 0 2120 63600
191700.0 16560 1.0367370329011E11 6416352.25 3513944 1.10458794632035E13 6416352.25 0 10 300 0 2130 63900
192600.0 16524 1.0404493267537E11 6446474.83 3530468 1.114992439587888E13 6446474.83 0 10 300 0 2140 64200
193500.0 16452 1.0429989568634E11 6476597.4 3546920 1.125422429156521E13 6476597.4 0 10 300 0 2150 64500
194400.0 16452 1.0478613115012E11 6506719.97 3563372 1.135901042271533E13 6506719.97 0 10 300 0 2160 64800
195300.0 16560 1.0562516413019E11 6536842.54 3579932 1.146463558684552E13 6536842.54 0 10 300 0 2170 65100
196200.0 16524 1.059942246991E11 6566965.12 3596456 1.157062981154461E13 6566965.12 0 10 300 0 2180 65400
197100.0 16452 1.0624485005937E11 6597087.7 3612908 1.167687466160399E13 6597087.7 0 10 300 0 2190 65700
198000.0 16452 1.0673108552316E11 6627210.27 3629360 1.178360574712714E13 6627210.27 0 10 300 0 2200 66000
198900.0 16560 1.0757662498826E11 6657332.84 3645920 1.18911823721154E13 6657332.84 0 10 300 0 2210 66300
199800.0 16524 1.0794351672282E11 6687455.42 3662444 1.199912588883822E13 6687455.42 0 10 300 0 2220 66600
200700.0 16452 1.0818980443241E11 6717577.99 3678896 1.210731569327064E13 6717577.99 0 10 300 0 2230 66900
201600.0 16452 1.0867603989619E11 6747700.57 3695348 1.221599173316683E13 6747700.57 0 10 300 0 2240 67200
202500.0 16560 1.0952808584633E11 6777823.14 3711908 1.232551981901316E13 6777823.14 0 10 300 0 2250 67500
203400.0 16524 1.0989280874655E11 6807945.72 3728432 1.243541262775971E13 6807945.72 0 10 300 0 2260 67800
204300.0 16452 1.1013475880545E11 6838068.29 3744884 1.254554738656516E13 6838068.29 0 10 300 0 2270 68100
205200.0 16452 1.1062099426923E11 6868190.86 3761336 1.265616838083439E13 6868190.86 0 10 300 0 2280 68400
206100.0 16560 1.114795466684E11 6898313.43 3777896 1.276764792750279E13 6898313.43 0 10 300 0 2290 68700
207000.0 16524 1.1184210077017E11 6928436.02 3794420 1.287949002827296E13 6928436.02 0 10 300 0 2300 69000
207900.0 16452 1.1207971317838E11 6958558.59 3810872 1.299156974145134E13 6958558.59 0 10 300 0 2310 69300
208800.0 16452 1.1256594864216E11 6988681.16 3827324 1.31041356900935E13 6988681.16 0 10 300 0 2320 69600
209700.0 16560 1.1343100754436E11 7018803.73 3843884 1.321756669763786E13 7018803.73 0 10 300 0 2330 69900
210600.0 16524 1.1379139279368E11 7048926.31 3860408 1.333135809043154E13 7048926.31 0 10 300 0 2340 70200
211500.0 16452 1.140246675512E11 7079048.88 3876860 1.344538275798274E13 7079048.88 0 10 300 0 2350 70500
212400.0 16452 1.1451090301498E11 7109171.46 3893312 1.355989366099773E13 7109171.46 0 10 300 0 2360 70800
213300.0 16560 1.1538246836622E11 7139294.03 3909872 1.367527612936394E13 7139294.03 0 10 300 0 2370 71100
214200.0 16524 1.1574068481719E11 7169416.61 3926396 1.379101681418114E13 7169416.61 0 10 300 0 2380 71400
215100.0 16452 1.1596962192402E11 7199539.18 3942848 1.390698643610516E13 7199539.18 0 10 300 0 2390 71700
216000.0 16452 1.164558573878E11 7229661.75 3959300 1.402344229349296E13 7229661.75 0 10 300 0 2400 72000
216900.0 16560 1.1733392924207E11 7259784.32 3975860 1.414077622273503E13 7259784.32 0 10 300 0 2410 72300
217800.0 16524 1.176899768407E11 7289906.91 3992384 1.425846619957573E13 7289906.91 0 10 300 0 2420 72600
218700.0 16452 1.1791457905338E11 7320029.82 4008836 1.437638077862912E13 7320029.82 0 10 300 0 2430 72900
219600.0 16452 1.1840081911438E11 7350152.62 4025288 1.44947815977435E13 7350152.62 0 10 300 0 2440 73200
220500.0 16560 1.1928539932295E11 7380275.19 4041848 1.461406699706645E13 7380275.19 0 10 300 0 2450 73500
221400.0 16524 1.1963927810395E11 7410397.77 4058372 1.47337062751704E13 7410397.77 0 10 300 0 2460 73800
222300.0 16452 1.1985953988879E11 7440520.35 4074824 1.485356581505919E13 7440520.35 0 10 300 0 2470 74100
223200.0 16452 1.2034577535257E11 7470642.92 4091276 1.497391159041176E13 7470642.92 0 10 300 0 2480 74400
224100.0 16560 1.2123686018075E11 7500765.49 4107836 1.509514845059251E13 7500765.49 0 10 300 0 2490 74700
225000.0 16524 1.2158857012741E11 7530888.07 4124360 1.521673702071992E13 7530888.07 0 10 300 0 2500 75000
225900.0 16452 1.2180449426156E11 7561010.64 4140812 1.533854151498147E13 7561010.64 0 10 300 0 2510 75300
226800.0 16452 1.2229072972534E11 7591133.21 4157264 1.546083224470681E13 7591133.21 0 10 300 0 2520 75600
227700.0 16560 1.2318832102055E11 7621255.79 4173824 1.558402056572736E13 7621255.79 0 10 300 0 2530 75900
228600.0 16524 1.2353786215086E11 7651378.37 4190348 1.570755842787822E13 7651378.37 0 10 300 0 2540 76200
229500.0 16452 1.2374944863432E11 7681500.94 4206800 1.583130787651255E13 7681500.94 0 10 300 0 2550 76500
230400.0 16452 1.2423568409811E11 7711623.51 4223252 1.595554356061065E13 7711623.51 0 10 300 0 2560 76800
231300.0 16560 1.2513978187835E11 7741746.08 4239812 1.6080683342489E13 7741746.08 0 10 300 0 2570 77100
232200.0 16524 1.2548715417432E11 7771868.66 4256336 1.620617049666332E13 7771868.66 0 10 300 0 2580 77400
233100.0 16452 1.2569440300709E11 7801991.24 4272788 1.633186489967041E13 7801991.24 0 10 300 0 2590 77700
234000.0 16452 1.2618063847087E11 7832113.81 4289240 1.645804553814129E13 7832113.81 0 10 300 0 2600 78000
234900.0 16560 1.2709124271815E11 7862236.38 4305800 1.658513678085944E13 7862236.38 0 10 300 0 2610 78300
235800.0 16524 1.2743644619778E11 7892358.96 4322324 1.671257322705721E13 7892358.96 0 10 300 0 2620 78600
236700.0 16452 1.2763935737986E11 7922481.53 4338776 1.684021258443707E13 7922481.53 0 10 300 0 2630 78900
237600.0 16452 1.2812559284364E11 7952604.11 4355228 1.696833817728071E13 7952604.11 0 10 300 0 2640 79200
238500.0 16560 1.2904270357595E11 7982726.68 4371788 1.709738088085666E13 7982726.68 0 10 300 0 2650 79500
239400.0 16524 1.2938573822123E11 8012849.26 4388312 1.722676661907789E13 8012849.26 0 10 300 0 2660 79800
240300.0 16452 1.2958431175262E11 8042971.83 4404764 1.735635093083052E13 8042971.83 0 10 300 0 2670 80100
241200.0 16452 1.3007054721641E11 8073094.4 4421216 1.748642147804692E13 8073094.4 0 10 300 0 2680 80400
242100.0 16560 1.3099416441575E11 8103216.97 4437776 1.761741564246267E13 8103216.97 0 10 300 0 2690 80700
243000.0 16524 1.3133503024469E11 8133339.56 4454300 1.774875067270736E13 8133339.56 0 10 300 0 2700 81000
243900.0 16452 1.3152926612539E11 8163462.13 4470752 1.788027993883275E13 8163462.13 0 10 300 0 2710 81300
244800.0 16452 1.3201550158918E11 8193584.7 4487204 1.801229544042193E13 8193584.7 0 10 300 0 2720 81600
245700.0 16560 1.3294562527355E11 8223707.27 4503764 1.814524106569548E13 8223707.27 0 10 300 0 2730 81900
246600.0 16524 1.3328432226814E11 8253829.85 4520288 1.827852538796362E13 8253829.85 0 10 300 0 2740 82200
247500.0 16452 1.3347422049816E11 8283952.42 4536740 1.841199960846178E13 8283952.42 0 10 300 0 2750 82500
248400.0 16452 1.3396045596194E11 8314075.0 4553192 1.854596006442373E13 8314075.0 0 10 300 0 2760 82800
249300.0 16560 1.3489708671926E11 8344197.7 4569752 1.868085715114299E13 8344197.7 0 10 300 0 2770 83100
250200.0 16524 1.3523361917399E11 8374320.7 4586276 1.881609077031698E13 8374320.7 0 10 300 0 2780 83400
251100.0 16452 1.3541918394473E11 8404443.29 4602728 1.895150995426171E13 8404443.29 0 10 300 0 2790 83700
252000.0 16452 1.3590541956342E11 8434565.86 4619180 1.908741537382512E13 8434565.86 0 10 300 0 2800 84000
252900.0 16560 1.3684855622192E11 8464688.44 4635740 1.922426393004705E13 8464688.44 0 10 300 0 2810 84300
253800.0 16524 1.3718291556481E11 8494811.02 4652264 1.936144684561186E13 8494811.02 0 10 300 0 2820 84600
254700.0 16452 1.3736413847309E11 8524933.59 4668716 1.949881098408495E13 8524933.59 0 10 300 0 2830 84900
255600.0 16452 1.378503739371E11 8555056.16 4685168 1.963666135802206E13 8555056.16 0 10 300 0 2840 85200
256500.0 16561 1.3880001708064E11 8585178.73 4701729 1.97754613751027E13 8585178.73 0 10 300 0 2850 85500
257400.0 16524 1.3913220758918E11 8615301.32 4718253 1.991459358269188E13 8615301.32 0 10 300 0 2860 85800
258300.0 16452 1.3930909284677E11 8645423.89 4734705 2.005390267553865E13 8645423.89 0 10 300 0 2870 86100
259200.0 16452 1.3979532831079E11 8675546.46 4751157 2.019369800384944E13 8675546.46 0 10 300 0 2880 86400
260100.0 16560 1.4075147792136E11 8705669.03 4767717 2.03344494817708E13 8705669.03 0 10 300 0 2890 86700
261000.0 16524 1.4108149961345E11 8735791.61 4784241 2.047553098138426E13 8735791.61 0 10 300 0 2900 87000
261900.0 16452 1.4125404722035E11 8765914.18 4800693 2.06167850286046E13 8765914.18 0 10 300 0 2910 87300
262800.0 16452 1.4174028268436E11 8796036.76 4817145 2.075852531128897E13 8796036.76 0 10 300 0 2920 87600
263700.0 16560 1.4270315037398E11 8826159.33 4833705 2.090122846166294E13 8826159.33 0 10 300 0 2930 87900
264600.0 16524 1.4303079163777E11 8856281.91 4850229 2.104425925330072E13 8856281.91 0 10 300 0 2940 88200
265500.0 16452 1.4319900159398E11 8886404.48 4866681 2.11874582548947E13 8886404.48 0 10 300 0 2950 88500
266400.0 16452 1.4368523705799E11 8916527.05 4883133 2.133114349195269E13 8916527.05 0 10 300 0 2960 88800
267300.0 16560 1.4465439962064E11 8946649.62 4899693 2.147579789157333E13 8946649.62 0 10 300 0 2970 89100
268200.0 16524 1.4498009449427E11 8976772.21 4916217 2.162077798606759E13 8976772.21 0 10 300 0 2980 89400
269100.0 16452 1.4514395596777E11 9006894.78 4932669 2.176592194203536E13 9006894.78 0 10 300 0 2990 89700
270000.0 16452 1.4563019143178E11 9037017.35 4949121 2.191155213346715E13 9037017.35 0 10 300 0 3000 90000
270900.0 16560 1.4660607208247E11 9067139.92 4965681 2.205815820554962E13 9067139.92 0 10 300 0 3010 90300
271800.0 16524 1.4692937567773E11 9097262.5 4982205 2.220508758122736E13 9097262.5 0 10 300 0 3020 90600
272700.0 16452 1.4708891034156E11 9127385.08 4998657 2.235217649156891E13 9127385.08 0 10 300 0 3030 90900
273600.0 16452 1.4757514580557E11 9157507.65 5015109 2.249975163737449E13 9157507.65 0 10 300 0 3040 91200
274500.0 16560 1.485573213113E11 9187630.22 5031669 2.264830895868578E13 9187630.22 0 10 300 0 3050 91500
275400.0 16524 1.4887867854323E11 9217752.8 5048193 2.279718763722902E13 9217752.8 0 10 300 0 3060 91800
276300.0 16452 1.4903386471535E11 9247875.37 5064645 2.294622150194437E13 9247875.37 0 10 300 0 3070 92100
277200.0 16452 1.4952010017937E11 9277997.94 5081097 2.309574160212373E13 9277997.94 0 10 300 0 3080 92400
278100.0 16560 1.5050878218813E11 9308120.52 5097657 2.324625038431186E13 9308120.52 0 10 300 0 3090 92700
279000.0 16524 1.508279597267E11 9338243.1 5114181 2.339707834403855E13 9338243.1 0 10 300 0 3100 93000
279900.0 16458 1.5097882192907E11 9368365.67 5130639 2.354805716596762E13 9368365.67 0 10 300 0 3110 93300
280800.0 16454 1.5146505778747E11 9398488.61 5147093 2.369952222375509E13 9398488.61 0 10 300 0 3120 93600
281700.0 16560 1.5246046231737E11 9428611.38 5163653 2.385198268607247E13 9428611.38 0 10 300 0 3130 93900
282600.0 16524 1.5277726099982E11 9458733.96 5180177 2.400475994707229E13 9458733.96 0 10 300 0 3140 94200
283500.0 16452 1.5292378268202E11 9488856.54 5196629 2.41576837297543E13 9488856.54 0 10 300 0 3150 94500
284400.0 16452 1.5341001814603E11 9518979.11 5213081 2.431109374790033E13 9518979.11 0 10 300 0 3160 94800
285300.0 16560 1.544117131287E11 9549101.68 5229641 2.446550546102904E13 9549101.68 0 10 300 0 3170 95100
286200.0 16524 1.5472656384737E11 9579224.26 5246165 2.46202320248764E13 9579224.26 0 10 300 0 3180 95400
287100.0 16452 1.5486873705586E11 9609346.83 5262617 2.477510076193227E13 9609346.83 0 10 300 0 3190 95700
288000.0 16452 1.5535497251987E11 9639469.41 5279069 2.493045573445214E13 9639469.41 0 10 300 0 3200 96000
288900.0 16560 1.5636338558159E11 9669591.98 5295629 2.508681912003372E13 9669591.98 0 10 300 0 3210 96300
289800.0 16524 1.5667584504894E11 9699714.56 5312153 2.524349496508267E13 9699714.56 0 10 300 0 3220 96600
290700.0 16452 1.5681369142976E11 9729837.13 5328605 2.540030865651243E13 9729837.13 0 10 300 0 3230 96900
291600.0 16452 1.5729992689377E11 9759959.7 5345057 2.55576085834062E13 9759959.7 0 10 300 0 3240 97200
292500.0 16560 1.5831463482852E11 9790082.27 5361617 2.571592321823472E13 9790082.27 0 10 300 0 3250 97500
293400.0 16524 1.5862514790555E11 9820204.86 5378141 2.587454836614027E13 9820204.86 0 10 300 0 3260 97800
294300.0 16452 1.5875864580366E11 9850327.43 5394593 2.603330701194393E13 9850327.43 0 10 300 0 3270 98100
295200.0 16452 1.5924488126767E11 9880450.0 5411045 2.61925518932116E13 9880450.0 0 10 300 0 3280 98400
296100.0 16560 1.6026609566946E11 9910572.57 5427605 2.635281798888106E13 9910572.57 0 10 300 0 3290 98700
297000.0 16524 1.6057442908913E11 9940695.15 5444129 2.651339241797019E13 9940695.15 0 10 300 0 3300 99000
297900.0 16452 1.6070360017756E11 9970817.73 5460581 2.667409601814775E13 9970817.73 0 10 300 0 3310 99300
298800.0 16452 1.6118983564157E11 1.00009403E7 5477033 2.683528585378932E13 1.00009403E7 0 10 300 0 3320 99600
299700.0 16560 1.6221755652839E11 1.003106287E7 5493593 2.699750341031772E13 1.003106287E7 0 10 300 0 3330 99900
300600.0 16524 1.6252372112272E11 1.006118545E7 5510117 2.716002713144043E13 1.006118545E7 0 10 300 0 3340 100200
301500.0 16452 1.6264855455146E11 1.009130802E7 5526569 2.732267568599189E13 1.009130802E7 0 10 300 0 3350 100500
302400.0 16452 1.6313479001547E11 1.012143059E7 5543021 2.748581047600736E13 1.012143059E7 0 10 300 0 3360 100800
303300.0 16560 1.6416901736037E11 1.015155317E7 5559581 2.764997949336773E13 1.015155317E7 0 10 300 0 3370 101100
304200.0 16524 1.6447301313836E11 1.018167575E7 5576105 2.78144525065061E13 1.018167575E7 0 10 300 0 3380 101400
305100.0 16452 1.6459350892541E11 1.021179832E7 5592557 2.797904601543151E13 1.021179832E7 0 10 300 0 3390 101700
306000.0 16452 1.6507974438943E11 1.024192089E7 5609009 2.814412575982093E13 1.024192089E7 0 10 300 0 3400 102000
306900.0 16560 1.6612047822836E11 1.027204346E7 5625569 2.831024623804929E13 1.027204346E7 0 10 300 0 3410 102300
307800.0 16524 1.6642230517206E11 1.030216604E7 5642093 2.847666854322136E13 1.030216604E7 0 10 300 0 3420 102600
308700.0 16452 1.6653846329942E11 1.033228862E7 5658545 2.864320700652078E13 1.033228862E7 0 10 300 0 3430 102900
309600.0 16452 1.6702469876343E11 1.036241119E7 5674997 2.881023170528421E13 1.036241119E7 0 10 300 0 3440 103200
310500.0 16561 1.6807193924396E11 1.039253376E7 5691558 2.897830364452816E13 1.039253376E7 0 10 300 0 3450 103500
311400.0 16524 1.68371598019E11 1.042265651E7 5708082 2.914667524254716E13 1.042265651E7 0 10 300 0 3460 103800
312300.0 16452 1.6848342358821E11 1.045277948E7 5724534 2.931515866613538E13 1.045277948E7 0 10 300 0 3470 104100
313200.0 16452 1.6896966237543E11 1.048290206E7 5740986 2.948412832851081E13 1.048290206E7 0 10 300 0 3480 104400
314100.0 16560 1.7002340917913E11 1.051302463E7 5757546 2.965415173768994E13 1.051302463E7 0 10 300 0 3490 104700
315000.0 16524 1.7032089848011E11 1.054314721E7 5774070 2.982447263617006E13 1.054314721E7 0 10 300 0 3500 105000
315900.0 16452 1.7042838128548E11 1.057326978E7 5790522 2.999490101745554E13 1.057326978E7 0 10 300 0 3510 105300
316800.0 16452 1.7091461674949E11 1.060339235E7 5806974 3.016581563420503E13 1.060339235E7 0 10 300 0 3520 105600
317700.0 16560 1.7197487004723E11 1.063351493E7 5823534 3.033779050425226E13 1.063351493E7 0 10 300 0 3530 105900
318600.0 16524 1.7227020132793E11 1.066363751E7 5840058 3.05100607055802E13 1.066363751E7 0 10 300 0 3540 106200
319500.0 16452 1.723733356596E11 1.069376008E7 5856510 3.068243404123979E13 1.069376008E7 0 10 300 0 3550 106500
320400.0 16452 1.7285957112361E11 1.072388265E7 5872962 3.085529361236341E13 1.072388265E7 0 10 300 0 3560 106800
321300.0 16560 1.7392633087939E11 1.075400522E7 5889522 3.10292199432428E13 1.075400522E7 0 10 300 0 3570 107100
322200.0 16524 1.7421948252972E11 1.07841278E7 5906046 3.120343942577252E13 1.07841278E7 0 10 300 0 3580 107400
323100.0 16452 1.7431829003371E11 1.081425038E7 5922498 3.137775771580623E13 1.081425038E7 0 10 300 0 3590 107700
324000.0 16452 1.7480452549773E11 1.084437295E7 5938950 3.155256224130396E13 1.084437295E7 0 10 300 0 3600 108000
324900.0 16560 1.7587779174754E11 1.087449552E7 5955510 3.17284400330515E13 1.087449552E7 0 10 300 0 3610 108300
325800.0 16524 1.7616877454559E11 1.09046181E7 5972034 3.190460880759709E13 1.09046181E7 0 10 300 0 3620 108600
326700.0 16452 1.7626324440788E11 1.093474067E7 5988486 3.208087205200498E13 1.093474067E7 0 10 300 0 3630 108900
327600.0 16452 1.767494798719E11 1.096486324E7 6004938 3.225762153187688E13 1.096486324E7 0 10 300 0 3640 109200
328500.0 16560 1.7782925257075E11 1.099498582E7 6021498 3.243545078444762E13 1.099498582E7 0 10 300 0 3650 109500
329400.0 16524 1.7811806657045E11 1.10251084E7 6038022 3.261356885101807E13 1.10251084E7 0 10 300 0 3660 109800
330300.0 16452 1.7820819878205E11 1.105523097E7 6054474 3.279177704980012E13 1.105523097E7 0 10 300 0 3670 110100
331200.0 16452 1.7869443424607E11 1.108535354E7 6070926 3.297047148404619E13 1.108535354E7 0 10 300 0 3680 110400
332100.0 16560 1.7978092504213E11 1.111547611E7 6087486 3.315025240908832E13 1.111547611E7 0 10 300 0 3690 110700
333000.0 16524 1.8006736942733E11 1.11455987E7 6104010 3.333031977851564E13 1.11455987E7 0 10 300 0 3700 111000
333900.0 16452 1.8015315315622E11 1.117572127E7 6120462 3.351047293167187E13 1.117572127E7 0 10 300 0 3710 111300
334800.0 16452 1.8063938862024E11 1.120584384E7 6136914 3.36911123202921E13 1.120584384E7 0 10 300 0 3720 111600
335700.0 16560 1.8173217428916E11 1.123596641E7 6153474 3.387284449458127E13 1.123596641E7 0 10 300 0 3730 111900
336600.0 16524 1.8201665062917E11 1.126608899E7 6169998 3.405486114521044E13 1.126608899E7 0 10 300 0 3740 112200
337500.0 16452 1.8209810753039E11 1.129621156E7 6186450 3.423695925274083E13 1.129621156E7 0 10 300 0 3750 112500
338400.0 16452 1.8258434299441E11 1.132633414E7 6202902 3.441954359573523E13 1.132633414E7 0 10 300 0 3760 112800
339300.0 16560 1.8368363513037E11 1.135645671E7 6219462 3.46032272308656E13 1.135645671E7 0 10 300 0 3770 113100
340200.0 16524 1.839659534681E11 1.138657929E7 6235986 3.478719318433371E13 1.138657929E7 0 10 300 0 3780 113400
341100.0 16452 1.8404306190462E11 1.141670186E7 6252438 3.497123624623832E13 1.141670186E7 0 10 300 0 3790 113700
342000.0 16452 1.8452929736863E11 1.144682443E7 6268890 3.515576554360695E13 1.144682443E7 0 10 300 0 3800 114000
342900.0 16560 1.8563531086864E11 1.147694739E7 6285450 3.53414008544756E13 1.147694739E7 0 10 300 0 3810 114300
343800.0 16524 1.8591524203744E11 1.150707015E7 6301974 3.552731609651304E13 1.150707015E7 0 10 300 0 3820 114600
344700.0 16452 1.8598802549752E11 1.153719273E7 6318426 3.571330412201056E13 1.153719273E7 0 10 300 0 3830 114900
345600.0 16452 1.8647426096153E11 1.15673153E7 6334878 3.589977838297208E13 1.15673153E7 0 10 300 0 3840 115200

