# seed = 1, gamma = 0.5, beta = 0.25, dee = 100.0, dcc = 5.0, dec = 150.0, dsc = 20.0, dLocalhost = 0.015, hostBroker = CLOUD, numOfCloud = 1, numOfEdge = 1, numOfSmartphone = 75 
#
# The columns have the following meaning: 
# instant[SECONDS] delayCountPartial delaySumPartial[SECONDS] delayMaxPartial[SECONDS] delayCountTot delaySumTot[SECONDS] delayMaxTot[SECONDS] runOnCloudPartial runOnEdgePartial runOnSmartphonePartial runOnCloudTot runOnEdgeTot runOnSmartphoneTot
0.0 0 0.0 0.0 0 0.0 0.0 0 0 0 0 0 0
900.0 16566 1053122.16 135.77 16566 1053122.16 135.77 230 5 75 230 5 75
1800.0 16528 1052779.24 135.77 33094 2105901.39 135.77 230 5 75 460 10 150
2700.0 16452 1052869.66 135.77 49546 3158771.06 135.77 230 5 75 690 15 225
3600.0 16452 1052612.99 135.77 65998 4211384.05 135.77 230 5 75 920 20 300
4500.0 16566 1054104.88 135.77 82564 5265488.93 135.77 230 5 75 1150 25 375
5400.0 16528 1052823.72 135.77 99092 6318312.65 135.77 230 5 75 1380 30 450
6300.0 16452 1052869.66 135.77 115544 7371182.31 135.77 230 5 75 1610 35 525
7200.0 16452 1052612.99 135.77 131996 8423795.31 135.77 230 5 75 1840 40 600
8100.0 16566 1053129.1 135.77 148562 9476924.41 135.77 230 5 75 2070 45 675
9000.0 16528 1052779.24 135.77 165090 1.052970364E7 135.77 230 5 75 2300 50 750
9900.0 16452 1052869.66 135.77 181542 1.158257331E7 135.77 230 5 75 2530 55 825
10800.0 16452 1052612.99 135.77 197994 1.26351863E7 135.77 230 5 75 2760 60 900
11700.0 16566 1054104.88 135.77 214560 1.368929118E7 135.77 230 5 75 2990 65 975
12600.0 16528 1052823.72 135.77 231088 1.47421149E7 135.77 230 5 75 3220 70 1050
13500.0 16452 1052869.66 135.77 247540 1.579498456E7 135.77 230 5 75 3450 75 1125
14400.0 16452 1052612.99 135.77 263992 1.684759756E7 135.77 230 5 75 3680 80 1200
15300.0 16566 1053129.1 135.77 280558 1.790072666E7 135.77 230 5 75 3910 85 1275
16200.0 16528 1052779.24 135.77 297086 1.895350589E7 135.77 230 5 75 4140 90 1350
17100.0 16452 1052869.66 135.77 313538 2.000637556E7 135.77 230 5 75 4370 95 1425
18000.0 16452 1052612.99 135.77 329990 2.105898855E7 135.77 230 5 75 4600 100 1500
18900.0 16566 1053129.1 135.77 346556 2.211211765E7 135.77 230 5 75 4830 105 1575
19800.0 16528 1052779.24 135.77 363084 2.316489689E7 135.77 230 5 75 5060 110 1650
20700.0 16452 1052869.66 135.77 379536 2.421776655E7 135.77 230 5 75 5290 115 1725
21600.0 16452 1052612.99 135.77 395988 2.527037955E7 135.77 230 5 75 5520 120 1800
22500.0 16566 1053129.1 135.77 412554 2.632350865E7 135.77 230 5 75 5750 125 1875
23400.0 16528 1052779.24 135.77 429082 2.737628788E7 135.77 230 5 75 5980 130 1950
24300.0 16452 1052869.66 135.77 445534 2.842915754E7 135.77 230 5 75 6210 135 2025
25200.0 16452 1052612.99 135.77 461986 2.948177054E7 135.77 230 5 75 6440 140 2100
26100.0 16566 1054104.88 135.77 478552 3.053587542E7 135.77 230 5 75 6670 145 2175
27000.0 16528 1052779.24 135.77 495080 3.158865465E7 135.77 230 5 75 6900 150 2250
27900.0 16452 1052869.66 135.77 511532 3.264152432E7 135.77 230 5 75 7130 155 2325
28800.0 16452 1052612.99 135.77 527984 3.369413731E7 135.77 230 5 75 7360 160 2400
29700.0 16566 1053129.1 135.77 544550 3.474726641E7 135.77 230 5 75 7590 165 2475
30600.0 16528 1052779.24 135.77 561078 3.580004564E7 135.77 230 5 75 7820 170 2550
31500.0 16452 1052869.66 135.77 577530 3.685291531E7 135.77 230 5 75 8050 175 2625
32400.0 16452 1052612.99 135.77 593982 3.79055283E7 135.77 230 5 75 8280 180 2700
33300.0 16566 1053129.1 135.77 610548 3.89586574E7 135.77 230 5 75 8510 185 2775
34200.0 16528 1052779.24 135.77 627076 4.001143663E7 135.77 230 5 75 8740 190 2850
35100.0 16452 1052869.66 135.77 643528 4.10643063E7 135.77 230 5 75 8970 195 2925
36000.0 16452 1052612.99 135.77 659980 4.211691929E7 135.77 230 5 75 9200 200 3000
36900.0 16566 1053129.1 135.77 676546 4.317004839E7 135.77 230 5 75 9430 205 3075
37800.0 16528 1052779.24 135.77 693074 4.422282762E7 135.77 230 5 75 9660 210 3150
38700.0 16452 1052869.66 135.77 709526 4.527569729E7 135.77 230 5 75 9890 215 3225
39600.0 16452 1052612.99 135.77 725978 4.632831028E7 135.77 230 5 75 10120 220 3300
40500.0 16566 1053129.1 135.77 742544 4.738143938E7 135.77 230 5 75 10350 225 3375
41400.0 16528 1052779.24 135.77 759072 4.843421861E7 135.77 230 5 75 10580 230 3450
42300.0 16452 1052869.66 135.77 775524 4.948708827E7 135.77 230 5 75 10810 235 3525
43200.0 16452 1052612.99 135.77 791976 5.053970127E7 135.77 230 5 75 11040 240 3600
44100.0 16566 1053129.1 135.77 808542 5.159283037E7 135.77 230 5 75 11270 245 3675
45000.0 16528 1052779.24 135.77 825070 5.26456096E7 135.77 230 5 75 11500 250 3750
45900.0 16452 1052869.66 135.77 841522 5.369847926E7 135.77 230 5 75 11730 255 3825
46800.0 16452 1052612.99 135.77 857974 5.475109226E7 135.77 230 5 75 11960 260 3900
47700.0 16566 1054104.88 135.77 874540 5.580519714E7 135.77 230 5 75 12190 265 3975
48600.0 16528 1052779.24 135.77 891068 5.685797637E7 135.77 230 5 75 12420 270 4050
49500.0 16452 1052869.66 135.77 907520 5.791084604E7 135.77 230 5 75 12650 275 4125
50400.0 16452 1052612.99 135.77 923972 5.896345903E7 135.77 230 5 75 12880 280 4200
51300.0 16566 1053129.1 135.77 940538 6.001658813E7 135.77 230 5 75 13110 285 4275
52200.0 16528 1052779.24 135.77 957066 6.106936736E7 135.77 230 5 75 13340 290 4350
53100.0 16452 1052869.66 135.77 973518 6.212223703E7 135.77 230 5 75 13570 295 4425
54000.0 16452 1052612.99 135.77 989970 6.317485002E7 135.77 230 5 75 13800 300 4500
54900.0 16566 1053129.1 135.77 1006536 6.422797912E7 135.77 230 5 75 14030 305 4575
55800.0 16528 1052779.24 135.77 1023064 6.528075835E7 135.77 230 5 75 14260 310 4650
56700.0 16452 1052869.66 135.77 1039516 6.633362802E7 135.77 230 5 75 14490 315 4725
57600.0 16452 1052612.99 135.77 1055968 6.738624101E7 135.77 230 5 75 14720 320 4800
58500.0 16566 1053129.1 135.77 1072534 6.843937011E7 135.77 230 5 75 14950 325 4875
59400.0 16528 1052779.24 135.77 1089062 6.949214934E7 135.77 230 5 75 15180 330 4950
60300.0 16452 1052869.66 135.77 1105514 7.054501901E7 135.77 230 5 75 15410 335 5025
61200.0 16452 1052612.99 135.77 1121966 7.1597632E7 135.77 230 5 75 15640 340 5100
62100.0 16566 1053129.1 135.77 1138532 7.26507611E7 135.77 230 5 75 15870 345 5175
63000.0 16528 1052779.24 135.77 1155060 7.370354033E7 135.77 230 5 75 16100 350 5250
63900.0 16452 1052869.66 135.77 1171512 7.475641E7 135.77 230 5 75 16330 355 5325
64800.0 16452 1052612.99 135.77 1187964 7.580902299E7 135.77 230 5 75 16560 360 5400
65700.0 16566 1054104.88 135.77 1204530 7.686312787E7 135.77 230 5 75 16790 365 5475
66600.0 16528 1052779.24 135.77 1221058 7.79159071E7 135.77 230 5 75 17020 370 5550
67500.0 16452 1052869.66 135.77 1237510 7.896877677E7 135.77 230 5 75 17250 375 5625
68400.0 16452 1052612.99 135.77 1253962 8.002138976E7 135.77 230 5 75 17480 380 5700
69300.0 16566 1053129.1 135.77 1270528 8.107451886E7 135.77 230 5 75 17710 385 5775
70200.0 16528 1052779.24 135.77 1287056 8.212729809E7 135.77 230 5 75 17940 390 5850
71100.0 16452 1052869.66 135.77 1303508 8.318016776E7 135.77 230 5 75 18170 395 5925
72000.0 16452 1052612.99 135.77 1319960 8.423278075E7 135.77 230 5 75 18400 400 6000
72900.0 16566 1053129.1 135.77 1336526 8.528590985E7 135.77 230 5 75 18630 405 6075
73800.0 16528 1052779.24 135.77 1353054 8.633868908E7 135.77 230 5 75 18860 410 6150
74700.0 16452 1052869.66 135.77 1369506 8.739155875E7 135.77 230 5 75 19090 415 6225
75600.0 16452 1052612.99 135.77 1385958 8.844417174E7 135.77 230 5 75 19320 420 6300
76500.0 16566 1054104.88 135.77 1402524 8.949827662E7 135.77 230 5 75 19550 425 6375
77400.0 16528 1052779.24 135.77 1419052 9.055105586E7 135.77 230 5 75 19780 430 6450
78300.0 16452 1052869.66 135.77 1435504 9.160392552E7 135.77 230 5 75 20010 435 6525
79200.0 16452 1052612.99 135.77 1451956 9.265653851E7 135.77 230 5 75 20240 440 6600
80100.0 16566 1053129.1 135.77 1468522 9.370966761E7 135.77 230 5 75 20470 445 6675
81000.0 16528 1052823.72 135.77 1485050 9.476249133E7 135.77 230 5 75 20700 450 6750
81900.0 16452 1052869.66 135.77 1501502 9.581536099E7 135.77 230 5 75 20930 455 6825
82800.0 16452 1052612.99 135.77 1517954 9.686797399E7 135.77 230 5 75 21160 460 6900
83700.0 16566 1054104.88 135.77 1534520 9.792207887E7 135.77 230 5 75 21390 465 6975
84600.0 16528 1052779.24 135.77 1551048 9.89748581E7 135.77 230 5 75 21620 470 7050
85500.0 16452 1052869.66 135.77 1567500 1.0002772777E8 135.77 230 5 75 21850 475 7125
86400.0 16452 1052612.99 135.77 1583952 1.0108034076E8 135.77 230 5 75 22080 480 7200
87300.0 16566 1053129.1 135.77 1600518 1.0213346986E8 135.77 230 5 75 22310 485 7275
88200.0 16528 1052814.72 135.77 1617046 1.0318628458E8 135.77 230 5 75 22540 490 7350
89100.0 16452 1052869.66 135.77 1633498 1.0423915424E8 135.77 230 5 75 22770 495 7425
90000.0 16452 1052612.99 135.77 1649950 1.0529176724E8 135.77 230 5 75 23000 500 7500
90900.0 16566 1054104.88 135.77 1666516 1.0634587211E8 135.77 230 5 75 23230 505 7575
91800.0 16528 1052779.24 135.77 1683044 1.0739865135E8 135.77 230 5 75 23460 510 7650
92700.0 16452 1052869.66 135.77 1699496 1.0845152101E8 135.77 230 5 75 23690 515 7725
93600.0 16452 1052612.99 135.77 1715948 1.0950413401E8 135.77 230 5 75 23920 520 7800
94500.0 16566 1053129.1 135.77 1732514 1.105572631E8 135.77 230 5 75 24150 525 7875
95400.0 16528 1052814.72 135.77 1749042 1.1161007782E8 135.77 230 5 75 24380 530 7950
96300.0 16452 1052869.66 135.77 1765494 1.1266294749E8 135.77 230 5 75 24610 535 8025
97200.0 16452 1052612.99 135.77 1781946 1.1371556048E8 135.77 230 5 75 24840 540 8100
98100.0 16566 1053129.1 135.77 1798512 1.1476868958E8 135.77 230 5 75 25070 545 8175
99000.0 16528 1052779.24 135.77 1815040 1.1582146881E8 135.77 230 5 75 25300 550 8250
99900.0 16452 1052869.66 135.77 1831492 1.1687433848E8 135.77 230 5 75 25530 555 8325
100800.0 16452 1052612.99 135.77 1847944 1.1792695147E8 135.77 230 5 75 25760 560 8400
101700.0 16566 1053129.1 135.77 1864510 1.1898008057E8 135.77 230 5 75 25990 565 8475
102600.0 16528 1052779.24 135.77 1881038 1.200328598E8 135.77 230 5 75 26220 570 8550
103500.0 16452 1052869.66 135.77 1897490 1.2108572947E8 135.77 230 5 75 26450 575 8625
104400.0 16452 1052612.99 135.77 1913942 1.2213834246E8 135.77 230 5 75 26680 580 8700
105300.0 16566 1053129.1 135.77 1930508 1.2319147156E8 135.77 230 5 75 26910 585 8775
106200.0 16528 1052779.24 135.77 1947036 1.2424425079E8 135.77 230 5 75 27140 590 8850
107100.0 16452 1052869.66 135.77 1963488 1.2529712046E8 135.77 230 5 75 27370 595 8925
108000.0 16452 1052612.99 135.77 1979940 1.2634973345E8 135.77 230 5 75 27600 600 9000
108900.0 16566 1053129.1 135.77 1996506 1.2740286255E8 135.77 230 5 75 27830 605 9075
109800.0 16528 1052779.24 135.77 2013034 1.2845564178E8 135.77 230 5 75 28060 610 9150
110700.0 16452 1052869.66 135.77 2029486 1.2950851145E8 135.77 230 5 75 28290 615 9225
111600.0 16452 1052612.99 135.77 2045938 1.3056112444E8 135.77 230 5 75 28520 620 9300
112500.0 16566 1053129.1 135.77 2062504 1.3161425354E8 135.77 230 5 75 28750 625 9375
113400.0 16528 1052779.24 135.77 2079032 1.3266703277E8 135.77 230 5 75 28980 630 9450
114300.0 16452 1052869.66 135.77 2095484 1.3371990244E8 135.77 230 5 75 29210 635 9525
115200.0 16452 1052612.99 135.77 2111936 1.3477251543E8 135.77 230 5 75 29440 640 9600
116100.0 16566 1053129.1 135.77 2128502 1.3582564453E8 135.77 230 5 75 29670 645 9675
117000.0 16528 1052779.24 135.77 2145030 1.3687842376E8 135.77 230 5 75 29900 650 9750
117900.0 16452 1052869.66 135.77 2161482 1.3793129343E8 135.77 230 5 75 30130 655 9825
118800.0 16452 1052612.99 135.77 2177934 1.3898390642E8 135.77 230 5 75 30360 660 9900
119700.0 16566 1053129.1 135.77 2194500 1.4003703552E8 135.77 230 5 75 30590 665 9975
120600.0 16528 1052779.24 135.77 2211028 1.4108981475E8 135.77 230 5 75 30820 670 10050
121500.0 16452 1052869.66 135.77 2227480 1.4214268442E8 135.77 230 5 75 31050 675 10125
122400.0 16452 1052612.99 135.77 2243932 1.4319529741E8 135.77 230 5 75 31280 680 10200
123300.0 16566 1053129.1 135.77 2260498 1.4424842651E8 135.77 230 5 75 31510 685 10275
124200.0 16528 1052779.24 135.77 2277026 1.4530120574E8 135.77 230 5 75 31740 690 10350
125100.0 16452 1052869.66 135.77 2293478 1.4635407541E8 135.77 230 5 75 31970 695 10425
126000.0 16452 1052612.99 135.77 2309930 1.474066884E8 135.77 230 5 75 32200 700 10500
126900.0 16566 1053129.1 135.77 2326496 1.484598175E8 135.77 230 5 75 32430 705 10575
127800.0 16528 1052779.24 135.77 2343024 1.4951259673E8 135.77 230 5 75 32660 710 10650
128700.0 16452 1052869.66 135.77 2359476 1.505654664E8 135.77 230 5 75 32890 715 10725
129600.0 16452 1052612.99 135.77 2375928 1.5161807939E8 135.77 230 5 75 33120 720 10800
130500.0 16566 1053129.1 135.77 2392494 1.5267120849E8 135.77 230 5 75 33350 725 10875
131400.0 16528 1052779.24 135.77 2409022 1.5372398772E8 135.77 230 5 75 33580 730 10950
132300.0 16452 1052869.66 135.77 2425474 1.5477685739E8 135.77 230 5 75 33810 735 11025
133200.0 16452 1052612.99 135.77 2441926 1.5582947038E8 135.77 230 5 75 34040 740 11100
134100.0 16566 1053129.1 135.77 2458492 1.5688259948E8 135.77 230 5 75 34270 745 11175
135000.0 16528 1052779.24 135.77 2475020 1.5793537871E8 135.77 230 5 75 34500 750 11250
135900.0 16452 1052869.66 135.77 2491472 1.5898824837E8 135.77 230 5 75 34730 755 11325
136800.0 16452 1052612.99 135.77 2507924 1.6004086137E8 135.77 230 5 75 34960 760 11400
137700.0 16566 1053129.09 135.77 2524490 1.6109399046E8 135.77 230 5 75 35190 765 11475
138600.0 16528 1052779.24 135.77 2541018 1.621467697E8 135.77 230 5 75 35420 770 11550
139500.0 16452 1052869.66 135.77 2557470 1.6319963936E8 135.77 230 5 75 35650 775 11625
140400.0 16452 1052612.99 135.77 2573922 1.6425225236E8 135.77 230 5 75 35880 780 11700
141300.0 16566 1053129.09 135.77 2590488 1.6530538145E8 135.77 230 5 75 36110 785 11775
142200.0 16528 1052779.24 135.77 2607016 1.6635816069E8 135.77 230 5 75 36340 790 11850
143100.0 16452 1052869.66 135.77 2623468 1.6741103035E8 135.77 230 5 75 36570 795 11925
144000.0 16452 1052612.99 135.77 2639920 1.6846364334E8 135.77 230 5 75 36800 800 12000
144900.0 16566 1053129.09 135.77 2656486 1.6951677244E8 135.77 230 5 75 37030 805 12075
145800.0 16528 1052779.24 135.77 2673014 1.7056955168E8 135.77 230 5 75 37260 810 12150
146700.0 16452 1052869.66 135.77 2689466 1.7162242134E8 135.77 230 5 75 37490 815 12225
147600.0 16452 1052612.99 135.77 2705918 1.7267503433E8 135.77 230 5 75 37720 820 12300
148500.0 16566 1053129.09 135.77 2722484 1.7372816343E8 135.77 230 5 75 37950 825 12375
149400.0 16528 1052779.24 135.77 2739012 1.7478094266E8 135.77 230 5 75 38180 830 12450
150300.0 16452 1052869.66 135.77 2755464 1.7583381233E8 135.77 230 5 75 38410 835 12525
151200.0 16452 1052612.99 135.77 2771916 1.7688642532E8 135.77 230 5 75 38640 840 12600
152100.0 16566 1053129.1 135.77 2788482 1.7793955442E8 135.77 230 5 75 38870 845 12675
153000.0 16528 1052779.24 135.77 2805010 1.7899233365E8 135.77 230 5 75 39100 850 12750
153900.0 16452 1052869.66 135.77 2821462 1.8004520331E8 135.77 230 5 75 39330 855 12825
154800.0 16452 1052612.99 135.77 2837914 1.8109781631E8 135.77 230 5 75 39560 860 12900
155700.0 16566 1053129.1 135.77 2854480 1.821509454E8 135.77 230 5 75 39790 865 12975
156600.0 16528 1052779.24 135.77 2871008 1.8320372464E8 135.77 230 5 75 40020 870 13050
157500.0 16452 1052869.66 135.77 2887460 1.842565943E8 135.77 230 5 75 40250 875 13125
158400.0 16452 1052612.99 135.77 2903912 1.853092073E8 135.77 230 5 75 40480 880 13200
159300.0 16566 1054104.88 135.77 2920478 1.8636331217E8 135.77 230 5 75 40710 885 13275
160200.0 16528 1052779.24 135.77 2937006 1.8741609141E8 135.77 230 5 75 40940 890 13350
161100.0 16452 1052869.66 135.77 2953458 1.8846896107E8 135.77 230 5 75 41170 895 13425
162000.0 16452 1052612.99 135.77 2969910 1.8952157407E8 135.77 230 5 75 41400 900 13500
162900.0 16566 1053129.09 135.77 2986476 1.9057470316E8 135.77 230 5 75 41630 905 13575
163800.0 16528 1052823.72 135.77 3003004 1.9162752688E8 135.77 230 5 75 41860 910 13650
164700.0 16452 1052869.66 135.77 3019456 1.9268039654E8 135.77 230 5 75 42090 915 13725
165600.0 16452 1052612.99 135.77 3035908 1.9373300954E8 135.77 230 5 75 42320 920 13800
166500.0 16566 1054104.88 135.77 3052474 1.9478711441E8 135.77 230 5 75 42550 925 13875
167400.0 16528 1052779.24 135.77 3069002 1.9583989365E8 135.77 230 5 75 42780 930 13950
168300.0 16452 1052869.66 135.77 3085454 1.9689276331E8 135.77 230 5 75 43010 935 14025
169200.0 16452 1052612.99 135.77 3101906 1.9794537631E8 135.77 230 5 75 43240 940 14100
170100.0 16566 1053129.09 135.77 3118472 1.989985054E8 135.77 230 5 75 43470 945 14175
171000.0 16528 1052823.72 135.77 3135000 2.0005132912E8 135.77 230 5 75 43700 950 14250
171900.0 16452 1052869.66 135.77 3151452 2.0110419879E8 135.77 230 5 75 43930 955 14325
172800.0 16452 1052612.99 135.77 3167904 2.0215681178E8 135.77 230 5 75 44160 960 14400
173700.0 16566 1053129.09 135.77 3184470 2.0320994088E8 135.77 230 5 75 44390 965 14475
174600.0 16528 1052779.24 135.77 3200998 2.0426272011E8 135.77 230 5 75 44620 970 14550
175500.0 16452 1052869.66 135.77 3217450 2.0531558977E8 135.77 230 5 75 44850 975 14625
176400.0 16452 1052612.99 135.77 3233902 2.0636820277E8 135.77 230 5 75 45080 980 14700
177300.0 16566 1053129.09 135.77 3250468 2.0742133186E8 135.77 230 5 75 45310 985 14775
178200.0 16528 1052779.24 135.77 3266996 2.084741111E8 135.77 230 5 75 45540 990 14850
179100.0 16452 1052869.66 135.77 3283448 2.0952698076E8 135.77 230 5 75 45770 995 14925
180000.0 16452 1052612.99 135.77 3299900 2.1057959376E8 135.77 230 5 75 46000 1000 15000
180900.0 16566 1053129.09 135.77 3316466 2.1163272285E8 135.77 230 5 75 46230 1005 15075
181800.0 16528 1052779.24 135.77 3332994 2.1268550209E8 135.77 230 5 75 46460 1010 15150
182700.0 16452 1052869.66 135.77 3349446 2.1373837175E8 135.77 230 5 75 46690 1015 15225
183600.0 16452 1052612.99 135.77 3365898 2.1479098474E8 135.77 230 5 75 46920 1020 15300
184500.0 16566 1053129.09 135.77 3382464 2.1584411384E8 135.77 230 5 75 47150 1025 15375
185400.0 16528 1052779.24 135.77 3398992 2.1689689307E8 135.77 230 5 75 47380 1030 15450
186300.0 16452 1052869.66 135.77 3415444 2.1794976274E8 135.77 230 5 75 47610 1035 15525
187200.0 16452 1052612.99 135.77 3431896 2.1900237573E8 135.77 230 5 75 47840 1040 15600
188100.0 16566 1053129.09 135.77 3448462 2.2005550483E8 135.77 230 5 75 48070 1045 15675
189000.0 16528 1052779.24 135.77 3464990 2.2110828406E8 135.77 230 5 75 48300 1050 15750
189900.0 16452 1052869.66 135.77 3481442 2.2216115372E8 135.77 230 5 75 48530 1055 15825
190800.0 16452 1052612.99 135.77 3497894 2.2321376672E8 135.77 230 5 75 48760 1060 15900
191700.0 16566 1053129.09 135.77 3514460 2.2426689581E8 135.77 230 5 75 48990 1065 15975
192600.0 16528 1052779.24 135.77 3530988 2.2531967505E8 135.77 230 5 75 49220 1070 16050
193500.0 16452 1052869.66 135.77 3547440 2.2637254471E8 135.77 230 5 75 49450 1075 16125
194400.0 16452 1052612.99 135.77 3563892 2.2742515771E8 135.77 230 5 75 49680 1080 16200
195300.0 16566 1053129.09 135.77 3580458 2.284782868E8 135.77 230 5 75 49910 1085 16275
196200.0 16528 1052779.24 135.77 3596986 2.2953106604E8 135.77 230 5 75 50140 1090 16350
197100.0 16452 1052869.66 135.77 3613438 2.305839357E8 135.77 230 5 75 50370 1095 16425
198000.0 16452 1052612.99 135.77 3629890 2.3163654869E8 135.77 230 5 75 50600 1100 16500
198900.0 16566 1053129.09 135.77 3646456 2.3268967779E8 135.77 230 5 75 50830 1105 16575
199800.0 16528 1052779.24 135.77 3662984 2.3374245702E8 135.77 230 5 75 51060 1110 16650
200700.0 16452 1052869.66 135.77 3679436 2.3479532669E8 135.77 230 5 75 51290 1115 16725
201600.0 16452 1052612.99 135.77 3695888 2.3584793968E8 135.77 230 5 75 51520 1120 16800
202500.0 16566 1053129.09 135.77 3712454 2.3690106878E8 135.77 230 5 75 51750 1125 16875
203400.0 16528 1052779.24 135.77 3728982 2.3795384801E8 135.77 230 5 75 51980 1130 16950
204300.0 16452 1052869.66 135.77 3745434 2.3900671767E8 135.77 230 5 75 52210 1135 17025
205200.0 16452 1052612.99 135.77 3761886 2.4005933067E8 135.77 230 5 75 52440 1140 17100
206100.0 16566 1053129.09 135.77 3778452 2.4111245976E8 135.77 230 5 75 52670 1145 17175
207000.0 16528 1052779.24 135.77 3794980 2.42165239E8 135.77 230 5 75 52900 1150 17250
207900.0 16452 1052869.66 135.77 3811432 2.4321810866E8 135.77 230 5 75 53130 1155 17325
208800.0 16452 1052612.99 135.77 3827884 2.4427072166E8 135.77 230 5 75 53360 1160 17400
209700.0 16566 1053129.09 135.77 3844450 2.4532385075E8 135.77 230 5 75 53590 1165 17475
210600.0 16528 1052779.24 135.77 3860978 2.4637662999E8 135.77 230 5 75 53820 1170 17550
211500.0 16452 1052869.66 135.77 3877430 2.4742949965E8 135.77 230 5 75 54050 1175 17625
212400.0 16452 1052612.99 135.77 3893882 2.4848211264E8 135.77 230 5 75 54280 1180 17700
213300.0 16566 1053129.09 135.77 3910448 2.4953524174E8 135.77 230 5 75 54510 1185 17775
214200.0 16528 1052779.24 135.77 3926976 2.5058802098E8 135.77 230 5 75 54740 1190 17850
215100.0 16452 1052869.66 135.77 3943428 2.5164089064E8 135.77 230 5 75 54970 1195 17925
216000.0 16452 1052612.99 135.77 3959880 2.5269350363E8 135.77 230 5 75 55200 1200 18000
216900.0 16566 1053129.09 135.77 3976446 2.5374663273E8 135.77 230 5 75 55430 1205 18075
217800.0 16528 1052779.24 135.77 3992974 2.5479941196E8 135.77 230 5 75 55660 1210 18150
218700.0 16452 1052869.66 135.77 4009426 2.5585228162E8 135.77 230 5 75 55890 1215 18225
219600.0 16452 1052612.99 135.77 4025878 2.5690489462E8 135.77 230 5 75 56120 1220 18300
220500.0 16566 1053129.09 135.77 4042444 2.5795802371E8 135.77 230 5 75 56350 1225 18375
221400.0 16528 1052779.24 135.77 4058972 2.5901080295E8 135.77 230 5 75 56580 1230 18450
222300.0 16452 1052869.66 135.77 4075424 2.6006367261E8 135.77 230 5 75 56810 1235 18525
223200.0 16452 1052612.99 135.77 4091876 2.6111628561E8 135.77 230 5 75 57040 1240 18600
224100.0 16566 1053129.09 135.77 4108442 2.621694147E8 135.77 230 5 75 57270 1245 18675
225000.0 16528 1052779.24 135.77 4124970 2.6322219394E8 135.77 230 5 75 57500 1250 18750
225900.0 16452 1052869.66 135.77 4141422 2.642750636E8 135.77 230 5 75 57730 1255 18825
226800.0 16452 1052612.99 135.77 4157874 2.6532767659E8 135.77 230 5 75 57960 1260 18900
227700.0 16566 1053129.09 135.77 4174440 2.6638080569E8 135.77 230 5 75 58190 1265 18975
228600.0 16528 1052779.24 135.77 4190968 2.6743358492E8 135.77 230 5 75 58420 1270 19050
229500.0 16452 1052869.66 135.77 4207420 2.6848645459E8 135.77 230 5 75 58650 1275 19125
230400.0 16452 1052612.99 135.77 4223872 2.6953906758E8 135.77 230 5 75 58880 1280 19200
231300.0 16566 1053129.09 135.77 4240438 2.7059219668E8 135.77 230 5 75 59110 1285 19275
232200.0 16528 1052779.24 135.77 4256966 2.7164497591E8 135.77 230 5 75 59340 1290 19350
233100.0 16452 1052869.66 135.77 4273418 2.7269784557E8 135.77 230 5 75 59570 1295 19425
234000.0 16452 1052612.99 135.77 4289870 2.7375045857E8 135.77 230 5 75 59800 1300 19500
234900.0 16566 1053129.09 135.77 4306436 2.7480358766E8 135.77 230 5 75 60030 1305 19575
235800.0 16528 1052779.24 135.77 4322964 2.758563669E8 135.77 230 5 75 60260 1310 19650
236700.0 16452 1052869.66 135.77 4339416 2.7690923656E8 135.77 230 5 75 60490 1315 19725
237600.0 16452 1052612.99 135.77 4355868 2.7796184956E8 135.77 230 5 75 60720 1320 19800
238500.0 16566 1053129.09 135.77 4372434 2.7901497865E8 135.77 230 5 75 60950 1325 19875
239400.0 16528 1052779.24 135.77 4388962 2.8006775789E8 135.77 230 5 75 61180 1330 19950
240300.0 16452 1052869.66 135.77 4405414 2.8112062755E8 135.77 230 5 75 61410 1335 20025
241200.0 16452 1052612.99 135.77 4421866 2.8217324054E8 135.77 230 5 75 61640 1340 20100
242100.0 16566 1053129.09 135.77 4438432 2.8322636964E8 135.77 230 5 75 61870 1345 20175
243000.0 16528 1052779.24 135.77 4454960 2.8427914887E8 135.77 230 5 75 62100 1350 20250
243900.0 16452 1052869.66 135.77 4471412 2.8533201854E8 135.77 230 5 75 62330 1355 20325
244800.0 16452 1052612.99 135.77 4487864 2.8638463153E8 135.77 230 5 75 62560 1360 20400
245700.0 16566 1053129.09 135.77 4504430 2.8743776063E8 135.77 230 5 75 62790 1365 20475
246600.0 16528 1052779.24 135.77 4520958 2.8849053986E8 135.77 230 5 75 63020 1370 20550
247500.0 16452 1052869.66 135.77 4537410 2.8954340952E8 135.77 230 5 75 63250 1375 20625
248400.0 16452 1052612.99 135.77 4553862 2.9059602252E8 135.77 230 5 75 63480 1380 20700
249300.0 16566 1053129.1 135.77 4570428 2.9164915162E8 135.77 230 5 75 63710 1385 20775
250200.0 16528 1052779.24 135.77 4586956 2.9270193085E8 135.77 230 5 75 63940 1390 20850
251100.0 16452 1052869.66 135.77 4603408 2.9375480052E8 135.77 230 5 75 64170 1395 20925
252000.0 16452 1052612.99 135.77 4619860 2.9480741351E8 135.77 230 5 75 64400 1400 21000
252900.0 16566 1053129.1 135.77 4636426 2.9586054261E8 135.77 230 5 75 64630 1405 21075
253800.0 16528 1052779.24 135.77 4652954 2.9691332185E8 135.77 230 5 75 64860 1410 21150
254700.0 16452 1052869.66 135.77 4669406 2.9796619151E8 135.77 230 5 75 65090 1415 21225
255600.0 16452 1052612.99 135.77 4685858 2.990188045E8 135.77 230 5 75 65320 1420 21300
256500.0 16566 1053129.1 135.77 4702424 3.000719336E8 135.77 230 5 75 65550 1425 21375
257400.0 16528 1052779.24 135.77 4718952 3.0112471284E8 135.77 230 5 75 65780 1430 21450
258300.0 16452 1052869.66 135.77 4735404 3.021775825E8 135.77 230 5 75 66010 1435 21525
259200.0 16452 1052612.99 135.77 4751856 3.0323019549E8 135.77 230 5 75 66240 1440 21600
260100.0 16566 1053129.1 135.77 4768422 3.0428332459E8 135.77 230 5 75 66470 1445 21675
261000.0 16528 1052779.24 135.77 4784950 3.0533610383E8 135.77 230 5 75 66700 1450 21750
261900.0 16452 1052869.66 135.77 4801402 3.0638897349E8 135.77 230 5 75 66930 1455 21825
262800.0 16452 1052612.99 135.77 4817854 3.0744158649E8 135.77 230 5 75 67160 1460 21900
263700.0 16566 1054104.88 135.77 4834420 3.0849569136E8 135.77 230 5 75 67390 1465 21975
264600.0 16528 1052779.24 135.77 4850948 3.095484706E8 135.77 230 5 75 67620 1470 22050
265500.0 16452 1052869.66 135.77 4867400 3.1060134026E8 135.77 230 5 75 67850 1475 22125
266400.0 16452 1052612.99 135.77 4883852 3.1165395325E8 135.77 230 5 75 68080 1480 22200
267300.0 16566 1053129.1 135.77 4900418 3.1270708235E8 135.77 230 5 75 68310 1485 22275
268200.0 16528 1052823.72 135.77 4916946 3.1375990607E8 135.77 230 5 75 68540 1490 22350
269100.0 16452 1052869.66 135.77 4933398 3.1481277574E8 135.77 230 5 75 68770 1495 22425
270000.0 16452 1052612.99 135.77 4949850 3.1586538873E8 135.77 230 5 75 69000 1500 22500
270900.0 16566 1054104.88 135.77 4966416 3.1691949361E8 135.77 230 5 75 69230 1505 22575
271800.0 16528 1052779.24 135.77 4982944 3.1797227285E8 135.77 230 5 75 69460 1510 22650
272700.0 16452 1052869.66 135.77 4999396 3.1902514251E8 135.77 230 5 75 69690 1515 22725
273600.0 16452 1052612.99 135.77 5015848 3.200777555E8 135.77 230 5 75 69920 1520 22800
274500.0 16566 1053129.1 135.77 5032414 3.211308846E8 135.77 230 5 75 70150 1525 22875
275400.0 16528 1052823.72 135.77 5048942 3.2218370832E8 135.77 230 5 75 70380 1530 22950
276300.0 16452 1052869.66 135.77 5065394 3.2323657799E8 135.77 230 5 75 70610 1535 23025
277200.0 16452 1052612.99 135.77 5081846 3.2428919098E8 135.77 230 5 75 70840 1540 23100
278100.0 16566 1053129.1 135.77 5098412 3.2534232008E8 135.77 230 5 75 71070 1545 23175
279000.0 16528 1052779.24 135.77 5114940 3.2639509932E8 135.77 230 5 75 71300 1550 23250
279900.0 16452 1052869.66 135.77 5131392 3.2744796898E8 135.77 230 5 75 71530 1555 23325
280800.0 16452 1052612.99 135.77 5147844 3.2850058197E8 135.77 230 5 75 71760 1560 23400
281700.0 16566 1054104.88 135.77 5164410 3.2955468685E8 135.77 230 5 75 71990 1565 23475
282600.0 16528 1052779.24 135.77 5180938 3.3060746609E8 135.77 230 5 75 72220 1570 23550
283500.0 16452 1052869.66 135.77 5197390 3.3166033575E8 135.77 230 5 75 72450 1575 23625
284400.0 16452 1052612.99 135.77 5213842 3.3271294874E8 135.77 230 5 75 72680 1580 23700
285300.0 16566 1053129.1 135.77 5230408 3.3376607784E8 135.77 230 5 75 72910 1585 23775
286200.0 16528 1052823.72 135.77 5246936 3.3481890157E8 135.77 230 5 75 73140 1590 23850
287100.0 16452 1052869.66 135.77 5263388 3.3587177123E8 135.77 230 5 75 73370 1595 23925
288000.0 16452 1052612.99 135.77 5279840 3.3692438422E8 135.77 230 5 75 73600 1600 24000
288900.0 16566 1054104.88 135.77 5296406 3.379784891E8 135.77 230 5 75 73830 1605 24075
289800.0 16528 1052779.24 135.77 5312934 3.3903126834E8 135.77 230 5 75 74060 1610 24150
290700.0 16452 1052869.66 135.77 5329386 3.40084138E8 135.77 230 5 75 74290 1615 24225
291600.0 16452 1052612.99 135.77 5345838 3.4113675099E8 135.77 230 5 75 74520 1620 24300
292500.0 16566 1053129.1 135.77 5362404 3.4218988009E8 135.77 230 5 75 74750 1625 24375
293400.0 16528 1052823.72 135.77 5378932 3.4324270381E8 135.77 230 5 75 74980 1630 24450
294300.0 16452 1052869.66 135.77 5395384 3.4429557348E8 135.77 230 5 75 75210 1635 24525
295200.0 16452 1052612.99 135.77 5411836 3.4534818647E8 135.77 230 5 75 75440 1640 24600
296100.0 16566 1053129.1 135.77 5428402 3.4640131557E8 135.77 230 5 75 75670 1645 24675
297000.0 16528 1052779.24 135.77 5444930 3.4745409481E8 135.77 230 5 75 75900 1650 24750
297900.0 16452 1052869.66 135.77 5461382 3.4850696447E8 135.77 230 5 75 76130 1655 24825
298800.0 16452 1052612.99 135.77 5477834 3.4955957747E8 135.77 230 5 75 76360 1660 24900
299700.0 16566 1053129.1 135.77 5494400 3.5061270656E8 135.77 230 5 75 76590 1665 24975
300600.0 16528 1052779.24 135.77 5510928 3.516654858E8 135.77 230 5 75 76820 1670 25050
301500.0 16452 1052869.66 135.77 5527380 3.5271835546E8 135.77 230 5 75 77050 1675 25125
302400.0 16452 1052612.99 135.77 5543832 3.5377096846E8 135.77 230 5 75 77280 1680 25200
303300.0 16566 1053129.1 135.77 5560398 3.5482409755E8 135.77 230 5 75 77510 1685 25275
304200.0 16528 1052779.24 135.77 5576926 3.5587687679E8 135.77 230 5 75 77740 1690 25350
305100.0 16452 1052869.66 135.77 5593378 3.5692974645E8 135.77 230 5 75 77970 1695 25425
306000.0 16452 1052612.99 135.77 5609830 3.5798235945E8 135.77 230 5 75 78200 1700 25500
306900.0 16566 1053129.1 135.77 5626396 3.5903548854E8 135.77 230 5 75 78430 1705 25575
307800.0 16528 1052779.24 135.77 5642924 3.6008826778E8 135.77 230 5 75 78660 1710 25650
308700.0 16452 1052869.66 135.77 5659376 3.6114113744E8 135.77 230 5 75 78890 1715 25725
309600.0 16452 1052612.99 135.77 5675828 3.6219375044E8 135.77 230 5 75 79120 1720 25800
310500.0 16566 1053129.14 135.77 5692394 3.6324687957E8 135.77 230 5 75 79350 1725 25875
311400.0 16528 1052779.24 135.77 5708922 3.6429965881E8 135.77 230 5 75 79580 1730 25950
312300.0 16452 1052869.66 135.77 5725374 3.6535252847E8 135.77 230 5 75 79810 1735 26025
313200.0 16452 1052612.99 135.77 5741826 3.6640514147E8 135.77 230 5 75 80040 1740 26100
314100.0 16566 1053129.14 135.77 5758392 3.674582706E8 135.77 230 5 75 80270 1745 26175
315000.0 16528 1052779.24 135.77 5774920 3.6851104984E8 135.77 230 5 75 80500 1750 26250
315900.0 16452 1052869.66 135.77 5791372 3.695639195E8 135.77 230 5 75 80730 1755 26325
316800.0 16452 1052612.99 135.77 5807824 3.706165325E8 135.77 230 5 75 80960 1760 26400
317700.0 16566 1053129.14 135.77 5824390 3.7166966164E8 135.77 230 5 75 81190 1765 26475
318600.0 16528 1052823.72 135.77 5840918 3.7272248536E8 135.77 230 5 75 81420 1770 26550
319500.0 16452 1052869.66 135.77 5857370 3.7377535502E8 135.77 230 5 75 81650 1775 26625
320400.0 16452 1052612.99 135.77 5873822 3.7482796801E8 135.77 230 5 75 81880 1780 26700
321300.0 16566 1053129.14 135.77 5890388 3.7588109715E8 135.77 230 5 75 82110 1785 26775
322200.0 16528 1052779.24 135.77 5906916 3.7693387639E8 135.77 230 5 75 82340 1790 26850
323100.0 16452 1052869.66 135.77 5923368 3.7798674605E8 135.77 230 5 75 82570 1795 26925
324000.0 16452 1052612.99 135.77 5939820 3.7903935905E8 135.77 230 5 75 82800 1800 27000
324900.0 16566 1053129.14 135.77 5956386 3.8009248818E8 135.77 230 5 75 83030 1805 27075
325800.0 16528 1052779.24 135.77 5972914 3.8114526742E8 135.77 230 5 75 83260 1810 27150
326700.0 16452 1052869.66 135.77 5989366 3.8219813708E8 135.77 230 5 75 83490 1815 27225
327600.0 16452 1052612.99 135.77 6005818 3.8325075008E8 135.77 230 5 75 83720 1820 27300
328500.0 16566 1053129.14 135.77 6022384 3.8430387921E8 135.77 230 5 75 83950 1825 27375
329400.0 16528 1052779.24 135.77 6038912 3.8535665845E8 135.77 230 5 75 84180 1830 27450
330300.0 16452 1052869.66 135.77 6055364 3.8640952811E8 135.77 230 5 75 84410 1835 27525
331200.0 16452 1052612.99 135.77 6071816 3.8746214111E8 135.77 230 5 75 84640 1840 27600
332100.0 16566 1054104.88 135.77 6088382 3.8851624598E8 135.77 230 5 75 84870 1845 27675
333000.0 16528 1052823.72 135.77 6104910 3.8956906971E8 135.77 230 5 75 85100 1850 27750
333900.0 16452 1052869.66 135.77 6121362 3.9062193937E8 135.77 230 5 75 85330 1855 27825
334800.0 16452 1052612.99 135.77 6137814 3.9167455236E8 135.77 230 5 75 85560 1860 27900
335700.0 16566 1053129.14 135.77 6154380 3.927276815E8 135.77 230 5 75 85790 1865 27975
336600.0 16528 1052779.24 135.77 6170908 3.9378046074E8 135.77 230 5 75 86020 1870 28050
337500.0 16452 1052869.66 135.77 6187360 3.948333304E8 135.77 230 5 75 86250 1875 28125
338400.0 16452 1052612.99 135.77 6203812 3.9588594339E8 135.77 230 5 75 86480 1880 28200
339300.0 16566 1053129.14 135.77 6220378 3.9693907253E8 135.77 230 5 75 86710 1885 28275
340200.0 16528 1052823.72 135.77 6236906 3.9799189625E8 135.77 230 5 75 86940 1890 28350
341100.0 16452 1052869.66 135.77 6253358 3.9904476592E8 135.77 230 5 75 87170 1895 28425
342000.0 16452 1052612.99 135.77 6269810 4.0009737891E8 135.77 230 5 75 87400 1900 28500
342900.0 16566 1054104.88 135.77 6286376 4.0115148379E8 135.77 230 5 75 87630 1905 28575
343800.0 16528 1052779.24 135.77 6302904 4.0220426302E8 135.77 230 5 75 87860 1910 28650
344700.0 16452 1052869.66 135.77 6319356 4.0325713269E8 135.77 230 5 75 88090 1915 28725
345600.0 16452 1052612.99 135.77 6335808 4.0430974568E8 135.77 230 5 75 88320 1920 28800

