# seed = 1, gamma = 1.0, beta = 0.25, dee = 100.0, dcc = 5.0, dec = 15.0, dsc = 1000.0, dLocalhost = 0.015, hostBroker = EDGE, numOfCloud = 1, numOfEdge = 1, numOfSmartphone = 75 
#
# The columns have the following meaning: 
# instant[SECONDS] delayCountPartial delaySumPartial[SECONDS] delayMaxPartial[SECONDS] delayCountTot delaySumTot[SECONDS] delayMaxTot[SECONDS] runOnCloudPartial runOnEdgePartial runOnSmartphonePartial runOnCloudTot runOnEdgeTot runOnSmartphoneTot
0.0 0 0.0 0.0 0 0.0 0.0 0 0 0 0 0 0
900.0 16560 3.304272048E7 4121.78 16560 3.304272048E7 4121.78 225 10 75 225 10 75
1800.0 16525 8.726818627E7 7483.43 33085 1.2031090675E8 7483.43 225 10 75 450 20 150
2700.0 16452 1.4138522206E8 10844.64 49537 2.6169612881E8 10844.64 225 10 75 675 30 225
3600.0 16452 1.9562446191E8 14205.85 65989 4.5732059072E8 14205.85 225 10 75 900 40 300
4500.0 16568 2.5083259769E8 17567.06 82557 7.0815318841E8 17567.06 225 10 75 1125 50 375
5400.0 16524 3.0478847932E8 20928.84 99081 1.01294166773E9 20928.84 225 10 75 1350 60 450
6300.0 16452 3.5842105007E8 24290.05 115533 1.3713627178E9 24290.05 225 10 75 1575 70 525
7200.0 16452 4.1266028992E8 27651.26 131985 1.78402300772E9 27651.26 225 10 75 1800 80 600
8100.0 16560 4.6856540866E8 31012.47 148545 2.25258841638E9 31012.47 225 10 75 2025 90 675
9000.0 16525 5.2230216204E8 34373.68 165070 2.77489057841E9 34373.68 225 10 75 2250 100 750
9900.0 16452 5.754521516E8 37735.46 181522 3.35034273002E9 37735.46 225 10 75 2475 110 825
10800.0 16452 6.296961182E8 41096.67 197974 3.98003884821E9 41096.67 225 10 75 2700 120 900
11700.0 16560 6.8635637639E8 44457.88 214534 4.6663952246E9 44457.88 225 10 75 2925 130 975
12600.0 16524 7.3982365244E8 47819.09 231058 5.40621887704E9 47819.09 225 10 75 3150 140 1050
13500.0 16452 7.9248343554E8 51180.3 247510 6.19870231258E9 51180.3 225 10 75 3375 150 1125
14400.0 16452 8.467272226E8 54542.07 263962 7.04542953518E9 54542.07 225 10 75 3600 160 1200
15300.0 16560 9.0408916063E8 57903.29 280522 7.94951869581E9 57903.29 225 10 75 3825 170 1275
16200.0 16524 9.573418882E8 61264.51 297046 8.90686058401E9 61264.51 225 10 75 4050 180 1350
17100.0 16452 1.00951926382E9 64625.71 313498 9.91637984783E9 64625.71 225 10 75 4275 190 1425
18000.0 16452 1.06376115284E9 67987.26 329950 1.098014100066E10 67987.26 225 10 75 4500 200 1500
18900.0 16560 1.12184912472E9 71348.69 346510 1.210199012538E10 71348.69 225 10 75 4725 210 1575
19800.0 16524 1.17486169083E9 74709.91 363034 1.327685181621E10 74709.91 225 10 75 4950 220 1650
20700.0 16452 1.22655504075E9 78071.12 379486 1.450340685696E10 78071.12 225 10 75 5175 230 1725
21600.0 16461 1.28079428061E9 81432.33 395947 1.578420113757E10 81432.33 225 10 75 5400 240 1800
22500.0 16560 1.33960811597E9 84794.1 412507 1.712380925354E10 84794.1 225 10 75 5625 250 1875
23400.0 16524 1.39238156291E9 88155.32 429031 1.851619081645E10 88155.32 225 10 75 5850 260 1950
24300.0 16452 1.44359086903E9 91516.53 445483 1.995978168548E10 91516.53 225 10 75 6075 270 2025
25200.0 16452 1.49783010888E9 94877.74 461935 2.145761179437E10 94877.74 225 10 75 6300 280 2100
26100.0 16561 1.55739456272E9 98238.95 478496 2.301500635708E10 98238.95 225 10 75 6525 290 2175
27000.0 16524 1.60989668738E9 101600.73 495020 2.462490304446E10 101600.73 225 10 75 6750 300 2250
27900.0 16452 1.66062669763E9 104961.94 511472 2.628552974209E10 104961.94 225 10 75 6975 310 2325
28800.0 16452 1.71486593749E9 108323.15 527924 2.800039567958E10 108323.15 225 10 75 7200 320 2400
29700.0 16560 1.77512733832E9 111684.36 544484 2.977552301789E10 111684.36 225 10 75 7425 330 2475
30600.0 16524 1.82741198912E9 115045.57 561008 3.160293500701E10 115045.57 225 10 75 7650 340 2550
31500.0 16452 1.87765779964E9 118407.35 577460 3.348059280666E10 118407.35 225 10 75 7875 350 2625
32400.0 16452 1.93190176624E9 121768.56 593912 3.541249457289E10 121768.56 225 10 75 8100 360 2700
33300.0 16560 1.99288921028E9 125129.77 610472 3.740538378317E10 125129.77 225 10 75 8325 370 2775
34200.0 16524 2.04493186173E9 128490.98 626996 3.94503156449E10 128490.98 225 10 75 8550 380 2850
35100.0 16452 2.09469303173E9 131852.68 643448 4.154500867663E10 131852.68 225 10 75 8775 390 2925
36000.0 16453 2.14893695807E9 135213.97 659901 4.369394563471E10 135213.97 225 10 75 9000 400 3000
36900.0 16560 2.21065106046E9 138575.18 676461 4.590459669516E10 138575.18 225 10 75 9225 410 3075
37800.0 16524 2.26245169459E9 141936.39 692985 4.816704838975E10 141936.39 225 10 75 9450 420 3150
38700.0 16460 2.31172488229E9 145297.6 709445 5.047877327204E10 145297.6 225 10 75 9675 430 3225
39600.0 16452 2.36596866935E9 148659.37 725897 5.284474194139E10 148659.37 225 10 75 9900 440 3300
40500.0 16560 2.42841294158E9 152020.59 742457 5.527315488297E10 152020.59 225 10 75 10125 450 3375
41400.0 16524 2.47997155831E9 155381.8 758981 5.775312644128E10 155381.8 225 10 75 10350 460 3450
42300.0 16452 2.5287607112E9 158743.01 775433 6.028188715248E10 158743.01 225 10 75 10575 470 3525
43200.0 16453 2.58299995105E9 162104.22 791886 6.286488710353E10 162104.22 225 10 75 10800 480 3600
44100.0 16560 2.64617006854E9 165465.99 808446 6.551105717206E10 165465.99 225 10 75 11025 490 3675
45000.0 16524 2.69749142203E9 168827.22 824970 6.820854859409E10 168827.22 225 10 75 11250 500 3750
45900.0 16452 2.74579654017E9 172188.42 841422 7.095434513426E10 172188.42 225 10 75 11475 510 3825
46800.0 16452 2.80003578002E9 175549.63 857874 7.375438091428E10 175549.63 225 10 75 11700 520 3900
47700.0 16560 2.86395651598E9 178910.84 874434 7.661833743026E10 178910.84 225 10 75 11925 530 3975
48600.0 16524 2.91500653797E9 182272.62 890958 7.953334396823E10 182272.62 225 10 75 12150 540 4050
49500.0 16452 2.96283236924E9 185633.84 907410 8.249617633747E10 185633.84 225 10 75 12375 550 4125
50400.0 16452 3.01707160909E9 188995.04 923862 8.551324794656E10 188995.04 225 10 75 12600 560 4200
51300.0 16560 3.08168928306E9 192356.25 940422 8.859493722962E10 192356.25 225 10 75 12825 570 4275
52200.0 16524 3.13252641085E9 195718.03 956946 9.172746364047E10 195718.03 225 10 75 13050 580 4350
53100.0 16452 3.17986819832E9 199079.25 973398 9.490733183879E10 199079.25 225 10 75 13275 590 4425
54000.0 16452 3.23410743817E9 202440.45 989850 9.814143927696E10 202440.45 225 10 75 13500 600 4500
54900.0 16560 3.29945116435E9 205801.66 1006410 1.0144089044131E11 205801.66 225 10 75 13725 610 4575
55800.0 16533 3.35004172186E9 209162.88 1022943 1.0479093216316E11 209162.88 225 10 75 13950 620 4650
56700.0 16452 3.39689930059E9 212524.65 1039395 1.0818783146376E11 212524.65 225 10 75 14175 630 4725
57600.0 16452 3.45114326719E9 215885.86 1055847 1.1163897473095E11 215885.86 225 10 75 14400 640 4800
58500.0 16560 3.51721304558E9 219247.07 1072407 1.1515618777653E11 219247.07 225 10 75 14625 650 4875
59400.0 16524 3.56756158569E9 222608.29 1088931 1.1872374936221E11 222608.29 225 10 75 14850 660 4950
60300.0 16453 3.61393058528E9 225969.49 1105384 1.2233767994749E11 225969.49 225 10 75 15075 670 5025
61200.0 16452 3.66817437234E9 229331.27 1121836 1.2600585431983E11 229331.27 225 10 75 15300 680 5100
62100.0 16560 3.73497492681E9 232692.48 1138396 1.2974082924664E11 232692.48 225 10 75 15525 690 5175
63000.0 16524 3.78508144951E9 236053.7 1154920 1.3352591069615E11 236053.7 225 10 75 15750 700 5250
63900.0 16452 3.8309664143E9 239414.91 1171372 1.3735687711045E11 239414.91 225 10 75 15975 710 5325
64800.0 16452 3.88520628565E9 242776.19 1187824 1.412420833961E11 242776.19 225 10 75 16200 720 5400
65700.0 16560 3.95276179906E9 246137.88 1204384 1.4519484519516E11 246137.88 225 10 75 16425 730 5475
66600.0 16524 4.00260128724E9 249499.11 1220908 1.4919744648239E11 249499.11 225 10 75 16650 740 5550
67500.0 16452 4.04800221727E9 252860.32 1237360 1.5324544869966E11 252860.32 225 10 75 16875 750 5625
68400.0 16452 4.10224145712E9 256221.52 1253812 1.5734769015678E11 256221.52 225 10 75 17100 760 5700
69300.0 16561 4.17049390898E9 259583.29 1270373 1.6151818406576E11 259583.29 225 10 75 17325 770 5775
70200.0 16524 4.22012114206E9 262944.52 1286897 1.6573830520783E11 262944.52 225 10 75 17550 780 5850
71100.0 16452 4.26503804629E9 266305.73 1303349 1.7000334325412E11 266305.73 225 10 75 17775 790 5925
72000.0 16452 4.31927728614E9 269666.93 1319801 1.7432262054026E11 269666.93 225 10 75 18000 800 6000
72900.0 16568 4.38825124227E9 273028.14 1336369 1.7871087178253E11 273028.14 225 10 75 18225 810 6075
73800.0 16524 4.43763627595E9 276389.92 1352893 1.8314850805849E11 276389.92 225 10 75 18450 820 6150
74700.0 16452 4.48207387532E9 279751.14 1369345 1.876305819338E11 279751.14 225 10 75 18675 830 6225
75600.0 16452 4.53631311517E9 283112.34 1385797 1.9216689504897E11 283112.34 225 10 75 18900 840 6300
76500.0 16560 4.60604222871E9 286473.55 1402357 1.9677293727768E11 286473.55 225 10 75 19125 850 6375
77400.0 16525 4.65515158696E9 289834.77 1418882 2.0142808886464E11 289834.77 225 10 75 19350 860 6450
78300.0 16452 4.69910497759E9 293196.54 1435334 2.0612719384223E11 293196.54 225 10 75 19575 870 6525
79200.0 16452 4.75334894419E9 296557.76 1451786 2.1088054278642E11 296557.76 225 10 75 19800 880 6600
80100.0 16560 4.82377499573E9 299918.96 1468346 2.1570431778215E11 299918.96 225 10 75 20025 890 6675
81000.0 16524 4.87267307811E9 303280.18 1484870 2.2057699086026E11 303280.18 225 10 75 20250 900 6750
81900.0 16452 4.91613823791E9 306641.64 1501322 2.2549312909817E11 306641.64 225 10 75 20475 910 6825
82800.0 16452 4.97038223489E9 310003.16 1517774 2.3046351133306E11 310003.16 225 10 75 20700 920 6900
83700.0 16560 5.04156594841E9 313364.37 1534334 2.3550507728147E11 313364.37 225 10 75 20925 930 6975
84600.0 16524 5.09019126292E9 316725.59 1550858 2.4059526854438E11 316725.59 225 10 75 21150 940 7050
85500.0 16452 5.13317203966E9 320086.79 1567310 2.4572844058404E11 320086.79 225 10 75 21375 950 7125
86400.0 16453 5.18741582672E9 323448.57 1583763 2.5091585641076E11 323448.57 225 10 75 21600 960 7200
87300.0 16560 5.25929869738E9 326809.78 1600323 2.5617515510814E11 326809.78 225 10 75 21825 970 7275
88200.0 16524 5.30771274501E9 330171.0 1616847 2.6148286785315E11 330171.0 225 10 75 22050 980 7350
89100.0 16452 5.35020786863E9 333532.21 1633299 2.6683307572178E11 333532.21 225 10 75 22275 990 7425
90000.0 16460 5.40444710848E9 336893.41 1649759 2.7223752283025E11 336893.41 225 10 75 22500 1000 7500
90900.0 16560 5.47708495824E9 340255.18 1666319 2.7771460778849E11 340255.18 225 10 75 22725 1010 7575
91800.0 16524 5.52523098152E9 343616.41 1682843 2.8323983877001E11 343616.41 225 10 75 22950 1020 7650
92700.0 16452 5.56724369765E9 346977.62 1699295 2.8880708246766E11 346977.62 225 10 75 23175 1030 7725
93600.0 16452 5.6214829375E9 350338.82 1715747 2.9442856540516E11 350338.82 225 10 75 23400 1040 7800
94500.0 16561 5.69481316669E9 353700.03 1732308 3.0012337857185E11 353700.03 225 10 75 23625 1050 7875
95400.0 16524 5.74274773394E9 357061.81 1748832 3.0586612630579E11 357061.81 225 10 75 23850 1060 7950
96300.0 16452 5.78427952667E9 360423.03 1765284 3.1165040583246E11 360423.03 225 10 75 24075 1070 8025
97200.0 16452 5.83851876652E9 363784.23 1781736 3.1748892459898E11 363784.23 225 10 75 24300 1080 8100
98100.0 16560 5.91257504793E9 367145.44 1798296 3.2340149964691E11 367145.44 225 10 75 24525 1090 8175
99000.0 16524 5.96026483728E9 370507.09 1814820 3.2936176448419E11 370507.09 225 10 75 24750 1100 8250
99900.0 16452 6.00131425059E9 373868.44 1831272 3.3536307873478E11 373868.44 225 10 75 24975 1110 8325
100800.0 16452 6.05555455893E9 377229.64 1847724 3.4141863329371E11 377229.64 225 10 75 25200 1120 8400
101700.0 16560 6.13033689242E9 380590.85 1864284 3.4754897018613E11 380590.85 225 10 75 25425 1130 8475
102600.0 16524 6.17778125355E9 383952.07 1880808 3.5372675143968E11 383952.07 225 10 75 25650 1140 8550
103500.0 16453 6.21834642136E9 387313.84 1897261 3.5994509786103E11 387313.84 225 10 75 25875 1150 8625
104400.0 16452 6.27259038795E9 390675.06 1913713 3.6621768824898E11 390675.06 225 10 75 26100 1160 8700
105300.0 16560 6.34809878265E9 394036.26 1930273 3.7256578703164E11 394036.26 225 10 75 26325 1170 8775
106200.0 16524 6.39530110838E9 397397.48 1946797 3.7896108814001E11 397397.48 225 10 75 26550 1180 8850
107100.0 16460 6.43537770604E9 400758.69 1963257 3.8539646584605E11 400758.69 225 10 75 26775 1190 8925
108000.0 16452 6.4896214931E9 404120.46 1979709 3.9188608733915E11 404120.46 225 10 75 27000 1200 9000
108900.0 16560 6.56586065489E9 407481.67 1996269 3.9845194799404E11 407481.67 225 10 75 27225 1210 9075
109800.0 16524 6.61282098126E9 410842.89 2012793 4.050647689753E11 410842.89 225 10 75 27450 1220 9150
110700.0 16452 6.65241353517E9 414204.1 2029245 4.1171718251047E11 414204.1 225 10 75 27675 1230 9225
111600.0 16453 6.70665281969E9 417565.3 2045698 4.1842383533016E11 417565.3 225 10 75 27900 1240 9300
112500.0 16560 6.78361780007E9 420927.08 2062258 4.2520745313023E11 420927.08 225 10 75 28125 1250 9375
113400.0 16524 6.8303408362E9 424288.3 2078782 4.3203779396643E11 424288.3 225 10 75 28350 1260 9450
114300.0 16452 6.86944936431E9 427649.51 2095234 4.3890724333073E11 427649.51 225 10 75 28575 1270 9525
115200.0 16452 6.92368860417E9 431010.71 2111686 4.458309319349E11 431010.71 225 10 75 28800 1280 9600
116100.0 16560 7.00137960567E9 434372.48 2128246 4.5283231154057E11 434372.48 225 10 75 29025 1290 9675
117000.0 16524 7.04786070812E9 437733.71 2144770 4.5988017224869E11 437733.71 225 10 75 29250 1300 9750
117900.0 16452 7.08648519348E9 441094.92 2161222 4.6696665744217E11 441094.92 225 10 75 29475 1310 9825
118800.0 16452 7.14072443335E9 444456.13 2177674 4.7410738187552E11 444456.13 225 10 75 29700 1320 9900
119700.0 16560 7.21913701489E9 447817.33 2194234 4.8132651889042E11 447817.33 225 10 75 29925 1330 9975
120600.0 16524 7.26537582522E9 451179.11 2210758 4.8859189471564E11 451179.11 225 10 75 30150 1340 10050
121500.0 16452 7.30352102266E9 454540.33 2227210 4.958954157383E11 454540.33 225 10 75 30375 1350 10125
122400.0 16452 7.35776026253E9 457901.54 2243662 5.0325317600083E11 457901.54 225 10 75 30600 1360 10200
123300.0 16560 7.43689887828E9 461262.74 2260222 5.1069007487911E11 461262.74 225 10 75 30825 1370 10275
124200.0 16533 7.48289114539E9 464623.96 2276755 5.181729660245E11 464623.96 225 10 75 31050 1380 10350
125100.0 16452 7.5205521251E9 467985.73 2293207 5.2569351814961E11 467985.73 225 10 75 31275 1390 10425
126000.0 16452 7.5747960917E9 471346.95 2309659 5.3326831424131E11 471346.95 225 10 75 31500 1400 10500
126900.0 16560 7.65466076867E9 474708.16 2326219 5.4092297500998E11 474708.16 225 10 75 31725 1410 10575
127800.0 16524 7.70041100938E9 478069.37 2342743 5.4862338601936E11 478069.37 225 10 75 31950 1420 10650
128700.0 16453 7.73758360785E9 481430.6 2359196 5.5636096962721E11 481430.6 225 10 75 32175 1430 10725
129600.0 16452 7.79182731234E9 484792.35 2375648 5.6415279693955E11 484792.35 225 10 75 32400 1440 10800
130500.0 16560 7.87242265262E9 488153.57 2392208 5.7202521959217E11 488153.57 225 10 75 32625 1450 10875
131400.0 16524 7.91793085793E9 491514.78 2408732 5.7994315045011E11 491514.78 225 10 75 32850 1460 10950
132300.0 16452 7.95461923271E9 494875.99 2425184 5.8789776968281E11 494875.99 225 10 75 33075 1470 11025
133200.0 16452 8.00886301978E9 498237.76 2441636 5.9590663270259E11 498237.76 225 10 75 33300 1480 11100
134100.0 16560 8.09018452501E9 501598.98 2458196 6.039968172276E11 501598.98 225 10 75 33525 1490 11175
135000.0 16524 8.13545073092E9 504960.19 2474720 6.1213226795852E11 504960.19 225 10 75 33750 1500 11250
135900.0 16452 8.17165506189E9 508321.4 2491172 6.203039230204E11 508321.4 225 10 75 33975 1510 11325
136800.0 16452 8.22589430175E9 511682.61 2507624 6.2852981732215E11 511682.61 225 10 75 34200 1520 11400
137700.0 16561 8.30794165224E9 515044.38 2524185 6.3683775897439E11 515044.38 225 10 75 34425 1530 11475
138600.0 16524 8.3529705859E9 518405.6 2540709 6.451907295603E11 518405.6 225 10 75 34650 1540 11550
139500.0 16452 8.38869089106E9 521766.81 2557161 6.5357942045136E11 521766.81 225 10 75 34875 1550 11625
140400.0 16452 8.44293013093E9 525128.02 2573613 6.6202235058229E11 525128.02 225 10 75 35100 1560 11700
141300.0 16568 8.5256989857E9 528489.23 2590181 6.7054804956798E11 528489.23 225 10 75 35325 1570 11775
142200.0 16524 8.57048571995E9 531851.01 2606705 6.7911853528794E11 531851.01 225 10 75 35550 1580 11850
143100.0 16452 8.60572672024E9 535212.22 2623157 6.8772426200818E11 535212.22 225 10 75 35775 1590 11925
144000.0 16452 8.65996596011E9 538573.43 2639609 6.9638422796828E11 538573.43 225 10 75 36000 1600 12000
144900.0 16561 8.74346086708E9 541934.64 2656170 7.0512768883537E11 541934.64 225 10 75 36225 1610 12075
145800.0 16524 8.78800251463E9 545296.05 2672694 7.1391569134999E11 545296.05 225 10 75 36450 1620 12150
146700.0 16452 8.82275948176E9 548657.63 2689146 7.2273845083176E11 548657.63 225 10 75 36675 1630 12225
147600.0 16452 8.87700175488E9 552018.84 2705598 7.3161545258664E11 552018.84 225 10 75 36900 1640 12300
148500.0 16560 8.96122271396E9 555380.05 2722158 7.4057667530059E11 555380.05 225 10 75 37125 1650 12375
149400.0 16524 9.00552086063E9 558741.26 2738682 7.4958219616122E11 558741.26 225 10 75 37350 1660 12450
150300.0 16452 9.03979361746E9 562103.04 2755134 7.5862198977868E11 562103.04 225 10 75 37575 1670 12525
151200.0 16452 9.09403758406E9 565464.25 2771586 7.6771602736274E11 565464.25 225 10 75 37800 1680 12600
152100.0 16560 9.17898458634E9 568825.46 2788146 7.7689501194909E11 568825.46 225 10 75 38025 1690 12675
153000.0 16524 9.22304071567E9 572186.67 2804670 7.8611805266475E11 572186.67 225 10 75 38250 1700 12750
153900.0 16452 9.25682490235E9 575547.88 2821122 7.9537487756711E11 575547.88 225 10 75 38475 1710 12825
154800.0 16453 9.31106868943E9 578909.65 2837575 8.0468594625653E11 578909.65 225 10 75 38700 1720 12900
155700.0 16560 9.39674647679E9 582270.87 2854135 8.1408269273332E11 582270.87 225 10 75 38925 1730 12975
156600.0 16524 9.44056058871E9 585632.08 2870659 8.2352325332202E11 585632.08 225 10 75 39150 1740 13050
157500.0 16452 9.47386073153E9 588993.29 2887111 8.3299711405356E11 588993.29 225 10 75 39375 1750 13125
158400.0 16460 9.5280999714E9 592354.5 2903571 8.4252521402496E11 592354.5 225 10 75 39600 1760 13200
159300.0 16560 9.61453271986E9 595716.27 2920131 8.5213974674481E11 595716.27 225 10 75 39825 1770 13275
160200.0 16524 9.65808044369E9 599077.5 2936655 8.617978271885E11 599077.5 225 10 75 40050 1780 13350
161100.0 16452 9.69089656071E9 602438.7 2953107 8.7148872374922E11 602438.7 225 10 75 40275 1790 13425
162000.0 16453 9.74513580057E9 605799.91 2969560 8.8123385954979E11 605799.91 225 10 75 40500 1800 13500
162900.0 16560 9.83226404446E9 609161.5 2986120 8.9106612359425E11 609161.5 225 10 75 40725 1810 13575
163800.0 16524 9.87560041411E9 612522.9 3002644 9.0094172400835E11 612522.9 225 10 75 40950 1820 13650
164700.0 16452 9.90793233764E9 615884.11 3019096 9.1084965634599E11 615884.11 225 10 75 41175 1830 13725
165600.0 16452 9.9621715775E9 619245.32 3035548 9.208118279235E11 619245.32 225 10 75 41400 1840 13800
166500.0 16560 1.005005187164E10 622606.53 3052108 9.3086187979514E11 622606.53 225 10 75 41625 1850 13875
167400.0 16524 1.009311538925E10 625968.31 3068632 9.4095499518439E11 625968.31 225 10 75 41850 1860 13950
168300.0 16452 1.012496816671E10 629329.52 3085084 9.510799633511E11 629329.52 225 10 75 42075 1870 14025
169200.0 16452 1.017920740657E10 632690.73 3101536 9.6125917075767E11 632690.73 225 10 75 42300 1880 14100
170100.0 16560 1.026778463872E10 636051.94 3118096 9.7152695539639E11 636051.94 225 10 75 42525 1890 14175
171000.0 16524 1.031063232763E10 639413.15 3134620 9.8183758772402E11 639413.15 225 10 75 42750 1900 14250
171900.0 16453 1.034199926904E10 642774.93 3151073 9.9217958699306E11 642774.93 225 10 75 42975 1910 14325
172800.0 16452 1.039624323564E10 646136.14 3167525 1.0025758302287E12 646136.14 225 10 75 43200 1920 14400
173700.0 16560 1.048554652E10 649497.35 3184085 1.0130613767487E12 649497.35 225 10 75 43425 1930 14475
174600.0 16524 1.052815056419E10 652858.56 3200609 1.02358952731289E12 652858.56 225 10 75 43650 1940 14550
175500.0 16460 1.055903070269E10 656219.77 3217069 1.03414855801557E12 656219.77 225 10 75 43875 1950 14625
176400.0 16452 1.061327434085E10 659581.54 3233521 1.04476183235642E12 659581.54 225 10 75 44100 1960 14700
177300.0 16560 1.070330841028E10 662942.76 3250081 1.0554651407667E12 662942.76 225 10 75 44325 1970 14775
178200.0 16524 1.074567042807E10 666303.98 3266605 1.06621081119476E12 666303.98 225 10 75 44550 1980 14850
179100.0 16453 1.077606638284E10 669665.18 3283058 1.07698687757761E12 669665.18 225 10 75 44775 1990 14925
180000.0 16452 1.083030967953E10 673026.89 3299510 1.08781718725714E12 673026.89 225 10 75 45000 2000 15000
180900.0 16560 1.092106979187E10 676388.17 3316070 1.098738257049E12 676388.17 225 10 75 45225 2010 15075
181800.0 16524 1.096319026708E10 679749.38 3332594 1.10970144731608E12 679749.38 225 10 75 45450 2020 15150
182700.0 16452 1.09931021871E10 683110.59 3349046 1.12069454950318E12 683110.59 225 10 75 45675 2030 15225
183600.0 16452 1.104734142697E10 686471.8 3365498 1.13174189093014E12 686471.8 225 10 75 45900 2040 15300
184500.0 16560 1.113882738479E10 689833.57 3382058 1.14288071831493E12 689833.57 225 10 75 46125 2050 15375
185400.0 16524 1.11807101309E10 693194.8 3398582 1.15406142844583E12 693194.8 225 10 75 46350 2060 15450
186300.0 16452 1.121013801612E10 696556.0 3415034 1.16527156646194E12 696556.0 225 10 75 46575 2070 15525
187200.0 16452 1.126437725598E10 699917.21 3431486 1.17653594371793E12 699917.21 225 10 75 46800 2080 15600
188100.0 16560 1.135658473608E10 703278.42 3448046 1.187892528454E12 703278.42 225 10 75 47025 2090 15675
189000.0 16525 1.139822525579E10 706640.2 3464571 1.19929075370979E12 706640.2 225 10 75 47250 2100 15750
189900.0 16452 1.142717384513E10 710001.42 3481023 1.21071792755492E12 710001.42 225 10 75 47475 2110 15825
190800.0 16452 1.1481413085E10 713362.62 3497475 1.22219934063992E12 713362.62 225 10 75 47700 2120 15900
191700.0 16560 1.15743466083E10 716723.83 3514035 1.23377368724822E12 716723.83 225 10 75 47925 2130 15975
192600.0 16532 1.161574104323E10 720085.04 3530567 1.24538942829146E12 720085.04 225 10 75 48150 2140 16050
193500.0 16452 1.164420494741E10 723446.82 3547019 1.25703363323887E12 723446.82 225 10 75 48375 2150 16125
194400.0 16452 1.169844891401E10 726808.03 3563471 1.26873208215288E12 726808.03 225 10 75 48600 2160 16200
195300.0 16560 1.179210848053E10 730169.24 3580031 1.28052419063341E12 730169.24 225 10 75 48825 2170 16275
196200.0 16525 1.183326043061E10 733530.46 3596556 1.29235745106402E12 733530.46 225 10 75 49050 2180 16350
197100.0 16452 1.186124077643E10 736892.23 3613008 1.30421869184045E12 736892.23 225 10 75 49275 2190 16425
198000.0 16452 1.191548474303E10 740253.44 3629460 1.31613417658348E12 740253.44 225 10 75 49500 2200 16500
198900.0 16560 1.200987037075E10 743614.65 3646020 1.32814404695423E12 743614.65 225 10 75 49725 2210 16575
199800.0 16524 1.205078029444E10 746975.87 3662544 1.34019482724867E12 746975.87 225 10 75 49950 2220 16650
200700.0 16452 1.207827206111E10 750337.07 3678996 1.35227309930978E12 750337.07 225 10 75 50175 2230 16725
201600.0 16452 1.213251584818E10 753698.85 3695448 1.36440561515795E12 753698.85 225 10 75 50400 2240 16800
202500.0 16560 1.222763226098E10 757060.06 3712008 1.37663324741893E12 757060.06 225 10 75 50625 2250 16875
203400.0 16524 1.226830015826E10 760421.28 3728532 1.38890154757719E12 760421.28 225 10 75 50850 2260 16950
204300.0 16452 1.229530789012E10 763782.49 3744984 1.40119685546731E12 763782.49 225 10 75 51075 2270 17025
205200.0 16452 1.234954712999E10 767143.69 3761436 1.4135464025973E12 767143.69 225 10 75 51300 2280 17100
206100.0 16561 1.244538937005E10 770505.46 3777997 1.42599179196735E12 770505.46 225 10 75 51525 2290 17175
207000.0 16524 1.248582002197E10 773866.69 3794521 1.43847761198932E12 773866.69 225 10 75 51750 2300 17250
207900.0 16452 1.251234371903E10 777227.9 3810973 1.45098995570835E12 777227.9 225 10 75 51975 2310 17325
208800.0 16452 1.256658295889E10 780589.1 3827425 1.46355653866725E12 780589.1 225 10 75 52200 2320 17400
209700.0 16568 1.266314764871E10 783950.44 3843993 1.47621968631595E12 783950.44 225 10 75 52425 2330 17475
210600.0 16524 1.270333623869E10 787312.09 3860517 1.48892302255464E12 787312.09 225 10 75 52650 2340 17550
211500.0 16452 1.272937951333E10 790673.31 3876969 1.50165240206797E12 790673.31 225 10 75 52875 2350 17625
212400.0 16452 1.278361875319E10 794034.51 3893421 1.51443602082116E12 794034.51 225 10 75 53100 2360 17700
213300.0 16561 1.288090854062E10 797395.72 3909982 1.52731692936178E12 797395.72 225 10 75 53325 2370 17775
214200.0 16524 1.292085497567E10 800757.5 3926506 1.54023778433745E12 800757.5 225 10 75 53550 2380 17850
215100.0 16452 1.294641534213E10 804118.72 3942958 1.55318419967957E12 804118.72 225 10 75 53775 2390 17925
216000.0 16452 1.300065458199E10 807479.92 3959410 1.56618485426156E12 807479.92 225 10 75 54000 2400 18000
216900.0 16560 1.309867044863E10 810841.13 3975970 1.57928352471019E12 810841.13 225 10 75 54225 2410 18075
217800.0 16524 1.313837028646E10 814202.35 3992494 1.59242189499665E12 814202.35 225 10 75 54450 2420 18150
218700.0 16452 1.316344644419E10 817564.12 4008946 1.60558534144084E12 817564.12 225 10 75 54675 2430 18225
219600.0 16452 1.321769041079E10 820925.34 4025398 1.61880303185163E12 820925.34 225 10 75 54900 2440 18300
220500.0 16560 1.331643231164E10 824286.54 4041958 1.63211946416327E12 824286.54 225 10 75 55125 2450 18375
221400.0 16524 1.335589015007E10 827647.76 4058482 1.64547535431333E12 827647.76 225 10 75 55350 2460 18450
222300.0 16452 1.33804777286E10 831008.97 4074934 1.65885583204193E12 831008.97 225 10 75 55575 2470 18525
223200.0 16452 1.343472151567E10 834370.74 4091386 1.6722905535576E12 834370.74 225 10 75 55800 2480 18600
224100.0 16560 1.353419420159E10 837731.95 4107946 1.68582474775919E12 837731.95 225 10 75 56025 2490 18675
225000.0 16524 1.357341001362E10 841093.17 4124470 1.69939815777281E12 841093.17 225 10 75 56250 2500 18750
225900.0 16459 1.359751355734E10 844454.38 4140929 1.71299567133015E12 844454.38 225 10 75 56475 2510 18825
226800.0 16454 1.365175506936E10 847815.87 4157383 1.72664742639951E12 847815.87 225 10 75 56700 2520 18900
227700.0 16560 1.375195377522E10 851177.36 4173943 1.74039938017473E12 851177.36 225 10 75 56925 2530 18975
228600.0 16524 1.379092982068E10 854538.58 4190467 1.75419030999541E12 854538.58 225 10 75 57150 2540 19050
229500.0 16452 1.381454932973E10 857899.78 4206919 1.76800485932514E12 857899.78 225 10 75 57375 2550 19125
230400.0 16453 1.38687885696E10 861260.99 4223372 1.78187364789474E12 861260.99 225 10 75 57600 2560 19200
231300.0 16560 1.39697131618E10 864622.76 4239932 1.79584336105654E12 864622.76 225 10 75 57825 2570 19275
232200.0 16524 1.400844968424E10 867983.99 4256456 1.80985181074078E12 867983.99 225 10 75 58050 2580 19350
233100.0 16452 1.403158515848E10 871345.2 4272908 1.82388339589926E12 871345.2 225 10 75 58275 2590 19425
234000.0 16452 1.408582439835E10 874706.4 4289360 1.8379692202976E12 874706.4 225 10 75 58500 2600 19500
234900.0 16560 1.418747047683E10 878067.61 4305920 1.85215669077443E12 878067.61 225 10 75 58725 2610 19575
235800.0 16524 1.422596480886E10 881429.39 4322444 1.86638265558329E12 881429.39 225 10 75 58950 2620 19650
236700.0 16452 1.424862098723E10 884790.61 4338896 1.88063127657052E12 884790.61 225 10 75 59175 2630 19725
237600.0 16452 1.43028602271E10 888151.81 4355348 1.89493413679762E12 888151.81 225 10 75 59400 2640 19800
238500.0 16560 1.440523236679E10 891513.02 4371908 1.9093393691644E12 891513.02 225 10 75 59625 2650 19875
239400.0 16524 1.44434801196E10 894874.24 4388432 1.92378284928401E12 894874.24 225 10 75 59850 2660 19950
240300.0 16453 1.446565208924E10 898236.01 4404885 1.93824850137325E12 898236.01 225 10 75 60075 2670 20025
241200.0 16452 1.451989605585E10 901597.23 4421337 1.9527683974291E12 901597.23 225 10 75 60300 2680 20100
242100.0 16560 1.462299423875E10 904958.43 4437897 1.96739139166784E12 904958.43 225 10 75 60525 2690 20175
243000.0 16530 1.466099998316E10 908319.65 4454427 1.982052391651E12 908319.65 225 10 75 60750 2700 20250
243900.0 16454 1.468268739459E10 911681.34 4470881 1.99673507904559E12 911681.34 225 10 75 60975 2710 20325
244800.0 16452 1.47369312133E10 915042.63 4487333 2.01147201025889E12 915042.63 225 10 75 61200 2720 20400
245700.0 16560 1.48407560957E10 918403.84 4503893 2.02631276635459E12 918403.84 225 10 75 61425 2730 20475
246600.0 16524 1.487851981375E10 921765.06 4520417 2.04119128616834E12 921765.06 225 10 75 61650 2740 20550
247500.0 16453 1.489971916952E10 925126.26 4536870 2.05609100533786E12 925126.26 225 10 75 61875 2750 20625
248400.0 16452 1.495396295659E10 928488.04 4553322 2.07104496829445E12 928488.04 225 10 75 62100 2760 20700
249300.0 16560 1.505851797662E10 931849.25 4569882 2.08610348627107E12 931849.25 225 10 75 62325 2770 20775
250200.0 16524 1.509603967725E10 935210.47 4586406 2.10119952594832E12 935210.47 225 10 75 62550 2780 20850
251100.0 16452 1.511675499821E10 938571.68 4602858 2.11631628094654E12 938571.68 225 10 75 62775 2790 20925
252000.0 16452 1.517099423808E10 941932.88 4619310 2.13148727518462E12 941932.88 225 10 75 63000 2800 21000
252900.0 16560 1.527627510342E10 945294.65 4635870 2.14676355028804E12 945294.65 225 10 75 63225 2810 21075
253800.0 16524 1.531355954081E10 948655.88 4652394 2.16207710982884E12 948655.88 225 10 75 63450 2820 21150
254700.0 16452 1.533379082696E10 952017.09 4668846 2.17741090065581E12 952017.09 225 10 75 63675 2830 21225
255600.0 16452 1.538803006683E10 955378.29 4685298 2.19279893072264E12 955378.29 225 10 75 63900 2840 21300
256500.0 16560 1.54940324364E10 958739.5 4701858 2.20829296315904E12 958739.5 225 10 75 64125 2850 21375
257400.0 16525 1.553107466543E10 962101.28 4718383 2.22382403782447E12 962101.28 225 10 75 64350 2860 21450
258300.0 16452 1.555082665571E10 965462.5 4734835 2.23937486448018E12 965462.5 225 10 75 64575 2870 21525
259200.0 16452 1.560506589558E10 968823.71 4751287 2.25497993037576E12 968823.71 225 10 75 64800 2880 21600
260100.0 16566 1.571179430836E10 972184.91 4767853 2.27069172468412E12 972184.91 225 10 75 65025 2890 21675
261000.0 16526 1.574859447121E10 975546.69 4784379 2.28644031915533E12 975546.69 225 10 75 65250 2900 21750
261900.0 16452 1.576786248334E10 978907.91 4800831 2.30220818163866E12 978907.91 225 10 75 65475 2910 21825
262800.0 16452 1.582210172422E10 982269.12 4817283 2.31803028336289E12 982269.12 225 10 75 65700 2920 21900
263700.0 16560 1.592958531245E10 985630.32 4833843 2.33395986867534E12 985630.32 225 10 75 65925 2930 21975
264600.0 16525 1.596610983957E10 988991.54 4850368 2.34992597851491E12 988991.54 225 10 75 66150 2940 22050
265500.0 16452 1.598489358632E10 992353.31 4866820 2.36591087210122E12 992353.31 225 10 75 66375 2950 22125
266400.0 16452 1.603913755292E10 995714.53 4883272 2.38195000965414E12 995714.53 225 10 75 66600 2960 22200
267300.0 16560 1.614731807011E10 999075.73 4899832 2.39809732772425E12 999075.73 225 10 75 66825 2970 22275
268200.0 16524 1.618363133955E10 1002436.95 4916356 2.4142809590638E12 1002436.95 225 10 75 67050 2980 22350
269100.0 16452 1.620192487084E10 1005798.16 4932808 2.43048288393464E12 1005798.16 225 10 75 67275 2990 22425
270000.0 16452 1.625616865791E10 1009159.93 4949260 2.44673905259255E12 1009159.93 225 10 75 67500 3000 22500
270900.0 16560 1.636510908342E10 1012521.15 4965820 2.46310416167597E12 1012521.15 225 10 75 67725 3010 22575
271800.0 16524 1.640114955789E10 1015882.36 4982344 2.47950531123387E12 1015882.36 225 10 75 67950 3020 22650
272700.0 16452 1.64189606997E10 1019243.57 4998796 2.49592427193356E12 1019243.57 225 10 75 68175 3030 22725
273600.0 16452 1.647320052803E10 1022604.85 5015248 2.5123974724616E12 1022604.85 225 10 75 68400 3040 22800
274500.0 16561 1.658283768736E10 1025966.55 5031809 2.52898031014895E12 1025966.55 225 10 75 68625 3050 22875
275400.0 16524 1.661867104183E10 1029327.77 5048333 2.54559898119078E12 1029327.77 225 10 75 68850 3060 22950
276300.0 16452 1.663599650356E10 1032688.98 5064785 2.56223497769435E12 1032688.98 225 10 75 69075 3070 23025
277200.0 16460 1.669023574343E10 1036050.19 5081245 2.57892521343778E12 1036050.19 225 10 75 69300 3080 23100
278100.0 16560 1.680059896113E10 1039411.96 5097805 2.59572581239891E12 1039411.96 225 10 75 69525 3090 23175
279000.0 16524 1.683618926017E10 1042773.18 5114329 2.61256200165908E12 1042773.18 225 10 75 69750 3100 23250
279900.0 16452 1.685303233242E10 1046134.39 5130781 2.6294150339915E12 1046134.39 225 10 75 69975 3110 23325
280800.0 16452 1.690727157229E10 1049495.6 5147233 2.64632230556379E12 1049495.6 225 10 75 70200 3120 23400
281700.0 16561 1.701838538146E10 1052856.8 5163794 2.66334069094526E12 1052856.8 225 10 75 70425 3130 23475
282600.0 16524 1.70537043939E10 1056218.59 5180318 2.68039439533916E12 1056218.59 225 10 75 70650 3140 23550
283500.0 16452 1.707006816128E10 1059579.8 5196770 2.69746446350044E12 1059579.8 225 10 75 70875 3150 23625
284400.0 16452 1.712430740115E10 1062941.01 5213222 2.71458877090159E12 1062941.01 225 10 75 71100 3160 23700
285300.0 16560 1.723611815729E10 1066302.21 5229782 2.73182488905888E12 1066302.21 225 10 75 71325 3170 23775
286200.0 16524 1.727122133212E10 1069663.43 5246306 2.749096110391E12 1069663.43 225 10 75 71550 3180 23850
287100.0 16452 1.728709926346E10 1073025.2 5262758 2.76638320965446E12 1073025.2 225 10 75 71775 3190 23925
288000.0 16452 1.734134323006E10 1076386.42 5279210 2.78372455288452E12 1076386.42 225 10 75 72000 3200 24000
288900.0 16560 1.745390916165E10 1079747.63 5295770 2.80117846204617E12 1079747.63 225 10 75 72225 3210 24075
289800.0 16524 1.748873956858E10 1083108.84 5312294 2.81866720161475E12 1083108.84 225 10 75 72450 3220 24150
290700.0 16452 1.750413249765E10 1086470.3 5328746 2.8361713341124E12 1086470.3 225 10 75 72675 3230 24225
291600.0 16453 1.755837655515E10 1089831.82 5345199 2.85372971066755E12 1089831.82 225 10 75 72900 3240 24300
292500.0 16560 1.767164186934E10 1093193.03 5361759 2.87140135253689E12 1093193.03 225 10 75 73125 3250 24375
293400.0 16524 1.770626101848E10 1096554.25 5378283 2.88910761355538E12 1096554.25 225 10 75 73350 3260 24450
294300.0 16460 1.772116632698E10 1099915.46 5394743 2.90682877988235E12 1099915.46 225 10 75 73575 3270 24525
295200.0 16452 1.777541011405E10 1103277.23 5411195 2.9246041899964E12 1103277.23 225 10 75 73800 3280 24600
296100.0 16560 1.788940374151E10 1106638.45 5427755 2.94249359373792E12 1106638.45 225 10 75 74025 3290 24675
297000.0 16524 1.792377923693E10 1109999.66 5444279 2.96041737297485E12 1109999.66 225 10 75 74250 3300 24750
297900.0 16452 1.793820215594E10 1113360.87 5460731 2.97835557513079E12 1113360.87 225 10 75 74475 3310 24825
298800.0 16453 1.799244139581E10 1116722.08 5477184 2.9963480165266E12 1116722.08 225 10 75 74700 3320 24900
299700.0 16560 1.810716088658E10 1120083.85 5493744 3.01445517741318E12 1120083.85 225 10 75 74925 3330 24975
300600.0 16524 1.814129910971E10 1123445.07 5510268 3.03259647652289E12 1123445.07 225 10 75 75150 3340 25050
301500.0 16452 1.815523798491E10 1126806.28 5526720 3.0507517145078E12 1126806.28 225 10 75 75375 3350 25125
302400.0 16452 1.820947722478E10 1130167.49 5543172 3.06896119173258E12 1130167.49 225 10 75 75600 3360 25200
303300.0 16560 1.832491819282E10 1133528.69 5559732 3.0872861099254E12 1133528.69 225 10 75 75825 3370 25275
304200.0 16524 1.83588142256E10 1136890.48 5576256 3.105644924151E12 1136890.48 225 10 75 76050 3380 25350
305100.0 16452 1.837227381393E10 1140251.69 5592708 3.12401719796493E12 1140251.69 225 10 75 76275 3390 25425
306000.0 16452 1.84265130538E10 1143612.9 5609160 3.14244371101872E12 1143612.9 225 10 75 76500 3400 25500
306900.0 16560 1.854268009205E10 1146974.11 5625720 3.16098639111078E12 1146974.11 225 10 75 76725 3410 25575
307800.0 16524 1.857633291105E10 1150335.75 5642244 3.17956272402183E12 1150335.75 225 10 75 76950 3420 25650
308700.0 16452 1.858930850566E10 1153697.1 5658696 3.19815203252748E12 1153697.1 225 10 75 77175 3430 25725
309600.0 16452 1.864354884594E10 1157058.31 5675148 3.21679558137342E12 1157058.31 225 10 75 77400 3440 25800
310500.0 16560 1.876044193606E10 1160419.51 5691708 3.23555602330948E12 1160419.51 225 10 75 77625 3450 25875
311400.0 16533 1.879384936359E10 1163780.73 5708241 3.25434987267307E12 1163780.73 225 10 75 77850 3460 25950
312300.0 16452 1.880634070846E10 1167142.5 5724693 3.27315621338153E12 1167142.5 225 10 75 78075 3470 26025
313200.0 16452 1.886058467507E10 1170503.72 5741145 3.2920167980566E12 1170503.72 225 10 75 78300 3480 26100
314100.0 16560 1.89782037994E10 1173864.93 5757705 3.310995001856E12 1173864.93 225 10 75 78525 3490 26175
315000.0 16524 1.901136923652E10 1177226.14 5774229 3.33000637109252E12 1177226.14 225 10 75 78750 3500 26250
315900.0 16453 1.902337199326E10 1180587.35 5790682 3.34902974308577E12 1180587.35 225 10 75 78975 3510 26325
316800.0 16452 1.907761578033E10 1183949.12 5807134 3.3681073588661E12 1183949.12 225 10 75 79200 3520 26400
317700.0 16560 1.919596569874E10 1187310.34 5823694 3.38730332456484E12 1187310.34 225 10 75 79425 3530 26475
318600.0 16524 1.922889072783E10 1190671.55 5840218 3.40653221529266E12 1190671.55 225 10 75 79650 3540 26550
319500.0 16452 1.924040782244E10 1194032.76 5856670 3.4257726231151E12 1194032.76 225 10 75 79875 3550 26625
320400.0 16452 1.92946470623E10 1197393.97 5873122 3.44506727017741E12 1197393.97 225 10 75 80100 3560 26700
321300.0 16560 1.941372281724E10 1200755.74 5889682 3.46448099299464E12 1200755.74 225 10 75 80325 3570 26775
322200.0 16524 1.94464089645E10 1204116.96 5906206 3.48392740195914E12 1204116.96 225 10 75 80550 3580 26850
323100.0 16452 1.945744365162E10 1207478.17 5922658 3.50338484561076E12 1207478.17 225 10 75 80775 3590 26925
324000.0 16452 1.951168289149E10 1210839.38 5939110 3.52289652850225E12 1210839.38 225 10 75 81000 3600 27000
324900.0 16561 1.963148462744E10 1214201.14 5955671 3.54252801312969E12 1214201.14 225 10 75 81225 3610 27075
325800.0 16524 1.966392881778E10 1217562.38 5972195 3.56219194194747E12 1217562.38 225 10 75 81450 3620 27150
326700.0 16452 1.967447948086E10 1220923.58 5988647 3.58186642142833E12 1220923.58 225 10 75 81675 3630 27225
327600.0 16452 1.972871872072E10 1224284.79 6005099 3.60159514014905E12 1224284.79 225 10 75 81900 3640 27300
328500.0 16568 1.984924201389E10 1227646.0 6021667 3.62144438216294E12 1227646.0 225 10 75 82125 3650 27375
329400.0 16524 1.988144394465E10 1231007.78 6038191 3.64132582610759E12 1231007.78 225 10 75 82350 3660 27450
330300.0 16452 1.989151531009E10 1234368.99 6054643 3.66121734141769E12 1234368.99 225 10 75 82575 3670 27525
331200.0 16452 1.994575454996E10 1237730.2 6071095 3.68116309596765E12 1237730.2 225 10 75 82800 3680 27600
332100.0 16560 2.006703303675E10 1241091.41 6087655 3.7012301290044E12 1241091.41 225 10 75 83025 3690 27675
333000.0 16525 2.00989608922E10 1244452.62 6104180 3.7213290898966E12 1244452.62 225 10 75 83250 3700 27750
333900.0 16452 2.010854641259E10 1247814.4 6120632 3.74143763630919E12 1247814.4 225 10 75 83475 3710 27825
334800.0 16452 2.01627903792E10 1251175.61 6137084 3.76160042668839E12 1251175.61 225 10 75 83700 3720 27900
335700.0 16560 2.028476579478E10 1254536.82 6153644 3.78188519248317E12 1254536.82 225 10 75 83925 3730 27975
336600.0 16524 2.031647912892E10 1257898.04 6170168 3.80220167161209E12 1257898.04 225 10 75 84150 3740 28050
337500.0 16452 2.032557785208E10 1261259.26 6186620 3.82252724946418E12 1261259.26 225 10 75 84375 3750 28125
338400.0 16452 2.037982156777E10 1264621.01 6203072 3.84290707103195E12 1264621.01 225 10 75 84600 3760 28200
339300.0 16560 2.050252766228E10 1267982.23 6219632 3.86340959869423E12 1267982.23 225 10 75 84825 3770 28275
340200.0 16524 2.05340006064E10 1271343.45 6236156 3.88394359930063E12 1271343.45 225 10 75 85050 3780 28350
341100.0 16452 2.054261352186E10 1274704.65 6252608 3.90448621282249E12 1274704.65 225 10 75 85275 3790 28425
342000.0 16453 2.059685730893E10 1278066.43 6269061 3.92508307013142E12 1278066.43 225 10 75 85500 3800 28500
342900.0 16560 2.07203186852E10 1281427.64 6285621 3.94580338881662E12 1281427.64 225 10 75 85725 3810 28575
343800.0 16524 2.075151885218E10 1284788.86 6302145 3.96655490766881E12 1284788.86 225 10 75 85950 3820 28650
344700.0 16452 2.075964935115E10 1288150.06 6318597 3.98731455701996E12 1288150.06 225 10 75 86175 3830 28725
345600.0 16460 2.081388859102E10 1291511.27 6335057 4.00812844561097E12 1291511.27 225 10 75 86400 3840 28800

