# seed = 1, gamma = 1.0, beta = 0.75, dee = 10.0, dcc = 50.0, dec = 15.0, dsc = 1000.0, dLocalhost = 0.015, hostBroker = CLOUD, numOfCloud = 1, numOfEdge = 1, numOfSmartphone = 225 
#
# The columns have the following meaning: 
# instant[SECONDS] delayCountPartial delaySumPartial[SECONDS] delayMaxPartial[SECONDS] delayCountTot delaySumTot[SECONDS] delayMaxTot[SECONDS] runOnCloudPartial runOnEdgePartial runOnSmartphonePartial runOnCloudTot runOnEdgeTot runOnSmartphoneTot
0.0 0 0.0 0.0 0 0.0 0.0 0 0 0 0 0 0
900.0 16560 9.326066993E7 11528.39 16560 9.326066993E7 11528.39 75 10 225 75 10 225
1800.0 16524 2.6943791605E8 22446.01 33084 3.6269858598E8 22446.01 75 10 225 150 20 450
2700.0 16452 4.4518216842E8 33363.14 49536 8.0788075439E8 33363.14 75 10 225 225 30 675
3600.0 16453 6.2138526432E8 44280.26 65989 1.42926601871E9 44280.26 75 10 225 300 40 900
4500.0 16560 8.0060473533E8 55197.38 82549 2.22987075404E9 55197.38 75 10 225 375 50 1125
5400.0 16524 9.7591519505E8 66114.51 99073 3.20578594909E9 66114.51 75 10 225 450 60 1350
6300.0 16452 1.15007904506E9 77031.63 115525 4.35586499416E9 77031.63 75 10 225 525 70 1575
7200.0 16452 1.32628201204E9 87948.76 131977 5.6821470062E9 87948.76 75 10 225 600 80 1800
8100.0 16560 1.50777908386E9 98865.88 148537 7.18992609005E9 98865.88 75 10 225 675 90 2025
9000.0 16524 1.68238002778E9 109783.01 165061 8.87230611783E9 109783.01 75 10 225 750 100 2250
9900.0 16452 1.85497592198E9 120700.13 181513 1.072728203981E10 120700.13 75 10 225 825 110 2475
10800.0 16452 2.03117888896E9 131617.25 197965 1.275846092877E10 131617.25 75 10 225 900 120 2700
11700.0 16560 2.21511470455E9 142534.38 214525 1.497357563332E10 142534.38 75 10 225 975 130 2925
12600.0 16532 2.38885430136E9 153451.51 231057 1.736242993467E10 153451.51 75 10 225 1050 140 3150
13500.0 16452 2.55987734322E9 164369.19 247509 1.99223072779E10 164369.19 75 10 225 1125 150 3375
14400.0 16452 2.73608503694E9 175286.32 263961 2.265839231484E10 175286.32 75 10 225 1200 160 3600
15300.0 16560 2.92229832843E9 186203.45 280521 2.558069064327E10 186203.45 75 10 225 1275 170 3825
16200.0 16524 3.09532720512E9 197120.58 297045 2.867601784839E10 197120.58 75 10 225 1350 180 4050
17100.0 16452 3.26477894687E9 208037.7 313497 3.194079679526E10 208037.7 75 10 225 1425 190 4275
18000.0 16452 3.44098191384E9 218954.82 329949 3.53817787091E10 218954.82 75 10 225 1500 200 4500
18900.0 16560 3.62955330416E9 229871.94 346509 3.901133201326E10 229871.94 75 10 225 1575 210 4725
19800.0 16524 3.80179613891E9 240789.07 363033 4.281312815217E10 240789.07 75 10 225 1650 220 4950
20700.0 16452 3.96967582377E9 251706.2 379485 4.678280397594E10 251706.2 75 10 225 1725 230 5175
21600.0 16452 4.14587879074E9 262623.32 395937 5.092868276668E10 262623.32 75 10 225 1800 240 5400
22500.0 16560 4.3368082709E9 273540.44 412497 5.526549103757E10 273540.44 75 10 225 1875 250 5625
23400.0 16524 4.5082650907E9 284457.57 429021 5.977375612827E10 284457.57 75 10 225 1950 260 5850
24300.0 16453 4.67457280547E9 295374.69 445474 6.444832893375E10 295374.69 75 10 225 2025 270 6075
25200.0 16452 4.85078021485E9 306292.38 461926 6.92991091486E10 306292.38 75 10 225 2100 280 6300
26100.0 16560 5.04415322968E9 317209.51 478486 7.434326237828E10 317209.51 75 10 225 2175 290 6525
27000.0 16524 5.21474332557E9 328126.64 495010 7.955800570385E10 328126.64 75 10 225 2250 300 6750
27900.0 16452 5.37947884898E9 339043.77 511462 8.493748455283E10 339043.77 75 10 225 2325 310 6975
28800.0 16452 5.55568181595E9 349960.89 527914 9.049316636878E10 349960.89 75 10 225 2400 320 7200
29700.0 16560 5.75132754283E9 360878.01 544474 9.624449391161E10 360878.01 75 10 225 2475 330 7425
30600.0 16524 5.92121225985E9 371795.14 560998 1.0216570617146E11 371795.14 75 10 225 2550 340 7650
31500.0 16452 6.08437572636E9 382712.26 577450 1.0825008189782E11 382712.26 75 10 225 2625 350 7875
32400.0 16452 6.26057869334E9 393629.38 593902 1.1451066059116E11 393629.38 75 10 225 2700 360 8100
33300.0 16560 6.45858251005E9 404546.51 610462 1.2096924310121E11 404546.51 75 10 225 2775 370 8325
34200.0 16524 6.62768121218E9 415463.64 626986 1.2759692431339E11 415463.64 75 10 225 2850 380 8550
35100.0 16452 6.7892726038E9 426380.76 643438 1.343861969172E11 426380.76 75 10 225 2925 390 8775
36000.0 16452 6.96547557078E9 437297.88 659890 1.4135167248798E11 437297.88 75 10 225 3000 400 9000
36900.0 16560 7.16584194589E9 448215.57 676450 1.4851751443387E11 448215.57 75 10 225 3075 410 9225
37800.0 16524 7.33415944732E9 459132.71 692974 1.5585167388119E11 459132.71 75 10 225 3150 420 9450
38700.0 16452 7.49417875244E9 470049.83 709426 1.6334585263363E11 470049.83 75 10 225 3225 430 9675
39600.0 16452 7.67038171941E9 480966.95 725878 1.7101623435304E11 480966.95 75 10 225 3300 440 9900
40500.0 16560 7.87310176481E9 491884.07 742438 1.7888933611785E11 491884.07 75 10 225 3375 450 10125
41400.0 16524 8.04062839076E9 502801.2 758962 1.8692996450862E11 502801.2 75 10 225 3450 460 10350
42300.0 16452 8.19907563E9 513718.33 775414 1.9512904013862E11 513718.33 75 10 225 3525 470 10575
43200.0 16452 8.37527859699E9 524635.45 791866 2.0350431873561E11 524635.45 75 10 225 3600 480 10800
44100.0 16560 8.58035673224E9 535552.57 808426 2.1208467546785E11 535552.57 75 10 225 3675 490 11025
45000.0 16524 8.74709733426E9 546469.7 824950 2.2083177280211E11 546469.7 75 10 225 3750 500 11250
45900.0 16452 8.90397250767E9 557386.82 841402 2.2973574530978E11 557386.82 75 10 225 3825 510 11475
46800.0 16452 9.08017547466E9 568303.95 857854 2.3881592078443E11 568303.95 75 10 225 3900 520 11700
47700.0 16560 9.28769238965E9 579221.07 874414 2.4810361317408E11 579221.07 75 10 225 3975 530 11925
48600.0 16524 9.45357077091E9 590138.76 890938 2.5755718394499E11 590138.76 75 10 225 4050 540 12150
49500.0 16452 9.60887865651E9 601055.9 907390 2.671660626015E11 601055.9 75 10 225 4125 550 12375
50400.0 16452 9.7850816235E9 611973.02 923842 2.76951144225E11 611973.02 75 10 225 4200 560 12600
51300.0 16560 9.99487599643E9 622890.14 940402 2.8694602022143E11 622890.14 75 10 225 4275 570 12825
52200.0 16524 1.016004451333E10 633807.27 956926 2.9710606473476E11 633807.27 75 10 225 4350 580 13050
53100.0 16452 1.031377553428E10 644724.39 973378 3.0741984026904E11 644724.39 75 10 225 4425 590 13275
54000.0 16452 1.048997850127E10 655641.51 989830 3.1790981877031E11 655641.51 75 10 225 4500 600 13500
54900.0 16560 1.070213097304E10 666558.64 1006390 3.2861194974334E11 666558.64 75 10 225 4575 610 13725
55800.0 16524 1.086651345694E10 677475.77 1022914 3.3947846320028E11 677475.77 75 10 225 4650 620 13950
56700.0 16452 1.1018672412E10 688392.89 1039366 3.5049713561228E11 688392.89 75 10 225 4725 630 14175
57600.0 16452 1.119487537899E10 699310.01 1055818 3.6169201099126E11 699310.01 75 10 225 4800 640 14400
58500.0 16560 1.140938594959E10 710227.13 1072378 3.7310139694085E11 710227.13 75 10 225 4875 650 14625
59400.0 16530 1.157298240054E10 721144.26 1088908 3.8467437934139E11 721144.26 75 10 225 4950 660 14850
60300.0 16455 1.172357330921E10 732061.83 1105363 3.963979526506E11 732061.83 75 10 225 5025 670 15075
61200.0 16452 1.189978051346E10 742979.08 1121815 4.0829773316407E11 742979.08 75 10 225 5100 680 15300
62100.0 16560 1.211665019179E10 753896.2 1138375 4.2041438335586E11 753896.2 75 10 225 5175 690 15525
63000.0 16524 1.22794605995E10 764813.33 1154899 4.3269384395536E11 764813.33 75 10 225 5250 700 15750
63900.0 16452 1.242847540219E10 775730.46 1171351 4.4512231935755E11 775730.46 75 10 225 5325 710 15975
64800.0 16452 1.260467836918E10 786647.58 1187803 4.5772699772673E11 786647.58 75 10 225 5400 720 16200
65700.0 16560 1.282398584025E10 797564.7 1204363 4.7055098356698E11 797564.7 75 10 225 5475 730 16425
66600.0 16524 1.298592954311E10 808481.83 1220887 4.8353691311009E11 808481.83 75 10 225 5550 740 16650
67500.0 16452 1.31333722799E10 819398.95 1237339 4.9667028539E11 819398.95 75 10 225 5625 750 16875
68400.0 16452 1.330957524689E10 830316.07 1253791 5.0997986063689E11 830316.07 75 10 225 5700 760 17100
69300.0 16560 1.353116013589E10 841233.2 1270351 5.2351102077279E11 841233.2 75 10 225 5775 770 17325
70200.0 16524 1.369239847772E10 852150.33 1286875 5.372034192505E11 852150.33 75 10 225 5850 780 17550
71100.0 16453 1.383826915762E10 863067.45 1303328 5.5104168840812E11 863067.45 75 10 225 5925 790 17775
72000.0 16452 1.401447459958E10 873984.88 1319780 5.650561630077E11 873984.88 75 10 225 6000 800 18000
72900.0 16560 1.423842223121E10 884902.26 1336340 5.7929458523892E11 884902.26 75 10 225 6075 810 18225
73800.0 16524 1.439887666847E10 895819.39 1352864 5.9369346190739E11 895819.39 75 10 225 6150 820 18450
74700.0 16452 1.454317525293E10 906736.52 1369316 6.0823663716032E11 906736.52 75 10 225 6225 830 18675
75600.0 16452 1.471937821992E10 917653.64 1385768 6.2295601538024E11 917653.64 75 10 225 6300 840 18900
76500.0 16560 1.494576000934E10 928570.76 1402328 6.3790177538957E11 928570.76 75 10 225 6375 850 19125
77400.0 16524 1.510534561208E10 939487.89 1418852 6.5300712100165E11 939487.89 75 10 225 6450 860 19350
78300.0 16452 1.524807213065E10 950405.01 1435304 6.682551931323E11 950405.01 75 10 225 6525 870 19575
79200.0 16452 1.542427509764E10 961322.14 1451756 6.8367946822993E11 961322.14 75 10 225 6600 880 19800
80100.0 16560 1.565293431398E10 972239.26 1468316 6.9933240254391E11 972239.26 75 10 225 6675 890 20025
81000.0 16524 1.581181866575E10 983156.39 1484840 7.1514422120966E11 983156.39 75 10 225 6750 900 20250
81900.0 16452 1.595296900831E10 994073.51 1501292 7.3109719021797E11 994073.51 75 10 225 6825 910 20475
82800.0 16452 1.61291719753E10 1004990.63 1517744 7.4722636219327E11 1004990.63 75 10 225 6900 920 20700
83700.0 16560 1.636027119508E10 1015907.92 1534304 7.6358663338835E11 1015907.92 75 10 225 6975 930 20925
84600.0 16524 1.651828954336E10 1026825.45 1550828 7.8010492293171E11 1026825.45 75 10 225 7050 940 21150
85500.0 16452 1.66578751242E10 1037742.58 1567280 7.9676279805591E11 1037742.58 75 10 225 7125 950 21375
86400.0 16452 1.683407809119E10 1048659.7 1583732 8.135968761471E11 1048659.7 75 10 225 7200 960 21600
87300.0 16560 1.706745352711E10 1059576.82 1600292 8.3066432967421E11 1059576.82 75 10 225 7275 970 21825
88200.0 16524 1.72247658027E10 1070493.95 1616816 8.478890954769E11 1070493.95 75 10 225 7350 980 22050
89100.0 16452 1.736277200187E10 1081411.08 1633268 8.6525186747877E11 1081411.08 75 10 225 7425 990 22275
90000.0 16452 1.753897496886E10 1092328.2 1649720 8.8279084244763E11 1092328.2 75 10 225 7500 1000 22500
90900.0 16560 1.777478918452E10 1103245.32 1666280 9.0056563163216E11 1103245.32 75 10 225 7575 1010 22725
91800.0 16524 1.793123063624E10 1114162.45 1682804 9.184968622684E11 1114162.45 75 10 225 7650 1020 22950
92700.0 16452 1.806766887959E10 1125079.57 1699256 9.3656453114799E11 1125079.57 75 10 225 7725 1030 23175
93600.0 16452 1.824387184658E10 1135996.7 1715708 9.5480840299457E11 1135996.7 75 10 225 7800 1040 23400
94500.0 16560 1.848196348917E10 1146913.82 1732268 9.7329036648374E11 1146913.82 75 10 225 7875 1050 23625
95400.0 16524 1.863770405984E10 1157830.97 1748792 9.9192807054358E11 1157830.97 75 10 225 7950 1060 23850
96300.0 16452 1.877257046146E10 1168748.64 1765244 1.01070064100504E12 1168748.64 75 10 225 8025 1070 24075
97200.0 16452 1.894877798762E10 1179665.77 1781696 1.02964941899266E12 1179665.77 75 10 225 8100 1080 24300
98100.0 16561 1.918922792488E10 1190582.89 1798257 1.04883864691754E12 1190582.89 75 10 225 8175 1090 24525
99000.0 16524 1.934417780744E10 1201500.02 1814781 1.06818282472498E12 1201500.02 75 10 225 8250 1100 24750
99900.0 16452 1.947747189835E10 1212417.14 1831233 1.08766029662333E12 1212417.14 75 10 225 8325 1110 24975
100800.0 16452 1.965367486534E10 1223334.26 1847685 1.10731397148867E12 1223334.26 75 10 225 8400 1120 25200
101700.0 16560 1.989648273659E10 1234251.39 1864245 1.12721045422526E12 1234251.39 75 10 225 8475 1130 25425
102600.0 16524 2.005064676005E10 1245168.52 1880769 1.14726110098531E12 1245168.52 75 10 225 8550 1140 25650
103500.0 16452 2.018236877607E10 1256085.64 1897221 1.16744346976138E12 1256085.64 75 10 225 8625 1150 25875
104400.0 16452 2.035857174306E10 1267002.76 1913673 1.18780204150445E12 1267002.76 75 10 225 8700 1160 26100
105300.0 16560 2.060373772214E10 1277919.88 1930233 1.20840577922659E12 1277919.88 75 10 225 8775 1170 26325
106200.0 16524 2.075711569466E10 1288837.01 1946757 1.22916289492126E12 1288837.01 75 10 225 8850 1180 26550
107100.0 16460 2.088726649717E10 1299754.14 1963217 1.25005016141842E12 1299754.14 75 10 225 8925 1190 26775
108000.0 16452 2.106347316799E10 1310671.82 1979669 1.27111363458641E12 1310671.82 75 10 225 9000 1200 27000
108900.0 16560 2.131100199179E10 1321588.95 1996229 1.2924246365782E12 1321588.95 75 10 225 9075 1210 27225
109800.0 16524 2.146359393908E10 1332506.08 2012753 1.31388823051728E12 1332506.08 75 10 225 9150 1220 27450
110700.0 16452 2.15921718027E10 1343423.21 2029205 1.33548040231998E12 1343423.21 75 10 225 9225 1230 27675
111600.0 16452 2.176837476969E10 1354340.33 2045657 1.35724877708967E12 1354340.33 75 10 225 9300 1240 27900
112500.0 16560 2.201825697745E10 1365257.45 2062217 1.37926703406712E12 1365257.45 75 10 225 9375 1250 28125
113400.0 16524 2.21700628738E10 1376174.58 2078741 1.40143709694092E12 1376174.58 75 10 225 9450 1260 28350
114300.0 16452 2.229706868053E10 1387091.7 2095193 1.42373416562145E12 1387091.7 75 10 225 9525 1270 28575
115200.0 16452 2.247327164752E10 1398008.83 2111645 1.44620743726897E12 1398008.83 75 10 225 9600 1280 28800
116100.0 16560 2.272551193612E10 1408925.95 2128205 1.46893294920509E12 1408925.95 75 10 225 9675 1290 29025
117000.0 16524 2.287653182652E10 1419843.08 2144729 1.49180948103161E12 1419843.08 75 10 225 9750 1300 29250
117900.0 16452 2.300196555836E10 1430760.2 2161181 1.51481144658997E12 1430760.2 75 10 225 9825 1310 29475
118800.0 16453 2.317816859316E10 1441677.32 2177634 1.53798961518313E12 1441677.32 75 10 225 9900 1320 29700
119700.0 16560 2.343277139935E10 1452595.01 2194194 1.56142238658248E12 1452595.01 75 10 225 9975 1330 29925
120600.0 16524 2.358301005299E10 1463512.15 2210718 1.58500539663547E12 1463512.15 75 10 225 10050 1340 30150
121500.0 16452 2.370687170726E10 1474429.27 2227170 1.60871226834273E12 1474429.27 75 10 225 10125 1350 30375
122400.0 16452 2.388307467425E10 1485346.39 2243622 1.63259534301698E12 1485346.39 75 10 225 10200 1360 30600
123300.0 16560 2.414003120054E10 1496263.52 2260182 1.65673537421752E12 1496263.52 75 10 225 10275 1370 30825
124200.0 16524 2.428947900571E10 1507180.65 2276706 1.68102485322324E12 1507180.65 75 10 225 10350 1380 31050
125100.0 16452 2.441176858509E10 1518097.77 2293158 1.70543662180833E12 1518097.77 75 10 225 10425 1390 31275
126000.0 16452 2.458797155208E10 1529014.89 2309610 1.73002459336041E12 1529014.89 75 10 225 10500 1400 31500
126900.0 16560 2.484728618621E10 1539932.01 2326170 1.75487187954662E12 1539932.01 75 10 225 10575 1410 31725
127800.0 16524 2.499594794943E10 1550849.14 2342694 1.77986782749605E12 1550849.14 75 10 225 10650 1420 31950
128700.0 16452 2.511666546292E10 1561766.27 2359146 1.80498449295897E12 1561766.27 75 10 225 10725 1430 32175
129600.0 16452 2.529286842991E10 1572683.39 2375598 1.83027736138888E12 1572683.39 75 10 225 10800 1440 32400
130500.0 16560 2.555454117187E10 1583600.51 2392158 1.85583190256076E12 1583600.51 75 10 225 10875 1450 32625
131400.0 16524 2.570242138614E10 1594518.21 2408682 1.88153432394689E12 1594518.21 75 10 225 10950 1460 32850
132300.0 16452 2.582157161183E10 1605435.34 2425134 1.90735589555872E12 1605435.34 75 10 225 11025 1470 33075
133200.0 16452 2.599777457882E10 1616352.46 2441586 1.93335367013754E12 1616352.46 75 10 225 11100 1480 33300
134100.0 16560 2.626180544162E10 1627269.58 2458146 1.95961547557916E12 1627269.58 75 10 225 11175 1490 33525
135000.0 16524 2.640889512862E10 1638186.71 2474670 1.98602437070778E12 1638186.71 75 10 225 11250 1500 33750
135900.0 16452 2.652646848966E10 1649103.83 2491122 2.01255083919744E12 1649103.83 75 10 225 11325 1510 33975
136800.0 16452 2.670267145665E10 1660020.96 2507574 2.03925351065409E12 1660020.96 75 10 225 11400 1520 34200
137700.0 16560 2.696906040929E10 1670938.08 2524134 2.06622257106338E12 1670938.08 75 10 225 11475 1530 34425
138600.0 16524 2.711536406334E10 1681855.21 2540658 2.09333793512672E12 1681855.21 75 10 225 11550 1540 34650
139500.0 16452 2.723136536749E10 1692772.33 2557110 2.12056930049421E12 1692772.33 75 10 225 11625 1550 34875
140400.0 16452 2.740756833448E10 1703689.45 2573562 2.14797686882868E12 1703689.45 75 10 225 11700 1560 35100
141300.0 16560 2.767631539496E10 1714606.57 2590122 2.17565318422364E12 1714606.57 75 10 225 11775 1570 35325
142200.0 16524 2.782183301606E10 1725523.71 2606646 2.2034750172397E12 1725523.71 75 10 225 11850 1580 35550
143100.0 16452 2.793626651476E10 1736441.36 2623098 2.23141128375446E12 1736441.36 75 10 225 11925 1590 35775
144000.0 16452 2.811247422666E10 1747358.52 2639550 2.25952375798112E12 1747358.52 75 10 225 12000 1600 36000
144900.0 16560 2.838357966076E10 1758275.65 2656110 2.28790733764188E12 1758275.65 75 10 225 12075 1610 36225
145800.0 16524 2.85283112296E10 1769192.78 2672634 2.31643564887148E12 1769192.78 75 10 225 12150 1620 36450
146700.0 16452 2.864116838131E10 1780109.9 2689086 2.34507681725279E12 1780109.9 75 10 225 12225 1630 36675
147600.0 16452 2.88173713483E10 1791027.02 2705538 2.3738941886011E12 1791027.02 75 10 225 12300 1640 36900
148500.0 16560 2.909083463743E10 1801944.14 2722098 2.40298502323852E12 1801944.14 75 10 225 12375 1650 37125
149400.0 16524 2.923478018232E10 1812861.27 2738622 2.43221980342084E12 1812861.27 75 10 225 12450 1660 37350
150300.0 16452 2.934606525914E10 1823778.4 2755074 2.46156586867998E12 1823778.4 75 10 225 12525 1670 37575
151200.0 16452 2.952226822613E10 1834695.52 2771526 2.49108813690612E12 1834695.52 75 10 225 12600 1680 37800
152100.0 16560 2.979808960509E10 1845612.64 2788086 2.52088622651121E12 1845612.64 75 10 225 12675 1690 38025
153000.0 16524 2.994124911709E10 1856529.77 2804610 2.55082747562831E12 1856529.77 75 10 225 12750 1700 38250
153900.0 16458 3.005096213703E10 1867446.89 2821068 2.58087843776534E12 1867446.89 75 10 225 12825 1710 38475
154800.0 16455 3.022716872708E10 1878364.42 2837523 2.61110560649242E12 1878364.42 75 10 225 12900 1720 38700
155700.0 16560 3.050535242236E10 1889281.71 2854083 2.64161095891478E12 1889281.71 75 10 225 12975 1730 38925
156600.0 16524 3.0647727317E10 1900198.84 2870607 2.67225868623178E12 1900198.84 75 10 225 13050 1740 39150
157500.0 16452 3.075586824141E10 1911115.96 2887059 2.70301455447319E12 1911115.96 75 10 225 13125 1750 39375
158400.0 16452 3.09320712084E10 1922033.08 2903511 2.73394662568159E12 1922033.08 75 10 225 13200 1760 39600
159300.0 16560 3.121268948781E10 1932950.2 2920071 2.7651593151694E12 1932950.2 75 10 225 13275 1770 39825
160200.0 16524 3.135419625172E10 1943867.34 2936595 2.79651351142112E12 1943867.34 75 10 225 13350 1780 40050
161100.0 16452 3.146076511924E10 1954784.46 2953047 2.82797427654036E12 1954784.46 75 10 225 13425 1790 40275
162000.0 16452 3.163696808623E10 1965701.58 2969499 2.8596112446266E12 1965701.58 75 10 225 13500 1800 40500
162900.0 16560 3.191986379256E10 1976618.7 2986059 2.89153110841916E12 1976618.7 75 10 225 13575 1810 40725
163800.0 16524 3.20606693234E10 1987535.83 3002583 2.92359177774256E12 1987535.83 75 10 225 13650 1820 40950
164700.0 16452 3.216566199692E10 1998452.96 3019035 2.95575743973948E12 1998452.96 75 10 225 13725 1830 41175
165600.0 16453 3.234186496385E10 2009370.08 3035488 2.98809930470333E12 2009370.08 75 10 225 13800 1840 41400
166500.0 16560 3.262720168633E10 2020287.47 3052048 3.02072650638965E12 2020287.47 75 10 225 13875 1850 41625
167400.0 16524 3.276714081131E10 2031204.9 3068572 3.05349364720097E12 2031204.9 75 10 225 13950 1860 41850
168300.0 16452 3.287056809037E10 2042122.02 3085024 3.08636421529134E12 2042122.02 75 10 225 14025 1870 42075
169200.0 16452 3.30467710573E10 2053039.14 3101476 3.11941098634864E12 2053039.14 75 10 225 14100 1880 42300
170100.0 16560 3.333438299207E10 2063956.27 3118036 3.15274536934071E12 2063956.27 75 10 225 14175 1890 42525
171000.0 16524 3.347361643768E10 2074873.4 3134560 3.18621898577839E12 2074873.4 75 10 225 14250 1900 42750
171900.0 16452 3.357546496785E10 2085790.52 3151012 3.21979445074623E12 2085790.52 75 10 225 14325 1910 42975
172800.0 16452 3.375166793477E10 2096707.64 3167464 3.25354611868101E12 2096707.64 75 10 225 14400 1920 43200
173700.0 16560 3.404163796838E10 2107624.76 3184024 3.28758775664938E12 2107624.76 75 10 225 14475 1930 43425
174600.0 16524 3.418008127097E10 2118541.89 3200548 3.32176783792036E12 2118541.89 75 10 225 14550 1940 43650
175500.0 16452 3.428036184532E10 2129459.02 3217000 3.35604819976568E12 2129459.02 75 10 225 14625 1950 43875
176400.0 16452 3.445656481225E10 2140376.14 3233452 3.39050476457792E12 2140376.14 75 10 225 14700 1960 44100
177300.0 16560 3.474889295368E10 2151293.26 3250012 3.42525365753161E12 2151293.26 75 10 225 14775 1970 44325
178200.0 16524 3.488655123165E10 2162210.52 3266536 3.46014020876326E12 2162210.52 75 10 225 14850 1980 44550
179100.0 16452 3.498526431947E10 2173128.08 3282988 3.49512547308273E12 2173128.08 75 10 225 14925 1990 44775
180000.0 16452 3.516147092605E10 2184045.21 3299440 3.53028694400878E12 2184045.21 75 10 225 15000 2000 45000
180900.0 16560 3.545615720622E10 2194962.33 3316000 3.565743101215E12 2194962.33 75 10 225 15075 2010 45225
181800.0 16524 3.559302841457E10 2205879.46 3332524 3.60133612962957E12 2205879.46 75 10 225 15150 2020 45450
182700.0 16452 3.569016483654E10 2216796.58 3348976 3.63702629446611E12 2216796.58 75 10 225 15225 2030 45675
183600.0 16452 3.586636780347E10 2227713.7 3365428 3.67289266226957E12 2227713.7 75 10 225 15300 2040 45900
184500.0 16560 3.616341215547E10 2238630.83 3381988 3.70905607442504E12 2238630.83 75 10 225 15375 2050 46125
185400.0 16524 3.629949735788E10 2249547.96 3398512 3.74535557178292E12 2249547.96 75 10 225 15450 2060 46350
186300.0 16452 3.639506171396E10 2260465.08 3414964 3.78175063349688E12 2260465.08 75 10 225 15525 2070 46575
187200.0 16452 3.657126468089E10 2271382.2 3431416 3.81832189817777E12 2271382.2 75 10 225 15600 2080 46800
188100.0 16560 3.687066715872E10 2282299.32 3447976 3.85519256533649E12 2282299.32 75 10 225 15675 2090 47025
189000.0 16524 3.700596630119E10 2293216.45 3464500 3.89219853163768E12 2293216.45 75 10 225 15750 2100 47250
189900.0 16452 3.709995859138E10 2304133.58 3480952 3.92929849022906E12 2304133.58 75 10 225 15825 2110 47475
190800.0 16452 3.727616610554E10 2315051.26 3497404 3.9665746563346E12 2315051.26 75 10 225 15900 2120 47700
191700.0 16560 3.757793142812E10 2325968.39 3513964 4.00415258776271E12 2325968.39 75 10 225 15975 2130 47925
192600.0 16525 3.771244462493E10 2336885.53 3530489 4.04186503238764E12 2336885.53 75 10 225 16050 2140 48150
193500.0 16452 3.780486473992E10 2347802.65 3546941 4.07966989712756E12 2347802.65 75 10 225 16125 2150 48375
194400.0 16452 3.798106770685E10 2358719.77 3563393 4.11765096483442E12 2358719.77 75 10 225 16200 2160 48600
195300.0 16560 3.828518639537E10 2369636.89 3579953 4.15593615122979E12 2369636.89 75 10 225 16275 2170 48825
196200.0 16524 3.841891347961E10 2380554.02 3596477 4.1943550647094E12 2380554.02 75 10 225 16350 2180 49050
197100.0 16452 3.850976161734E10 2391471.15 3612929 4.23286482632674E12 2391471.15 75 10 225 16425 2190 49275
198000.0 16452 3.868596458427E10 2402388.27 3629381 4.27155079091102E12 2402388.27 75 10 225 16500 2200 49500
198900.0 16560 3.899244138063E10 2413305.39 3645941 4.31054323229164E12 2413305.39 75 10 225 16575 2210 49725
199800.0 16524 3.912538242292E10 2424222.52 3662465 4.34966861471456E12 2424222.52 75 10 225 16650 2220 49950
200700.0 16452 3.921465849476E10 2435139.64 3678917 4.38888327320932E12 2435139.64 75 10 225 16725 2230 50175
201600.0 16460 3.939086207965E10 2446056.76 3695377 4.42827413528898E12 2446056.76 75 10 225 16800 2240 50400
202500.0 16560 3.969970082546E10 2456974.45 3711937 4.46797383611444E12 2456974.45 75 10 225 16875 2250 50625
203400.0 16524 3.983186065803E10 2467891.59 3728461 4.50780569677247E12 2467891.59 75 10 225 16950 2260 50850
204300.0 16452 3.991956464331E10 2478808.71 3744913 4.54772526141578E12 2478808.71 75 10 225 17025 2270 51075
205200.0 16452 4.009576761024E10 2489725.83 3761365 4.58782102902602E12 2489725.83 75 10 225 17100 2280 51300
206100.0 16560 4.040696061727E10 2500642.96 3777925 4.6282279896433E12 2500642.96 75 10 225 17175 2290 51525
207000.0 16524 4.053832960123E10 2511560.09 3794449 4.66876631924453E12 2511560.09 75 10 225 17250 2300 51750
207900.0 16452 4.062446152062E10 2522477.21 3810901 4.70939078076515E12 2522477.21 75 10 225 17325 2310 51975
208800.0 16452 4.080066448755E10 2533394.33 3827353 4.7501914452527E12 2533394.33 75 10 225 17400 2320 52200
209700.0 16560 4.111421562042E10 2544311.45 3843913 4.79130566087312E12 2544311.45 75 10 225 17475 2330 52425
210600.0 16524 4.124479854433E10 2555228.58 3860437 4.83255045941745E12 2555228.58 75 10 225 17550 2340 52650
211500.0 16452 4.132935839782E10 2566145.71 3876889 4.87387981781527E12 2566145.71 75 10 225 17625 2350 52875
212400.0 16452 4.150556136475E10 2577062.83 3893341 4.91538537918002E12 2577062.83 75 10 225 17700 2360 53100
213300.0 16561 4.182147063836E10 2587979.95 3909902 4.95720684981838E12 2587979.95 75 10 225 17775 2370 53325
214200.0 16524 4.195127198943E10 2598897.65 3926426 4.99915812180781E12 2598897.65 75 10 225 17850 2380 53550
215100.0 16452 4.203426454615E10 2609814.78 3942878 5.04119238635397E12 2609814.78 75 10 225 17925 2390 53775
216000.0 16452 4.221046751308E10 2620731.9 3959330 5.08340285386705E12 2620731.9 75 10 225 18000 2400 54000
216900.0 16560 4.252873487463E10 2631649.02 3975890 5.12593158874169E12 2631649.02 75 10 225 18075 2410 54225
217800.0 16524 4.265774572231E10 2642566.15 3992414 5.168589334464E12 2642566.15 75 10 225 18150 2420 54450
218700.0 16452 4.273916142336E10 2653483.28 4008866 5.21132849588736E12 2653483.28 75 10 225 18225 2430 54675
219600.0 16452 4.291536439029E10 2664400.4 4025318 5.25424386027765E12 2664400.4 75 10 225 18300 2440 54900
220500.0 16560 4.323598983267E10 2675317.52 4041878 5.29747985011032E12 2675317.52 75 10 225 18375 2450 55125
221400.0 16524 4.336421466541E10 2686234.65 4058402 5.34084406477572E12 2686234.65 75 10 225 18450 2460 55350
222300.0 16452 4.344405830051E10 2697151.77 4074854 5.38428812307623E12 2697151.77 75 10 225 18525 2470 55575
223200.0 16452 4.362026126744E10 2708068.89 4091306 5.42790838434367E12 2708068.89 75 10 225 18600 2480 55800
224100.0 16560 4.394324481765E10 2718986.02 4107866 5.47185162916132E12 2718986.02 75 10 225 18675 2490 56025
225000.0 16524 4.407068360844E10 2729903.15 4124390 5.51592231276976E12 2729903.15 75 10 225 18750 2500 56250
225900.0 16452 4.414895972202E10 2740820.83 4140842 5.56007127249178E12 2740820.83 75 10 225 18825 2510 56475
226800.0 16452 4.432516741571E10 2751737.97 4157294 5.60439643990749E12 2751737.97 75 10 225 18900 2520 56700
227700.0 16560 4.465050908678E10 2762655.09 4173854 5.64904694899427E12 2762655.09 75 10 225 18975 2530 56925
228600.0 16524 4.477716184329E10 2773572.22 4190378 5.69382411083756E12 2773572.22 75 10 225 19050 2540 57150
229500.0 16452 4.485386132593E10 2784489.34 4206830 5.73867797216349E12 2784489.34 75 10 225 19125 2550 57375
230400.0 16452 4.503006429286E10 2795406.46 4223282 5.78370803645635E12 2795406.46 75 10 225 19200 2560 57600
231300.0 16560 4.535776407176E10 2806323.58 4239842 5.82906580052811E12 2806323.58 75 10 225 19275 2570 57825
232200.0 16524 4.548363078632E10 2817240.72 4256366 5.87454943131444E12 2817240.72 75 10 225 19350 2580 58050
233100.0 16452 4.555875820308E10 2828157.84 4272818 5.92010818951752E12 2828157.84 75 10 225 19425 2590 58275
234000.0 16452 4.573496117001E10 2839074.96 4289270 5.96584315068753E12 2839074.96 75 10 225 19500 2600 58500
234900.0 16560 4.606501903874E10 2849992.08 4305830 6.01190816972627E12 2849992.08 75 10 225 19575 2610 58725
235800.0 16524 4.619009972936E10 2860909.21 4322354 6.05809826945563E12 2860909.21 75 10 225 19650 2620 58950
236700.0 16452 4.626365508023E10 2871826.33 4338806 6.10436192453586E12 2871826.33 75 10 225 19725 2630 59175
237600.0 16452 4.643986207461E10 2882743.95 4355258 6.15080178661047E12 2882743.95 75 10 225 19800 2640 59400
238500.0 16560 4.67722827233E10 2893661.15 4371818 6.19757406933377E12 2893661.15 75 10 225 19875 2650 59625
239400.0 16525 4.689657793506E10 2904578.28 4388343 6.24447064726883E12 2904578.28 75 10 225 19950 2660 59850
240300.0 16452 4.696856119943E10 2915495.4 4404795 6.29143920846826E12 2915495.4 75 10 225 20025 2670 60075
241200.0 16452 4.714476416636E10 2926412.53 4421247 6.33858397263462E12 2926412.53 75 10 225 20100 2680 60300
242100.0 16560 4.747953826368E10 2937329.65 4437807 6.3860635108983E12 2937329.65 75 10 225 20175 2690 60525
243000.0 16524 4.76030468781E10 2948246.78 4454331 6.4336665577764E12 2948246.78 75 10 225 20250 2700 60750
243900.0 16452 4.767345807658E10 2959163.9 4470783 6.48134001585298E12 2959163.9 75 10 225 20325 2710 60975
244800.0 16452 4.784966104351E10 2970081.02 4487235 6.52918967689649E12 2970081.02 75 10 225 20400 2720 61200
245700.0 16560 4.818679324866E10 2980998.14 4503795 6.57737647014515E12 2980998.14 75 10 225 20475 2730 61425
246600.0 16524 4.830951582114E10 2991915.28 4520319 6.62568598596629E12 2991915.28 75 10 225 20550 2740 61650
247500.0 16452 4.837835495373E10 3002832.4 4536771 6.67406434092002E12 3002832.4 75 10 225 20625 2750 61875
248400.0 16458 4.855455792066E10 3013749.52 4553229 6.72261889884068E12 3013749.52 75 10 225 20700 2760 62100
249300.0 16562 4.889405144035E10 3024667.01 4569791 6.77151295028102E12 3024667.01 75 10 225 20775 2770 62325
250200.0 16524 4.901599238825E10 3035584.34 4586315 6.82052894266928E12 3035584.34 75 10 225 20850 2780 62550
251100.0 16452 4.908326104966E10 3046501.47 4602767 6.86961220371894E12 3046501.47 75 10 225 20925 2790 62775
252000.0 16452 4.925946401659E10 3057418.59 4619219 6.91887166773552E12 3057418.59 75 10 225 21000 2800 63000
252900.0 16560 4.96013124412E10 3068335.71 4635779 6.96847298017672E12 3068335.71 75 10 225 21075 2810 63225
253800.0 16524 4.972246294655E10 3079252.84 4652303 7.01819544312328E12 3079252.84 75 10 225 21150 2820 63450
254700.0 16452 4.978815792681E10 3090169.96 4668755 7.06798360105008E12 3090169.96 75 10 225 21225 2830 63675
255600.0 16452 4.996436089374E10 3101087.08 4685207 7.11794796194382E12 3101087.08 75 10 225 21300 2840 63900
256500.0 16560 5.030856742618E10 3112004.21 4701767 7.16825652937E12 3112004.21 75 10 225 21375 2850 64125
257400.0 16524 5.042893188959E10 3122921.34 4718291 7.21868546125959E12 3122921.34 75 10 225 21450 2860 64350
258300.0 16452 5.049305480396E10 3133838.46 4734743 7.26917851606355E12 3133838.46 75 10 225 21525 2870 64575
259200.0 16452 5.066925777088E10 3144755.58 4751195 7.31984777383443E12 3144755.58 75 10 225 21600 2880 64800
260100.0 16561 5.101582239317E10 3155672.7 4767756 7.3708635962276E12 3155672.7 75 10 225 21675 2890 65025
261000.0 16524 5.113540235118E10 3166590.06 4784280 7.42199899857877E12 3166590.06 75 10 225 21750 2900 65250
261900.0 16452 5.119795812535E10 3177507.52 4800732 7.47319695670413E12 3177507.52 75 10 225 21825 2910 65475
262800.0 16452 5.137416387656E10 3188424.65 4817184 7.52457112058069E12 3188424.65 75 10 225 21900 2920 65700
263700.0 16560 5.17231673095E10 3199341.77 4833744 7.57629428789019E12 3199341.77 75 10 225 21975 2930 65925
264600.0 16524 5.184187902473E10 3210258.9 4850268 7.62813616691492E12 3210258.9 75 10 225 22050 2940 66150
265500.0 16452 5.190285778673E10 3221176.02 4866720 7.68003902470164E12 3221176.02 75 10 225 22125 2950 66375
266400.0 16452 5.207906075366E10 3232093.15 4883172 7.7321180854553E12 3232093.15 75 10 225 22200 2960 66600
267300.0 16560 5.243034160448E10 3243010.27 4899732 7.78454842705977E12 3243010.27 75 10 225 22275 2970 66825
268200.0 16524 5.254835208694E10 3253927.4 4916256 7.83709677914671E12 3253927.4 75 10 225 22350 2980 67050
269100.0 16452 5.260775466398E10 3264844.52 4932708 7.88970453381069E12 3264844.52 75 10 225 22425 2990 67275
270000.0 16452 5.278395763091E10 3275761.64 4949160 7.9424884914416E12 3275761.64 75 10 225 22500 3000 67500
270900.0 16560 5.313767727052E10 3286678.77 4965720 7.99562616871212E12 3286678.77 75 10 225 22575 3010 67725
271800.0 16524 5.325481690201E10 3297595.9 4982244 8.04888098561414E12 3297595.9 75 10 225 22650 3020 67950
272700.0 16452 5.331265222913E10 3308513.1 4998696 8.10219363784326E12 3308513.1 75 10 225 22725 3030 68175
273600.0 16452 5.348885973252E10 3319430.7 5015148 8.15568249757578E12 3319430.7 75 10 225 22800 3040 68400
274500.0 16560 5.384486082339E10 3330347.83 5031708 8.20952735839918E12 3330347.83 75 10 225 22875 3050 68625
275400.0 16524 5.396129923865E10 3341264.97 5048232 8.26348865763783E12 3341264.97 75 10 225 22950 3060 68850
276300.0 16452 5.401755766331E10 3352182.09 5064684 8.31750621530114E12 3352182.09 75 10 225 23025 3070 69075
277200.0 16452 5.419376063024E10 3363099.21 5081136 8.37169997593137E12 3363099.21 75 10 225 23100 3080 69300
278100.0 16560 5.455211582648E10 3374016.33 5097696 8.42625209175786E12 3374016.33 75 10 225 23175 3090 69525
279000.0 16524 5.466776405373E10 3384933.46 5114220 8.48091985581159E12 3384933.46 75 10 225 23250 3100 69750
279900.0 16452 5.472245454056E10 3395850.59 5130672 8.53564231035215E12 3395850.59 75 10 225 23325 3110 69975
280800.0 16452 5.489865750749E10 3406767.71 5147124 8.59054096785964E12 3406767.71 75 10 225 23400 3120 70200
281700.0 16560 5.525945145653E10 3417684.83 5163684 8.64580041931617E12 3417684.83 75 10 225 23475 3130 70425
282600.0 16524 5.537423300588E10 3428601.96 5180208 8.70117465232205E12 3428601.96 75 10 225 23550 3140 70650
283500.0 16452 5.542735141782E10 3439519.08 5196660 8.75660200373987E12 3439519.08 75 10 225 23625 3150 70875
284400.0 16452 5.560355438475E10 3450436.2 5213112 8.81220555812462E12 3450436.2 75 10 225 23700 3160 71100
285300.0 16560 5.59666302293E10 3461353.89 5229672 8.86817218835391E12 3461353.89 75 10 225 23775 3170 71325
286200.0 16524 5.608071535095E10 3472271.03 5246196 8.92425290370486E12 3472271.03 75 10 225 23850 3180 71550
287100.0 16453 5.613225761789E10 3483188.15 5262649 8.98038516132275E12 3483188.15 75 10 225 23925 3190 71775
288000.0 16452 5.630846053319E10 3494105.27 5279101 9.03669362185594E12 3494105.27 75 10 225 24000 3200 72000
288900.0 16560 5.66739707289E10 3505022.4 5295661 9.09336759258485E12 3505022.4 75 10 225 24075 3210 72225
289800.0 16524 5.678718018413E10 3515939.53 5312185 9.15015477276898E12 3515939.53 75 10 225 24150 3220 72450
290700.0 16452 5.683715444363E10 3526856.65 5328637 9.2069919272126E12 3526856.65 75 10 225 24225 3230 72675
291600.0 16452 5.701335741055E10 3537773.77 5345089 9.26400528462316E12 3537773.77 75 10 225 24300 3240 72900
292500.0 16560 5.738114502415E10 3548690.89 5361649 9.32138642964731E12 3548690.89 75 10 225 24375 3250 73125
293400.0 16524 5.749365324646E10 3559608.03 5378173 9.37888008289377E12 3559608.03 75 10 225 24450 3260 73350
294300.0 16452 5.754205132099E10 3570525.15 5394625 9.43642213421476E12 3570525.15 75 10 225 24525 3270 73575
295200.0 16452 5.771825428792E10 3581442.27 5411077 9.49414038850268E12 3581442.27 75 10 225 24600 3280 73800
296100.0 16568 5.808840046467E10 3592359.39 5427645 9.55222878896735E12 3592359.39 75 10 225 24675 3290 74025
297000.0 16524 5.820012256365E10 3603277.09 5444169 9.610428911531E12 3603277.09 75 10 225 24750 3300 74250
297900.0 16452 5.824695746948E10 3614194.22 5460621 9.66867586900049E12 3614194.22 75 10 225 24825 3310 74475
298800.0 16452 5.842316043641E10 3625111.34 5477073 9.7270990294369E12 3625111.34 75 10 225 24900 3320 74700
299700.0 16560 5.879566427869E10 3636028.46 5493633 9.78589469371559E12 3636028.46 75 10 225 24975 3330 74925
300600.0 16524 5.89065963057E10 3646945.59 5510157 9.8448012900213E12 3646945.59 75 10 225 25050 3340 75150
301500.0 16452 5.895185434685E10 3657862.72 5526609 9.90375314436814E12 3657862.72 75 10 225 25125 3350 75375
302400.0 16452 5.912805731378E10 3668779.84 5543061 9.96288120168192E12 3668779.84 75 10 225 25200 3360 75600
303300.0 16560 5.950291923693E10 3679696.96 5559621 1.002238412091885E13 3679696.96 75 10 225 25275 3370 75825
304200.0 16524 5.961306524001E10 3690614.09 5576145 1.008199718615886E13 3690614.09 75 10 225 25350 3380 76050
305100.0 16452 5.965675122427E10 3701531.21 5592597 1.014165393738313E13 3701531.21 75 10 225 25425 3390 76275
306000.0 16452 5.98329541912E10 3712448.33 5609049 1.020148689157433E13 3712448.33 75 10 225 25500 3400 76500
306900.0 16560 6.021017423119E10 3723365.46 5625609 1.026169706580551E13 3723365.46 75 10 225 25575 3410 76725
307800.0 16525 6.031953419237E10 3734282.59 5642134 1.032201659999788E13 3734282.59 75 10 225 25650 3420 76950
308700.0 16452 6.03616526461E10 3745200.27 5658586 1.038237825264399E13 3745200.27 75 10 225 25725 3430 77175
309600.0 16452 6.05378603398E10 3756117.41 5675038 1.044291611298379E13 3756117.41 75 10 225 25800 3440 77400
310500.0 16560 6.091743850942E10 3767034.53 5691598 1.05038335514932E13 3767034.53 75 10 225 25875 3450 77625
311400.0 16524 6.102601241859E10 3777951.66 5708122 1.05648595639118E13 3777951.66 75 10 225 25950 3460 77850
312300.0 16452 6.10665542504E10 3788868.78 5724574 1.06259261181622E13 3788868.78 75 10 225 26025 3470 78075
313200.0 16452 6.124275721732E10 3799785.9 5741026 1.068716887537952E13 3799785.9 75 10 225 26100 3480 78300
314100.0 16560 6.162469346778E10 3810703.02 5757586 1.07487935688473E13 3810703.02 75 10 225 26175 3490 78525
315000.0 16524 6.173248137101E10 3821620.16 5774110 1.081052605021831E13 3821620.16 75 10 225 26250 3500 78750
315900.0 16452 6.177145112792E10 3832537.28 5790562 1.087229750134624E13 3832537.28 75 10 225 26325 3510 78975
316800.0 16452 6.194765409485E10 3843454.4 5807014 1.093424515544109E13 3843454.4 75 10 225 26400 3520 79200
317700.0 16560 6.233194846214E10 3854371.52 5823574 1.099657710390323E13 3854371.52 75 10 225 26475 3530 79425
318600.0 16524 6.243895442455E10 3865288.65 5840098 1.105901605832778E13 3865288.65 75 10 225 26550 3540 79650
319500.0 16452 6.24763480055E10 3876205.77 5856550 1.112149240633328E13 3876205.77 75 10 225 26625 3550 79875
320400.0 16452 6.265255551967E10 3887123.46 5873002 1.118414496185295E13 3887123.46 75 10 225 26700 3560 80100
321300.0 16560 6.30392127227E10 3898040.59 5889562 1.124718417457565E13 3898040.59 75 10 225 26775 3570 80325
322200.0 16524 6.314542854976E10 3908957.72 5906086 1.131032960312541E13 3908957.72 75 10 225 26850 3580 80550
323100.0 16452 6.318125415421E10 3919874.85 5922538 1.137351085727963E13 3919874.85 75 10 225 26925 3590 80775
324000.0 16452 6.335745712114E10 3930791.97 5938990 1.143686831440077E13 3930791.97 75 10 225 27000 3600 81000
324900.0 16560 6.374646771712E10 3941709.09 5955550 1.150061478211788E13 3941709.09 75 10 225 27075 3610 81225
325800.0 16524 6.385189748428E10 3952626.22 5972074 1.156446667960217E13 3952626.22 75 10 225 27150 3620 81450
326700.0 16452 6.388615103185E10 3963543.34 5988526 1.162835283063402E13 3963543.34 75 10 225 27225 3630 81675
327600.0 16452 6.406235399878E10 3974460.46 6004978 1.16924151846328E13 3974460.46 75 10 225 27300 3640 81900
328500.0 16560 6.445372266659E10 3985377.59 6021538 1.175686890729939E13 3985377.59 75 10 225 27375 3650 82125
329400.0 16524 6.455836642782E10 3996294.72 6038062 1.182142727372721E13 3996294.72 75 10 225 27450 3660 82350
330300.0 16452 6.45910479095E10 4007211.84 6054514 1.188601832163671E13 4007211.84 75 10 225 27525 3670 82575
331200.0 16452 6.476725087643E10 4018128.96 6070966 1.195078557251314E13 4018128.96 75 10 225 27600 3680 82800
332100.0 16560 6.516106207308E10 4029046.53 6087526 1.201594663458622E13 4029046.53 75 10 225 27675 3690 83025
333000.0 16524 6.526484765713E10 4039963.78 6104050 1.208121148224335E13 4039963.78 75 10 225 27750 3700 83250
333900.0 16452 6.529595402238E10 4050880.91 6120502 1.214650743626573E13 4050880.91 75 10 225 27825 3710 83475
334800.0 16452 6.547215698931E10 4061798.03 6136954 1.221197959325505E13 4061798.03 75 10 225 27900 3720 83700
335700.0 16560 6.586824190369E10 4072715.15 6153514 1.227784783515874E13 4072715.15 75 10 225 27975 3730 83925
336600.0 16524 6.597131357973E10 4083632.28 6170038 1.234381914873847E13 4083632.28 75 10 225 28050 3740 84150
337500.0 16452 6.600085090004E10 4094549.41 6186490 1.240981999963851E13 4094549.41 75 10 225 28125 3750 84375
338400.0 16452 6.617705386697E10 4105466.53 6202942 1.247599705350548E13 4105466.53 75 10 225 28200 3760 84600
339300.0 16560 6.657549687118E10 4116383.65 6219502 1.254257255037666E13 4116383.65 75 10 225 28275 3770 84825
340200.0 16524 6.667778662439E10 4127300.78 6236026 1.260925033700105E13 4127300.78 75 10 225 28350 3780 85050
341100.0 16452 6.670574777774E10 4138217.9 6252478 1.26759560847788E13 4138217.9 75 10 225 28425 3790 85275
342000.0 16452 6.688195074468E10 4149135.02 6268930 1.274283803552347E13 4149135.02 75 10 225 28500 3800 85500
342900.0 16567 6.728283254685E10 4160052.15 6285497 1.281012086807032E13 4160052.15 75 10 225 28575 3810 85725
343800.0 16526 6.738425405443E10 4170969.59 6302023 1.287750512212476E13 4170969.59 75 10 225 28650 3820 85950
344700.0 16452 6.741065183924E10 4181886.97 6318475 1.2944915773964E13 4181886.97 75 10 225 28725 3830 86175
345600.0 16452 6.758685684007E10 4192804.09 6334927 1.301250263080407E13 4192804.09 75 10 225 28800 3840 86400

