# seed = 1, gamma = 0.25, beta = 0.75, dee = 10.0, dcc = 5.0, dec = 15.0, dsc = 1000.0, dLocalhost = 0.015, hostBroker = EDGE, numOfCloud = 1, numOfEdge = 1, numOfSmartphone = 225 
#
# The columns have the following meaning: 
# instant[SECONDS] delayCountPartial delaySumPartial[SECONDS] delayMaxPartial[SECONDS] delayCountTot delaySumTot[SECONDS] delayMaxTot[SECONDS] runOnCloudPartial runOnEdgePartial runOnSmartphonePartial runOnCloudTot runOnEdgeTot runOnSmartphoneTot
0.0 0 0.0 0.0 0 0.0 0.0 0 0 0 0 0 0
900.0 16560 9.362692336E7 11572.97 16560 9.362692336E7 11572.97 83 2 225 83 2 225
1800.0 16524 2.7053446244E8 22535.89 33084 3.641613858E8 22535.89 83 2 225 166 4 450
2700.0 16452 4.4700898837E8 33498.33 49536 8.1117037417E8 33498.33 83 2 225 249 6 675
3600.0 16453 6.2394239893E8 44460.76 65989 1.43511277309E9 44460.76 83 2 225 332 8 900
4500.0 16560 8.0390650481E8 55423.19 82549 2.2390192779E9 55423.19 83 2 225 415 10 1125
5400.0 16524 9.799436656E8 66385.62 99073 3.2189629435E9 66385.62 83 2 225 498 12 1350
6300.0 16452 1.1548312971E9 77348.05 115525 4.3737942406E9 77348.05 83 2 225 581 14 1575
7200.0 16452 1.33176458861E9 88310.48 131977 5.70555882921E9 88310.48 83 2 225 664 16 1800
8100.0 16560 1.51401575976E9 99272.91 148537 7.21957458897E9 99272.91 83 2 225 747 18 2025
9000.0 16524 1.68934039326E9 110235.35 165061 8.90891498224E9 110235.35 83 2 225 830 20 2250
9900.0 16452 1.86265360611E9 121197.78 181513 1.077156858835E10 121197.78 83 2 225 913 22 2475
10800.0 16452 2.03958689761E9 132160.21 197965 1.281115548596E10 132160.21 83 2 225 996 24 2700
11700.0 16560 2.22428691117E9 143122.64 214525 1.503544239713E10 143122.64 83 2 225 1079 26 2925
12600.0 16532 2.39874641809E9 154085.08 231057 1.743418881522E10 154085.08 83 2 225 1162 28 3150
13500.0 16452 2.5704805523E9 165048.08 247509 2.000466936752E10 165048.08 83 2 225 1245 30 3375
14400.0 16452 2.74741847769E9 176010.51 263961 2.275208784521E10 176010.51 83 2 225 1328 32 3600
15300.0 16560 2.93440544148E9 186972.94 280521 2.56864932867E10 186972.94 83 2 225 1411 34 3825
16200.0 16524 3.10815148343E9 197935.38 297045 2.879464477013E10 197935.38 83 2 225 1494 36 4050
17100.0 16452 3.27830749519E9 208897.81 313497 3.207295226532E10 208897.81 83 2 225 1577 38 4275
18000.0 16452 3.45524078669E9 219860.24 329949 3.552819305201E10 219860.24 83 2 225 1660 40 4500
18900.0 16560 3.64459563579E9 230822.67 346509 3.917278868779E10 230822.67 83 2 225 1743 42 4725
19800.0 16524 3.81755237364E9 241785.11 363033 4.299034106143E10 241785.11 83 2 225 1826 44 4950
20700.0 16452 3.98612980418E9 252747.54 379485 4.697647086561E10 252747.54 83 2 225 1909 46 5175
21600.0 16452 4.16306309568E9 263709.97 395937 5.113953396129E10 263709.97 83 2 225 1992 48 5400
22500.0 16560 4.35478582109E9 274672.4 412497 5.549431978238E10 274672.4 83 2 225 2075 50 5625
23400.0 16524 4.52695328184E9 285634.84 429021 6.002127306422E10 285634.84 83 2 225 2158 52 5850
24300.0 16453 4.69395212832E9 296597.27 445474 6.471522519254E10 296597.27 83 2 225 2241 54 6075
25200.0 16452 4.87089004474E9 307560.26 461926 6.958611523728E10 307560.26 83 2 225 2324 56 6300
26100.0 16560 5.06506631059E9 318522.7 478486 7.465118154787E10 318522.7 83 2 225 2407 58 6525
27000.0 16524 5.23636347312E9 329485.14 495010 7.988754502099E10 329485.14 83 2 225 2490 60 6750
27900.0 16452 5.40178369358E9 340447.57 511462 8.528932871457E10 340447.57 83 2 225 2573 62 6975
28800.0 16452 5.57871698508E9 351410.0 527914 9.086804569965E10 351410.0 83 2 225 2656 64 7200
29700.0 16560 5.77517553017E9 362372.43 544474 9.664322122982E10 362372.43 83 2 225 2739 66 7425
30600.0 16524 5.94576436381E9 373334.87 560998 1.0258898559363E11 373334.87 83 2 225 2822 68 7650
31500.0 16452 6.10960600306E9 384297.3 577450 1.0869859159669E11 384297.3 83 2 225 2905 70 7875
32400.0 16452 6.28653929456E9 395259.73 593902 1.1498513089125E11 395259.73 83 2 225 2988 72 8100
33300.0 16560 6.48536571596E9 406222.16 610462 1.2147049660721E11 406222.16 83 2 225 3071 74 8325
34200.0 16524 6.65516527255E9 417184.6 626986 1.2812566187977E11 417184.6 83 2 225 3154 76 8550
35100.0 16452 6.8174283126E9 428147.03 643438 1.3494309019236E11 428147.03 83 2 225 3237 78 8775
36000.0 16452 6.99436160409E9 439109.46 659890 1.4193745179646E11 439109.46 83 2 225 3320 80 9000
36900.0 16560 7.19556046297E9 450072.45 676450 1.4913301225943E11 450072.45 83 2 225 3403 82 9225
37800.0 16524 7.36457546411E9 461034.9 692974 1.5649758772354E11 461034.9 83 2 225 3486 84 9450
38700.0 16452 7.52525989332E9 471997.33 709426 1.6402284761687E11 471997.33 83 2 225 3569 86 9675
39600.0 16452 7.70219318482E9 482959.76 725878 1.7172504080169E11 482959.76 83 2 225 3652 88 9900
40500.0 16560 7.90575540787E9 493922.19 742438 1.7963079620956E11 493922.19 83 2 225 3735 90 10125
41400.0 16524 8.07397636397E9 504884.63 758962 1.8770477257352E11 504884.63 83 2 225 3818 92 10350
42300.0 16452 8.23308220299E9 515847.06 775414 1.9593785477651E11 515847.06 83 2 225 3901 94 10575
43200.0 16452 8.4100154945E9 526809.49 791866 2.0434787027101E11 526809.49 83 2 225 3984 96 10800
44100.0 16560 8.61594559387E9 537771.92 808426 2.1296381586488E11 537771.92 83 2 225 4067 98 11025
45000.0 16524 8.78337726388E9 548734.36 824950 2.2174719312875E11 548734.36 83 2 225 4150 100 11250
45900.0 16452 8.94090451274E9 559696.79 841402 2.306880976415E11 559696.79 83 2 225 4233 102 11475
46800.0 16452 9.11783780425E9 570659.21 857854 2.3980593544575E11 570659.21 83 2 225 4316 104 11700
47700.0 16560 9.32621678199E9 581621.64 874414 2.4913215222774E11 581621.64 83 2 225 4399 106 11925
48600.0 16524 9.49278144525E9 592584.47 890938 2.5862493367299E11 592584.47 83 2 225 4482 108 12150
49500.0 16452 9.64873455364E9 603547.08 907390 2.6827366822662E11 603547.08 83 2 225 4565 110 12375
50400.0 16452 9.82566933273E9 614509.51 923842 2.7809933755935E11 614509.51 83 2 225 4648 112 12600
51300.0 16560 1.003633524256E10 625471.94 940402 2.8813567280191E11 625471.94 83 2 225 4731 114 12825
52200.0 16524 1.020218830319E10 636434.38 956926 2.983378611051E11 636434.38 83 2 225 4814 116 13050
53100.0 16452 1.035655835108E10 647396.81 973378 3.0869441945618E11 647396.81 83 2 225 4897 118 13275
54000.0 16452 1.053349164259E10 658359.24 989830 3.1922791109877E11 658359.24 83 2 225 4980 120 13500
54900.0 16560 1.074652543774E10 669321.67 1006390 3.2997443653651E11 669321.67 83 2 225 5063 122 13725
55800.0 16524 1.091158920321E10 680284.11 1022914 3.4088602573972E11 680284.11 83 2 225 5146 124 13950
56700.0 16452 1.106438066089E10 691246.54 1039366 3.5195040640061E11 691246.54 83 2 225 5229 126 14175
57600.0 16452 1.12413139524E10 702208.97 1055818 3.6319172035301E11 702208.97 83 2 225 5312 128 14400
58500.0 16560 1.145671563287E10 713171.4 1072378 3.7464843598587E11 713171.4 83 2 225 5395 130 14625
59400.0 16530 1.162099010323E10 724133.84 1088908 3.862694260891E11 724133.84 83 2 225 5478 132 14850
60300.0 16455 1.1772204485E10 735096.46 1105363 3.980416305741E11 735096.46 83 2 225 5561 134 15075
61200.0 16452 1.194914241732E10 746059.26 1121815 4.0999077299143E11 746059.26 83 2 225 5644 136 15300
62100.0 16560 1.216691509637E10 757021.7 1138375 4.221576880878E11 757021.7 83 2 225 5727 138 15525
63000.0 16524 1.233040026133E10 767984.14 1154899 4.3448808834913E11 767984.14 83 2 225 5810 140 15750
63900.0 16452 1.248003451799E10 778946.57 1171351 4.4696812286712E11 778946.57 83 2 225 5893 142 15975
64800.0 16452 1.26569678095E10 789909.0 1187803 4.5962509067662E11 789909.0 83 2 225 5976 144 16200
65700.0 16560 1.287718627555E10 800871.43 1204363 4.7250227695217E11 800871.43 83 2 225 6059 146 16425
66600.0 16524 1.303980116135E10 811833.87 1220887 4.8554207811352E11 811833.87 83 2 225 6142 148 16650
67500.0 16452 1.31878568278E10 822796.3 1237339 4.9872993494132E11 822796.3 83 2 225 6225 150 16875
68400.0 16452 1.336479011931E10 833758.73 1253791 5.1209472506064E11 833758.73 83 2 225 6308 152 17100
69300.0 16560 1.358729547762E10 844721.16 1270351 5.2568202053826E11 844721.16 83 2 225 6391 154 17325
70200.0 16524 1.374920205237E10 855683.59 1286875 5.3943122259063E11 855683.59 83 2 225 6474 156 17550
71100.0 16452 1.389567913761E10 866646.02 1303327 5.5332690172824E11 866646.02 83 2 225 6557 158 17775
72000.0 16453 1.407261242912E10 877608.45 1319780 5.6739951415736E11 877608.45 83 2 225 6640 160 18000
72900.0 16560 1.42974902339E10 888571.45 1336340 5.8169700439126E11 888571.45 83 2 225 6723 162 18225
73800.0 16524 1.445861225314E10 899533.9 1352864 5.961556166444E11 899533.9 83 2 225 6806 164 18450
74700.0 16452 1.460351071849E10 910496.33 1369316 6.107591273629E11 910496.33 83 2 225 6889 166 18675
75600.0 16452 1.478044401001E10 921458.76 1385768 6.255395713729E11 921458.76 83 2 225 6972 168 18900
76500.0 16560 1.500776615401E10 932421.19 1402328 6.4054733752691E11 932421.19 83 2 225 7055 170 19125
77400.0 16524 1.516801315316E10 943383.63 1418852 6.5571535068007E11 943383.63 83 2 225 7138 172 19350
78300.0 16452 1.53113330283E10 954346.06 1435304 6.7102668370837E11 954346.06 83 2 225 7221 174 19575
79200.0 16452 1.548826631982E10 965308.48 1451756 6.8651495002819E11 965308.48 83 2 225 7304 176 19800
80100.0 16560 1.571787536508E10 976270.91 1468316 7.0223282539327E11 976270.91 83 2 225 7387 178 20025
81000.0 16524 1.587741822471E10 987233.35 1484840 7.1811024361798E11 987233.35 83 2 225 7470 180 20250
81900.0 16452 1.601915533806E10 998195.78 1501292 7.3412939895604E11 998195.78 83 2 225 7553 182 20475
82800.0 16452 1.619608862957E10 1009158.21 1517744 7.5032548758562E11 1009158.21 83 2 225 7636 184 20700
83700.0 16560 1.64281465532E10 1020120.64 1534304 7.6675363413882E11 1020120.64 83 2 225 7719 186 20925
84600.0 16524 1.658681954776E10 1031083.65 1550828 7.8334045368658E11 1031083.65 83 2 225 7802 188 21150
85500.0 16452 1.672698691889E10 1042046.09 1567280 8.0006744060547E11 1042046.09 83 2 225 7885 190 21375
86400.0 16452 1.690392021041E10 1053008.52 1583732 8.1697136081587E11 1053008.52 83 2 225 7968 192 21600
87300.0 16560 1.713826504831E10 1063970.94 1600292 8.3410962586418E11 1063970.94 83 2 225 8051 194 21825
88200.0 16524 1.72962293074E10 1074933.38 1616816 8.5140585517158E11 1074933.38 83 2 225 8134 196 22050
89100.0 16452 1.743480922865E10 1085895.81 1633268 8.6884066440023E11 1085895.81 83 2 225 8217 198 22275
90000.0 16452 1.761174252016E10 1096858.24 1649720 8.8645240692039E11 1096858.24 83 2 225 8300 200 22500
90900.0 16560 1.784853623643E10 1107820.67 1666280 9.0430094315682E11 1107820.67 83 2 225 8383 202 22725
91800.0 16524 1.800562603588E10 1118783.11 1682804 9.223065691927E11 1118783.11 83 2 225 8466 204 22950
92700.0 16452 1.814263153846E10 1129745.54 1699256 9.4044920073116E11 1129745.54 83 2 225 8549 206 23175
93600.0 16452 1.831956482998E10 1140707.97 1715708 9.5876876556114E11 1140707.97 83 2 225 8632 208 23400
94500.0 16560 1.855864544751E10 1151670.4 1732268 9.7732741100865E11 1151670.4 83 2 225 8715 210 23625
95400.0 16524 1.871503110744E10 1162632.84 1748792 9.9604244211608E11 1162632.84 83 2 225 8798 212 23850
96300.0 16452 1.885045848546E10 1173595.84 1765244 1.01489290060155E12 1173595.84 83 2 225 8881 214 24075
97200.0 16452 1.902739641086E10 1184558.27 1781696 1.03392029701241E12 1184558.27 83 2 225 8964 216 24300
98100.0 16561 1.926884494472E10 1195520.7 1798257 1.05318914195713E12 1195520.7 83 2 225 9047 218 24525
99000.0 16524 1.942443712767E10 1206483.14 1814781 1.0726135790848E12 1206483.14 83 2 225 9130 220 24750
99900.0 16452 1.955828542916E10 1217445.57 1831233 1.09217186451396E12 1217445.57 83 2 225 9213 222 24975
100800.0 16452 1.973521872067E10 1228408.0 1847685 1.11190708323463E12 1228408.0 83 2 225 9296 224 25200
101700.0 16560 1.997903513985E10 1239370.43 1864245 1.13188611837448E12 1239370.43 83 2 225 9379 226 25425
102600.0 16524 2.013383803669E10 1250332.87 1880769 1.15201995641117E12 1250332.87 83 2 225 9462 228 25650
103500.0 16452 2.026610773897E10 1261295.3 1897221 1.17228606415014E12 1261295.3 83 2 225 9545 230 25875
104400.0 16452 2.044304103049E10 1272257.73 1913673 1.19272910518063E12 1272257.73 83 2 225 9628 232 26100
105300.0 16560 2.068922534397E10 1283220.16 1930233 1.2134183305246E12 1283220.16 83 2 225 9711 234 26325
106200.0 16524 2.084323892771E10 1294182.6 1946757 1.23426156945231E12 1294182.6 83 2 225 9794 236 26550
107100.0 16458 2.097393004878E10 1305145.03 1963215 1.2552354995011E12 1305145.03 83 2 225 9877 238 26775
108000.0 16454 2.115086748839E10 1316107.92 1979669 1.27638636698948E12 1316107.92 83 2 225 9960 240 27000
108900.0 16560 2.13994238177E10 1327070.46 1996229 1.29778579080718E12 1327070.46 83 2 225 10043 242 27225
109800.0 16524 2.155264909246E10 1338032.9 2012753 1.31933843989964E12 1338032.9 83 2 225 10126 244 27450
110700.0 16452 2.168176159378E10 1348995.33 2029205 1.34102020149343E12 1348995.33 83 2 225 10209 246 27675
111600.0 16452 2.18586948853E10 1359957.76 2045657 1.36287889637872E12 1359957.76 83 2 225 10292 248 27900
112500.0 16560 2.21096150003E10 1370920.19 2062217 1.38498851137903E12 1370920.19 83 2 225 10375 250 28125
113400.0 16524 2.226204998359E10 1381882.63 2078741 1.40725056136262E12 1381882.63 83 2 225 10458 252 28350
114300.0 16452 2.23895839037E10 1392845.06 2095193 1.42964014526633E12 1392845.06 83 2 225 10541 254 28575
115200.0 16452 2.256651719522E10 1403807.49 2111645 1.45220666246154E12 1403807.49 83 2 225 10624 256 28800
116100.0 16560 2.281980517754E10 1414769.92 2128205 1.47502646763908E12 1414769.92 83 2 225 10707 258 29025
117000.0 16524 2.297145089272E10 1425732.35 2144729 1.49799791853181E12 1425732.35 83 2 225 10790 260 29250
117900.0 16452 2.309740621362E10 1436694.78 2161181 1.52109532474543E12 1436694.78 83 2 225 10873 262 29475
118800.0 16453 2.327433950514E10 1447657.21 2177634 1.54436966425057E12 1447657.21 83 2 225 10956 264 29700
119700.0 16560 2.352999746326E10 1458619.93 2194194 1.56789966171383E12 1458619.93 83 2 225 11039 266 29925
120600.0 16524 2.36808590124E10 1469582.65 2210718 1.59158052072623E12 1469582.65 83 2 225 11122 268 30150
121500.0 16452 2.380523773792E10 1480545.08 2227170 1.61538575846415E12 1480545.08 83 2 225 11205 270 30375
122400.0 16452 2.398217102943E10 1491507.51 2243622 1.63936792949358E12 1491507.51 83 2 225 11288 272 30600
123300.0 16560 2.42401948222E10 1502469.94 2260182 1.66360812431579E12 1502469.94 83 2 225 11371 274 30825
124200.0 16524 2.439026192791E10 1513432.38 2276706 1.68799838624369E12 1513432.38 83 2 225 11454 276 31050
125100.0 16452 2.451306004784E10 1524394.81 2293158 1.71251144629153E12 1524394.81 83 2 225 11537 278 31275
126000.0 16452 2.468999333935E10 1535357.24 2309610 1.73720143963088E12 1535357.24 83 2 225 11620 280 31500
126900.0 16560 2.495038502644E10 1546319.67 2326170 1.76215182465732E12 1546319.67 83 2 225 11703 282 31725
127800.0 16524 2.509966282804E10 1557282.11 2342694 1.78725148748535E12 1557282.11 83 2 225 11786 284 31950
128700.0 16452 2.522088235776E10 1568244.54 2359146 1.81247236984311E12 1568244.54 83 2 225 11869 286 32175
129600.0 16452 2.539781564927E10 1579206.97 2375598 1.83787018549238E12 1579206.97 83 2 225 11952 288 32400
130500.0 16560 2.566057523067E10 1590169.4 2392158 1.86353076072306E12 1590169.4 83 2 225 12035 290 32625
131400.0 16524 2.580906425957E10 1601131.93 2408682 1.88933982498263E12 1601131.93 83 2 225 12118 292 32850
132300.0 16452 2.592871005054E10 1612094.83 2425134 1.91526853503317E12 1612094.83 83 2 225 12201 294 33075
133200.0 16452 2.610564720421E10 1623057.27 2441586 1.94137418223738E12 1623057.27 83 2 225 12284 296 33300
134100.0 16560 2.637077469285E10 1634019.7 2458146 1.96774495693023E12 1634019.7 83 2 225 12367 298 33525
135000.0 16524 2.651847389393E10 1644982.14 2474670 1.99426343082415E12 1644982.14 83 2 225 12450 300 33750
135900.0 16452 2.663653622261E10 1655944.57 2491122 2.02089996704676E12 1655944.57 83 2 225 12533 302 33975
136800.0 16452 2.681346951413E10 1666907.0 2507574 2.04771343656089E12 1666907.0 83 2 225 12616 304 34200
137700.0 16560 2.708096487908E10 1677869.43 2524134 2.07479440143997E12 1677869.43 83 2 225 12699 306 34425
138600.0 16524 2.722787478506E10 1688831.87 2540658 2.10202227622503E12 1688831.87 83 2 225 12782 308 34650
139500.0 16452 2.734435853253E10 1699794.3 2557110 2.12936663475756E12 1699794.3 83 2 225 12865 310 34875
140400.0 16452 2.752129182405E10 1710756.73 2573562 2.15688792658161E12 1710756.73 83 2 225 12948 312 35100
141300.0 16560 2.779115508332E10 1721719.16 2590122 2.18467908166492E12 1721719.16 83 2 225 13031 314 35325
142200.0 16524 2.793727569419E10 1732681.59 2606646 2.21261635735911E12 1732681.59 83 2 225 13114 316 35550
143100.0 16452 2.805218084245E10 1743644.02 2623098 2.24066853820156E12 1743644.02 83 2 225 13197 318 35775
144000.0 16452 2.822911877403E10 1754607.02 2639550 2.26889765697559E12 1754607.02 83 2 225 13280 320 36000
144900.0 16560 2.850135458064E10 1765569.46 2656110 2.29739901155623E12 1765569.46 83 2 225 13363 322 36225
145800.0 16524 2.864668587706E10 1776531.9 2672634 2.32604569743329E12 1776531.9 83 2 225 13446 324 36450
146700.0 16452 2.876001242345E10 1787494.33 2689086 2.35480570985674E12 1787494.33 83 2 225 13529 326 36675
147600.0 16452 2.893694571496E10 1798456.76 2705538 2.3837426555717E12 1798456.76 83 2 225 13612 328 36900
148500.0 16560 2.921154477587E10 1809419.19 2722098 2.41295420034757E12 1809419.19 83 2 225 13695 330 37125
149400.0 16524 2.935608678619E10 1820381.62 2738622 2.44231028713377E12 1820381.62 83 2 225 13778 332 37350
150300.0 16452 2.946783473337E10 1831344.05 2755074 2.47177812186713E12 1831344.05 83 2 225 13861 334 37575
151200.0 16452 2.964476802488E10 1842306.48 2771526 2.50142288989201E12 1842306.48 83 2 225 13944 336 37800
152100.0 16560 2.992173496211E10 1853268.91 2788086 2.53134462485412E12 1853268.91 83 2 225 14027 338 38025
153000.0 16524 3.006548767738E10 1864231.35 2804610 2.5614101125315E12 1864231.35 83 2 225 14110 340 38250
153900.0 16452 3.017565704334E10 1875193.78 2821062 2.59158576957484E12 1875193.78 83 2 225 14193 342 38475
154800.0 16461 3.035259035102E10 1886156.21 2837523 2.62193835992586E12 1886156.21 83 2 225 14276 344 38700
155700.0 16560 3.063192971855E10 1897119.21 2854083 2.65257028964442E12 1897119.21 83 2 225 14359 346 38925
156600.0 16524 3.077489787831E10 1908081.66 2870607 2.68334518752273E12 1908081.66 83 2 225 14442 348 39150
157500.0 16452 3.088348862433E10 1919044.09 2887059 2.71422867614706E12 1919044.09 83 2 225 14525 350 39375
158400.0 16452 3.106042191585E10 1930006.51 2903511 2.74528909806291E12 1930006.51 83 2 225 14608 352 39600
159300.0 16560 3.134220563877E10 1940968.94 2920071 2.77663130370167E12 1940968.94 83 2 225 14691 354 39825
160200.0 16524 3.148429876944E10 1951931.38 2936595 2.80811560247111E12 1951931.38 83 2 225 14774 356 40050
161100.0 16452 3.159131093425E10 1962893.81 2953047 2.83970691340537E12 1962893.81 83 2 225 14857 358 40275
162000.0 16452 3.176824422577E10 1973856.24 2969499 2.87147515763114E12 1973856.24 83 2 225 14940 360 40500
162900.0 16560 3.205231484995E10 1984818.67 2986059 2.90352747248109E12 1984818.67 83 2 225 15023 362 40725
163800.0 16524 3.219370385897E10 1995781.11 3002583 2.93572117634006E12 1995781.11 83 2 225 15106 364 40950
164700.0 16452 3.229913324398E10 2006743.54 3019035 2.96802030958404E12 2006743.54 83 2 225 15189 366 41175
165600.0 16452 3.247606653543E10 2017705.97 3035487 3.00049637611947E12 2017705.97 83 2 225 15272 368 41400
166500.0 16561 3.276258602891E10 2028668.4 3052048 3.03325896214838E12 2028668.4 83 2 225 15355 370 41625
167400.0 16524 3.290310517285E10 2039631.4 3068572 3.06616206732124E12 2039631.4 83 2 225 15438 372 41850
168300.0 16452 3.300696482468E10 2050593.84 3085024 3.09916903214591E12 2050593.84 83 2 225 15521 374 42075
169200.0 16452 3.318389811613E10 2061556.27 3101476 3.13235293026204E12 2061556.27 83 2 225 15604 376 42300
170100.0 16560 3.347270454189E10 2072518.7 3118036 3.16582563480393E12 2072518.7 83 2 225 15687 378 42525
171000.0 16524 3.361251494133E10 2083481.14 3134560 3.19943814974527E12 2083481.14 83 2 225 15770 380 42750
171900.0 16452 3.371478713425E10 2094443.57 3151012 3.23315293687951E12 2094443.57 83 2 225 15853 382 42975
172800.0 16452 3.38917204257E10 2105406.0 3167464 3.26704465730521E12 2105406.0 83 2 225 15936 384 43200
173700.0 16560 3.418289473678E10 2116368.43 3184024 3.30122755204199E12 2116368.43 83 2 225 16019 386 43425
174600.0 16524 3.432191166958E10 2127330.87 3200548 3.33554946371156E12 2127330.87 83 2 225 16102 388 43650
175500.0 16452 3.442260944382E10 2138293.3 3217000 3.36997207315538E12 2138293.3 83 2 225 16185 390 43875
176400.0 16452 3.459954273527E10 2149255.73 3233452 3.40457161589065E12 2149255.73 83 2 225 16268 392 44100
177300.0 16560 3.489308494066E10 2160218.16 3250012 3.43946470083131E12 2160218.16 83 2 225 16351 394 44325
178200.0 16524 3.503131256936E10 2171180.6 3266536 3.47449601340067E12 2171180.6 83 2 225 16434 396 44550
179100.0 16452 3.51304350619E10 2182143.42 3282988 3.50962644846257E12 2182143.42 83 2 225 16517 398 44775
180000.0 16452 3.530737284308E10 2193106.03 3299440 3.54493382130565E12 2193106.03 83 2 225 16600 400 45000
180900.0 16560 3.56032843975E10 2204068.46 3316000 3.58053710570314E12 2204068.46 83 2 225 16683 402 45225
181800.0 16524 3.574072271175E10 2215030.9 3332524 3.6162778284149E12 2215030.9 83 2 225 16766 404 45450
182700.0 16452 3.583826328501E10 2225993.33 3348976 3.6521160916999E12 2225993.33 83 2 225 16849 406 45675
183600.0 16452 3.601519657646E10 2236955.76 3365428 3.68813128827637E12 2236955.76 83 2 225 16932 408 45900
184500.0 16560 3.631347456533E10 2247918.19 3381988 3.72444476284169E12 2247918.19 83 2 225 17015 410 46125
185400.0 16524 3.645012361148E10 2258880.62 3398512 3.76089488645317E12 2258880.62 83 2 225 17098 412 46350
186300.0 16452 3.654608559453E10 2269843.05 3414964 3.79744097204769E12 2269843.05 83 2 225 17181 414 46575
187200.0 16452 3.672301888598E10 2280805.48 3431416 3.83416399093367E12 2280805.48 83 2 225 17264 416 46800
188100.0 16560 3.702366478716E10 2291767.91 3447976 3.87118765572083E12 2291767.91 83 2 225 17347 418 47025
189000.0 16524 3.71595245112E10 2302730.35 3464500 3.90834718023203E12 2302730.35 83 2 225 17430 420 47250
189900.0 16452 3.725390790404E10 2313692.78 3480952 3.94560108813607E12 2313692.78 83 2 225 17513 422 47475
190800.0 16452 3.743084282566E10 2324655.42 3497404 3.98303193096173E12 2324655.42 83 2 225 17596 424 47700
191700.0 16560 3.773386124302E10 2335618.21 3513964 4.02076579220474E12 2335618.21 83 2 225 17679 426 47925
192600.0 16524 3.7868934667E10 2346580.65 3530488 4.05863472687174E12 2346580.65 83 2 225 17762 428 48150
193500.0 16453 3.796173944904E10 2357543.08 3546941 4.09659646632078E12 2357543.08 83 2 225 17845 430 48375
194400.0 16452 3.813867274049E10 2368505.51 3563393 4.13473513906127E12 2368505.51 83 2 225 17928 432 48600
195300.0 16560 3.844405442519E10 2379467.94 3579953 4.17317919348645E12 2379467.94 83 2 225 18011 434 48825
196200.0 16524 3.857833556673E10 2390430.38 3596477 4.21175752905318E12 2390430.38 83 2 225 18094 436 49050
197100.0 16452 3.866956175855E10 2401392.81 3612929 4.25042709081173E12 2401392.81 83 2 225 18177 438 49275
198000.0 16452 3.884649505001E10 2412355.24 3629381 4.28927358586174E12 2412355.24 83 2 225 18260 440 49500
198900.0 16560 3.915424462902E10 2423317.67 3645941 4.32842783049075E12 2423317.67 83 2 225 18343 442 49725
199800.0 16524 3.928773646645E10 2434280.11 3662465 4.3677155669572E12 2434280.11 83 2 225 18426 444 49950
200700.0 16452 3.937738406807E10 2445242.54 3678917 4.40709295102527E12 2445242.54 83 2 225 18509 446 50175
201600.0 16452 3.955431735952E10 2456204.97 3695369 4.4466472683848E12 2456204.97 83 2 225 18592 448 50400
202500.0 16568 3.986443604572E10 2467167.4 3711937 4.48651170443052E12 2467167.4 83 2 225 18675 450 50625
203400.0 16524 3.999714196082E10 2478130.4 3728461 4.52650884639133E12 2478130.4 83 2 225 18758 452 50850
204300.0 16452 4.008521564871E10 2489092.84 3744913 4.56659406204005E12 2489092.84 83 2 225 18841 454 51075
205200.0 16452 4.026214894017E10 2500055.27 3761365 4.60685621098021E12 2500055.27 83 2 225 18924 456 51300
206100.0 16560 4.057463430282E10 2511017.7 3777925 4.64743084528303E12 2511017.7 83 2 225 19007 458 51525
207000.0 16524 4.07065475576E10 2521980.14 3794449 4.68813739284063E12 2521980.14 83 2 225 19090 460 51750
207900.0 16452 4.079303795812E10 2532942.57 3810901 4.72893043079875E12 2532942.57 83 2 225 19173 462 51975
208800.0 16452 4.096997124958E10 2543905.0 3827353 4.76990040204832E12 2543905.0 83 2 225 19256 464 52200
209700.0 16560 4.128482452454E10 2554867.43 3843913 4.81118522657286E12 2554867.43 83 2 225 19339 466 52425
210600.0 16524 4.141594845711E10 2565829.87 3860437 4.85260117502997E12 2565829.87 83 2 225 19422 468 52650
211500.0 16452 4.150086026742E10 2576792.3 3876889 4.89410203529739E12 2576792.3 83 2 225 19505 470 52875
212400.0 16452 4.167779355888E10 2587754.73 3893341 4.93577982885627E12 2587754.73 83 2 225 19588 472 53100
213300.0 16560 4.199501469215E10 2598717.16 3909901 4.97777484354842E12 2598717.16 83 2 225 19671 474 53325
214200.0 16525 4.21253495233E10 2609679.6 3926426 5.01990019307172E12 2609679.6 83 2 225 19754 476 53550
215100.0 16452 4.220868721394E10 2620642.59 3942878 5.06210888028566E12 2620642.59 83 2 225 19837 478 53775
216000.0 16452 4.23856251393E10 2631605.03 3959330 5.10449450542497E12 2631605.03 83 2 225 19920 480 54000
216900.0 16560 4.27052142159E10 2642567.46 3975890 5.14719971964087E12 2642567.46 83 2 225 20003 482 54225
217800.0 16524 4.283475954793E10 2653529.9 3992414 5.1900344791888E12 2653529.9 83 2 225 20086 484 54450
218700.0 16452 4.291651415715E10 2664492.33 4008866 5.23295099334595E12 2664492.33 83 2 225 20169 486 54675
219600.0 16452 4.309344744861E10 2675454.76 4025318 5.27604444079455E12 2675454.76 83 2 225 20252 488 54900
220500.0 16560 4.341540439252E10 2686417.19 4041878 5.31945984518707E12 2686417.19 83 2 225 20335 490 55125
221400.0 16524 4.354416044744E10 2697379.63 4058402 5.36300400563451E12 2697379.63 83 2 225 20418 492 55350
222300.0 16452 4.36243364664E10 2708342.06 4074854 5.4066283421009E12 2708342.06 83 2 225 20501 494 55575
223200.0 16452 4.380126975785E10 2719304.49 4091306 5.45042961185876E12 2719304.49 83 2 225 20584 496 55800
224100.0 16560 4.412559459607E10 2730266.91 4107866 5.49455520645483E12 2730266.91 83 2 225 20667 498 56025
225000.0 16524 4.425356134689E10 2741229.35 4124390 5.53880876780172E12 2741229.35 83 2 225 20750 500 56250
225900.0 16452 4.433215877564E10 2752191.78 4140842 5.58314092657737E12 2752191.78 83 2 225 20833 502 56475
226800.0 16452 4.450909670718E10 2763154.78 4157294 5.62765002328455E12 2763154.78 83 2 225 20916 504 56700
227700.0 16560 4.483579408377E10 2774117.22 4173854 5.67248581736832E12 2774117.22 83 2 225 20999 506 56925
228600.0 16524 4.496297153815E10 2785079.66 4190378 5.71744878890648E12 2785079.66 83 2 225 21082 508 57150
229500.0 16452 4.503999035602E10 2796042.09 4206830 5.76248877926249E12 2796042.09 83 2 225 21165 510 57375
230400.0 16452 4.521692364747E10 2807004.52 4223282 5.80770570290997E12 2807004.52 83 2 225 21248 512 57600
231300.0 16560 4.554598428733E10 2817966.95 4239842 5.8532516871973E12 2817966.95 83 2 225 21331 514 57825
232200.0 16524 4.56723724376E10 2828929.38 4256366 5.8989240596349E12 2828929.38 83 2 225 21414 516 58050
233100.0 16452 4.574781266527E10 2839891.81 4272818 5.94467187230017E12 2839891.81 83 2 225 21497 518 58275
234000.0 16452 4.592474595672E10 2850854.24 4289270 5.99059661825689E12 2850854.24 83 2 225 21580 520 58500
234900.0 16560 4.625617447289E10 2861816.67 4305830 6.03685279272978E12 2861816.67 83 2 225 21663 522 58725
235800.0 16524 4.638177333706E10 2872779.11 4322354 6.08323456606684E12 2872779.11 83 2 225 21746 524 58950
236700.0 16452 4.645563497451E10 2883741.54 4338806 6.12969020104135E12 2883741.54 83 2 225 21829 526 59175
237600.0 16452 4.663256826597E10 2894703.97 4355258 6.17632276930732E12 2894703.97 83 2 225 21912 528 59400
238500.0 16560 4.6966368582E10 2905666.89 4371818 6.22328913788931E12 2905666.89 83 2 225 21995 530 59625
239400.0 16524 4.709118285931E10 2916629.41 4388342 6.27038032074862E12 2916629.41 83 2 225 22078 532 59850
240300.0 16453 4.716346652242E10 2927591.84 4404795 6.31754378727104E12 2927591.84 83 2 225 22161 534 60075
241200.0 16452 4.734039981387E10 2938554.27 4421247 6.36488418708491E12 2938554.27 83 2 225 22244 536 60300
242100.0 16560 4.767656413157E10 2949516.7 4437807 6.41256075121648E12 2949516.7 83 2 225 22327 538 60525
243000.0 16524 4.780058439523E10 2960479.14 4454331 6.46036133561172E12 2960479.14 83 2 225 22410 540 60750
243900.0 16452 4.787128883166E10 2971441.57 4470783 6.50823262444338E12 2971441.57 83 2 225 22493 542 60975
244800.0 16452 4.804822212312E10 2982404.0 4487235 6.5562808465665E12 2982404.0 83 2 225 22576 544 61200
245700.0 16560 4.838675433513E10 2993366.43 4503795 6.60466760090163E12 2993366.43 83 2 225 22659 546 61425
246600.0 16524 4.850998529468E10 3004328.87 4520319 6.65317758619631E12 3004328.87 83 2 225 22742 548 61650
247500.0 16452 4.857911114091E10 3015291.3 4536771 6.70175669733722E12 3015291.3 83 2 225 22825 550 61875
248400.0 16452 4.875604443236E10 3026253.73 4553223 6.75051274176959E12 3026253.73 83 2 225 22908 552 62100
249300.0 16566 4.909694452965E10 3037216.16 4569789 6.79960968629924E12 3037216.16 83 2 225 22991 554 62325
250200.0 16526 4.921938854402E10 3048178.9 4586315 6.84882907484325E12 3048178.9 83 2 225 23074 556 62550
251100.0 16452 4.928694052587E10 3059141.59 4602767 6.89811601536912E12 3059141.59 83 2 225 23157 558 62775
252000.0 16452 4.946387595733E10 3070104.03 4619219 6.94757989132646E12 3070104.03 83 2 225 23240 560 63000
252900.0 16560 4.980714396176E10 3081066.46 4635779 6.99738703528821E12 3081066.46 83 2 225 23323 562 63225
253800.0 16524 4.992879632987E10 3092028.9 4652303 7.04731583161808E12 3092028.9 83 2 225 23406 564 63450
254700.0 16452 4.999476497513E10 3102991.33 4668755 7.09731059659321E12 3102991.33 83 2 225 23489 566 63675
255600.0 16452 5.017169826658E10 3113953.75 4685207 7.14748229485978E12 3113953.75 83 2 225 23572 568 63900
256500.0 16560 5.051733416531E10 3124916.18 4701767 7.1979996290251E12 3124916.18 83 2 225 23655 570 64125
257400.0 16524 5.063819722932E10 3135878.62 4718291 7.24863782625442E12 3135878.62 83 2 225 23738 572 64350
258300.0 16452 5.070258728437E10 3146841.05 4734743 7.2993404135388E12 3146841.05 83 2 225 23821 574 64575
259200.0 16452 5.087952057583E10 3157803.48 4751195 7.35021993411462E12 3157803.48 83 2 225 23904 576 64800
260100.0 16560 5.122752435087E10 3168765.91 4767755 7.40144745846549E12 3168765.91 83 2 225 23987 578 65025
261000.0 16525 5.134759812867E10 3179728.35 4784280 7.45279505659417E12 3179728.35 83 2 225 24070 580 65250
261900.0 16452 5.141041046281E10 3190690.89 4800732 7.50420546705698E12 3190690.89 83 2 225 24153 582 65475
262800.0 16452 5.158734839877E10 3201653.78 4817184 7.55579281545575E12 3201653.78 83 2 225 24236 584 65700
263700.0 16560 5.193780481267E10 3212616.21 4833744 7.60773062026843E12 3212616.21 83 2 225 24319 586 65925
264600.0 16524 5.205700829203E10 3223578.65 4850268 7.65978762856045E12 3223578.65 83 2 225 24402 588 66150
265500.0 16452 5.211824114604E10 3234541.08 4866720 7.71190586970649E12 3234541.08 83 2 225 24485 590 66375
266400.0 16452 5.22951744375E10 3245503.51 4883172 7.76420104414399E12 3245503.51 83 2 225 24568 592 66600
267300.0 16560 5.264791401409E10 3256465.94 4899732 7.81684895815808E12 3256465.94 83 2 225 24651 594 66825
268200.0 16524 5.276641337212E10 3267428.38 4916256 7.8696153715302E12 3267428.38 83 2 225 24734 596 67050
269100.0 16452 5.28260634554E10 3278390.81 4932708 7.9224414349856E12 3278390.81 83 2 225 24817 598 67275
270000.0 16452 5.300299674685E10 3289353.24 4949160 7.97544443173245E12 3289353.24 83 2 225 24900 600 67500
270900.0 16560 5.335818521084E10 3300315.67 4965720 8.02880261694329E12 3300315.67 83 2 225 24983 602 67725
271800.0 16524 5.347581008214E10 3311278.11 4982244 8.08227842702544E12 3311278.11 83 2 225 25066 604 67950
272700.0 16452 5.353388576475E10 3322240.54 4998696 8.13581231279019E12 3322240.54 83 2 225 25149 606 68175
273600.0 16452 5.371081905621E10 3333202.97 5015148 8.1895231318464E12 3333202.97 83 2 225 25232 608 68400
274500.0 16560 5.406829894665E10 3344165.96 5031708 8.24359143079305E12 3344165.96 83 2 225 25315 610 68625
275400.0 16524 5.418522446305E10 3355128.41 5048232 8.2977766552561E12 3355128.41 83 2 225 25398 612 68850
276300.0 16452 5.424171734523E10 3366090.84 5064684 8.35201837260133E12 3366090.84 83 2 225 25481 614 69075
277200.0 16452 5.441865063669E10 3377053.27 5081136 8.40643702323802E12 3377053.27 83 2 225 25564 616 69300
278100.0 16560 5.477849391823E10 3388015.7 5097696 8.46121551715625E12 3388015.7 83 2 225 25647 618 69525
279000.0 16524 5.489462117307E10 3398978.14 5114220 8.51611013832932E12 3398978.14 83 2 225 25730 620 69750
279900.0 16452 5.494953965459E10 3409940.57 5130672 8.57105967798391E12 3409940.57 83 2 225 25813 622 69975
280800.0 16452 5.512647294604E10 3420903.0 5147124 8.62618615092996E12 3420903.0 83 2 225 25896 624 70200
281700.0 16560 5.548876507899E10 3431865.43 5163684 8.68167491600894E12 3431865.43 83 2 225 25979 626 70425
282600.0 16524 5.560402208164E10 3442827.87 5180208 8.73727893809058E12 3442827.87 83 2 225 26062 628 70650
283500.0 16452 5.565736196394E10 3453790.3 5196660 8.79293630005452E12 3453790.3 83 2 225 26145 630 70875
284400.0 16452 5.58342952554E10 3464752.73 5213112 8.84877059530992E12 3464752.73 83 2 225 26228 632 71100
285300.0 16560 5.619887429856E10 3475715.16 5229672 8.90496946960849E12 3475715.16 83 2 225 26311 634 71325
286200.0 16524 5.631343174765E10 3486678.16 5246196 8.96128290135614E12 3486678.16 83 2 225 26394 636 71550
287100.0 16452 5.636519354448E10 3497640.6 5262648 9.01764809490062E12 3497640.6 83 2 225 26477 638 71775
288000.0 16453 5.654212683593E10 3508603.03 5279101 9.07419022173655E12 3508603.03 83 2 225 26560 640 72000
288900.0 16560 5.690915478852E10 3519565.46 5295661 9.13109937652507E12 3519565.46 83 2 225 26643 642 72225
289800.0 16524 5.702283317273E10 3530527.9 5312185 9.18812220969779E12 3530527.9 83 2 225 26726 644 72450
290700.0 16452 5.707301585394E10 3541490.33 5328637 9.24519522555173E12 3541490.33 83 2 225 26809 646 72675
291600.0 16452 5.72499491454E10 3552452.76 5345089 9.30244517469713E12 3552452.76 83 2 225 26892 648 72900
292500.0 16560 5.76192639902E10 3563415.19 5361649 9.36006443868733E12 3563415.19 83 2 225 26975 650 73125
293400.0 16524 5.773223825294E10 3574377.62 5378173 9.41779667694027E12 3574377.62 83 2 225 27058 652 73350
294300.0 16452 5.778083816341E10 3585340.05 5394625 9.47557751510367E12 3585340.05 83 2 225 27141 654 73575
295200.0 16452 5.795777145486E10 3596302.48 5411077 9.53353528655853E12 3596302.48 83 2 225 27224 656 73800
296100.0 16560 5.832945417598E10 3607264.91 5427637 9.59186474073451E12 3607264.91 83 2 225 27307 658 74025
297000.0 16530 5.844163496307E10 3618227.35 5444167 9.65030637569758E12 3618227.35 83 2 225 27390 660 74250
297900.0 16454 5.848866511008E10 3629190.35 5460621 9.70879504080766E12 3629190.35 83 2 225 27473 662 74475
298800.0 16452 5.866560303545E10 3640152.79 5477073 9.76746064384311E12 3640152.79 83 2 225 27556 664 74700
299700.0 16560 5.903965368189E10 3651115.22 5493633 9.826500297525E12 3651115.22 83 2 225 27639 666 74925
300600.0 16524 5.915104516354E10 3662077.65 5510157 9.88565134268855E12 3662077.65 83 2 225 27722 668 75150
301500.0 16452 5.919649205346E10 3673040.08 5526609 9.94484783474201E12 3673040.08 83 2 225 27805 670 75375
302400.0 16452 5.937342534491E10 3684002.51 5543061 1.000422126008692E13 3684002.51 83 2 225 27888 672 75600
303300.0 16560 5.974984385871E10 3694964.94 5559621 1.006397110394563E13 3694964.94 83 2 225 27971 674 75825
304200.0 16524 5.986044605427E10 3705927.38 5576145 1.01238315499999E13 3705927.38 83 2 225 28054 676 76050
305100.0 16452 5.990431436298E10 3716889.81 5592597 1.018373586436288E13 3716889.81 83 2 225 28137 678 76275
306000.0 16452 6.008124765443E10 3727852.24 5609049 1.02438171120173E13 3727852.24 83 2 225 28220 680 76500
306900.0 16560 6.046003407154E10 3738814.67 5625609 1.030427714608884E13 3738814.67 83 2 225 28303 682 76725
307800.0 16524 6.056984696305E10 3749777.11 5642133 1.036484699305189E13 3749777.11 83 2 225 28386 684 76950
308700.0 16453 6.061213667255E10 3760739.54 5658586 1.042545912972444E13 3760739.54 83 2 225 28469 686 77175
309600.0 16452 6.078907334369E10 3771702.38 5675038 1.048624820306812E13 3771702.38 83 2 225 28552 688 77400
310500.0 16560 6.117023177899E10 3782664.97 5691598 1.054741843484711E13 3782664.97 83 2 225 28635 690 77625
311400.0 16524 6.127925709994E10 3793627.41 5708122 1.060869769194705E13 3793627.41 83 2 225 28718 692 77850
312300.0 16452 6.131996820765E10 3804589.84 5724574 1.06700176601547E13 3804589.84 83 2 225 28801 694 78075
313200.0 16452 6.149690149911E10 3815552.27 5741026 1.073151456165381E13 3815552.27 83 2 225 28884 696 78300
314100.0 16560 6.188042369949E10 3826514.7 5757586 1.07933949853533E13 3826514.7 83 2 225 28967 698 78525
315000.0 16524 6.198865800877E10 3837477.14 5774110 1.085538364336207E13 3837477.14 83 2 225 29050 700 78750
315900.0 16452 6.202779051728E10 3848439.57 5790562 1.091741143387935E13 3848439.57 83 2 225 29133 702 78975
316800.0 16452 6.220472380873E10 3859402.0 5807014 1.097961615768808E13 3859402.0 83 2 225 29216 704 79200
317700.0 16560 6.259061391243E10 3870364.43 5823574 1.104220677160051E13 3870364.43 83 2 225 29299 706 79425
318600.0 16524 6.269806308019E10 3881326.87 5840098 1.11049048346807E13 3881326.87 83 2 225 29382 708 79650
319500.0 16452 6.273561282696E10 3892289.3 5856550 1.116764044750766E13 3892289.3 83 2 225 29465 710 79875
320400.0 16452 6.291254611841E10 3903251.73 5873002 1.123055299362607E13 3903251.73 83 2 225 29548 712 80100
321300.0 16560 6.330080577694E10 3914214.37 5889562 1.129385379940301E13 3914214.37 83 2 225 29631 714 80325
322200.0 16524 6.340746607295E10 3925177.16 5906086 1.135726126547597E13 3925177.16 83 2 225 29714 716 80550
323100.0 16452 6.344344436802E10 3936139.6 5922538 1.142070470984399E13 3936139.6 83 2 225 29797 718 80775
324000.0 16452 6.362037765948E10 3947102.03 5938990 1.148432508750347E13 3947102.03 83 2 225 29880 720 81000
324900.0 16560 6.401100356468E10 3958064.46 5955550 1.154833609106815E13 3958064.46 83 2 225 29963 722 81225
325800.0 16524 6.411686995146E10 3969026.89 5972074 1.161245296101961E13 3969026.89 83 2 225 30046 724 81450
326700.0 16452 6.415126667776E10 3979989.32 5988526 1.167660422769736E13 3979989.32 83 2 225 30129 726 81675
327600.0 16452 6.432819996921E10 3990951.75 6004978 1.174093242766657E13 3990951.75 83 2 225 30212 728 81900
328500.0 16560 6.472119373273E10 4001914.18 6021538 1.18056536213993E13 4001914.18 83 2 225 30295 730 82125
329400.0 16524 6.482627085141E10 4012876.62 6038062 1.187047989225071E13 4012876.62 83 2 225 30378 732 82350
330300.0 16452 6.485908898749E10 4023839.05 6054514 1.19353389812382E13 4023839.05 83 2 225 30461 734 82575
331200.0 16452 6.503602227895E10 4034801.48 6070966 1.200037500351715E13 4034801.48 83 2 225 30544 736 82800
332100.0 16560 6.543146493904E10 4045763.91 6087526 1.206580646845619E13 4045763.91 83 2 225 30627 738 83025
333000.0 16524 6.553567614334E10 4056726.36 6104050 1.213134214459953E13 4056726.36 83 2 225 30710 740 83250
333900.0 16452 6.556691598851E10 4067689.35 6120502 1.219690906058805E13 4067689.35 83 2 225 30793 742 83475
334800.0 16452 6.574385385669E10 4078651.78 6136954 1.226265291444473E13 4078651.78 83 2 225 30876 744 83700
335700.0 16560 6.614158343984E10 4089614.21 6153514 1.232879449788457E13 4089614.21 83 2 225 30959 746 83925
336600.0 16524 6.624508194897E10 4100576.65 6170038 1.239503957983355E13 4100576.65 83 2 225 31042 748 84150
337500.0 16452 6.627474287497E10 4111539.08 6186490 1.246131432270852E13 4111539.08 83 2 225 31125 750 84375
338400.0 16452 6.645167616643E10 4122501.51 6202942 1.252776599887494E13 4122501.51 83 2 225 31208 752 84600
339300.0 16560 6.685177362589E10 4133463.94 6219502 1.259461777250083E13 4133463.94 83 2 225 31291 754 84825
340200.0 16524 6.695448701151E10 4144426.38 6236026 1.266157225951234E13 4144426.38 83 2 225 31374 756 85050
341100.0 16452 6.698256518476E10 4155388.81 6252478 1.27285548246971E13 4155388.81 83 2 225 31457 758 85275
342000.0 16452 6.715949847622E10 4166351.24 6268930 1.279571432317332E13 4166351.24 83 2 225 31540 760 85500
342900.0 16560 6.756204483226E10 4177313.67 6285490 1.286327636800558E13 4177313.67 83 2 225 31623 762 85725
343800.0 16524 6.766388374897E10 4188276.11 6302014 1.293094025175455E13 4188276.11 83 2 225 31706 764 85950
344700.0 16461 6.769038807443E10 4199238.54 6318475 1.299863063982898E13 4199238.54 83 2 225 31789 766 86175
345600.0 16452 6.78673254261E10 4210201.53 6334927 1.306649796525507E13 4210201.53 83 2 225 31872 768 86400

