# seed = 1, gamma = 0.5, beta = 0.0, dee = 100.0, dcc = 200.0, dec = 15.0, dsc = 2000.0, dLocalhost = 0.015, hostBroker = EDGE, numOfCloud = 1, numOfEdge = 1, numOfSmartphone = 0 
#
# The columns have the following meaning: 
# instant[SECONDS] delayCountPartial delaySumPartial[SECONDS] delayMaxPartial[SECONDS] delayCountTot delaySumTot[SECONDS] delayMaxTot[SECONDS] runOnCloudPartial runOnEdgePartial runOnSmartphonePartial runOnCloudTot runOnEdgeTot runOnSmartphoneTot
0.0 0 0.0 0.0 0 0.0 0.0 0 0 0 0 0 0
900.0 16566 1770945.9 227.86 16566 1770945.9 227.86 305 5 0 305 5 0
1800.0 16528 1771328.48 227.86 33094 3542274.38 227.86 305 5 0 610 10 0
2700.0 16452 1770311.84 227.86 49546 5312586.22 227.86 305 5 0 915 15 0
3600.0 16452 1770316.59 227.86 65998 7082902.8 227.86 305 5 0 1220 20 0
4500.0 16566 1772584.42 227.86 82564 8855487.22 227.86 305 5 0 1525 25 0
5400.0 16528 1771404.81 227.86 99092 1.062689204E7 227.86 305 5 0 1830 30 0
6300.0 16452 1770311.84 227.86 115544 1.239720388E7 227.86 305 5 0 2135 35 0
7200.0 16452 1770316.59 227.86 131996 1.416752046E7 227.86 305 5 0 2440 40 0
8100.0 16566 1770954.94 227.86 148562 1.59384754E7 227.86 305 5 0 2745 45 0
9000.0 16528 1771328.48 227.86 165090 1.770980388E7 227.86 305 5 0 3050 50 0
9900.0 16452 1770311.84 227.86 181542 1.948011572E7 227.86 305 5 0 3355 55 0
10800.0 16452 1770316.59 227.86 197994 2.12504323E7 227.86 305 5 0 3660 60 0
11700.0 16566 1772584.42 227.86 214560 2.302301673E7 227.86 305 5 0 3965 65 0
12600.0 16528 1771404.81 227.86 231088 2.479442154E7 227.86 305 5 0 4270 70 0
13500.0 16452 1770311.84 227.86 247540 2.656473338E7 227.86 305 5 0 4575 75 0
14400.0 16452 1770316.59 227.86 263992 2.833504996E7 227.86 305 5 0 4880 80 0
15300.0 16566 1770954.94 227.86 280558 3.01060049E7 227.86 305 5 0 5185 85 0
16200.0 16528 1771328.48 227.86 297086 3.187733338E7 227.86 305 5 0 5490 90 0
17100.0 16452 1770311.84 227.86 313538 3.364764522E7 227.86 305 5 0 5795 95 0
18000.0 16452 1770316.59 227.86 329990 3.541796181E7 227.86 305 5 0 6100 100 0
18900.0 16566 1770954.94 227.86 346556 3.718891674E7 227.86 305 5 0 6405 105 0
19800.0 16528 1771328.48 227.86 363084 3.896024522E7 227.86 305 5 0 6710 110 0
20700.0 16452 1770311.84 227.86 379536 4.073055706E7 227.86 305 5 0 7015 115 0
21600.0 16452 1770316.59 227.86 395988 4.250087365E7 227.86 305 5 0 7320 120 0
22500.0 16566 1770945.94 227.86 412554 4.427181959E7 227.86 305 5 0 7625 125 0
23400.0 16528 1771328.48 227.86 429082 4.604314806E7 227.86 305 5 0 7930 130 0
24300.0 16452 1770311.84 227.86 445534 4.78134599E7 227.86 305 5 0 8235 135 0
25200.0 16452 1770316.59 227.86 461986 4.958377649E7 227.86 305 5 0 8540 140 0
26100.0 16566 1772593.42 227.86 478552 5.135636991E7 227.86 305 5 0 8845 145 0
27000.0 16528 1771328.48 227.86 495080 5.312769839E7 227.86 305 5 0 9150 150 0
27900.0 16452 1770311.84 227.86 511532 5.489801023E7 227.86 305 5 0 9455 155 0
28800.0 16452 1770316.59 227.86 527984 5.666832681E7 227.86 305 5 0 9760 160 0
29700.0 16566 1770954.93 227.86 544550 5.843928175E7 227.86 305 5 0 10065 165 0
30600.0 16528 1771328.48 227.86 561078 6.021061023E7 227.86 305 5 0 10370 170 0
31500.0 16452 1770311.84 227.86 577530 6.198092207E7 227.86 305 5 0 10675 175 0
32400.0 16452 1770316.59 227.86 593982 6.375123865E7 227.86 305 5 0 10980 180 0
33300.0 16566 1770945.93 227.86 610548 6.552218459E7 227.86 305 5 0 11285 185 0
34200.0 16528 1771328.48 227.86 627076 6.729351307E7 227.86 305 5 0 11590 190 0
35100.0 16452 1770311.84 227.86 643528 6.90638249E7 227.86 305 5 0 11895 195 0
36000.0 16452 1770316.59 227.86 659980 7.083414149E7 227.86 305 5 0 12200 200 0
36900.0 16566 1770954.93 227.86 676546 7.260509643E7 227.86 305 5 0 12505 205 0
37800.0 16528 1771328.48 227.86 693074 7.43764249E7 227.86 305 5 0 12810 210 0
38700.0 16452 1770311.84 227.86 709526 7.614673674E7 227.86 305 5 0 13115 215 0
39600.0 16452 1770316.59 227.86 725978 7.791705333E7 227.86 305 5 0 13420 220 0
40500.0 16566 1770945.93 227.86 742544 7.968799926E7 227.86 305 5 0 13725 225 0
41400.0 16528 1771328.48 227.86 759072 8.145932774E7 227.86 305 5 0 14030 230 0
42300.0 16452 1770311.84 227.86 775524 8.322963958E7 227.86 305 5 0 14335 235 0
43200.0 16452 1770316.59 227.86 791976 8.499995617E7 227.86 305 5 0 14640 240 0
44100.0 16566 1770954.93 227.86 808542 8.67709111E7 227.86 305 5 0 14945 245 0
45000.0 16528 1771328.48 227.86 825070 8.854223958E7 227.86 305 5 0 15250 250 0
45900.0 16452 1770311.84 227.86 841522 9.031255142E7 227.86 305 5 0 15555 255 0
46800.0 16452 1770316.59 227.86 857974 9.208286801E7 227.86 305 5 0 15860 260 0
47700.0 16566 1772584.42 227.86 874540 9.385545243E7 227.86 305 5 0 16165 265 0
48600.0 16528 1771328.48 227.86 891068 9.562678091E7 227.86 305 5 0 16470 270 0
49500.0 16452 1770311.84 227.86 907520 9.739709274E7 227.86 305 5 0 16775 275 0
50400.0 16452 1770316.59 227.86 923972 9.916740933E7 227.86 305 5 0 17080 280 0
51300.0 16566 1770954.93 227.86 940538 1.0093836426E8 227.86 305 5 0 17385 285 0
52200.0 16528 1771328.48 227.86 957066 1.0270969274E8 227.86 305 5 0 17690 290 0
53100.0 16452 1770311.84 227.86 973518 1.0448000458E8 227.86 305 5 0 17995 295 0
54000.0 16452 1770316.59 227.86 989970 1.0625032117E8 227.86 305 5 0 18300 300 0
54900.0 16566 1770945.93 227.86 1006536 1.080212671E8 227.86 305 5 0 18605 305 0
55800.0 16528 1771328.48 227.86 1023064 1.0979259558E8 227.86 305 5 0 18910 310 0
56700.0 16452 1770311.84 227.86 1039516 1.1156290742E8 227.86 305 5 0 19215 315 0
57600.0 16452 1770316.59 227.86 1055968 1.1333322401E8 227.86 305 5 0 19520 320 0
58500.0 16566 1770954.93 227.86 1072534 1.1510417894E8 227.86 305 5 0 19825 325 0
59400.0 16528 1771328.48 227.86 1089062 1.1687550742E8 227.86 305 5 0 20130 330 0
60300.0 16452 1770311.84 227.86 1105514 1.1864581926E8 227.86 305 5 0 20435 335 0
61200.0 16452 1770316.59 227.86 1121966 1.2041613584E8 227.86 305 5 0 20740 340 0
62100.0 16566 1770945.93 227.86 1138532 1.2218708178E8 227.86 305 5 0 21045 345 0
63000.0 16528 1771328.48 227.86 1155060 1.2395841026E8 227.86 305 5 0 21350 350 0
63900.0 16452 1770311.84 227.86 1171512 1.257287221E8 227.86 305 5 0 21655 355 0
64800.0 16452 1770316.59 227.86 1187964 1.2749903868E8 227.86 305 5 0 21960 360 0
65700.0 16566 1772593.42 227.86 1204530 1.292716321E8 227.86 305 5 0 22265 365 0
66600.0 16528 1771328.48 227.86 1221058 1.3104296058E8 227.86 305 5 0 22570 370 0
67500.0 16452 1770311.84 227.86 1237510 1.3281327242E8 227.86 305 5 0 22875 375 0
68400.0 16452 1770316.59 227.86 1253962 1.3458358901E8 227.86 305 5 0 23180 380 0
69300.0 16566 1770945.93 227.86 1270528 1.3635453494E8 227.86 305 5 0 23485 385 0
70200.0 16528 1771328.48 227.86 1287056 1.3812586342E8 227.86 305 5 0 23790 390 0
71100.0 16452 1770311.84 227.86 1303508 1.3989617526E8 227.86 305 5 0 24095 395 0
72000.0 16452 1770316.59 227.86 1319960 1.4166649185E8 227.86 305 5 0 24400 400 0
72900.0 16566 1770954.93 227.86 1336526 1.4343744678E8 227.86 305 5 0 24705 405 0
73800.0 16528 1771328.48 227.86 1353054 1.4520877526E8 227.86 305 5 0 25010 410 0
74700.0 16452 1770311.84 227.86 1369506 1.469790871E8 227.86 305 5 0 25315 415 0
75600.0 16452 1770316.59 227.86 1385958 1.4874940368E8 227.86 305 5 0 25620 420 0
76500.0 16566 1772584.42 227.86 1402524 1.5052198811E8 227.86 305 5 0 25925 425 0
77400.0 16528 1771328.48 227.86 1419052 1.5229331658E8 227.86 305 5 0 26230 430 0
78300.0 16452 1770311.84 227.86 1435504 1.5406362842E8 227.86 305 5 0 26535 435 0
79200.0 16452 1770316.59 227.86 1451956 1.5583394501E8 227.86 305 5 0 26840 440 0
80100.0 16566 1770954.93 227.86 1468522 1.5760489994E8 227.86 305 5 0 27145 445 0
81000.0 16528 1771404.81 227.86 1485050 1.5937630476E8 227.86 305 5 0 27450 450 0
81900.0 16452 1770311.84 227.86 1501502 1.611466166E8 227.86 305 5 0 27755 455 0
82800.0 16452 1770316.59 227.86 1517954 1.6291693318E8 227.86 305 5 0 28060 460 0
83700.0 16566 1772593.42 227.86 1534520 1.646895266E8 227.86 305 5 0 28365 465 0
84600.0 16528 1771328.48 227.86 1551048 1.6646085508E8 227.86 305 5 0 28670 470 0
85500.0 16452 1770311.84 227.86 1567500 1.6823116692E8 227.86 305 5 0 28975 475 0
86400.0 16452 1770316.59 227.86 1583952 1.7000148351E8 227.86 305 5 0 29280 480 0
87300.0 16566 1770945.93 227.86 1600518 1.7177242944E8 227.86 305 5 0 29585 485 0
88200.0 16528 1771395.81 227.86 1617046 1.7354382526E8 227.86 305 5 0 29890 490 0
89100.0 16452 1770311.84 227.86 1633498 1.7531413709E8 227.86 305 5 0 30195 495 0
90000.0 16452 1770316.59 227.86 1649950 1.7708445368E8 227.86 305 5 0 30500 500 0
90900.0 16566 1772593.42 227.86 1666516 1.788570471E8 227.86 305 5 0 30805 505 0
91800.0 16528 1771328.48 227.86 1683044 1.8062837558E8 227.86 305 5 0 31110 510 0
92700.0 16452 1770311.84 227.86 1699496 1.8239868742E8 227.86 305 5 0 31415 515 0
93600.0 16452 1770316.59 227.86 1715948 1.8416900401E8 227.86 305 5 0 31720 520 0
94500.0 16566 1770945.93 227.86 1732514 1.8593994994E8 227.86 305 5 0 32025 525 0
95400.0 16528 1771395.81 227.86 1749042 1.8771134575E8 227.86 305 5 0 32330 530 0
96300.0 16452 1770311.84 227.86 1765494 1.8948165759E8 227.86 305 5 0 32635 535 0
97200.0 16452 1770316.59 227.86 1781946 1.9125197418E8 227.86 305 5 0 32940 540 0
98100.0 16566 1770954.93 227.86 1798512 1.9302292911E8 227.86 305 5 0 33245 545 0
99000.0 16528 1771328.48 227.86 1815040 1.9479425759E8 227.86 305 5 0 33550 550 0
99900.0 16452 1770311.84 227.86 1831492 1.9656456943E8 227.86 305 5 0 33855 555 0
100800.0 16452 1770316.59 227.86 1847944 1.9833488602E8 227.86 305 5 0 34160 560 0
101700.0 16566 1770945.93 227.86 1864510 2.0010583195E8 227.86 305 5 0 34465 565 0
102600.0 16528 1771328.48 227.86 1881038 2.0187716043E8 227.86 305 5 0 34770 570 0
103500.0 16452 1770311.84 227.86 1897490 2.0364747227E8 227.86 305 5 0 35075 575 0
104400.0 16452 1770316.59 227.86 1913942 2.0541778886E8 227.86 305 5 0 35380 580 0
105300.0 16566 1770954.93 227.86 1930508 2.0718874379E8 227.86 305 5 0 35685 585 0
106200.0 16528 1771328.48 227.86 1947036 2.0896007227E8 227.86 305 5 0 35990 590 0
107100.0 16452 1770311.84 227.86 1963488 2.1073038411E8 227.86 305 5 0 36295 595 0
108000.0 16452 1770316.59 227.86 1979940 2.1250070069E8 227.86 305 5 0 36600 600 0
108900.0 16566 1770945.93 227.86 1996506 2.1427164663E8 227.86 305 5 0 36905 605 0
109800.0 16528 1771328.48 227.86 2013034 2.1604297511E8 227.86 305 5 0 37210 610 0
110700.0 16452 1770311.84 227.86 2029486 2.1781328695E8 227.86 305 5 0 37515 615 0
111600.0 16452 1770316.59 227.86 2045938 2.1958360353E8 227.86 305 5 0 37820 620 0
112500.0 16566 1770954.93 227.86 2062504 2.2135455847E8 227.86 305 5 0 38125 625 0
113400.0 16528 1771328.48 227.86 2079032 2.2312588694E8 227.86 305 5 0 38430 630 0
114300.0 16452 1770311.84 227.86 2095484 2.2489619878E8 227.86 305 5 0 38735 635 0
115200.0 16452 1770316.59 227.86 2111936 2.2666651537E8 227.86 305 5 0 39040 640 0
116100.0 16566 1770945.93 227.86 2128502 2.284374613E8 227.86 305 5 0 39345 645 0
117000.0 16528 1771328.48 227.86 2145030 2.3020878978E8 227.86 305 5 0 39650 650 0
117900.0 16452 1770311.84 227.86 2161482 2.3197910162E8 227.86 305 5 0 39955 655 0
118800.0 16452 1770316.59 227.86 2177934 2.3374941821E8 227.86 305 5 0 40260 660 0
119700.0 16566 1770954.93 227.86 2194500 2.3552037314E8 227.86 305 5 0 40565 665 0
120600.0 16528 1771328.48 227.86 2211028 2.3729170162E8 227.86 305 5 0 40870 670 0
121500.0 16452 1770311.84 227.86 2227480 2.3906201346E8 227.86 305 5 0 41175 675 0
122400.0 16452 1770316.59 227.86 2243932 2.4083233005E8 227.86 305 5 0 41480 680 0
123300.0 16566 1770945.93 227.86 2260498 2.4260327598E8 227.86 305 5 0 41785 685 0
124200.0 16528 1771328.48 227.86 2277026 2.4437460446E8 227.86 305 5 0 42090 690 0
125100.0 16452 1770311.84 227.86 2293478 2.461449163E8 227.86 305 5 0 42395 695 0
126000.0 16452 1770316.59 227.86 2309930 2.4791523288E8 227.86 305 5 0 42700 700 0
126900.0 16566 1770954.93 227.86 2326496 2.4968618782E8 227.86 305 5 0 43005 705 0
127800.0 16528 1771328.48 227.86 2343024 2.514575163E8 227.86 305 5 0 43310 710 0
128700.0 16452 1770311.84 227.86 2359476 2.5322782814E8 227.86 305 5 0 43615 715 0
129600.0 16452 1770316.59 227.86 2375928 2.5499814472E8 227.86 305 5 0 43920 720 0
130500.0 16566 1770954.93 227.86 2392494 2.5676909966E8 227.86 305 5 0 44225 725 0
131400.0 16528 1771328.48 227.86 2409022 2.5854042814E8 227.86 305 5 0 44530 730 0
132300.0 16452 1770311.84 227.86 2425474 2.6031073997E8 227.86 305 5 0 44835 735 0
133200.0 16452 1770316.59 227.86 2441926 2.6208105656E8 227.86 305 5 0 45140 740 0
134100.0 16566 1770945.93 227.86 2458492 2.638520025E8 227.86 305 5 0 45445 745 0
135000.0 16528 1771328.48 227.86 2475020 2.6562333097E8 227.86 305 5 0 45750 750 0
135900.0 16452 1770311.84 227.86 2491472 2.6739364281E8 227.86 305 5 0 46055 755 0
136800.0 16452 1770316.59 227.86 2507924 2.691639594E8 227.86 305 5 0 46360 760 0
137700.0 16566 1770954.93 227.86 2524490 2.7093491433E8 227.86 305 5 0 46665 765 0
138600.0 16528 1771328.48 227.86 2541018 2.7270624281E8 227.86 305 5 0 46970 770 0
139500.0 16452 1770311.84 227.86 2557470 2.7447655465E8 227.86 305 5 0 47275 775 0
140400.0 16452 1770316.59 227.86 2573922 2.7624687123E8 227.86 305 5 0 47580 780 0
141300.0 16566 1770945.93 227.86 2590488 2.7801781717E8 227.86 305 5 0 47885 785 0
142200.0 16528 1771328.48 227.86 2607016 2.7978914565E8 227.86 305 5 0 48190 790 0
143100.0 16452 1770311.84 227.86 2623468 2.8155945748E8 227.86 305 5 0 48495 795 0
144000.0 16452 1770316.59 227.86 2639920 2.8332977407E8 227.86 305 5 0 48800 800 0
144900.0 16566 1770954.93 227.86 2656486 2.85100729E8 227.86 305 5 0 49105 805 0
145800.0 16528 1771328.48 227.86 2673014 2.8687205748E8 227.86 305 5 0 49410 810 0
146700.0 16452 1770311.84 227.86 2689466 2.8864236932E8 227.86 305 5 0 49715 815 0
147600.0 16452 1770316.59 227.86 2705918 2.9041268591E8 227.86 305 5 0 50020 820 0
148500.0 16566 1770954.93 227.86 2722484 2.9218364084E8 227.86 305 5 0 50325 825 0
149400.0 16528 1771328.48 227.86 2739012 2.9395496932E8 227.86 305 5 0 50630 830 0
150300.0 16452 1770311.84 227.86 2755464 2.9572528116E8 227.86 305 5 0 50935 835 0
151200.0 16452 1770316.59 227.86 2771916 2.9749559774E8 227.86 305 5 0 51240 840 0
152100.0 16566 1770945.93 227.86 2788482 2.9926654368E8 227.86 305 5 0 51545 845 0
153000.0 16528 1771328.48 227.86 2805010 3.0103787215E8 227.86 305 5 0 51850 850 0
153900.0 16452 1770311.84 227.86 2821462 3.0280818399E8 227.86 305 5 0 52155 855 0
154800.0 16452 1770316.59 227.86 2837914 3.0457850058E8 227.86 305 5 0 52460 860 0
155700.0 16566 1770954.93 227.86 2854480 3.0634945551E8 227.86 305 5 0 52765 865 0
156600.0 16528 1771328.48 227.86 2871008 3.0812078399E8 227.86 305 5 0 53070 870 0
157500.0 16452 1770311.84 227.86 2887460 3.0989109583E8 227.86 305 5 0 53375 875 0
158400.0 16452 1770316.59 227.86 2903912 3.1166141241E8 227.86 305 5 0 53680 880 0
159300.0 16566 1772584.42 227.86 2920478 3.1343399684E8 227.86 305 5 0 53985 885 0
160200.0 16528 1771328.48 227.86 2937006 3.1520532531E8 227.86 305 5 0 54290 890 0
161100.0 16452 1770311.84 227.86 2953458 3.1697563715E8 227.86 305 5 0 54595 895 0
162000.0 16452 1770316.59 227.86 2969910 3.1874595374E8 227.86 305 5 0 54900 900 0
162900.0 16566 1770954.93 227.86 2986476 3.2051690867E8 227.86 305 5 0 55205 905 0
163800.0 16528 1771404.81 227.86 3003004 3.2228831348E8 227.86 305 5 0 55510 910 0
164700.0 16452 1770311.84 227.86 3019456 3.2405862532E8 227.86 305 5 0 55815 915 0
165600.0 16452 1770316.59 227.86 3035908 3.2582894191E8 227.86 305 5 0 56120 920 0
166500.0 16566 1772584.42 227.86 3052474 3.2760152633E8 227.86 305 5 0 56425 925 0
167400.0 16528 1771328.48 227.86 3069002 3.2937285481E8 227.86 305 5 0 56730 930 0
168300.0 16452 1770311.84 227.86 3085454 3.3114316665E8 227.86 305 5 0 57035 935 0
169200.0 16452 1770316.59 227.86 3101906 3.3291348323E8 227.86 305 5 0 57340 940 0
170100.0 16566 1770954.93 227.86 3118472 3.3468443816E8 227.86 305 5 0 57645 945 0
171000.0 16528 1771404.81 227.86 3135000 3.3645584298E8 227.86 305 5 0 57950 950 0
171900.0 16452 1770311.84 227.86 3151452 3.3822615482E8 227.86 305 5 0 58255 955 0
172800.0 16452 1770316.59 227.86 3167904 3.399964714E8 227.86 305 5 0 58560 960 0
173700.0 16566 1770945.93 227.86 3184470 3.4176741734E8 227.86 305 5 0 58865 965 0
174600.0 16528 1771328.48 227.86 3200998 3.4353874581E8 227.86 305 5 0 59170 970 0
175500.0 16452 1770311.84 227.86 3217450 3.4530905765E8 227.86 305 5 0 59475 975 0
176400.0 16452 1770316.59 227.86 3233902 3.4707937424E8 227.86 305 5 0 59780 980 0
177300.0 16566 1770954.93 227.86 3250468 3.4885032917E8 227.86 305 5 0 60085 985 0
178200.0 16528 1771328.48 227.86 3266996 3.5062165765E8 227.86 305 5 0 60390 990 0
179100.0 16452 1770311.84 227.86 3283448 3.5239196949E8 227.86 305 5 0 60695 995 0
180000.0 16452 1770316.59 227.86 3299900 3.5416228607E8 227.86 305 5 0 61000 1000 0
180900.0 16566 1770954.93 227.86 3316466 3.5593324101E8 227.86 305 5 0 61305 1005 0
181800.0 16528 1771328.48 227.86 3332994 3.5770456949E8 227.86 305 5 0 61610 1010 0
182700.0 16452 1770311.84 227.86 3349446 3.5947488132E8 227.86 305 5 0 61915 1015 0
183600.0 16452 1770316.59 227.86 3365898 3.6124519791E8 227.86 305 5 0 62220 1020 0
184500.0 16566 1770945.93 227.86 3382464 3.6301614384E8 227.86 305 5 0 62525 1025 0
185400.0 16528 1771328.48 227.86 3398992 3.6478747232E8 227.86 305 5 0 62830 1030 0
186300.0 16452 1770311.84 227.86 3415444 3.6655778416E8 227.86 305 5 0 63135 1035 0
187200.0 16452 1770316.59 227.86 3431896 3.6832810075E8 227.86 305 5 0 63440 1040 0
188100.0 16566 1770954.93 227.86 3448462 3.7009905568E8 227.86 305 5 0 63745 1045 0
189000.0 16528 1771328.48 227.86 3464990 3.7187038416E8 227.86 305 5 0 64050 1050 0
189900.0 16452 1770311.84 227.86 3481442 3.73640696E8 227.86 305 5 0 64355 1055 0
190800.0 16452 1770316.59 227.86 3497894 3.7541101258E8 227.86 305 5 0 64660 1060 0
191700.0 16566 1770954.93 227.86 3514460 3.7718196752E8 227.86 305 5 0 64965 1065 0
192600.0 16528 1771328.48 227.86 3530988 3.7895329599E8 227.86 305 5 0 65270 1070 0
193500.0 16452 1770311.84 227.86 3547440 3.8072360783E8 227.86 305 5 0 65575 1075 0
194400.0 16452 1770316.59 227.86 3563892 3.8249392442E8 227.86 305 5 0 65880 1080 0
195300.0 16566 1770945.93 227.86 3580458 3.8426487035E8 227.86 305 5 0 66185 1085 0
196200.0 16528 1771328.48 227.86 3596986 3.8603619883E8 227.86 305 5 0 66490 1090 0
197100.0 16452 1770311.84 227.86 3613438 3.8780651067E8 227.86 305 5 0 66795 1095 0
198000.0 16452 1770316.59 227.86 3629890 3.8957682725E8 227.86 305 5 0 67100 1100 0
198900.0 16566 1770954.93 227.86 3646456 3.9134778219E8 227.86 305 5 0 67405 1105 0
199800.0 16528 1771328.48 227.86 3662984 3.9311911067E8 227.86 305 5 0 67710 1110 0
200700.0 16452 1770311.84 227.86 3679436 3.948894225E8 227.86 305 5 0 68015 1115 0
201600.0 16452 1770316.59 227.86 3695888 3.9665973909E8 227.86 305 5 0 68320 1120 0
202500.0 16566 1770954.93 227.86 3712454 3.9843069402E8 227.86 305 5 0 68625 1125 0
203400.0 16528 1771328.48 227.86 3728982 4.002020225E8 227.86 305 5 0 68930 1130 0
204300.0 16452 1770311.84 227.86 3745434 4.0197233434E8 227.86 305 5 0 69235 1135 0
205200.0 16452 1770316.59 227.86 3761886 4.0374265093E8 227.86 305 5 0 69540 1140 0
206100.0 16566 1770945.93 227.86 3778452 4.0551359686E8 227.86 305 5 0 69845 1145 0
207000.0 16528 1771328.48 227.86 3794980 4.0728492534E8 227.86 305 5 0 70150 1150 0
207900.0 16452 1770311.84 227.86 3811432 4.0905523718E8 227.86 305 5 0 70455 1155 0
208800.0 16452 1770316.59 227.86 3827884 4.1082555376E8 227.86 305 5 0 70760 1160 0
209700.0 16566 1770954.93 227.86 3844450 4.125965087E8 227.86 305 5 0 71065 1165 0
210600.0 16528 1771328.48 227.86 3860978 4.1436783717E8 227.86 305 5 0 71370 1170 0
211500.0 16452 1770311.84 227.86 3877430 4.1613814901E8 227.86 305 5 0 71675 1175 0
212400.0 16452 1770316.59 227.86 3893882 4.179084656E8 227.86 305 5 0 71980 1180 0
213300.0 16566 1770945.93 227.86 3910448 4.1967941153E8 227.86 305 5 0 72285 1185 0
214200.0 16528 1771328.48 227.86 3926976 4.2145074001E8 227.86 305 5 0 72590 1190 0
215100.0 16452 1770311.84 227.86 3943428 4.2322105185E8 227.86 305 5 0 72895 1195 0
216000.0 16452 1770316.59 227.86 3959880 4.2499136843E8 227.86 305 5 0 73200 1200 0
216900.0 16566 1770954.93 227.86 3976446 4.2676232337E8 227.86 305 5 0 73505 1205 0
217800.0 16528 1771328.48 227.86 3992974 4.2853365184E8 227.86 305 5 0 73810 1210 0
218700.0 16452 1770311.84 227.86 4009426 4.3030396368E8 227.86 305 5 0 74115 1215 0
219600.0 16452 1770316.59 227.86 4025878 4.3207428027E8 227.86 305 5 0 74420 1220 0
220500.0 16566 1770945.93 227.86 4042444 4.338452262E8 227.86 305 5 0 74725 1225 0
221400.0 16528 1771328.48 227.86 4058972 4.3561655468E8 227.86 305 5 0 75030 1230 0
222300.0 16452 1770311.84 227.86 4075424 4.3738686652E8 227.86 305 5 0 75335 1235 0
223200.0 16452 1770316.59 227.86 4091876 4.391571831E8 227.86 305 5 0 75640 1240 0
224100.0 16566 1770954.93 227.86 4108442 4.4092813804E8 227.86 305 5 0 75945 1245 0
225000.0 16528 1771328.48 227.86 4124970 4.4269946652E8 227.86 305 5 0 76250 1250 0
225900.0 16452 1770311.84 227.86 4141422 4.4446977835E8 227.86 305 5 0 76555 1255 0
226800.0 16452 1770316.59 227.86 4157874 4.4624009494E8 227.86 305 5 0 76860 1260 0
227700.0 16566 1770945.93 227.86 4174440 4.4801104087E8 227.86 305 5 0 77165 1265 0
228600.0 16528 1771328.48 227.86 4190968 4.4978236935E8 227.86 305 5 0 77470 1270 0
229500.0 16452 1770311.84 227.86 4207420 4.5155268119E8 227.86 305 5 0 77775 1275 0
230400.0 16452 1770316.59 227.86 4223872 4.5332299778E8 227.86 305 5 0 78080 1280 0
231300.0 16566 1770954.93 227.86 4240438 4.5509395271E8 227.86 305 5 0 78385 1285 0
232200.0 16528 1771328.48 227.86 4256966 4.5686528119E8 227.86 305 5 0 78690 1290 0
233100.0 16452 1770311.84 227.86 4273418 4.5863559303E8 227.86 305 5 0 78995 1295 0
234000.0 16452 1770316.59 227.86 4289870 4.6040590961E8 227.86 305 5 0 79300 1300 0
234900.0 16566 1770945.93 227.86 4306436 4.6217685555E8 227.86 305 5 0 79605 1305 0
235800.0 16528 1771328.48 227.86 4322964 4.6394818402E8 227.86 305 5 0 79910 1310 0
236700.0 16452 1770311.84 227.86 4339416 4.6571849586E8 227.86 305 5 0 80215 1315 0
237600.0 16452 1770316.59 227.86 4355868 4.6748881245E8 227.86 305 5 0 80520 1320 0
238500.0 16566 1770954.93 227.86 4372434 4.6925976738E8 227.86 305 5 0 80825 1325 0
239400.0 16528 1771328.48 227.86 4388962 4.7103109586E8 227.86 305 5 0 81130 1330 0
240300.0 16452 1770311.84 227.86 4405414 4.728014077E8 227.86 305 5 0 81435 1335 0
241200.0 16452 1770316.59 227.86 4421866 4.7457172428E8 227.86 305 5 0 81740 1340 0
242100.0 16566 1770945.93 227.86 4438432 4.7634267022E8 227.86 305 5 0 82045 1345 0
243000.0 16528 1771328.48 227.86 4454960 4.781139987E8 227.86 305 5 0 82350 1350 0
243900.0 16452 1770311.84 227.86 4471412 4.7988431053E8 227.86 305 5 0 82655 1355 0
244800.0 16452 1770316.59 227.86 4487864 4.8165462712E8 227.86 305 5 0 82960 1360 0
245700.0 16566 1770954.93 227.86 4504430 4.8342558205E8 227.86 305 5 0 83265 1365 0
246600.0 16528 1771328.48 227.86 4520958 4.8519691053E8 227.86 305 5 0 83570 1370 0
247500.0 16452 1770311.84 227.86 4537410 4.8696722237E8 227.86 305 5 0 83875 1375 0
248400.0 16452 1770316.59 227.86 4553862 4.8873753896E8 227.86 305 5 0 84180 1380 0
249300.0 16566 1770954.94 227.86 4570428 4.9050849389E8 227.86 305 5 0 84485 1385 0
250200.0 16528 1771328.48 227.86 4586956 4.9227982237E8 227.86 305 5 0 84790 1390 0
251100.0 16452 1770311.84 227.86 4603408 4.9405013421E8 227.86 305 5 0 85095 1395 0
252000.0 16452 1770316.59 227.86 4619860 4.958204508E8 227.86 305 5 0 85400 1400 0
252900.0 16566 1770945.94 227.86 4636426 4.9759139673E8 227.86 305 5 0 85705 1405 0
253800.0 16528 1771328.48 227.86 4652954 4.9936272521E8 227.86 305 5 0 86010 1410 0
254700.0 16452 1770311.84 227.86 4669406 5.0113303705E8 227.86 305 5 0 86315 1415 0
255600.0 16452 1770316.59 227.86 4685858 5.0290335364E8 227.86 305 5 0 86620 1420 0
256500.0 16566 1770954.94 227.86 4702424 5.0467430857E8 227.86 305 5 0 86925 1425 0
257400.0 16528 1771328.48 227.86 4718952 5.0644563705E8 227.86 305 5 0 87230 1430 0
258300.0 16452 1770311.84 227.86 4735404 5.0821594889E8 227.86 305 5 0 87535 1435 0
259200.0 16452 1770316.59 227.86 4751856 5.0998626548E8 227.86 305 5 0 87840 1440 0
260100.0 16566 1770945.94 227.86 4768422 5.1175721141E8 227.86 305 5 0 88145 1445 0
261000.0 16528 1771328.48 227.86 4784950 5.1352853989E8 227.86 305 5 0 88450 1450 0
261900.0 16452 1770311.84 227.86 4801402 5.1529885173E8 227.86 305 5 0 88755 1455 0
262800.0 16452 1770316.59 227.86 4817854 5.1706916831E8 227.86 305 5 0 89060 1460 0
263700.0 16566 1772593.42 227.86 4834420 5.1884176174E8 227.86 305 5 0 89365 1465 0
264600.0 16528 1771328.48 227.86 4850948 5.2061309021E8 227.86 305 5 0 89670 1470 0
265500.0 16452 1770311.84 227.86 4867400 5.2238340205E8 227.86 305 5 0 89975 1475 0
266400.0 16452 1770316.59 227.86 4883852 5.2415371864E8 227.86 305 5 0 90280 1480 0
267300.0 16566 1770945.94 227.86 4900418 5.2592466458E8 227.86 305 5 0 90585 1485 0
268200.0 16528 1771404.81 227.86 4916946 5.2769606939E8 227.86 305 5 0 90890 1490 0
269100.0 16452 1770311.84 227.86 4933398 5.2946638123E8 227.86 305 5 0 91195 1495 0
270000.0 16452 1770316.59 227.86 4949850 5.3123669781E8 227.86 305 5 0 91500 1500 0
270900.0 16566 1772593.42 227.86 4966416 5.3300929123E8 227.86 305 5 0 91805 1505 0
271800.0 16528 1771328.48 227.86 4982944 5.3478061971E8 227.86 305 5 0 92110 1510 0
272700.0 16452 1770311.84 227.86 4999396 5.3655093155E8 227.86 305 5 0 92415 1515 0
273600.0 16452 1770316.59 227.86 5015848 5.3832124814E8 227.86 305 5 0 92720 1520 0
274500.0 16566 1770945.94 227.86 5032414 5.4009219408E8 227.86 305 5 0 93025 1525 0
275400.0 16528 1771404.81 227.86 5048942 5.4186359889E8 227.86 305 5 0 93330 1530 0
276300.0 16452 1770311.84 227.86 5065394 5.4363391073E8 227.86 305 5 0 93635 1535 0
277200.0 16452 1770316.59 227.86 5081846 5.4540422731E8 227.86 305 5 0 93940 1540 0
278100.0 16566 1770954.94 227.86 5098412 5.4717518225E8 227.86 305 5 0 94245 1545 0
279000.0 16528 1771328.48 227.86 5114940 5.4894651073E8 227.86 305 5 0 94550 1550 0
279900.0 16452 1770311.84 227.86 5131392 5.5071682257E8 227.86 305 5 0 94855 1555 0
280800.0 16452 1770316.59 227.86 5147844 5.5248713915E8 227.86 305 5 0 95160 1560 0
281700.0 16566 1772593.42 227.86 5164410 5.5425973258E8 227.86 305 5 0 95465 1565 0
282600.0 16528 1771328.48 227.86 5180938 5.5603106105E8 227.86 305 5 0 95770 1570 0
283500.0 16452 1770311.84 227.86 5197390 5.5780137289E8 227.86 305 5 0 96075 1575 0
284400.0 16452 1770316.59 227.86 5213842 5.5957168948E8 227.86 305 5 0 96380 1580 0
285300.0 16566 1770945.94 227.86 5230408 5.6134263542E8 227.86 305 5 0 96685 1585 0
286200.0 16528 1771404.81 227.86 5246936 5.6311404023E8 227.86 305 5 0 96990 1590 0
287100.0 16452 1770311.84 227.86 5263388 5.6488435207E8 227.86 305 5 0 97295 1595 0
288000.0 16452 1770316.59 227.86 5279840 5.6665466866E8 227.86 305 5 0 97600 1600 0
288900.0 16566 1772593.42 227.86 5296406 5.6842726208E8 227.86 305 5 0 97905 1605 0
289800.0 16528 1771328.48 227.86 5312934 5.7019859055E8 227.86 305 5 0 98210 1610 0
290700.0 16452 1770311.84 227.86 5329386 5.7196890239E8 227.86 305 5 0 98515 1615 0
291600.0 16452 1770316.59 227.86 5345838 5.7373921898E8 227.86 305 5 0 98820 1620 0
292500.0 16566 1770954.94 227.86 5362404 5.7551017392E8 227.86 305 5 0 99125 1625 0
293400.0 16528 1771404.81 227.86 5378932 5.7728157873E8 227.86 305 5 0 99430 1630 0
294300.0 16452 1770311.84 227.86 5395384 5.7905189057E8 227.86 305 5 0 99735 1635 0
295200.0 16452 1770316.59 227.86 5411836 5.8082220716E8 227.86 305 5 0 100040 1640 0
296100.0 16566 1770945.94 227.86 5428402 5.8259315309E8 227.86 305 5 0 100345 1645 0
297000.0 16528 1771328.48 227.86 5444930 5.8436448157E8 227.86 305 5 0 100650 1650 0
297900.0 16452 1770311.84 227.86 5461382 5.8613479341E8 227.86 305 5 0 100955 1655 0
298800.0 16452 1770316.59 227.86 5477834 5.8790511E8 227.86 305 5 0 101260 1660 0
299700.0 16566 1770954.94 227.86 5494400 5.8967606494E8 227.86 305 5 0 101565 1665 0
300600.0 16528 1771328.48 227.86 5510928 5.9144739341E8 227.86 305 5 0 101870 1670 0
301500.0 16452 1770311.84 227.86 5527380 5.9321770525E8 227.86 305 5 0 102175 1675 0
302400.0 16452 1770316.59 227.86 5543832 5.9498802184E8 227.86 305 5 0 102480 1680 0
303300.0 16566 1770945.93 227.86 5560398 5.9675896777E8 227.86 305 5 0 102785 1685 0
304200.0 16528 1771328.48 227.86 5576926 5.9853029625E8 227.86 305 5 0 103090 1690 0
305100.0 16452 1770311.84 227.86 5593378 6.0030060809E8 227.86 305 5 0 103395 1695 0
306000.0 16452 1770316.59 227.86 5609830 6.0207092468E8 227.86 305 5 0 103700 1700 0
306900.0 16566 1770954.93 227.86 5626396 6.0384187961E8 227.86 305 5 0 104005 1705 0
307800.0 16528 1771328.48 227.86 5642924 6.0561320809E8 227.86 305 5 0 104310 1710 0
308700.0 16452 1770311.84 227.86 5659376 6.0738351993E8 227.86 305 5 0 104615 1715 0
309600.0 16452 1770316.59 227.86 5675828 6.0915383651E8 227.86 305 5 0 104920 1720 0
310500.0 16566 1770954.98 227.86 5692394 6.1092479149E8 227.86 305 5 0 105225 1725 0
311400.0 16528 1771328.48 227.86 5708922 6.1269611997E8 227.86 305 5 0 105530 1730 0
312300.0 16452 1770311.84 227.86 5725374 6.1446643181E8 227.86 305 5 0 105835 1735 0
313200.0 16452 1770316.59 227.86 5741826 6.1623674839E8 227.86 305 5 0 106140 1740 0
314100.0 16566 1770945.98 227.86 5758392 6.1800769437E8 227.86 305 5 0 106445 1745 0
315000.0 16528 1771328.48 227.86 5774920 6.1977902285E8 227.86 305 5 0 106750 1750 0
315900.0 16452 1770311.84 227.86 5791372 6.2154933469E8 227.86 305 5 0 107055 1755 0
316800.0 16452 1770316.59 227.86 5807824 6.2331965127E8 227.86 305 5 0 107360 1760 0
317700.0 16566 1770954.98 227.86 5824390 6.2509060625E8 227.86 305 5 0 107665 1765 0
318600.0 16528 1771404.81 227.86 5840918 6.2686201106E8 227.86 305 5 0 107970 1770 0
319500.0 16452 1770311.84 227.86 5857370 6.286323229E8 227.86 305 5 0 108275 1775 0
320400.0 16452 1770316.59 227.86 5873822 6.3040263949E8 227.86 305 5 0 108580 1780 0
321300.0 16566 1770945.98 227.86 5890388 6.3217358546E8 227.86 305 5 0 108885 1785 0
322200.0 16528 1771328.48 227.86 5906916 6.3394491394E8 227.86 305 5 0 109190 1790 0
323100.0 16452 1770311.84 227.86 5923368 6.3571522578E8 227.86 305 5 0 109495 1795 0
324000.0 16452 1770316.59 227.86 5939820 6.3748554237E8 227.86 305 5 0 109800 1800 0
324900.0 16566 1770954.98 227.86 5956386 6.3925649734E8 227.86 305 5 0 110105 1805 0
325800.0 16528 1771328.48 227.86 5972914 6.4102782582E8 227.86 305 5 0 110410 1810 0
326700.0 16452 1770311.84 227.86 5989366 6.4279813766E8 227.86 305 5 0 110715 1815 0
327600.0 16452 1770316.59 227.86 6005818 6.4456845424E8 227.86 305 5 0 111020 1820 0
328500.0 16566 1770945.98 227.86 6022384 6.4633940022E8 227.86 305 5 0 111325 1825 0
329400.0 16528 1771328.48 227.86 6038912 6.481107287E8 227.86 305 5 0 111630 1830 0
330300.0 16452 1770311.84 227.86 6055364 6.4988104054E8 227.86 305 5 0 111935 1835 0
331200.0 16452 1770316.59 227.86 6071816 6.5165135712E8 227.86 305 5 0 112240 1840 0
332100.0 16566 1772593.42 227.86 6088382 6.5342395055E8 227.86 305 5 0 112545 1845 0
333000.0 16528 1771404.81 227.86 6104910 6.5519535536E8 227.86 305 5 0 112850 1850 0
333900.0 16452 1770311.84 227.86 6121362 6.569656672E8 227.86 305 5 0 113155 1855 0
334800.0 16452 1770316.59 227.86 6137814 6.5873598378E8 227.86 305 5 0 113460 1860 0
335700.0 16566 1770954.98 227.86 6154380 6.6050693876E8 227.86 305 5 0 113765 1865 0
336600.0 16528 1771328.48 227.86 6170908 6.6227826724E8 227.86 305 5 0 114070 1870 0
337500.0 16452 1770311.84 227.86 6187360 6.6404857908E8 227.86 305 5 0 114375 1875 0
338400.0 16452 1770316.59 227.86 6203812 6.6581889566E8 227.86 305 5 0 114680 1880 0
339300.0 16566 1770945.98 227.86 6220378 6.6758984164E8 227.86 305 5 0 114985 1885 0
340200.0 16528 1771404.81 227.86 6236906 6.6936124645E8 227.86 305 5 0 115290 1890 0
341100.0 16452 1770311.84 227.86 6253358 6.7113155829E8 227.86 305 5 0 115595 1895 0
342000.0 16452 1770316.59 227.86 6269810 6.7290187488E8 227.86 305 5 0 115900 1900 0
342900.0 16566 1772593.42 227.86 6286376 6.746744683E8 227.86 305 5 0 116205 1905 0
343800.0 16528 1771328.48 227.86 6302904 6.7644579678E8 227.86 305 5 0 116510 1910 0
344700.0 16452 1770311.84 227.86 6319356 6.7821610862E8 227.86 305 5 0 116815 1915 0
345600.0 16452 1770316.59 227.86 6335808 6.799864252E8 227.86 305 5 0 117120 1920 0

