# seed = 1, gamma = 0.75, beta = 0.5, dee = 100.0, dcc = 5.0, dec = 15.0, dsc = 2000.0, dLocalhost = 0.015, hostBroker = EDGE, numOfCloud = 1, numOfEdge = 1, numOfSmartphone = 150 
#
# The columns have the following meaning: 
# instant[SECONDS] delayCountPartial delaySumPartial[SECONDS] delayMaxPartial[SECONDS] delayCountTot delaySumTot[SECONDS] delayMaxTot[SECONDS] runOnCloudPartial runOnEdgePartial runOnSmartphonePartial runOnCloudTot runOnEdgeTot runOnSmartphoneTot
0.0 0 0.0 0.0 0 0.0 0.0 0 0 0 0 0 0
900.0 16560 1.2588502522E8 15497.15 16560 1.2588502522E8 15497.15 153 7 150 153 7 150
1800.0 16524 3.6731517787E8 30459.36 33084 4.932002031E8 30459.36 153 7 150 306 14 300
2700.0 16452 6.0819024998E8 45421.03 49536 1.10139045308E9 45421.03 153 7 150 459 21 450
3600.0 16452 8.4965107336E8 60382.7 65988 1.95104152644E9 60382.7 153 7 150 612 28 600
4500.0 16561 1.09527895034E9 75344.36 82549 3.04632047678E9 75344.36 153 7 150 765 35 750
5400.0 16524 1.3355242974E9 90306.03 99073 4.38184477418E9 90306.03 153 7 150 918 42 900
6300.0 16452 1.57423514935E9 105267.7 115525 5.95607992353E9 105267.7 153 7 150 1071 49 1050
7200.0 16452 1.81569597273E9 120229.36 131977 7.77177589626E9 120229.36 153 7 150 1224 56 1200
8100.0 16560 2.06444747792E9 135191.03 148537 9.83622337418E9 135191.03 153 7 150 1377 63 1350
9000.0 16524 2.30371792298E9 150152.7 165061 1.213994129716E10 150152.7 153 7 150 1530 70 1500
9900.0 16452 2.54028004898E9 165114.37 181513 1.468022134614E10 165114.37 153 7 150 1683 77 1650
10800.0 16452 2.78174087235E9 180076.03 197965 1.74619622185E10 180076.03 153 7 150 1836 84 1800
11700.0 16560 3.03383206425E9 195037.69 214525 2.049579428275E10 195037.69 153 7 150 1989 91 1950
12600.0 16524 3.27192305668E9 209999.37 231049 2.376771733942E10 209999.37 153 7 150 2142 98 2100
13500.0 16452 3.5063249486E9 224961.03 247501 2.727404228803E10 224961.03 153 7 150 2295 105 2250
14400.0 16452 3.74778577198E9 239922.7 263953 3.102182806E10 239922.7 153 7 150 2448 112 2400
15300.0 16560 4.00300070821E9 254884.36 280513 3.502482876821E10 254884.36 153 7 150 2601 119 2550
16200.0 16530 4.24011668226E9 269846.04 297043 3.926494545047E10 269846.04 153 7 150 2754 126 2700
17100.0 16454 4.47237318568E9 284808.06 313497 4.373731863616E10 284808.06 153 7 150 2907 133 2850
18000.0 16452 4.713838232E9 299769.93 329949 4.845115686816E10 299769.93 153 7 150 3060 140 3000
18900.0 16560 4.97228657915E9 314731.6 346509 5.34234434473E10 314731.6 153 7 150 3213 147 3150
19800.0 16524 5.2083252939E9 329693.27 363033 5.863176874121E10 329693.27 153 7 150 3366 154 3300
20700.0 16452 5.4384239683E9 344654.94 379485 6.407019270951E10 344654.94 153 7 150 3519 161 3450
21600.0 16452 5.67988479167E9 359616.6 395937 6.975007750118E10 359616.6 153 7 150 3672 168 3600
22500.0 16560 5.94156318979E9 374578.27 412497 7.569164069097E10 374578.27 153 7 150 3825 175 3750
23400.0 16524 6.17652468254E9 389539.94 429021 8.186816537351E10 389539.94 153 7 150 3978 182 3900
24300.0 16452 6.40446886792E9 404501.61 445473 8.827263424143E10 404501.61 153 7 150 4131 189 4050
25200.0 16452 6.64592969129E9 419463.27 461925 9.491856393273E10 419463.27 153 7 150 4284 196 4200
26100.0 16560 6.91094781212E9 434424.93 478485 1.0182951174484E11 434424.93 153 7 150 4437 203 4350
27000.0 16524 7.1447240625E9 449386.61 495009 1.0897423580735E11 449386.61 153 7 150 4590 210 4500
27900.0 16452 7.37051376787E9 464348.27 511461 1.1634474957521E11 464348.27 153 7 150 4743 217 4650
28800.0 16452 7.61197459124E9 479309.94 527913 1.2395672416646E11 479309.94 153 7 150 4896 224 4800
29700.0 16560 7.88011644745E9 494271.6 544473 1.318368406139E11 494271.6 153 7 150 5049 231 4950
30600.0 16524 8.11292343363E9 509233.27 560997 1.3994976404753E11 509233.27 153 7 150 5202 238 5100
31500.0 16452 8.33655866799E9 524194.94 577449 1.4828632271552E11 524194.94 153 7 150 5355 245 5250
32400.0 16453 8.57801963201E9 539156.6 593902 1.5686434234753E11 539156.6 153 7 150 5508 252 5400
33300.0 16560 8.84939773875E9 554118.83 610462 1.6571374008627E11 554118.83 153 7 150 5661 259 5550
34200.0 16524 9.08113211461E9 569080.52 626986 1.7479487220088E11 569080.52 153 7 150 5814 266 5700
35100.0 16452 9.30261283928E9 584042.18 643438 1.8409748504017E11 584042.18 153 7 150 5967 273 5850
36000.0 16452 9.54407366267E9 599003.84 659890 1.9364155870284E11 599003.84 153 7 150 6120 280 6000
36900.0 16560 9.81867898095E9 613965.51 676450 2.0346023768379E11 613965.51 153 7 150 6273 287 6150
37800.0 16524 1.00493314949E10 628927.18 692974 2.1350956917869E11 628927.18 153 7 150 6426 294 6300
38700.0 16452 1.026865773962E10 643888.85 709426 2.2377822691831E11 643888.85 153 7 150 6579 301 6450
39600.0 16452 1.0510118563E10 658850.51 725878 2.3428834548131E11 658850.51 153 7 150 6732 308 6600
40500.0 16560 1.078795560131E10 673812.18 742438 2.4507630108262E11 673812.18 153 7 150 6885 315 6750
41400.0 16524 1.101753087525E10 688773.85 758962 2.5609383195787E11 688773.85 153 7 150 7038 322 6900
42300.0 16452 1.123470263995E10 703735.51 775414 2.6732853459781E11 703735.51 153 7 150 7191 329 7050
43200.0 16452 1.147616346333E10 718697.18 791866 2.7880469806115E11 718697.18 153 7 150 7344 336 7200
44100.0 16560 1.175723221266E10 733658.84 808426 2.9056193027381E11 733658.84 153 7 150 7497 343 7350
45000.0 16524 1.198573025559E10 748620.52 824950 3.0254766052941E11 748620.52 153 7 150 7650 350 7500
45900.0 16452 1.220074754033E10 763582.18 841402 3.1474840806974E11 763582.18 153 7 150 7803 357 7650
46800.0 16452 1.244220836372E10 778543.85 857854 3.2719061643346E11 778543.85 153 7 150 7956 364 7800
47700.0 16560 1.272661683571E10 793505.51 874414 3.3991723326917E11 793505.51 153 7 150 8109 371 7950
48600.0 16524 1.295393132766E10 808467.34 890938 3.5287116459683E11 808467.34 153 7 150 8262 378 8100
49500.0 16452 1.316679823801E10 823429.41 907390 3.6603796283484E11 823429.41 153 7 150 8415 385 8250
50400.0 16452 1.340826250467E10 838391.09 923842 3.7944622533952E11 838391.09 153 7 150 8568 392 8400
51300.0 16560 1.369579473396E10 853352.75 940402 3.9314202007348E11 853352.75 153 7 150 8721 399 8550
52200.0 16524 1.392213827768E10 868314.42 956926 4.0706415835116E11 868314.42 153 7 150 8874 406 8700
53100.0 16452 1.413284658178E10 883276.09 973378 4.2119700493294E11 883276.09 153 7 150 9027 413 8850
54000.0 16452 1.437430740517E10 898237.75 989830 4.3557131233811E11 898237.75 153 7 150 9180 420 9000
54900.0 16560 1.466507135448E10 913199.42 1006390 4.5023638369259E11 913199.42 153 7 150 9333 427 9150
55800.0 16524 1.489033765814E10 928161.09 1022914 4.6512672135072E11 928161.09 153 7 150 9486 434 9300
56700.0 16452 1.509889148222E10 943122.76 1039366 4.8022561283294E11 943122.76 153 7 150 9639 441 9450
57600.0 16452 1.534035230561E10 958084.42 1055818 4.9556596513855E11 958084.42 153 7 150 9792 448 9600
58500.0 16560 1.563434797494E10 973046.08 1072378 5.1120031311349E11 973046.08 153 7 150 9945 455 9750
59400.0 16524 1.585853703859E10 988007.76 1088902 5.2705885015208E11 988007.76 153 7 150 10098 462 9900
60300.0 16452 1.606493638266E10 1002969.42 1105354 5.4312378653474E11 1002969.42 153 7 150 10251 469 10050
61200.0 16452 1.630639720605E10 1017931.09 1121806 5.5943018374079E11 1017931.09 153 7 150 10404 476 10200
62100.0 16560 1.660362459541E10 1032892.75 1138366 5.760338083362E11 1032892.75 153 7 150 10557 483 10350
63000.0 16524 1.682673641905E10 1047854.43 1154890 5.9286054475524E11 1047854.43 153 7 150 10710 490 10500
63900.0 16452 1.70309812831E10 1062816.09 1171342 6.0989152603835E11 1062816.09 153 7 150 10863 497 10650
64800.0 16452 1.727244590874E10 1077778.19 1187794 6.2716397194709E11 1077778.19 153 7 150 11016 504 10800
65700.0 16560 1.757301737818E10 1092739.99 1204354 6.4473698932527E11 1092739.99 153 7 150 11169 511 10950
66600.0 16524 1.779494505454E10 1107701.66 1220878 6.6253193437981E11 1107701.66 153 7 150 11322 518 11100
67500.0 16452 1.799703541798E10 1122663.33 1237330 6.805289697978E11 1122663.33 153 7 150 11475 525 11250
68400.0 16452 1.823849624137E10 1137624.99 1253782 6.9876746603917E11 1137624.99 153 7 150 11628 532 11400
69300.0 16560 1.854218709267E10 1152586.66 1270342 7.1730965313185E11 1152586.66 153 7 150 11781 539 11550
70200.0 16524 1.8763144426E10 1167548.33 1286866 7.3607279755785E11 1167548.33 153 7 150 11934 546 11700
71100.0 16452 1.896308031843E10 1182510.0 1303318 7.5503587787628E11 1182510.0 153 7 150 12087 553 11850
72000.0 16452 1.920454114182E10 1197471.66 1319770 7.7424041901809E11 1197471.66 153 7 150 12240 560 12000
72900.0 16560 1.951146372214E10 1212433.32 1336330 7.9375188274024E11 1212433.32 153 7 150 12393 567 12150
73800.0 16524 1.973134381546E10 1227395.0 1352854 8.134832265557E11 1227395.0 153 7 150 12546 574 12300
74700.0 16452 1.992912521887E10 1242356.66 1369306 8.3341235177457E11 1242356.66 153 7 150 12699 581 12450
75600.0 16452 2.017058604226E10 1257318.33 1385758 8.5358293781683E11 1257318.33 153 7 150 12852 588 12600
76500.0 16560 2.048084832725E10 1272279.99 1402318 8.7406378614408E11 1272279.99 153 7 150 13005 595 12750
77400.0 16524 2.069954319592E10 1287241.67 1418842 8.9476332934E11 1287241.67 153 7 150 13158 602 12900
78300.0 16452 2.089517011932E10 1302203.33 1435294 9.1565849945932E11 1302203.33 153 7 150 13311 609 13050
79200.0 16452 2.113663094271E10 1317164.99 1451746 9.3679513040202E11 1317164.99 153 7 150 13464 616 13200
80100.0 16569 2.145001834184E10 1332126.66 1468315 9.5824514874387E11 1332126.66 153 7 150 13617 623 13350
81000.0 16524 2.166775308122E10 1347088.9 1484839 9.7991290182509E11 1347088.9 153 7 150 13770 630 13500
81900.0 16452 2.186122429078E10 1362050.57 1501291 1.00177412611587E12 1362050.57 153 7 150 13923 637 13650
82800.0 16452 2.210268511417E10 1377012.24 1517743 1.02387681123004E12 1377012.24 153 7 150 14076 644 13800
83700.0 16560 2.241941087922E10 1391973.9 1534303 1.04629622210925E12 1391973.9 153 7 150 14229 651 13950
84600.0 16524 2.263595124853E10 1406935.57 1550827 1.06893217335779E12 1406935.57 153 7 150 14382 658 14100
85500.0 16452 2.282726919117E10 1421897.24 1567279 1.09175944254896E12 1421897.24 153 7 150 14535 665 14250
86400.0 16452 2.306873001456E10 1436858.9 1583731 1.11482817256352E12 1436858.9 153 7 150 14688 672 14400
87300.0 16560 2.338857948799E10 1451820.57 1600291 1.13821675205151E12 1451820.57 153 7 150 14841 679 14550
88200.0 16524 2.360415637399E10 1466782.24 1616815 1.1618209084255E12 1466782.24 153 7 150 14994 686 14700
89100.0 16452 2.379331409156E10 1481743.91 1633267 1.18561422251706E12 1481743.91 153 7 150 15147 693 14850
90000.0 16452 2.403477491495E10 1496705.57 1649719 1.20964899743201E12 1496705.57 153 7 150 15300 700 15000
90900.0 16560 2.435796411104E10 1511667.23 1666279 1.23400696154305E12 1511667.23 153 7 150 15453 707 15150
91800.0 16524 2.45723500004E10 1526628.91 1682803 1.25857931154345E12 1526628.91 153 7 150 15606 714 15300
92700.0 16452 2.4759358992E10 1541590.57 1699255 1.28333867053545E12 1541590.57 153 7 150 15759 721 15450
93600.0 16452 2.500081981539E10 1556552.24 1715707 1.30833949035085E12 1556552.24 153 7 150 15912 728 15600
94500.0 16560 2.532713273787E10 1571513.9 1732267 1.33366662308872E12 1571513.9 153 7 150 16065 735 15750
95400.0 16525 2.554055513491E10 1586475.58 1748792 1.35920717822363E12 1586475.58 153 7 150 16218 742 15900
96300.0 16452 2.572540593265E10 1601437.5 1765244 1.38493258415628E12 1601437.5 153 7 150 16371 749 16050
97200.0 16452 2.596687140222E10 1616399.47 1781696 1.4108994555585E12 1616399.47 153 7 150 16524 756 16200
98100.0 16560 2.629641861083E10 1631361.14 1798256 1.43719587416933E12 1631361.14 153 7 150 16677 763 16350
99000.0 16524 2.650875800353E10 1646322.81 1814780 1.46370463217286E12 1646322.81 153 7 150 16830 770 16500
99900.0 16452 2.669145801453E10 1661284.48 1831232 1.49039609018739E12 1661284.48 153 7 150 16983 777 16650
100800.0 16452 2.693291883792E10 1676246.14 1847684 1.51732900902531E12 1676246.14 153 7 150 17136 784 16800
101700.0 16560 2.72656952313E10 1691207.81 1864244 1.54459470425661E12 1691207.81 153 7 150 17289 791 16950
102600.0 16524 2.747695739299E10 1706169.48 1880768 1.5720716616496E12 1706169.48 153 7 150 17442 798 17100
103500.0 16452 2.765750291498E10 1721131.15 1897220 1.59972916456458E12 1721131.15 153 7 150 17595 805 17250
104400.0 16452 2.789896373837E10 1736092.81 1913672 1.62762812830294E12 1736092.81 153 7 150 17748 812 17400
105300.0 16560 2.823497186077E10 1751054.47 1930232 1.65586310016371E12 1751054.47 153 7 150 17901 819 17550
106200.0 16524 2.844515676445E10 1766016.15 1946756 1.68430825692816E12 1766016.15 153 7 150 18054 826 17700
107100.0 16452 2.862354781542E10 1780977.81 1963208 1.71293180474358E12 1780977.81 153 7 150 18207 833 17850
108000.0 16452 2.886500863881E10 1795939.48 1979660 1.74179681338239E12 1795939.48 153 7 150 18360 840 18000
108900.0 16560 2.920424847224E10 1810901.14 1996220 1.77100106185462E12 1810901.14 153 7 150 18513 847 18150
109800.0 16524 2.941335615396E10 1825862.82 2012744 1.80041441800858E12 1825862.82 153 7 150 18666 854 18300
110700.0 16452 2.958959271597E10 1840824.48 2029196 1.83000401072456E12 1840824.48 153 7 150 18819 861 18450
111600.0 16452 2.983105353936E10 1855786.14 2045648 1.85983506426392E12 1855786.14 153 7 150 18972 868 18600
112500.0 16560 3.017352957257E10 1870748.33 2062208 1.89000859383649E12 1870748.33 153 7 150 19125 875 18750
113400.0 16524 3.038156421585E10 1885710.05 2078732 1.92039015805234E12 1885710.05 153 7 150 19278 882 18900
114300.0 16452 3.055564686823E10 1900671.72 2095184 1.95094580492057E12 1900671.72 153 7 150 19431 889 19050
115200.0 16452 3.079710769162E10 1915633.38 2111636 1.98174291261219E12 1915633.38 153 7 150 19584 896 19200
116100.0 16560 3.114281098704E10 1930595.05 2128196 2.01288572359923E12 1930595.05 153 7 150 19737 903 19350
117000.0 16524 3.134976418744E10 1945556.72 2144720 2.04423548778667E12 1945556.72 153 7 150 19890 910 19500
117900.0 16452 3.152169176878E10 1960518.39 2161172 2.07575717955545E12 1960518.39 153 7 150 20043 917 19650
118800.0 16452 3.176315259217E10 1975480.05 2177624 2.10752033214762E12 1975480.05 153 7 150 20196 924 19800
119700.0 16560 3.211208763462E10 1990441.72 2194184 2.13963241978224E12 1990441.72 153 7 150 20349 931 19950
120600.0 16524 3.231796355901E10 2005403.39 2210708 2.17195038334125E12 2005403.39 153 7 150 20502 938 20100
121500.0 16452 3.248773666934E10 2020365.05 2227160 2.20443812001059E12 2020365.05 153 7 150 20655 945 20250
122400.0 16452 3.272919749271E10 2035326.72 2243612 2.2371673175033E12 2035326.72 153 7 150 20808 952 20400
123300.0 16560 3.308136423713E10 2050288.38 2260172 2.27024868174043E12 2050288.38 153 7 150 20961 959 20550
124200.0 16524 3.328616294844E10 2065250.06 2276696 2.30353484468887E12 2065250.06 153 7 150 21114 966 20700
125100.0 16452 3.34537815697E10 2080211.72 2293148 2.33698862625856E12 2080211.72 153 7 150 21267 973 20850
126000.0 16452 3.369524239302E10 2095173.39 2309600 2.37068386865159E12 2095173.39 153 7 150 21420 980 21000
126900.0 16560 3.405064086646E10 2110135.05 2326160 2.40473450951804E12 2110135.05 153 7 150 21573 987 21150
127800.0 16524 3.425436236201E10 2125096.76 2342684 2.43898887188005E12 2125096.76 153 7 150 21726 994 21300
128700.0 16452 3.441983157474E10 2140058.95 2359136 2.47340870345479E12 2140058.95 153 7 150 21879 1001 21450
129600.0 16452 3.466129655296E10 2155020.63 2375588 2.50807000000775E12 2155020.63 153 7 150 22032 1008 21600
130500.0 16560 3.501992678639E10 2169982.29 2392148 2.54308992679414E12 2169982.29 153 7 150 22185 1015 21750
131400.0 16525 3.522257112959E10 2184943.96 2408673 2.57831249792373E12 2184943.96 153 7 150 22338 1022 21900
132300.0 16452 3.538588062994E10 2199905.63 2425125 2.61369837855367E12 2199905.63 153 7 150 22491 1029 22050
133200.0 16452 3.562734145326E10 2214867.29 2441577 2.64932572000693E12 2214867.29 153 7 150 22644 1036 22200
134100.0 16560 3.598920339772E10 2229828.96 2458137 2.68531492340466E12 2229828.96 153 7 150 22797 1043 22350
135000.0 16524 3.619077036969E10 2244790.63 2474661 2.72150569377434E12 2244790.63 153 7 150 22950 1050 22500
135900.0 16452 3.635192553024E10 2259752.3 2491113 2.75785761930459E12 2259752.3 153 7 150 23103 1057 22650
136800.0 16452 3.659338635357E10 2274713.96 2507565 2.79445100565816E12 2274713.96 153 7 150 23256 1064 22800
137700.0 16560 3.695848000905E10 2289675.63 2524125 2.83140948566721E12 2289675.63 153 7 150 23409 1071 22950
138600.0 16524 3.715896974101E10 2304637.3 2540649 2.86856845540822E12 2304637.3 153 7 150 23562 1078 23100
139500.0 16452 3.731797043055E10 2319598.96 2557101 2.90588642583877E12 2319598.96 153 7 150 23715 1085 23250
140400.0 16452 3.755943125388E10 2334560.63 2573553 2.94344585709264E12 2334560.63 153 7 150 23868 1092 23400
141300.0 16560 3.792775663838E10 2349522.29 2590113 2.98137361373102E12 2349522.29 153 7 150 24021 1099 23550
142200.0 16524 3.812716913033E10 2364483.97 2606637 3.01950078286135E12 2364483.97 153 7 150 24174 1106 23700
143100.0 16458 3.828401533085E10 2379445.63 2623095 3.05778479819221E12 2379445.63 153 7 150 24327 1113 23850
144000.0 16454 3.852547952001E10 2394407.66 2639549 3.09631027771221E12 2394407.66 153 7 150 24480 1120 24000
144900.0 16560 3.889704071533E10 2409369.53 2656109 3.13520731842754E12 2409369.53 153 7 150 24633 1127 24150
145800.0 16524 3.909537774173E10 2424331.2 2672633 3.17430269616928E12 2424331.2 153 7 150 24786 1134 24300
146700.0 16452 3.925006945068E10 2439292.87 2689085 3.21355276561995E12 2439292.87 153 7 150 24939 1141 24450
147600.0 16452 3.9491530274E10 2454254.53 2705537 3.25304429589396E12 2454254.53 153 7 150 25092 1148 24600
148500.0 16560 3.98663191294E10 2469216.2 2722097 3.29291061502336E12 2469216.2 153 7 150 25245 1155 24750
149400.0 16524 4.006357713105E10 2484177.87 2738621 3.33297419215441E12 2484177.87 153 7 150 25398 1162 24900
150300.0 16452 4.021611435098E10 2499139.54 2755073 3.37319030650539E12 2499139.54 153 7 150 25551 1169 25050
151200.0 16452 4.045757517431E10 2514101.2 2771525 3.4136478816797E12 2514101.2 153 7 150 25704 1176 25200
152100.0 16560 4.083559574073E10 2529062.86 2788085 3.45448347742043E12 2529062.86 153 7 150 25857 1183 25350
153000.0 16524 4.103177650243E10 2544024.54 2804609 3.49551525392286E12 2544024.54 153 7 150 26010 1190 25500
153900.0 16452 4.118215925134E10 2558986.2 2821061 3.5366974131742E12 2558986.2 153 7 150 26163 1197 25650
154800.0 16452 4.142362007467E10 2573947.87 2837513 3.57812103324887E12 2573947.87 153 7 150 26316 1204 25800
155700.0 16560 4.180487237011E10 2588909.53 2854073 3.61992590561898E12 2588909.53 153 7 150 26469 1211 25950
156600.0 16524 4.19999758918E10 2603871.21 2870597 3.66192588151078E12 2603871.21 153 7 150 26622 1218 26100
157500.0 16452 4.214820415165E10 2618832.87 2887049 3.70407408566243E12 2618832.87 153 7 150 26775 1225 26250
158400.0 16452 4.238966497498E10 2633794.53 2903501 3.74646375063741E12 2633794.53 153 7 150 26928 1232 26400
159300.0 16561 4.27742571934E10 2648756.2 2920062 3.78923800783081E12 2648756.2 153 7 150 27081 1239 26550
160200.0 16524 4.296818001372E10 2663718.44 2936586 3.83220618784453E12 2663718.44 153 7 150 27234 1246 26700
161100.0 16452 4.311425832308E10 2678680.11 2953038 3.87532044616761E12 2678680.11 153 7 150 27387 1253 26850
162000.0 16452 4.335571914641E10 2693641.78 2969490 3.91867616531402E12 2693641.78 153 7 150 27540 1260 27000
162900.0 16560 4.374343490391E10 2708603.44 2986050 3.96241960021793E12 2708603.44 153 7 150 27693 1267 27150
163800.0 16524 4.39363897072E10 2723565.11 3002574 4.00635598992513E12 2723565.11 153 7 150 27846 1274 27300
164700.0 16452 4.408030322328E10 2738526.78 3019026 4.05043629314841E12 2738526.78 153 7 150 27999 1281 27450
165600.0 16452 4.432176404661E10 2753488.44 3035478 4.09475805719501E12 2753488.44 153 7 150 28152 1288 27600
166500.0 16560 4.471281951777E10 2768450.11 3052038 4.13947087671278E12 2768450.11 153 7 150 28305 1295 27750
167400.0 16524 4.490458332436E10 2783411.78 3068562 4.18437546003714E12 2783411.78 153 7 150 28458 1302 27900
168300.0 16452 4.504634812348E10 2798373.45 3085014 4.22942180816062E12 2798373.45 153 7 150 28611 1309 28050
169200.0 16452 4.52878089468E10 2813335.11 3101466 4.27470961710742E12 2813335.11 153 7 150 28764 1316 28200
170100.0 16560 4.568198814435E10 2828296.77 3118026 4.32039160525177E12 2828296.77 153 7 150 28917 1323 28350
171000.0 16524 4.587278845862E10 2843258.45 3134550 4.36626439371039E12 2843258.45 153 7 150 29070 1330 28500
171900.0 16452 4.601239302367E10 2858220.11 3151002 4.41227678673406E12 2858220.11 153 7 150 29223 1337 28650
172800.0 16452 4.6253853847E10 2873181.78 3167454 4.45853064058107E12 2873181.78 153 7 150 29376 1344 28800
173700.0 16560 4.665126476457E10 2888143.44 3184014 4.50518190534564E12 2888143.44 153 7 150 29529 1351 28950
174600.0 16524 4.684098208478E10 2903105.12 3200538 4.55202288743042E12 2903105.12 153 7 150 29682 1358 29100
175500.0 16452 4.697843916126E10 2918066.93 3216990 4.59900132659168E12 2918066.93 153 7 150 29835 1365 29250
176400.0 16452 4.721990455597E10 2933029.01 3233442 4.64622123114765E12 2933029.01 153 7 150 29988 1372 29400
177300.0 16560 4.762055066502E10 2947990.68 3250002 4.69384178181267E12 2947990.68 153 7 150 30141 1379 29550
178200.0 16524 4.780919072591E10 2962952.35 3266526 4.74165097253858E12 2962952.35 153 7 150 30294 1386 29700
179100.0 16452 4.794449206438E10 2977914.02 3282978 4.78959546460296E12 2977914.02 153 7 150 30447 1393 29850
180000.0 16452 4.818595288771E10 2992875.68 3299430 4.83778141749067E12 2992875.68 153 7 150 30600 1400 30000
180900.0 16560 4.858982729424E10 3007837.35 3315990 4.8863712447849E12 3007837.35 153 7 150 30753 1407 30150
181800.0 16524 4.877739010607E10 3022799.02 3332514 4.93514863489098E12 3022799.02 153 7 150 30906 1414 30300
182700.0 16452 4.891053696452E10 3037760.69 3348966 4.9840591718555E12 3037760.69 153 7 150 31059 1421 30450
183600.0 16452 4.915199778785E10 3052722.35 3365418 5.03321116964336E12 3052722.35 153 7 150 31212 1428 30600
184500.0 16560 4.95591038874E10 3067684.02 3381978 5.08277027353076E12 3067684.02 153 7 150 31365 1435 30750
185400.0 16524 4.974558948623E10 3082645.69 3398502 5.13251586301699E12 3082645.69 153 7 150 31518 1442 30900
186300.0 16452 4.987658186467E10 3097607.35 3414954 5.18239244488166E12 3097607.35 153 7 150 31671 1449 31050
187200.0 16452 5.0118042688E10 3112569.02 3431406 5.23251048756965E12 3112569.02 153 7 150 31824 1456 31200
188100.0 16560 5.052838053457E10 3127530.68 3447966 5.28303886810422E12 3127530.68 153 7 150 31977 1463 31350
189000.0 16524 5.071378886639E10 3142492.36 3464490 5.33375265697061E12 3142492.36 153 7 150 32130 1470 31500
189900.0 16452 5.084262676481E10 3157454.02 3480942 5.38459528373542E12 3157454.02 153 7 150 32283 1477 31650
190800.0 16452 5.108408758814E10 3172415.69 3497394 5.43567937132356E12 3172415.69 153 7 150 32436 1484 31800
191700.0 16560 5.149766078264E10 3187377.79 3513954 5.4871770321062E12 3187377.79 153 7 150 32589 1491 31950
192600.0 16524 5.168199634669E10 3202339.59 3530478 5.53885902845289E12 3202339.59 153 7 150 32742 1498 32100
193500.0 16452 5.180868089948E10 3217301.26 3546930 5.59066770935237E12 3217301.26 153 7 150 32895 1505 32250
194400.0 16452 5.205014172281E10 3232262.92 3563382 5.64271785107518E12 3232262.92 153 7 150 33048 1512 32400
195300.0 16560 5.246694302232E10 3247224.59 3579942 5.6951847940975E12 3247224.59 153 7 150 33201 1519 32550
196200.0 16524 5.265019688183E10 3262186.26 3596466 5.74783499097934E12 3262186.26 153 7 150 33354 1526 32700
197100.0 16452 5.277472579963E10 3277147.93 3612918 5.80060971677896E12 3277147.93 153 7 150 33507 1533 32850
198000.0 16452 5.301618662295E10 3292109.59 3629370 5.85362590340192E12 3292109.59 153 7 150 33660 1540 33000
198900.0 16560 5.343621965149E10 3307071.26 3645930 5.9070621230534E12 3307071.26 153 7 150 33813 1547 33150
199800.0 16524 5.361839626199E10 3322032.93 3662454 5.9606805193154E12 3322032.93 153 7 150 33966 1554 33300
200700.0 16452 5.374077069977E10 3336994.59 3678906 6.01442129001516E12 3336994.59 153 7 150 34119 1561 33450
201600.0 16452 5.39822315231E10 3351956.26 3695358 6.06840352153826E12 3351956.26 153 7 150 34272 1568 33600
202500.0 16560 5.440549628065E10 3366917.92 3711918 6.12280901781892E12 3366917.92 153 7 150 34425 1575 33750
203400.0 16524 5.458659564215E10 3381879.6 3728442 6.17739561346106E12 3381879.6 153 7 150 34578 1582 33900
204300.0 16452 5.470681559991E10 3396841.26 3744894 6.23210242906098E12 3396841.26 153 7 150 34731 1589 34050
205200.0 16452 5.494827642324E10 3411802.93 3761346 6.28705070548422E12 3411802.93 153 7 150 34884 1596 34200
206100.0 16560 5.537477287382E10 3426764.59 3777906 6.34242547835804E12 3426764.59 153 7 150 35037 1603 34350
207000.0 16533 5.555479654676E10 3441726.26 3794439 6.3979802749048E12 3441726.26 153 7 150 35190 1610 34500
207900.0 16452 5.56728653131E10 3456688.49 3810891 6.4536531402179E12 3456688.49 153 7 150 35343 1617 34650
208800.0 16452 5.59143305944E10 3471650.17 3827343 6.50956747081231E12 3471650.17 153 7 150 35496 1624 34800
209700.0 16560 5.634405882302E10 3486611.83 3843903 6.56591152963533E12 3486611.83 153 7 150 35649 1631 34950
210600.0 16524 5.652300369395E10 3501573.51 3860427 6.62243453332928E12 3501573.51 153 7 150 35802 1638 35100
211500.0 16452 5.6638914671E10 3516535.17 3876879 6.67907344800028E12 3516535.17 153 7 150 35955 1645 35250
212400.0 16452 5.688037549433E10 3531496.83 3893331 6.73595382349461E12 3531496.83 153 7 150 36108 1652 35400
213300.0 16560 5.731333541597E10 3546458.5 3909891 6.79326715891058E12 3546458.5 153 7 150 36261 1659 35550
214200.0 16524 5.749120307389E10 3561420.17 3926415 6.85075836198447E12 3561420.17 153 7 150 36414 1666 35700
215100.0 16452 5.760495957093E10 3576381.84 3942867 6.9083633215554E12 3576381.84 153 7 150 36567 1673 35850
216000.0 16452 5.784642039426E10 3591343.5 3959319 6.96620974194966E12 3591343.5 153 7 150 36720 1680 36000
216900.0 16560 5.828261206292E10 3606305.17 3975879 7.02449235401258E12 3606305.17 153 7 150 36873 1687 36150
217800.0 16524 5.845940245383E10 3621266.84 3992403 7.08295175646641E12 3621266.84 153 7 150 37026 1694 36300
218700.0 16452 5.857100447086E10 3636228.5 4008855 7.14152276093727E12 3636228.5 153 7 150 37179 1701 36450
219600.0 16452 5.881246529419E10 3651190.17 4025307 7.20033522623145E12 3651190.17 153 7 150 37332 1708 36600
220500.0 16560 5.925188866487E10 3666151.83 4041867 7.25958711489632E12 3666151.83 153 7 150 37485 1715 36750
221400.0 16524 5.942760183377E10 3681113.51 4058391 7.31901471673009E12 3681113.51 153 7 150 37638 1722 36900
222300.0 16453 5.953704937073E10 3696075.17 4074844 7.37855176610082E12 3696075.17 153 7 150 37791 1729 37050
223200.0 16452 5.977851225473E10 3711037.1 4091296 7.43833027835556E12 3711037.1 153 7 150 37944 1736 37200
224100.0 16560 6.022117198725E10 3725999.07 4107856 7.49855145034281E12 3725999.07 153 7 150 38097 1743 37350
225000.0 16524 6.039581045595E10 3740960.74 4124380 7.55894726079876E12 3740960.74 153 7 150 38250 1750 37500
225900.0 16452 6.050310349233E10 3755922.41 4140832 7.6194503642911E12 3755922.41 153 7 150 38403 1757 37650
226800.0 16452 6.074456431566E10 3770884.07 4157284 7.68019492860675E12 3770884.07 153 7 150 38556 1764 37800
227700.0 16560 6.119045115723E10 3785845.74 4173844 7.74138537976398E12 3785845.74 153 7 150 38709 1771 37950
228600.0 16524 6.136400983584E10 3800807.41 4190368 7.80274938959982E12 3800807.41 153 7 150 38862 1778 38100
229500.0 16452 6.14691483922E10 3815769.08 4206820 7.86421853799202E12 3815769.08 153 7 150 39015 1785 38250
230400.0 16452 6.171060921553E10 3830730.74 4223272 7.92592914720756E12 3830730.74 153 7 150 39168 1792 38400
231300.0 16560 6.215972778613E10 3845692.41 4239832 7.98808887499368E12 3845692.41 153 7 150 39321 1799 38550
232200.0 16524 6.233220921573E10 3860654.08 4256356 8.05042108420941E12 3860654.08 153 7 150 39474 1806 38700
233100.0 16452 6.243519329208E10 3875615.74 4272808 8.11285627750148E12 3875615.74 153 7 150 39627 1813 38850
234000.0 16452 6.26766541154E10 3890577.41 4289260 8.17553293161689E12 3890577.41 153 7 150 39780 1820 39000
234900.0 16560 6.312900439702E10 3905539.07 4305820 8.23866193601391E12 3905539.07 153 7 150 39933 1827 39150
235800.0 16524 6.330040859561E10 3920500.75 4322344 8.30196234460952E12 3920500.75 153 7 150 40086 1834 39300
236700.0 16452 6.340123819195E10 3935462.41 4338796 8.36536358280147E12 3935462.41 153 7 150 40239 1841 39450
237600.0 16452 6.364269901528E10 3950424.07 4355248 8.42900628181675E12 3950424.07 153 7 150 40392 1848 39600
238500.0 16560 6.409828102592E10 3965385.74 4371808 8.49310456284267E12 3965385.74 153 7 150 40545 1855 39750
239400.0 16524 6.426861263335E10 3980347.94 4388332 8.55737317547602E12 3980347.94 153 7 150 40698 1862 39900
240300.0 16452 6.43672920108E10 3995309.65 4404784 8.62174046748682E12 3995309.65 153 7 150 40851 1869 40050
241200.0 16452 6.460875316819E10 4010271.32 4421236 8.68634922065501E12 4010271.32 153 7 150 41004 1876 40200
242100.0 16560 6.50675669208E10 4025232.98 4437796 8.75141678757581E12 4025232.98 153 7 150 41157 1883 40350
243000.0 16524 6.523681662906E10 4040194.65 4454320 8.81665360420488E12 4040194.65 153 7 150 41310 1890 40500
243900.0 16452 6.533333724473E10 4055156.32 4470772 8.88198694144961E12 4055156.32 153 7 150 41463 1897 40650
244800.0 16452 6.557479806806E10 4070117.98 4487224 8.94756173951767E12 4070117.98 153 7 150 41616 1904 40800
245700.0 16560 6.60368435497E10 4085079.65 4503784 9.01359858306738E12 4085079.65 153 7 150 41769 1911 40950
246600.0 16524 6.620501600896E10 4100041.32 4520308 9.07980359907634E12 4100041.32 153 7 150 41922 1918 41100
247500.0 16452 6.629938214462E10 4115002.99 4536760 9.14610298122095E12 4115002.99 153 7 150 42075 1925 41250
248400.0 16452 6.654084296795E10 4129964.65 4553212 9.2126438241889E12 4129964.65 153 7 150 42228 1932 41400
249300.0 16560 6.700612016957E10 4144926.31 4569772 9.27964994435847E12 4144926.31 153 7 150 42381 1939 41550
250200.0 16524 6.717321538881E10 4159887.99 4586296 9.34682315974728E12 4159887.99 153 7 150 42534 1946 41700
251100.0 16452 6.726542704445E10 4174849.65 4602748 9.41408858679173E12 4174849.65 153 7 150 42687 1953 41850
252000.0 16452 6.750688786778E10 4189811.32 4619200 9.48159547465951E12 4189811.32 153 7 150 42840 1960 42000
252900.0 16560 6.797539678042E10 4204772.98 4635760 9.54957087143993E12 4204772.98 153 7 150 42993 1967 42150
253800.0 16524 6.814141476871E10 4219734.65 4652284 9.61771228620864E12 4219734.65 153 7 150 43146 1974 42300
254700.0 16452 6.82314725324E10 4234696.39 4668736 9.68594375874104E12 4234696.39 153 7 150 43299 1981 42450
255600.0 16452 6.847293814563E10 4249658.55 4685188 9.75441669688667E12 4249658.55 153 7 150 43452 1988 42600
256500.0 16560 6.894468268833E10 4264620.22 4701748 9.823361379575E12 4264620.22 153 7 150 43605 1995 42750
257400.0 16524 6.91096234173E10 4279581.89 4718272 9.8924710029923E12 4279581.89 153 7 150 43758 2002 42900
258300.0 16453 6.919752624818E10 4294543.56 4734725 9.96166852924048E12 4294543.56 153 7 150 43911 2009 43050
259200.0 16452 6.943898691562E10 4309505.22 4751177 1.003110751615609E13 4309505.22 153 7 150 44064 2016 43200
260100.0 16560 6.991395929924E10 4324466.89 4767737 1.010102147545533E13 4324466.89 153 7 150 44217 2023 43350
261000.0 16524 7.00778227971E10 4339428.56 4784261 1.017109929825243E13 4339428.56 153 7 150 44370 2030 43500
261900.0 16452 7.016357099206E10 4354390.23 4800713 1.024126286924449E13 4354390.23 153 7 150 44523 2037 43650
262800.0 16452 7.040503181539E10 4369351.89 4817165 1.031166790105989E13 4369351.89 153 7 150 44676 2044 43800
263700.0 16560 7.088334392172E10 4384313.55 4833725 1.038255124498161E13 4384313.55 153 7 150 44829 2051 43950
264600.0 16524 7.104602217694E10 4399275.23 4850249 1.045359726715855E13 4399275.23 153 7 150 44982 2058 44100
265500.0 16452 7.11296158919E10 4414236.89 4866701 1.052472688305044E13 4414236.89 153 7 150 45135 2065 44250
266400.0 16452 7.137107671523E10 4429198.56 4883153 1.059609795976567E13 4429198.56 153 7 150 45288 2072 44400
267300.0 16560 7.18525125389E10 4444160.22 4899713 1.066795047230457E13 4444160.22 153 7 150 45441 2079 44550
268200.0 16524 7.201422732E10 4459121.9 4916237 1.073996469962457E13 4459121.9 153 7 150 45594 2086 44700
269100.0 16452 7.209566079189E10 4474083.56 4932689 1.081206036041646E13 4474083.56 153 7 150 45747 2093 44850
270000.0 16458 7.233712161522E10 4489045.22 4949147 1.088439748203168E13 4489045.22 153 7 150 45900 2100 45000
270900.0 16562 7.282190047845E10 4504007.26 4965709 1.095721938251014E13 4504007.26 153 7 150 46053 2107 45150
271800.0 16524 7.298242853275E10 4518969.13 4982233 1.103020181104289E13 4518969.13 153 7 150 46206 2114 45300
272700.0 16452 7.306171491144E10 4533930.8 4998685 1.110326352595433E13 4533930.8 153 7 150 46359 2121 45450
273600.0 16452 7.330317573477E10 4548892.46 5015137 1.11765667016891E13 4548892.46 153 7 150 46512 2128 45600
274500.0 16560 7.379107502033E10 4563854.13 5031697 1.125035777670943E13 4563854.13 153 7 150 46665 2135 45750
275400.0 16524 7.395063532014E10 4578815.8 5048221 1.132430841202957E13 4578815.8 153 7 150 46818 2142 45900
276300.0 16452 7.402775981144E10 4593777.47 5064673 1.139833617184101E13 4593777.47 153 7 150 46971 2149 46050
277200.0 16452 7.426922063477E10 4608739.13 5081125 1.147260539247578E13 4608739.13 153 7 150 47124 2156 46200
278100.0 16560 7.476035166735E10 4623700.79 5097685 1.154736574414312E13 4623700.79 153 7 150 47277 2163 46350
279000.0 16524 7.491882892809E10 4638662.47 5114209 1.162228457307122E13 4638662.47 153 7 150 47430 2170 46500
279900.0 16452 7.499380471143E10 4653624.13 5130661 1.169727837778265E13 4653624.13 153 7 150 47583 2177 46650
280800.0 16452 7.523526553476E10 4668585.8 5147113 1.177251364331741E13 4668585.8 153 7 150 47736 2184 46800
281700.0 16560 7.572973626304E10 4683547.46 5163673 1.184824337958045E13 4683547.46 153 7 150 47889 2191 46950
282600.0 16524 7.58870283171E10 4698509.14 5180197 1.192413040789755E13 4698509.14 153 7 150 48042 2198 47100
283500.0 16452 7.595984961143E10 4713470.8 5196649 1.200009025750898E13 4713470.8 153 7 150 48195 2205 47250
284400.0 16452 7.620131043476E10 4728432.46 5213101 1.207629156794374E13 4728432.46 153 7 150 48348 2212 47400
285300.0 16560 7.669890489838E10 4743394.13 5229661 1.215299047284212E13 4743394.13 153 7 150 48501 2219 47550
286200.0 16525 7.685523374722E10 4758355.8 5246186 1.222984570658934E13 4758355.8 153 7 150 48654 2226 47700
287100.0 16452 7.692589932463E10 4773318.03 5262638 1.230677160591397E13 4773318.03 153 7 150 48807 2233 47850
288000.0 16452 7.716736460594E10 4788279.71 5279090 1.238393897051991E13 4788279.71 153 7 150 48960 2240 48000
288900.0 16560 7.766829882328E10 4803241.37 5295650 1.246160726934319E13 4803241.37 153 7 150 49113 2247 48150
289800.0 16524 7.782343636909E10 4818203.04 5312174 1.253943070571227E13 4818203.04 153 7 150 49266 2254 48300
290700.0 16452 7.789194868271E10 4833164.71 5328626 1.261732265439498E13 4833164.71 153 7 150 49419 2261 48450
291600.0 16452 7.813340950604E10 4848126.37 5345078 1.269545606390102E13 4848126.37 153 7 150 49572 2268 48600
292500.0 16560 7.863746744072E10 4863088.04 5361638 1.277409353134174E13 4863088.04 153 7 150 49725 2275 48750
293400.0 16524 7.879164151226E10 4878049.71 5378162 1.2852885172854E13 4878049.71 153 7 150 49878 2282 48900
294300.0 16452 7.885799358281E10 4893011.38 5394614 1.293174316643682E13 4893011.38 153 7 150 50031 2289 49050
295200.0 16452 7.909945440614E10 4907973.04 5411066 1.301084262084296E13 4907973.04 153 7 150 50184 2296 49200
296100.0 16560 7.960674405185E10 4922934.7 5427626 1.30904493648948E13 4922934.7 153 7 150 50337 2303 49350
297000.0 16524 7.975983512032E10 4937896.38 5444150 1.317020920001513E13 4937896.38 153 7 150 50490 2310 49500
297900.0 16452 7.982403848291E10 4952858.04 5460602 1.325003323849804E13 4952858.04 153 7 150 50643 2317 49650
298800.0 16452 8.006549930624E10 4967819.71 5477054 1.333009873780428E13 4967819.71 153 7 150 50796 2324 49800
299700.0 16560 8.057602068097E10 4982781.37 5493614 1.341067475848526E13 4982781.37 153 7 150 50949 2331 49950
300600.0 16524 8.072803450944E10 4997743.05 5510138 1.34914027929947E13 4997743.05 153 7 150 51102 2338 50100
301500.0 16452 8.079008338302E10 5012704.71 5526590 1.357219287637771E13 5012704.71 153 7 150 51255 2345 50250
302400.0 16452 8.103154546349E10 5027666.53 5543042 1.36532244218412E13 5027666.53 153 7 150 51408 2352 50400
303300.0 16560 8.154530256507E10 5042628.6 5559602 1.373476972440627E13 5042628.6 153 7 150 51561 2359 50550
304200.0 16524 8.169624314189E10 5057590.28 5576126 1.381646596754816E13 5057590.28 153 7 150 51714 2366 50700
305100.0 16452 8.175613752384E10 5072551.95 5592578 1.3898222105072E13 5072551.95 153 7 150 51867 2373 50850
306000.0 16452 8.199759834717E10 5087513.61 5609030 1.398021970341918E13 5087513.61 153 7 150 52020 2380 51000
306900.0 16560 8.25145831929E10 5102475.28 5625590 1.406273428661208E13 5102475.28 153 7 150 52173 2387 51150
307800.0 16524 8.266444253112E10 5117436.95 5642114 1.41453987291432E13 5117436.95 153 7 150 52326 2394 51300
308700.0 16452 8.272218242406E10 5132398.62 5658566 1.422812091156725E13 5132398.62 153 7 150 52479 2401 51450
309600.0 16452 8.296364324739E10 5147360.28 5675018 1.431108455481464E13 5147360.28 153 7 150 52632 2408 51600
310500.0 16560 8.348385981292E10 5162321.94 5691578 1.439456841462756E13 5162321.94 153 7 150 52785 2415 51750
311400.0 16524 8.36326419024E10 5177283.62 5708102 1.447820105652996E13 5177283.62 153 7 150 52938 2422 51900
312300.0 16452 8.368822732432E10 5192245.28 5724554 1.456188928385428E13 5192245.28 153 7 150 53091 2429 52050
313200.0 16452 8.392968814765E10 5207206.95 5741006 1.464581897200193E13 5207206.95 153 7 150 53244 2436 52200
314100.0 16560 8.445313641521E10 5222168.61 5757566 1.473027210841714E13 5222168.61 153 7 150 53397 2443 52350
315000.0 16524 8.460084129168E10 5237130.29 5774090 1.481487294970881E13 5237130.29 153 7 150 53550 2450 52500
315900.0 16452 8.465427222458E10 5252091.95 5790542 1.48995272219334E13 5252091.95 153 7 150 53703 2457 52650
316800.0 16452 8.489573304791E10 5267053.61 5806994 1.498442295498131E13 5267053.61 153 7 150 53856 2464 52800
317700.0 16560 8.54224130535E10 5282015.28 5823554 1.506984536803481E13 5282015.28 153 7 150 54009 2471 52950
318600.0 16524 8.556905035316E10 5296977.4 5840078 1.515541441838796E13 5296977.4 153 7 150 54162 2478 53100
319500.0 16452 8.562032535986E10 5311939.19 5856530 1.524103474374782E13 5311939.19 153 7 150 54315 2485 53250
320400.0 16452 8.586178718307E10 5326900.85 5872982 1.532689653093089E13 5326900.85 153 7 150 54468 2492 53400
321300.0 16561 8.639169892156E10 5341862.52 5889543 1.541328822985245E13 5341862.52 153 7 150 54621 2499 53550
322200.0 16524 8.653724930777E10 5356824.19 5906067 1.549982547916023E13 5356824.19 153 7 150 54774 2506 53700
323100.0 16452 8.658637126005E10 5371785.86 5922519 1.558641185042028E13 5371785.86 153 7 150 54927 2513 53850
324000.0 16452 8.682783208338E10 5386747.52 5938971 1.567323968250367E13 5386747.52 153 7 150 55080 2520 54000
324900.0 16560 8.736097555991E10 5401709.19 5955531 1.576060065806357E13 5401709.19 153 7 150 55233 2527 54150
325800.0 16524 8.750544867916E10 5416670.86 5972055 1.584810610674273E13 5416670.86 153 7 150 55386 2534 54300
326700.0 16452 8.755241616043E10 5431632.52 5988507 1.593565852290316E13 5431632.52 153 7 150 55539 2541 54450
327600.0 16452 8.779387698376E10 5446594.19 6004959 1.602345239988692E13 5446594.19 153 7 150 55692 2548 54600
328500.0 16560 8.83302521533E10 5461555.85 6021519 1.611178265204022E13 5461555.85 153 7 150 55845 2555 54750
329400.0 16524 8.847364805955E10 5476517.53 6038043 1.620025630009978E13 5476517.53 153 7 150 55998 2562 54900
330300.0 16452 8.85184610608E10 5491479.19 6054495 1.628877476116058E13 5491479.19 153 7 150 56151 2569 55050
331200.0 16452 8.875992188413E10 5506440.86 6070947 1.63775346830447E13 5506440.86 153 7 150 56304 2576 55200
332100.0 16560 8.929963679455E10 5521402.52 6087507 1.646683431983926E13 5521402.52 153 7 150 56457 2583 55350
333000.0 16524 8.944185320299E10 5536364.19 6104031 1.655627617304225E13 5536364.19 153 7 150 56610 2590 55500
333900.0 16460 8.948450730315E10 5551325.86 6120491 1.664576068034541E13 5551325.86 153 7 150 56763 2597 55650
334800.0 16452 8.972597160053E10 5566288.09 6136943 1.673548665194594E13 5566288.09 153 7 150 56916 2604 55800
335700.0 16560 9.026881471424E10 5581249.76 6153503 1.682575546666018E13 5581249.76 153 7 150 57069 2611 55950
336600.0 16524 9.041005612114E10 5596211.43 6170027 1.691616552278132E13 5596211.43 153 7 150 57222 2618 56100
337500.0 16452 9.045056013268E10 5611173.1 6186479 1.700661608291399E13 5611173.1 153 7 150 57375 2625 56250
338400.0 16452 9.069202095601E10 5626134.76 6202931 1.709730810387E13 5626134.76 153 7 150 57528 2632 56400
339300.0 16560 9.123809132564E10 5641096.43 6219491 1.718854619519564E13 5641096.43 153 7 150 57681 2639 56550
340200.0 16524 9.137826124663E10 5656058.1 6236015 1.727992445644227E13 5656058.1 153 7 150 57834 2646 56700
341100.0 16452 9.14166050331E10 5671019.77 6252467 1.737134106147537E13 5671019.77 153 7 150 57987 2653 56850
342000.0 16452 9.165806585643E10 5685981.43 6268919 1.74629991273318E13 5685981.43 153 7 150 58140 2660 57000
342900.0 16560 9.220747596694E10 5700943.1 6285479 1.755520660329875E13 5700943.1 153 7 150 58293 2667 57150
343800.0 16524 9.234645488202E10 5715904.77 6302003 1.764755305818077E13 5715904.77 153 7 150 58446 2674 57300
344700.0 16452 9.238264993353E10 5730866.43 6318455 1.77399357081143E13 5730866.43 153 7 150 58599 2681 57450
345600.0 16452 9.262411075686E10 5745828.1 6334907 1.783255981887116E13 5745828.1 153 7 150 58752 2688 57600

